# te
3.375977993011474609e+00
4.215418338775634766e+00
4.323719501495361328e+00
3.998506307601928711e+00
3.470551013946533203e+00
2.886020183563232422e+00
2.334393024444580078e+00
1.861577510833740234e+00
1.492524623870849609e+00
1.236587882041931152e+00
1.092911124229431152e+00
1.036865472793579102e+00
1.040125131607055664e+00
1.083045244216918945e+00
1.148774147033691406e+00
1.222952127456665039e+00
1.293193101882934570e+00
1.352512717247009277e+00
1.397520184516906738e+00
1.433796405792236328e+00
1.468041419982910156e+00
1.502458095550537109e+00
1.538504838943481445e+00
1.579159855842590332e+00
1.626604080200195312e+00
1.678310751914978027e+00
1.730706334114074707e+00
1.780738472938537598e+00
1.825451254844665527e+00
1.861751198768615723e+00
1.886578798294067383e+00
1.897145152091979980e+00
1.892214417457580566e+00
1.876493930816650391e+00
1.854334235191345215e+00
1.822716951370239258e+00
1.778237700462341309e+00
1.723319172859191895e+00
1.661841392517089844e+00
1.596517920494079590e+00
1.525399446487426758e+00
1.445370435714721680e+00
1.353315711021423340e+00
1.246119856834411621e+00
1.121510148048400879e+00
9.805849194526672363e-01
8.252846598625183105e-01
6.575504541397094727e-01
4.793229997158050537e-01
2.920373082160949707e-01
9.510485082864761353e-02
-1.125687137246131897e-01
-3.320777416229248047e-01
-5.645165443420410156e-01
-8.107870817184448242e-01
-1.071020603179931641e+00
-1.345156192779541016e+00
-1.633132815361022949e+00
-1.934889316558837891e+00
-2.250370025634765625e+00
-2.579539775848388672e+00
-2.922369480133056641e+00
-3.278829336166381836e+00
-3.648889303207397461e+00
-4.032382965087890625e+00
-4.428595066070556641e+00
-4.836672782897949219e+00
-5.255764484405517578e+00
-5.685016155242919922e+00
-6.123837471008300781e+00
-6.572677612304687500e+00
-7.032248973846435547e+00
-7.503261566162109375e+00
-7.986426830291748047e+00
-8.482231140136718750e+00
-8.990257263183593750e+00
-9.509860992431640625e+00
-1.004040145874023438e+01
-1.058123493194580078e+01
-1.113170719146728516e+01
-1.169111728668212891e+01
-1.225875091552734375e+01
-1.283389472961425781e+01
-1.341583633422851562e+01
-1.400397491455078125e+01
-1.459817123413085938e+01
-1.519839572906494141e+01
-1.580462074279785156e+01
-1.641682052612304688e+01
-1.703488731384277344e+01
-1.765838241577148438e+01
-1.828679084777832031e+01
-1.891959381103515625e+01
-1.955627632141113281e+01
-2.019631958007812500e+01
-2.083920669555664062e+01
-2.148442077636718750e+01
-2.213144683837890625e+01
-2.277976417541503906e+01
-2.342885589599609375e+01
-2.407820701599121094e+01
-2.472730064392089844e+01
-2.537561798095703125e+01
-2.602264213562011719e+01
-2.666785621643066406e+01
-2.731074142456054688e+01
-2.795078468322753906e+01
-2.858746719360351562e+01
-2.922027206420898438e+01
-2.984867286682128906e+01
-3.047213172912597656e+01
-3.109010314941406250e+01
-3.170204162597656250e+01
-3.230739212036132812e+01
-3.290561676025390625e+01
-3.349616622924804688e+01
-3.407849121093750000e+01
-3.465205001831054688e+01
-3.521629333496093750e+01
-3.577067565917968750e+01
-3.631464385986328125e+01
-3.684766006469726562e+01
-3.736917495727539062e+01
-3.787863922119140625e+01
-3.837551116943359375e+01
-3.885923767089843750e+01
-3.932927703857421875e+01
-3.978507995605468750e+01
-4.022610473632812500e+01
-4.065181350708007812e+01
-4.106175613403320312e+01
-4.145548248291015625e+01
-4.183255386352539062e+01
-4.219252395629882812e+01
-4.253495788574218750e+01
-4.285940933227539062e+01
-4.316543579101562500e+01
-4.345259094238281250e+01
-4.372043991088867188e+01
-4.396853637695312500e+01
-4.419643783569335938e+01
-4.440370178222656250e+01
-4.458988952636718750e+01
-4.475455474853515625e+01
-4.489725494384765625e+01
-4.501754760742187500e+01
-4.511499404907226562e+01
-4.518914794921875000e+01
-4.523956680297851562e+01
-4.526586532592773438e+01
-4.526785278320312500e+01
-4.524539947509765625e+01
-4.519836425781250000e+01
-4.512662124633789062e+01
-4.503003311157226562e+01
-4.490846633911132812e+01
-4.476178359985351562e+01
-4.458985519409179688e+01
-4.439254379272460938e+01
-4.416972351074218750e+01
-4.392124938964843750e+01
-4.364699554443359375e+01
-4.334682464599609375e+01
-4.302060317993164062e+01
-4.266819763183593750e+01
-4.228947067260742188e+01
-4.188429641723632812e+01
-4.145252990722656250e+01
-4.099404907226562500e+01
-4.050870895385742188e+01
-3.999638748168945312e+01
-3.945693969726562500e+01
-3.889023590087890625e+01
-3.829614257812500000e+01
-3.767457580566406250e+01
-3.702563858032226562e+01
-3.634948348999023438e+01
-3.564625930786132812e+01
-3.491613006591796875e+01
-3.415923690795898438e+01
-3.337574005126953125e+01
-3.256579208374023438e+01
-3.172954368591308594e+01
-3.086714935302734375e+01
-2.997876167297363281e+01
-2.906453323364257812e+01
-2.812461471557617188e+01
-2.715916442871093750e+01
-2.616833305358886719e+01
-2.515227127075195312e+01
-2.411113357543945312e+01
-2.304507637023925781e+01
-2.195424652099609375e+01
-2.083880043029785156e+01
-1.969889450073242188e+01
-1.853467369079589844e+01
-1.734629821777343750e+01
-1.613391685485839844e+01
-1.489768505096435547e+01
-1.363783931732177734e+01
-1.235496520996093750e+01
-1.104972648620605469e+01
-9.722793579101562500e+00
-8.374835014343261719e+00
-7.006516933441162109e+00
-5.618508338928222656e+00
-4.211476802825927734e+00
-2.786090135574340820e+00
-1.343016862869262695e+00
1.170754507184028625e-01
1.593518733978271484e+00
3.085645437240600586e+00
4.592786788940429688e+00
6.114275932312011719e+00
7.649443626403808594e+00
9.197623252868652344e+00
1.075814628601074219e+01
1.233034420013427734e+01
1.391354942321777344e+01
1.550709629058837891e+01
1.711031150817871094e+01
1.872253227233886719e+01
2.034309005737304688e+01
2.197131156921386719e+01
2.360653495788574219e+01
2.524809265136718750e+01
2.689531135559082031e+01
2.854752731323242188e+01
3.020406913757324219e+01
3.186427307128906250e+01
3.352746963500976562e+01
3.519298934936523438e+01
3.686016464233398438e+01
3.852833175659179688e+01
4.019681549072265625e+01
4.186495208740234375e+01
4.353207397460937500e+01
4.519751358032226562e+01
4.686059951782226562e+01
4.852066802978515625e+01
5.017704772949218750e+01
5.182907104492187500e+01
5.347607421875000000e+01
5.511738204956054688e+01
5.675233840942382812e+01
5.838025665283203125e+01
6.000048828125000000e+01
6.161235427856445312e+01
6.321519088745117188e+01
6.480834197998046875e+01
6.639118957519531250e+01
6.796313476562500000e+01
6.952358245849609375e+01
7.107191467285156250e+01
7.260755157470703125e+01
7.412987518310546875e+01
7.563828277587890625e+01
7.713219451904296875e+01
7.861098480224609375e+01
8.007406616210937500e+01
8.152082824707031250e+01
8.295067596435546875e+01
8.436299896240234375e+01
8.575720977783203125e+01
8.713270568847656250e+01
8.848886871337890625e+01
8.982511138916015625e+01
9.114083099365234375e+01
9.243541717529296875e+01
9.370828247070312500e+01
9.495881652832031250e+01
9.618641662597656250e+01
9.739048767089843750e+01
9.857041931152343750e+01
9.972561645507812500e+01
1.008554840087890625e+02
1.019594039916992188e+02
1.030367889404296875e+02
1.040870285034179688e+02
1.051095275878906250e+02
1.061036834716796875e+02
1.070688934326171875e+02
1.080045547485351562e+02
1.089100723266601562e+02
1.097848358154296875e+02
1.106282348632812500e+02
1.114397048950195312e+02
1.122185974121093750e+02
1.129643478393554688e+02
1.136763381958007812e+02
1.143539657592773438e+02
1.149966430664062500e+02
1.156037368774414062e+02
1.161746902465820312e+02
1.167088623046875000e+02
1.172056808471679688e+02
1.176645202636718750e+02
1.180848007202148438e+02
1.184658889770507812e+02
1.188073577880859375e+02
1.191092376708984375e+02
1.193717346191406250e+02
1.195950164794921875e+02
1.197792968750000000e+02
1.199247665405273438e+02
1.200315933227539062e+02
1.200999984741210938e+02
1.201301498413085938e+02
1.201222457885742188e+02
1.200764694213867188e+02
1.199930267333984375e+02
1.198720932006835938e+02
1.197138748168945312e+02
1.195185470581054688e+02
1.192863235473632812e+02
1.190173645019531250e+02
1.187118911743164062e+02
1.183700637817382812e+02
1.179920883178710938e+02
1.175781631469726562e+02
1.171284713745117188e+02
1.166431961059570312e+02
1.161225433349609375e+02
1.155666885375976562e+02
1.149758377075195312e+02
1.143501739501953125e+02
1.136898880004882812e+02
1.129951629638671875e+02
1.122662048339843750e+02
1.115031967163085938e+02
1.107063140869140625e+02
1.098757781982421875e+02
1.090117721557617188e+02
1.081144638061523438e+02
1.071840667724609375e+02
1.062207565307617188e+02
1.052247390747070312e+02
1.041961975097656250e+02
1.031353149414062500e+02
1.020422973632812500e+02
1.009173278808593750e+02
9.976058959960937500e+01
9.857228851318359375e+01
9.735260772705078125e+01
9.610173797607421875e+01
9.481986999511718750e+01
9.350719451904296875e+01
9.216390228271484375e+01
9.079018402099609375e+01
8.938633728027343750e+01
8.795305633544921875e+01
8.649116516113281250e+01
8.500146484375000000e+01
8.348477172851562500e+01
8.194188690185546875e+01
8.037362670898437500e+01
7.878079223632812500e+01
7.716419982910156250e+01
7.552465820312500000e+01
7.386297607421875000e+01
7.217995452880859375e+01
7.047641754150390625e+01
6.875315856933593750e+01
6.701100921630859375e+01
6.525075531005859375e+01
6.347322082519531250e+01
6.167920684814453125e+01
5.986952972412109375e+01
5.804499816894531250e+01
5.620641326904296875e+01
5.435459518432617188e+01
5.249034500122070312e+01
5.061447525024414062e+01
4.872779464721679688e+01
4.683111572265625000e+01
4.492524719238281250e+01
4.301099014282226562e+01
4.108916473388671875e+01
3.916057586669921875e+01
3.722603225708007812e+01
3.528634262084960938e+01
3.334231948852539062e+01
3.139476966857910156e+01
2.944450569152832031e+01
2.749233245849609375e+01
2.553906059265136719e+01
2.358550071716308594e+01
2.163246345520019531e+01
1.968075561523437500e+01
1.773118782043457031e+01
1.578456974029541016e+01
1.384170913696289062e+01
1.190341663360595703e+01
9.970500946044921875e+00
8.043771743774414062e+00
6.124039173126220703e+00
4.212111473083496094e+00
2.308798551559448242e+00
4.149097204208374023e-01
-1.468786358833312988e+00
-3.341683149337768555e+00
-5.203215122222900391e+00
-7.052816390991210938e+00
-8.889921188354492188e+00
-1.071396350860595703e+01
-1.252437782287597656e+01
-1.432059764862060547e+01
-1.610206031799316406e+01
-1.786819458007812500e+01
-1.961843872070312500e+01
-2.135222625732421875e+01
-2.306899070739746094e+01
-2.476816558837890625e+01
-2.644918823242187500e+01
-2.811148834228515625e+01
-2.975450515747070312e+01
-3.137767028808593750e+01
-3.298041534423828125e+01
-3.456217956542968750e+01
-3.612239456176757812e+01
-3.766049194335937500e+01
-3.917591094970703125e+01
-4.066808700561523438e+01
-4.213644790649414062e+01
-4.358042907714843750e+01
-4.499946975708007812e+01
-4.639299774169921875e+01
-4.776045227050781250e+01
-4.910126495361328125e+01
-5.041487121582031250e+01
-5.170070266723632812e+01
-5.295819854736328125e+01
-5.418679046630859375e+01
-5.538591384887695312e+01
-5.655500411987304688e+01
-5.769348144531250000e+01
-5.880080413818359375e+01
-5.987638092041015625e+01
-6.091967010498046875e+01
-6.193009185791015625e+01
-6.290707778930664062e+01
-6.385007476806640625e+01
-6.475850677490234375e+01
-6.563181304931640625e+01
-6.646942138671875000e+01
-6.727078247070312500e+01
-6.803530120849609375e+01
-6.876243591308593750e+01
-6.945161437988281250e+01
-7.010241699218750000e+01
-7.071495819091796875e+01
-7.128951263427734375e+01
-7.182634735107421875e+01
-7.232572937011718750e+01
-7.278792572021484375e+01
-7.321321105957031250e+01
-7.360184478759765625e+01
-7.395409393310546875e+01
-7.427023315429687500e+01
-7.455052947998046875e+01
-7.479524230957031250e+01
-7.500464630126953125e+01
-7.517900848388671875e+01
-7.531859588623046875e+01
-7.542367553710937500e+01
-7.549451446533203125e+01
-7.553137969970703125e+01
-7.553454589843750000e+01
-7.550427246093750000e+01
-7.544082641601562500e+01
-7.534448242187500000e+01
-7.521549987792968750e+01
-7.505416107177734375e+01
-7.486071777343750000e+01
-7.463544464111328125e+01
-7.437860107421875000e+01
-7.409046936035156250e+01
-7.377130889892578125e+01
-7.342138671875000000e+01
-7.304096984863281250e+01
-7.263033294677734375e+01
-7.218974304199218750e+01
-7.171945190429687500e+01
-7.121974945068359375e+01
-7.069088745117187500e+01
-7.013313293457031250e+01
-6.954676818847656250e+01
-6.893205261230468750e+01
-6.828924560546875000e+01
-6.761862945556640625e+01
-6.692046356201171875e+01
-6.619501495361328125e+01
-6.544255065917968750e+01
-6.466334533691406250e+01
-6.385766601562500000e+01
-6.302577209472656250e+01
-6.216793441772460938e+01
-6.128442382812500000e+01
-6.037550735473632812e+01
-5.944153213500976562e+01
-5.848321914672851562e+01
-5.750133514404296875e+01
-5.649668502807617188e+01
-5.547005462646484375e+01
-5.442222976684570312e+01
-5.335400009155273438e+01
-5.226615905761718750e+01
-5.115949249267578125e+01
-5.003479385375976562e+01
-4.889285278320312500e+01
-4.773445510864257812e+01
-4.656039047241210938e+01
-4.537144851684570312e+01
-4.416842269897460938e+01
-4.295209503173828125e+01
-4.172326278686523438e+01
-4.048271179199218750e+01
-3.923123168945312500e+01
-3.796961593627929688e+01
-3.669864273071289062e+01
-3.541911315917968750e+01
-3.413181304931640625e+01
-3.283752822875976562e+01
-3.153705406188964844e+01
-3.023117637634277344e+01
-2.892068672180175781e+01
-2.760637283325195312e+01
-2.628902244567871094e+01
-2.496942901611328125e+01
-2.364838027954101562e+01
-2.232666587829589844e+01
-2.100507354736328125e+01
-1.968439674377441406e+01
-1.836541938781738281e+01
-1.704893684387207031e+01
-1.573573589324951172e+01
-1.442660331726074219e+01
-1.312233257293701172e+01
-1.182371234893798828e+01
-1.053153133392333984e+01
-9.246578216552734375e+00
-7.969643592834472656e+00
-6.701517105102539062e+00
-5.442987918853759766e+00
-4.194845676422119141e+00
-2.957879066467285156e+00
-1.732878565788269043e+00
-5.206329226493835449e-01
6.780681014060974121e-01
1.862490534782409668e+00
3.032123088836669922e+00
4.186509132385253906e+00
5.325193405151367188e+00
6.447719097137451172e+00
7.553630828857421875e+00
8.642471313476562500e+00
9.713786125183105469e+00
1.076711845397949219e+01
1.180201148986816406e+01
1.281801128387451172e+01
1.381465911865234375e+01
1.479150104522705078e+01
1.574808025360107422e+01
1.668393898010253906e+01
1.759862327575683594e+01
1.849167823791503906e+01
1.936264610290527344e+01
2.021106910705566406e+01
2.103649330139160156e+01
2.183846282958984375e+01
2.261652183532714844e+01
2.337021255493164062e+01
2.409908103942871094e+01
2.480266761779785156e+01
2.548052215576171875e+01
2.613218307495117188e+01
2.675719642639160156e+01
2.735510635375976562e+01
2.792545700073242188e+01
2.846779060363769531e+01
2.898165321350097656e+01
2.946659088134765625e+01
2.992214202880859375e+01
3.034785079956054688e+01
3.074326705932617188e+01
3.110793113708496094e+01
3.144138336181640625e+01
3.174317550659179688e+01
3.201284790039062500e+01
3.224993896484375000e+01
3.245400238037109375e+01
3.262457656860351562e+01
3.276120376586914062e+01
3.286343002319335938e+01
3.293080139160156250e+01
3.296286010742187500e+01
3.295915222167968750e+01
3.291921615600585938e+01
3.284260177612304688e+01
3.272898483276367188e+01
3.257857894897460938e+01
3.239174652099609375e+01
3.216882705688476562e+01
3.191017723083496094e+01
3.161614799499511719e+01
3.128709220886230469e+01
3.092335891723632812e+01
3.052530097961425781e+01
3.009327125549316406e+01
2.962762069702148438e+01
2.912870025634765625e+01
2.859686470031738281e+01
2.803245735168457031e+01
2.743583869934082031e+01
2.680735397338867188e+01
2.614735794067382812e+01
2.545620155334472656e+01
2.473423767089843750e+01
2.398181343078613281e+01
2.319928550720214844e+01
2.238700485229492188e+01
2.154531860351562500e+01
2.067458343505859375e+01
1.977514839172363281e+01
1.884736633300781250e+01
1.789158630371093750e+01
1.690816116333007812e+01
1.589744377136230469e+01
1.485978603363037109e+01
1.379553699493408203e+01
1.270504856109619141e+01
1.158867359161376953e+01
1.044676399230957031e+01
9.279669761657714844e+00
8.087742805480957031e+00
6.871336460113525391e+00
5.630799770355224609e+00
4.366486072540283203e+00
3.078745841979980469e+00
1.767931342124938965e+00
4.343939721584320068e-01
-9.215148687362670898e-01
-2.299443483352661133e+00
-3.699040651321411133e+00
-5.119954109191894531e+00
-6.561832904815673828e+00
-8.024325370788574219e+00
-9.507080078125000000e+00
-1.100974464416503906e+01
-1.253189754486083984e+01
-1.407282352447509766e+01
-1.563174247741699219e+01
-1.720786857604980469e+01
-1.880041694641113281e+01
-2.040860748291015625e+01
-2.203165245056152344e+01
-2.366876983642578125e+01
-2.531917572021484375e+01
-2.698208618164062500e+01
-2.865671920776367188e+01
-3.034228897094726562e+01
-3.203800964355468750e+01
-3.374310302734375000e+01
-3.545677566528320312e+01
-3.717825698852539062e+01
-3.890675354003906250e+01
-4.064148712158203125e+01
-4.238166809082031250e+01
-4.412651443481445312e+01
-4.587524795532226562e+01
-4.762707519531250000e+01
-4.938122177124023438e+01
-5.113689804077148438e+01
-5.289332199096679688e+01
-5.464970779418945312e+01
-5.640528106689453125e+01
-5.815924453735351562e+01
-5.991082000732421875e+01
-6.165922546386718750e+01
-6.340367507934570312e+01
-6.514338684082031250e+01
-6.687757110595703125e+01
-6.860545349121093750e+01
-7.032624816894531250e+01
-7.203916168212890625e+01
-7.374341583251953125e+01
-7.543823242187500000e+01
-7.712282562255859375e+01
-7.879640960693359375e+01
-8.045819854736328125e+01
-8.210740661621093750e+01
-8.374325561523437500e+01
-8.536495971679687500e+01
-8.697174072265625000e+01
-8.856279754638671875e+01
-9.013737487792968750e+01
-9.169465637207031250e+01
-9.323388671875000000e+01
-9.475426483154296875e+01
-9.625506591796875000e+01
-9.773582458496093750e+01
-9.919611358642578125e+01
-1.006355133056640625e+02
-1.020536041259765625e+02
-1.034499816894531250e+02
-1.048242111206054688e+02
-1.061758880615234375e+02
-1.075045776367187500e+02
-1.088098678588867188e+02
-1.100913467407226562e+02
-1.113485946655273438e+02
-1.125811843872070312e+02
-1.137887115478515625e+02
-1.149707412719726562e+02
-1.161268615722656250e+02
-1.172566604614257812e+02
-1.183597106933593750e+02
-1.194356002807617188e+02
-1.204839096069335938e+02
-1.215042114257812500e+02
-1.224961013793945312e+02
-1.234591598510742188e+02
-1.243929595947265625e+02
-1.252970809936523438e+02
-1.261711044311523438e+02
-1.270146331787109375e+02
-1.278272247314453125e+02
-1.286084747314453125e+02
-1.293579406738281250e+02
-1.300752410888671875e+02
-1.307599334716796875e+02
-1.314116058349609375e+02
-1.320298309326171875e+02
-1.326142120361328125e+02
-1.331643066406250000e+02
-1.336797180175781250e+02
-1.341600036621093750e+02
-1.346047515869140625e+02
-1.350135650634765625e+02
-1.353859863281250000e+02
-1.357216491699218750e+02
-1.360200958251953125e+02
-1.362809143066406250e+02
-1.365036773681640625e+02
-1.366880035400390625e+02
-1.368334503173828125e+02
-1.369395904541015625e+02
-1.370059967041015625e+02
-1.370323028564453125e+02
-1.370181579589843750e+02
-1.369638214111328125e+02
-1.368696136474609375e+02
-1.367358856201171875e+02
-1.365629882812500000e+02
-1.363512878417968750e+02
-1.361010894775390625e+02
-1.358127441406250000e+02
-1.354866333007812500e+02
-1.351230468750000000e+02
-1.347223968505859375e+02
-1.342849731445312500e+02
-1.338111572265625000e+02
-1.333012695312500000e+02
-1.327556610107421875e+02
-1.321746826171875000e+02
-1.315587005615234375e+02
-1.309080047607421875e+02
-1.302230072021484375e+02
-1.295039978027343750e+02
-1.287513580322265625e+02
-1.279654083251953125e+02
-1.271465072631835938e+02
-1.262950057983398438e+02
-1.254112396240234375e+02
-1.244955596923828125e+02
-1.235483093261718750e+02
-1.225698242187500000e+02
-1.215604705810546875e+02
-1.205205841064453125e+02
-1.194505004882812500e+02
-1.183505859375000000e+02
-1.172211608886718750e+02
-1.160625762939453125e+02
-1.148751983642578125e+02
-1.136593627929687500e+02
-1.124154052734375000e+02
-1.111436767578125000e+02
-1.098445205688476562e+02
-1.085182952880859375e+02
-1.071653213500976562e+02
-1.057859649658203125e+02
-1.043805618286132812e+02
-1.029494705200195312e+02
-1.014930191040039062e+02
-1.000115585327148438e+02
-9.850544738769531250e+01
-9.697501373291015625e+01
-9.542060852050781250e+01
-9.384257507324218750e+01
-9.224134063720703125e+01
-9.061758422851562500e+01
-8.897207641601562500e+01
-8.730556488037109375e+01
-8.561882019042968750e+01
-8.391260528564453125e+01
-8.218768310546875000e+01
-8.044480133056640625e+01
-7.868473815917968750e+01
-7.690824127197265625e+01
-7.511608886718750000e+01
-7.330902099609375000e+01
-7.148781585693359375e+01
-6.965322113037109375e+01
-6.780600738525390625e+01
-6.594693756103515625e+01
-6.407677459716796875e+01
-6.219626998901367188e+01
-6.030618667602539062e+01
-5.840728378295898438e+01
-5.650033950805664062e+01
-5.458609771728515625e+01
-5.266532516479492188e+01
-5.073878097534179688e+01
-4.880723571777343750e+01
-4.687144088745117188e+01
-4.493215942382812500e+01
-4.299015426635742188e+01
-4.104618453979492188e+01
-3.910102081298828125e+01
-3.715541076660156250e+01
-3.521012115478515625e+01
-3.326591873168945312e+01
-3.132356071472167969e+01
-2.938380432128906250e+01
-2.744741821289062500e+01
-2.551515579223632812e+01
-2.358778572082519531e+01
-2.166606521606445312e+01
-1.975075721740722656e+01
-1.784262084960937500e+01
-1.594242000579833984e+01
-1.405091571807861328e+01
-1.216886711120605469e+01
-1.029703712463378906e+01
-8.436187744140625000e+00
-6.587079048156738281e+00
-4.750472545623779297e+00
-2.927130222320556641e+00
-1.117812514305114746e+00
6.767727732658386230e-01
2.456134319305419922e+00
4.219834804534912109e+00
5.967437267303466797e+00
7.698503971099853516e+00
9.412597656250000000e+00
1.110928058624267578e+01
1.278811645507812500e+01
1.444866561889648438e+01
1.609049415588378906e+01
1.771316337585449219e+01
1.931623458862304688e+01
2.089927101135253906e+01
2.246183586120605469e+01
2.400349044799804688e+01
2.552379989624023438e+01
2.702232551574707031e+01
2.849862861633300781e+01
2.995227432250976562e+01
3.138282585144042969e+01
3.278984451293945312e+01
3.417288970947265625e+01
3.553152847290039062e+01
3.686532211303710938e+01
3.817383193969726562e+01
3.945662307739257812e+01
4.071326065063476562e+01
4.194329452514648438e+01
4.314630508422851562e+01
4.432184219360351562e+01
4.546947479248046875e+01
4.658876037597656250e+01
4.767926788330078125e+01
4.874055480957031250e+01
4.977219009399414062e+01
5.077372741699218750e+01
5.174473571777343750e+01
5.268477630615234375e+01
5.359341049194335938e+01
5.447020339965820312e+01
5.531471252441406250e+01
5.612651062011718750e+01
5.690515136718750000e+01
5.765019607543945312e+01
5.836121749877929688e+01
5.903776550292968750e+01
5.967941665649414062e+01
6.028572082519531250e+01
6.085625076293945312e+01
6.139056015014648438e+01
6.188833618164062500e+01
6.234969711303710938e+01
6.277489471435546875e+01
6.316416931152343750e+01
6.351776504516601562e+01
6.383593368530273438e+01
6.411891174316406250e+01
6.436694335937500000e+01
6.458027648925781250e+01
6.475914001464843750e+01
6.490380096435546875e+01
6.501448822021484375e+01
6.509145355224609375e+01
6.513494110107421875e+01
6.514518737792968750e+01
6.512243652343750000e+01
6.506694030761718750e+01
6.497894287109375000e+01
6.485868835449218750e+01
6.470640563964843750e+01
6.452235412597656250e+01
6.430677032470703125e+01
6.405990600585937500e+01
6.378199768066406250e+01
6.347330093383789062e+01
6.313404464721679688e+01
6.276447296142578125e+01
6.236484909057617188e+01
6.193539428710937500e+01
6.147636795043945312e+01
6.098801040649414062e+01
6.047055816650390625e+01
5.992426681518554688e+01
5.934936904907226562e+01
5.874612045288085938e+01
5.811475753784179688e+01
5.745552444458007812e+01
5.676866912841796875e+01
5.605442810058593750e+01
5.531305313110351562e+01
5.454478836059570312e+01
5.374987411499023438e+01
5.292855834960937500e+01
5.208107757568359375e+01
5.120767974853515625e+01
5.030860900878906250e+01
4.938411331176757812e+01
4.843442916870117188e+01
4.745980834960937500e+01
4.646049118041992188e+01
4.543678283691406250e+01
4.438924789428710938e+01
4.331851196289062500e+01
4.222519683837890625e+01
4.110992813110351562e+01
3.997333526611328125e+01
3.881603622436523438e+01
3.763866424560546875e+01
3.644183731079101562e+01
3.522618103027343750e+01
3.399232482910156250e+01
3.274089050292968750e+01
3.147250175476074219e+01
3.018778419494628906e+01
2.888736724853515625e+01
2.757187271118164062e+01
2.624192237854003906e+01
2.489814567565917969e+01
2.354116821289062500e+01
2.217160987854003906e+01
2.079010009765625000e+01
1.939726066589355469e+01
1.799372100830078125e+01
1.658010101318359375e+01
1.515702915191650391e+01
1.372512817382812500e+01
1.228502559661865234e+01
1.083734321594238281e+01
9.382708549499511719e+00
7.921745300292968750e+00
6.455079555511474609e+00
4.983334541320800781e+00
3.507137060165405273e+00
2.027110815048217773e+00
5.438814759254455566e-01
-9.419264197349548340e-01
-2.429687738418579102e+00
-3.918777465820312500e+00
-5.408570766448974609e+00
-6.898441791534423828e+00
-8.387767791748046875e+00
-9.875921249389648438e+00
-1.136227798461914062e+01
-1.284621429443359375e+01
-1.432710456848144531e+01
-1.580432319641113281e+01
-1.727724456787109375e+01
-1.874524497985839844e+01
-2.020769882202148438e+01
-2.166398239135742188e+01
-2.311350631713867188e+01
-2.455582237243652344e+01
-2.599052238464355469e+01
-2.741719436645507812e+01
-2.883543014526367188e+01
-3.024481391906738281e+01
-3.164494323730468750e+01
-3.303540039062500000e+01
-3.441578674316406250e+01
-3.578567504882812500e+01
-3.714466857910156250e+01
-3.849234771728515625e+01
-3.982830810546875000e+01
-4.115213775634765625e+01
-4.246342849731445312e+01
-4.376176452636718750e+01
-4.504674148559570312e+01
-4.631794357299804688e+01
-4.757496261596679688e+01
-4.881739425659179688e+01
-5.004481506347656250e+01
-5.125682830810546875e+01
-5.245301437377929688e+01
-5.363296890258789062e+01
-5.479627609252929688e+01
-5.594252395629882812e+01
-5.707131576538085938e+01
-5.818222808837890625e+01
-5.927484893798828125e+01
-6.034877777099609375e+01
-6.140359878540039062e+01
-6.243890762329101562e+01
-6.345427703857421875e+01
-6.444931793212890625e+01
-6.542360687255859375e+01
-6.637673950195312500e+01
-6.730830383300781250e+01
-6.821788787841796875e+01
-6.910508728027343750e+01
-6.996947479248046875e+01
-7.081066131591796875e+01
-7.162821960449218750e+01
-7.242175292968750000e+01
-7.319084167480468750e+01
-7.393508148193359375e+01
-7.465405273437500000e+01
-7.534735870361328125e+01
-7.601457214355468750e+01
-7.665529632568359375e+01
-7.726912689208984375e+01
-7.785572814941406250e+01
-7.841514587402343750e+01
-7.894753265380859375e+01
-7.945301818847656250e+01
-7.993173217773437500e+01
-8.038383483886718750e+01
-8.080944061279296875e+01
-8.120870208740234375e+01
-8.158174896240234375e+01
-8.192871856689453125e+01
-8.224975585937500000e+01
-8.254499816894531250e+01
-8.281457519531250000e+01
-8.305862426757812500e+01
-8.327729034423828125e+01
-8.347071075439453125e+01
-8.363902282714843750e+01
-8.378236389160156250e+01
-8.390087127685546875e+01
-8.399467468261718750e+01
-8.406392669677734375e+01
-8.410875701904296875e+01
-8.412929534912109375e+01
-8.412570190429687500e+01
-8.409808349609375000e+01
-8.404660797119140625e+01
-8.397140502929687500e+01
-8.387258911132812500e+01
-8.375032806396484375e+01
-8.360475158691406250e+01
-8.343598937988281250e+01
-8.324417877197265625e+01
-8.302947235107421875e+01
-8.279199218750000000e+01
-8.253189086914062500e+01
-8.224928283691406250e+01
-8.194432830810546875e+01
-8.161715698242187500e+01
-8.126789855957031250e+01
-8.089670562744140625e+01
-8.050370788574218750e+01
-8.008905029296875000e+01
-7.965286254882812500e+01
-7.919527435302734375e+01
-7.871644592285156250e+01
-7.821649932861328125e+01
-7.769557189941406250e+01
-7.715380859375000000e+01
-7.659133911132812500e+01
-7.600830841064453125e+01
-7.540491485595703125e+01
-7.478157043457031250e+01
-7.413875579833984375e+01
-7.347695159912109375e+01
-7.279663848876953125e+01
-7.209828948974609375e+01
-7.138240051269531250e+01
-7.064942932128906250e+01
-6.989985656738281250e+01
-6.913417816162109375e+01
-6.835285186767578125e+01
-6.755637359619140625e+01
-6.674522399902343750e+01
-6.591986083984375000e+01
-6.508078002929687500e+01
-6.422846221923828125e+01
-6.336338043212890625e+01
-6.248600387573242188e+01
-6.159682846069335938e+01
-6.069632339477539062e+01
-5.978496551513671875e+01
-5.886324691772460938e+01
-5.793163681030273438e+01
-5.699061203002929688e+01
-5.604065704345703125e+01
-5.508224487304687500e+01
-5.411585617065429688e+01
-5.314197158813476562e+01
-5.216107177734375000e+01
-5.117363357543945312e+01
-5.018013381958007812e+01
-4.918105316162109375e+01
-4.817687225341796875e+01
-4.716806793212890625e+01
-4.615512084960937500e+01
-4.513850784301757812e+01
-4.411870956420898438e+01
-4.309620285034179688e+01
-4.207146835327148438e+01
-4.104497909545898438e+01
-4.001722335815429688e+01
-3.898867797851562500e+01
-3.795981597900390625e+01
-3.693111801147460938e+01
-3.590306854248046875e+01
-3.487614059448242188e+01
-3.385081863403320312e+01
-3.282757568359375000e+01
-3.180689239501953125e+01
-3.078924560546875000e+01
-2.977509498596191406e+01
-2.876480102539062500e+01
-2.775868797302246094e+01
-2.675709915161132812e+01
-2.576036643981933594e+01
-2.476882553100585938e+01
-2.378281021118164062e+01
-2.280265426635742188e+01
-2.182869338989257812e+01
-2.086126327514648438e+01
-1.990069580078125000e+01
-1.894732856750488281e+01
-1.800149345397949219e+01
-1.706352615356445312e+01
-1.613376235961914062e+01
-1.521253585815429688e+01
-1.430018043518066406e+01
-1.339703178405761719e+01
-1.250342464447021484e+01
-1.161969280242919922e+01
-1.074617099761962891e+01
-9.883194923400878906e+00
-9.031097412109375000e+00
-8.190215110778808594e+00
-7.360881328582763672e+00
-6.543431282043457031e+00
-5.738199234008789062e+00
-4.945519447326660156e+00
-4.165726661682128906e+00
-3.399156808853149414e+00
-2.646142721176147461e+00
-1.907019972801208496e+00
-1.182123064994812012e+00
-4.717865586280822754e-01
2.236549556255340576e-01
9.038668274879455566e-01
1.568514466285705566e+00
2.217263221740722656e+00
2.849778175354003906e+00
3.465725421905517578e+00
4.064769744873046875e+00
4.646576881408691406e+00
5.210811614990234375e+00
5.757140159606933594e+00
6.285227298736572266e+00
6.794738769531250000e+00
7.285339832305908203e+00
7.756695747375488281e+00
8.208471298217773438e+00
8.640333175659179688e+00
9.052016258239746094e+00
9.443536758422851562e+00
9.814980506896972656e+00
1.016643428802490234e+01
1.049798393249511719e+01
1.080971717834472656e+01
1.110171794891357422e+01
1.137407398223876953e+01
1.162687110900878906e+01
1.186019611358642578e+01
1.207413578033447266e+01
1.226877498626708984e+01
1.244419956207275391e+01
1.260049819946289062e+01
1.273775482177734375e+01
1.285605716705322266e+01
1.295549106597900391e+01
1.303614234924316406e+01
1.309809875488281250e+01
1.314144420623779297e+01
1.316626739501953125e+01
1.317265319824218750e+01
1.316068840026855469e+01
1.313045787811279297e+01
1.308205032348632812e+01
1.301555061340332031e+01
1.293104457855224609e+01
1.282861900329589844e+01
1.270836162567138672e+01
1.257035636901855469e+01
1.241469097137451172e+01
1.224145030975341797e+01
1.205072307586669922e+01
1.184259319305419922e+01
1.161714839935302734e+01
1.137447357177734375e+01
1.111465644836425781e+01
1.083778381347656250e+01
1.054393959045410156e+01
1.023321056365966797e+01
9.905685424804687500e+00
9.561448097229003906e+00
9.200584411621093750e+00
8.823184013366699219e+00
8.429329872131347656e+00
8.019108772277832031e+00
7.592607498168945312e+00
7.149912834167480469e+00
6.691111087799072266e+00
6.216287612915039062e+00
5.725575923919677734e+00
5.219294548034667969e+00
4.697809219360351562e+00
4.161485195159912109e+00
3.610687971115112305e+00
3.045783519744873047e+00
2.467136621475219727e+00
1.875113248825073242e+00
1.270078539848327637e+00
6.523981094360351562e-01
2.243752777576446533e-02
-6.194378733634948730e-01
-1.272862553596496582e+00
-1.937471151351928711e+00
-2.612897872924804688e+00
-3.298777818679809570e+00
-3.994744777679443359e+00
-4.700433731079101562e+00
-5.415479183197021484e+00
-6.139515876770019531e+00
-6.872177600860595703e+00
-7.613100051879882812e+00
-8.361916542053222656e+00
-9.118262290954589844e+00
-9.881771087646484375e+00
-1.065207767486572266e+01
-1.142881870269775391e+01
-1.221162509918212891e+01
-1.300013446807861328e+01
-1.379397869110107422e+01
-1.459279537200927734e+01
-1.539621639251708984e+01
-1.620387649536132812e+01
-1.701541137695312500e+01
-1.783045768737792969e+01
-1.864864540100097656e+01
-1.946961021423339844e+01
-2.029298782348632812e+01
-2.111841201782226562e+01
-2.194551849365234375e+01
-2.277393913269042969e+01
-2.360331344604492188e+01
-2.443327140808105469e+01
-2.526344871520996094e+01
-2.609347915649414062e+01
-2.692300033569335938e+01
-2.775164222717285156e+01
-2.857904624938964844e+01
-2.940483665466308594e+01
-3.022865867614746094e+01
-3.105015373229980469e+01
-3.186903190612792969e+01
-3.268502044677734375e+01
-3.349783706665039062e+01
-3.430720520019531250e+01
-3.511284637451171875e+01
-3.591448974609375000e+01
-3.671185302734375000e+01
-3.750465393066406250e+01
-3.829262924194335938e+01
-3.907548522949218750e+01
-3.985295486450195312e+01
-4.062476348876953125e+01
-4.139062500000000000e+01
-4.215026473999023438e+01
-4.290341186523437500e+01
-4.364977645874023438e+01
-4.438909530639648438e+01
-4.512108612060546875e+01
-4.584546661376953125e+01
-4.656196594238281250e+01
-4.727030181884765625e+01
-4.797019958496093750e+01
-4.866138076782226562e+01
-4.934357070922851562e+01
-5.001649093627929688e+01
-5.067986297607421875e+01
-5.133341217041015625e+01
-5.197685623168945312e+01
-5.260992431640625000e+01
-5.323233413696289062e+01
-5.384381103515625000e+01
-5.444407272338867188e+01
-5.503285217285156250e+01
-5.560986709594726562e+01
-5.617483901977539062e+01
-5.672748184204101562e+01
-5.726753616333007812e+01
-5.779471588134765625e+01
-5.830873870849609375e+01
-5.880933761596679688e+01
-5.929622650146484375e+01
-5.976913833618164062e+01
-6.022778320312500000e+01
-6.067189407348632812e+01
-6.110118484497070312e+01
-6.151538848876953125e+01
-6.191422271728515625e+01
-6.229740524291992188e+01
-6.266466522216796875e+01
-6.301578140258789062e+01
-6.335073089599609375e+01
-6.366957092285156250e+01
-6.397232437133789062e+01
-6.425905609130859375e+01
-6.452979278564453125e+01
-6.478457641601562500e+01
-6.502345275878906250e+01
-6.524645996093750000e+01
-6.545365142822265625e+01
-6.564506530761718750e+01
-6.582072448730468750e+01
-6.598069763183593750e+01
-6.612500762939453125e+01
-6.625371551513671875e+01
-6.636684417724609375e+01
-6.646443939208984375e+01
-6.654655456542968750e+01
-6.661322021484375000e+01
-6.666448211669921875e+01
-6.670037841796875000e+01
-6.672096252441406250e+01
-6.672626495361328125e+01
-6.671633148193359375e+01
-6.669120788574218750e+01
-6.665093231201171875e+01
-6.659554290771484375e+01
-6.652508544921875000e+01
-6.643960571289062500e+01
-6.633914184570312500e+01
-6.622373199462890625e+01
-6.609342956542968750e+01
-6.594826507568359375e+01
-6.578828430175781250e+01
-6.561353302001953125e+01
-6.542404174804687500e+01
-6.521987152099609375e+01
-6.500104522705078125e+01
-6.476761627197265625e+01
-6.451962280273437500e+01
-6.425710296630859375e+01
-6.398011016845703125e+01
-6.368867874145507812e+01
-6.338285064697265625e+01
-6.306266784667968750e+01
-6.272817230224609375e+01
-6.237940979003906250e+01
-6.201641464233398438e+01
-6.163923263549804688e+01
-6.124790954589843750e+01
-6.084252548217773438e+01
-6.042331695556640625e+01
-5.999055862426757812e+01
-5.954453277587890625e+01
-5.908551406860351562e+01
-5.861377716064453125e+01
-5.812960052490234375e+01
-5.763327026367187500e+01
-5.712505340576171875e+01
-5.660523223876953125e+01
-5.607408142089843750e+01
-5.553187942504882812e+01
-5.497890472412109375e+01
-5.441542816162109375e+01
-5.384173965454101562e+01
-5.325810623168945312e+01
-5.266481018066406250e+01
-5.206212615966796875e+01
-5.145033264160156250e+01
-5.082970809936523438e+01
-5.020052719116210938e+01
-4.956307220458984375e+01
-4.891761398315429688e+01
-4.826443099975585938e+01
-4.760380935668945312e+01
-4.693601226806640625e+01
-4.626132965087890625e+01
-4.558002853393554688e+01
-4.489239501953125000e+01
-4.419870376586914062e+01
-4.349923324584960938e+01
-4.279425430297851562e+01
-4.208405303955078125e+01
-4.136890029907226562e+01
-4.064907455444335938e+01
-3.992485427856445312e+01
-3.919651794433593750e+01
-3.846434402465820312e+01
-3.772860717773437500e+01
-3.698958206176757812e+01
-3.624755477905273438e+01
-3.550279617309570312e+01
-3.475558090209960938e+01
-3.400619125366210938e+01
-3.325490570068359375e+01
-3.250199508666992188e+01
-3.174774551391601562e+01
-3.099242591857910156e+01
-3.023632240295410156e+01
-2.947970390319824219e+01
-2.872284698486328125e+01
-2.796599197387695312e+01
-2.720938110351562500e+01
-2.645324516296386719e+01
-2.569783020019531250e+01
-2.494336891174316406e+01
-2.419010162353515625e+01
-2.343826675415039062e+01
-2.268809700012207031e+01
-2.193983459472656250e+01
-2.119371986389160156e+01
-2.044998359680175781e+01
-1.970886802673339844e+01
-1.897061157226562500e+01
-1.823544883728027344e+01
-1.750362205505371094e+01
-1.677536392211914062e+01
-1.605091667175292969e+01
-1.533051490783691406e+01
-1.461439895629882812e+01
-1.390280532836914062e+01
-1.319597244262695312e+01
-1.249413681030273438e+01
-1.179753780364990234e+01
-1.110641288757324219e+01
-1.042099952697753906e+01
-9.741535186767578125e+00
-9.068259239196777344e+00
-8.401408195495605469e+00
-7.741219997406005859e+00
-7.087932586669921875e+00
-6.441784381866455078e+00
-5.803011894226074219e+00
-5.171854496002197266e+00
-4.548549175262451172e+00
-3.933333635330200195e+00
-3.326446056365966797e+00
-2.728123903274536133e+00
-2.138605594635009766e+00
-1.558128356933593750e+00
-9.869304895401000977e-01
-4.252494573593139648e-01
1.266767084598541260e-01
6.686102747917175293e-01
1.200313329696655273e+00
1.721548080444335938e+00
2.232076644897460938e+00
2.731661319732666016e+00
3.220064163208007812e+00
3.697047472000122070e+00
4.162412166595458984e+00
4.616116523742675781e+00
5.058156490325927734e+00
5.488528251647949219e+00
5.907229423522949219e+00
6.314255714416503906e+00
6.709604263305664062e+00
7.093271255493164062e+00
7.465254306793212891e+00
7.825547695159912109e+00
8.174150466918945312e+00
8.511058807373046875e+00
8.836267471313476562e+00
9.149774551391601562e+00
9.451577186584472656e+00
9.741669654846191406e+00
1.002005195617675781e+01
1.028671741485595703e+01
1.054166412353515625e+01
1.078488922119140625e+01
1.101638793945312500e+01
1.123615741729736328e+01
1.144419479370117188e+01
1.164049625396728516e+01
1.182505798339843750e+01
1.199787616729736328e+01
1.215894889831542969e+01
1.230827236175537109e+01
1.244584178924560547e+01
1.257165527343750000e+01
1.268570899963378906e+01
1.278799915313720703e+01
1.287852191925048828e+01
1.295727634429931641e+01
1.302425575256347656e+01
1.307945823669433594e+01
1.312288093566894531e+01
1.315451908111572266e+01
1.317436981201171875e+01
1.318243122100830078e+01
1.317869758605957031e+01
1.316316699981689453e+01
1.313583564758300781e+01
1.309669971466064453e+01
1.304575538635253906e+01
1.298300075531005859e+01
1.290843105316162109e+01
1.282204437255859375e+01
1.272383499145507812e+01
1.261380100250244141e+01
1.249197196960449219e+01
1.235850429534912109e+01
1.221358871459960938e+01
1.205741596221923828e+01
1.189017486572265625e+01
1.171205711364746094e+01
1.152325057983398438e+01
1.132394790649414062e+01
1.111433792114257812e+01
1.089461040496826172e+01
1.066495704650878906e+01
1.042556667327880859e+01
1.017663002014160156e+01
9.918336868286132812e+00
9.650876998901367188e+00
9.374442100524902344e+00
9.089220046997070312e+00
8.795402526855468750e+00
8.493180274963378906e+00
8.182742118835449219e+00
7.864278316497802734e+00
7.537979602813720703e+00
7.204036235809326172e+00
6.862636566162109375e+00
6.513973236083984375e+00
6.158235073089599609e+00
5.795612335205078125e+00
5.426295280456542969e+00
5.050474166870117188e+00
4.668338775634765625e+00
4.280079364776611328e+00
3.885886669158935547e+00
3.485949993133544922e+00
3.080459833145141602e+00
2.669606208801269531e+00
2.253579378128051758e+00
1.832569837570190430e+00
1.406767129898071289e+00
9.763616323471069336e-01
5.415436029434204102e-01
1.025030538439750671e-01
-3.405698239803314209e-01
-7.874849438667297363e-01
-1.238052129745483398e+00
-1.692081093788146973e+00
-2.149382114410400391e+00
-2.609764575958251953e+00
-3.073038339614868164e+00
-3.539013862609863281e+00
-4.007500171661376953e+00
-4.478308200836181641e+00
-4.951249122619628906e+00
-5.426135540008544922e+00
-5.902779579162597656e+00
-6.380992889404296875e+00
-6.860588550567626953e+00
-7.341377258300781250e+00
-7.823172569274902344e+00
-8.305785179138183594e+00
-8.789029121398925781e+00
-9.272715568542480469e+00
-9.756654739379882812e+00
-1.024066162109375000e+01
-1.072454738616943359e+01
-1.120812511444091797e+01
-1.169120407104492188e+01
-1.217359828948974609e+01
-1.265512180328369141e+01
-1.313558197021484375e+01
-1.361479473114013672e+01
-1.409257221221923828e+01
-1.456872558593750000e+01
-1.504306507110595703e+01
-1.551540756225585938e+01
-1.598555946350097656e+01
-1.645333671569824219e+01
-1.691855239868164062e+01
-1.738101196289062500e+01
-1.784053611755371094e+01
-1.829693222045898438e+01
-1.875001335144042969e+01
-1.919959259033203125e+01
-1.964548110961914062e+01
-2.008748817443847656e+01
-2.052543067932128906e+01
-2.095911979675292969e+01
-2.138836669921875000e+01
-2.181298255920410156e+01
-2.223278045654296875e+01
-2.264757156372070312e+01
-2.305717086791992188e+01
-2.346138954162597656e+01
-2.386003684997558594e+01
-2.425292778015136719e+01
-2.463987159729003906e+01
-2.502068328857421875e+01
-2.539517593383789062e+01
-2.576316070556640625e+01
-2.612444496154785156e+01
-2.647884750366210938e+01
-2.682620239257812500e+01
-2.716645622253417969e+01
-2.749957656860351562e+01
-2.782553672790527344e+01
-2.814430236816406250e+01
-2.845584678649902344e+01
-2.876013755798339844e+01
-2.905714607238769531e+01
-2.934684371948242188e+01
-2.962919616699218750e+01
-2.990417861938476562e+01
-3.017175865173339844e+01
-3.043190383911132812e+01
-3.068458747863769531e+01
-3.092977905273437500e+01
-3.116744613647460938e+01
-3.139756011962890625e+01
-3.162009239196777344e+01
-3.183501434326171875e+01
-3.204229354858398438e+01
-3.224189758300781250e+01
-3.243379974365234375e+01
-3.261796951293945312e+01
-3.279437255859375000e+01
-3.296298599243164062e+01
-3.312377929687500000e+01
-3.327671432495117188e+01
-3.342177200317382812e+01
-3.355891036987304688e+01
-3.368811035156250000e+01
-3.380933761596679688e+01
-3.392256164550781250e+01
-3.402774810791015625e+01
-3.412487792968750000e+01
-3.421390914916992188e+01
-3.429481887817382812e+01
-3.436758041381835938e+01
-3.443215179443359375e+01
-3.448851394653320312e+01
-3.453663253784179688e+01
-3.457647705078125000e+01
-3.460801696777343750e+01
-3.463122940063476562e+01
-3.464607238769531250e+01
-3.465252304077148438e+01
-3.465055084228515625e+01
-3.464012908935546875e+01
-3.462121963500976562e+01
-3.459379959106445312e+01
-3.455783462524414062e+01
-3.451332092285156250e+01
-3.446035385131835938e+01
-3.439905548095703125e+01
-3.432954406738281250e+01
-3.425194168090820312e+01
-3.416636657714843750e+01
-3.407294082641601562e+01
-3.397178268432617188e+01
-3.386301803588867188e+01
-3.374676132202148438e+01
-3.362313842773437500e+01
-3.349225997924804688e+01
-3.335425949096679688e+01
-3.320924377441406250e+01
-3.305734634399414062e+01
-3.289867782592773438e+01
-3.273336029052734375e+01
-3.256151962280273438e+01
-3.238327407836914062e+01
-3.219873809814453125e+01
-3.200803756713867188e+01
-3.181129455566406250e+01
-3.160862350463867188e+01
-3.140014839172363281e+01
-3.118599128723144531e+01
-3.096627044677734375e+01
-3.074110412597656250e+01
-3.051061439514160156e+01
-3.027492523193359375e+01
-3.003415489196777344e+01
-2.978841781616210938e+01
-2.953784179687500000e+01
-2.928254699707031250e+01
-2.902264976501464844e+01
-2.875827026367187500e+01
-2.848953437805175781e+01
-2.821656036376953125e+01
-2.793946266174316406e+01
-2.765836715698242188e+01
-2.737339782714843750e+01
-2.708466720581054688e+01
-2.679229927062988281e+01
-2.649641418457031250e+01
-2.619713401794433594e+01
-2.589457702636718750e+01
-2.558886146545410156e+01
-2.528011322021484375e+01
-2.496845054626464844e+01
-2.465399169921875000e+01
-2.433685874938964844e+01
-2.401717376708984375e+01
-2.369507408142089844e+01
-2.337069702148437500e+01
-2.304417991638183594e+01
-2.271566009521484375e+01
-2.238527488708496094e+01
-2.205316734313964844e+01
-2.171946907043457031e+01
-2.138432312011718750e+01
-2.104786300659179688e+01
-2.071022987365722656e+01
-2.037156105041503906e+01
-2.003199386596679688e+01
-1.969166755676269531e+01
-1.935071945190429688e+01
-1.900928497314453125e+01
-1.866750526428222656e+01
-1.832551956176757812e+01
-1.798346328735351562e+01
-1.764147377014160156e+01
-1.729969215393066406e+01
-1.695825195312500000e+01
-1.661729621887207031e+01
-1.627696037292480469e+01
-1.593738174438476562e+01
-1.559869861602783203e+01
-1.526105022430419922e+01
-1.492457389831542969e+01
-1.458940696716308594e+01
-1.425568866729736328e+01
-1.392355632781982422e+01
-1.359314823150634766e+01
-1.326460170745849609e+01
-1.293805503845214844e+01
-1.261364746093750000e+01
-1.229151535034179688e+01
-1.197179603576660156e+01
-1.165462970733642578e+01
-1.134015369415283203e+01
-1.102850532531738281e+01
-1.071982288360595703e+01
-1.041424369812011719e+01
-1.011190795898437500e+01
-9.812952041625976562e+00
-9.517513275146484375e+00
-9.225730895996093750e+00
-8.937742233276367188e+00
-8.653685569763183594e+00
-8.373699188232421875e+00
-8.097921371459960938e+00
-7.826470851898193359e+00
-7.559401988983154297e+00
-7.296749114990234375e+00
-7.038546562194824219e+00
-6.784828662872314453e+00
-6.535632133483886719e+00
-6.290990829467773438e+00
-6.050939083099365234e+00
-5.815512657165527344e+00
-5.584745883941650391e+00
-5.358673572540283203e+00
-5.137330532073974609e+00
-4.920752525329589844e+00
-4.708973407745361328e+00
-4.502028942108154297e+00
-4.299952983856201172e+00
-4.102781295776367188e+00
-3.910548210144042969e+00
-3.723288536071777344e+00
-3.541037559509277344e+00
-3.363830089569091797e+00
-3.191700696945190430e+00
-3.024684429168701172e+00
-2.862816333770751953e+00
-2.706130981445312500e+00
-2.554663181304931641e+00
-2.408448219299316406e+00
-2.267520666122436523e+00
-2.131915330886840820e+00
-2.001667261123657227e+00
-1.876811146736145020e+00
-1.757382154464721680e+00
-1.643414974212646484e+00
-1.534944415092468262e+00
-1.432005405426025391e+00
-1.334632873535156250e+00
-1.242861628532409668e+00
-1.156726598739624023e+00
-1.076262474060058594e+00
-1.001504421234130859e+00
-9.324870705604553223e-01
-8.692454099655151367e-01
-8.118141889572143555e-01
-7.602284550666809082e-01
-7.145228981971740723e-01
-6.747325062751770020e-01
-6.408921480178833008e-01
-6.130366325378417969e-01
-5.912008285522460938e-01
-5.754196643829345703e-01
-5.657094120979309082e-01
-5.620123147964477539e-01
-5.642517805099487305e-01
-5.723515748977661133e-01
-5.862351059913635254e-01
-6.058261990547180176e-01
-6.310482025146484375e-01
-6.618248820304870605e-01
-6.980797052383422852e-01
-7.397363185882568359e-01
-7.867183089256286621e-01
-8.389493227005004883e-01
-8.963528275489807129e-01
-9.588524699211120605e-01
-1.026371955871582031e+00
-1.098834633827209473e+00
-1.176164150238037109e+00
-1.258284330368041992e+00
-1.345118641853332520e+00
-1.436590433120727539e+00
-1.532623648643493652e+00
-1.633141636848449707e+00
-1.738068222999572754e+00
-1.847326636314392090e+00
-1.960840702056884766e+00
-2.078534126281738281e+00
-2.200330257415771484e+00
-2.326152801513671875e+00
-2.455925226211547852e+00
-2.589571475982666016e+00
-2.727014541625976562e+00
-2.868178606033325195e+00
-3.012986898422241211e+00
-3.161363363265991211e+00
-3.313230991363525391e+00
-3.468513727188110352e+00
-3.627135515213012695e+00
-3.789019107818603516e+00
-3.954089164733886719e+00
-4.122268199920654297e+00
-4.293480396270751953e+00
-4.467649459838867188e+00
-4.644698619842529297e+00
-4.824551582336425781e+00
-5.007131576538085938e+00
-5.192363262176513672e+00
-5.380168914794921875e+00
-5.570473670959472656e+00
-5.763199329376220703e+00
-5.958270549774169922e+00
-6.155606269836425781e+00
-6.355111122131347656e+00
-6.556682586669921875e+00
-6.760221481323242188e+00
-6.965626239776611328e+00
-7.172795772552490234e+00
-7.381629943847656250e+00
-7.592028141021728516e+00
-7.803889274597167969e+00
-8.017111778259277344e+00
-8.231597900390625000e+00
-8.447242736816406250e+00
-8.663949012756347656e+00
-8.881613731384277344e+00
-9.100137710571289062e+00
-9.319418907165527344e+00
-9.539358139038085938e+00
-9.759852409362792969e+00
-9.980803489685058594e+00
-1.020210933685302734e+01
-1.042366790771484375e+01
-1.064538097381591797e+01
-1.086714744567871094e+01
-1.108886432647705078e+01
-1.131043338775634766e+01
-1.153175258636474609e+01
-1.175272178649902344e+01
-1.197323894500732422e+01
-1.219320583343505859e+01
-1.241251945495605469e+01
-1.263107967376708984e+01
-1.284878635406494141e+01
-1.306553745269775391e+01
-1.328123378753662109e+01
-1.349577426910400391e+01
-1.370905685424804688e+01
-1.392098331451416016e+01
-1.413144969940185547e+01
-1.434035682678222656e+01
-1.454760551452636719e+01
-1.475309276580810547e+01
-1.495671749114990234e+01
-1.515838050842285156e+01
-1.535798168182373047e+01
-1.555541896820068359e+01
-1.575059223175048828e+01
-1.594339942932128906e+01
-1.613374137878417969e+01
-1.632151603698730469e+01
-1.650662422180175781e+01
-1.668897438049316406e+01
-1.686852264404296875e+01
-1.704522895812988281e+01
-1.721906280517578125e+01
-1.738998413085937500e+01
-1.755796051025390625e+01
-1.772295570373535156e+01
-1.788493347167968750e+01
-1.804385757446289062e+01
-1.819969367980957031e+01
-1.835240554809570312e+01
-1.850195693969726562e+01
-1.864831352233886719e+01
-1.879144096374511719e+01
-1.893129920959472656e+01
-1.906785583496093750e+01
-1.920107650756835938e+01
-1.933092308044433594e+01
-1.945735931396484375e+01
-1.958035278320312500e+01
-1.969986343383789062e+01
-1.981586074829101562e+01
-1.992830657958984375e+01
-2.003716468811035156e+01
-2.014240074157714844e+01
-2.024397850036621094e+01
-2.034186172485351562e+01
-2.043601608276367188e+01
-2.052640533447265625e+01
-2.061299324035644531e+01
-2.069574737548828125e+01
-2.077462768554687500e+01
-2.084959983825683594e+01
-2.092063140869140625e+01
-2.098768234252929688e+01
-2.105072021484375000e+01
-2.110970878601074219e+01
-2.116460800170898438e+01
-2.121539115905761719e+01
-2.126201438903808594e+01
-2.130444526672363281e+01
-2.134265136718750000e+01
-2.137659072875976562e+01
-2.140623283386230469e+01
-2.143154144287109375e+01
-2.145247650146484375e+01
-2.146900749206542969e+01
-2.148109626770019531e+01
-2.148870849609375000e+01
-2.149180984497070312e+01
-2.149037361145019531e+01
-2.148443603515625000e+01
-2.147404479980468750e+01
-2.145924568176269531e+01
-2.144008636474609375e+01
-2.141661071777343750e+01
-2.138886833190917969e+01
-2.135690498352050781e+01
-2.132076835632324219e+01
-2.128050422668457031e+01
-2.123616027832031250e+01
-2.118778228759765625e+01
-2.113541793823242188e+01
-2.107911300659179688e+01
-2.101891517639160156e+01
-2.095487213134765625e+01
-2.088702964782714844e+01
-2.081543350219726562e+01
-2.074013137817382812e+01
-2.066117095947265625e+01
-2.057859802246093750e+01
-2.049246025085449219e+01
-2.040280151367187500e+01
-2.030967330932617188e+01
-2.021311759948730469e+01
-2.011318397521972656e+01
-2.000992202758789062e+01
-1.990337181091308594e+01
-1.979358673095703125e+01
-1.968060874938964844e+01
-1.956448745727539062e+01
-1.944526863098144531e+01
-1.932299804687500000e+01
-1.919772529602050781e+01
-1.906949424743652344e+01
-1.893835258483886719e+01
-1.880434799194335938e+01
-1.866752815246582031e+01
-1.852793502807617188e+01
-1.838562202453613281e+01
-1.824063301086425781e+01
-1.809301185607910156e+01
-1.794281196594238281e+01
-1.779007148742675781e+01
-1.763484573364257812e+01
-1.747717475891113281e+01
-1.731711006164550781e+01
-1.715469932556152344e+01
-1.698998260498046875e+01
-1.682301139831542969e+01
-1.665383911132812500e+01
-1.648253059387207031e+01
-1.630916404724121094e+01
-1.613380813598632812e+01
-1.595654201507568359e+01
-1.577743721008300781e+01
-1.559656810760498047e+01
-1.541401100158691406e+01
-1.522983551025390625e+01
-1.504411888122558594e+01
-1.485693359375000000e+01
-1.466835594177246094e+01
-1.447845649719238281e+01
-1.428731155395507812e+01
-1.409499549865722656e+01
-1.390158081054687500e+01
-1.370714187622070312e+01
-1.351175403594970703e+01
-1.331548976898193359e+01
-1.311842441558837891e+01
-1.292063045501708984e+01
-1.272218322753906250e+01
-1.252315521240234375e+01
-1.232362270355224609e+01
-1.212365818023681641e+01
-1.192333507537841797e+01
-1.172272968292236328e+01
-1.152191352844238281e+01
-1.132096195220947266e+01
-1.111994934082031250e+01
-1.091894912719726562e+01
-1.071803474426269531e+01
-1.051728057861328125e+01
-1.031676101684570312e+01
-1.011655044555664062e+01
-9.916722297668457031e+00
-9.717350006103515625e+00
-9.518507957458496094e+00
-9.320272445678710938e+00
-9.122713088989257812e+00
-8.925908088684082031e+00
-8.729928970336914062e+00
-8.534851074218750000e+00
-8.340746879577636719e+00
-8.147691726684570312e+00
-7.955759525299072266e+00
-7.765024185180664062e+00
-7.575559139251708984e+00
-7.387439250946044922e+00
-7.200737476348876953e+00
-7.015522956848144531e+00
-6.831835269927978516e+00
-6.649711132049560547e+00
-6.469184398651123047e+00
-6.290290355682373047e+00
-6.113064289093017578e+00
-5.937540531158447266e+00
-5.763754367828369141e+00
-5.591741561889648438e+00
-5.421535491943359375e+00
-5.253172874450683594e+00
-5.086687564849853516e+00
-4.922114849090576172e+00
-4.759489536285400391e+00
-4.598846912384033203e+00
-4.440222263336181641e+00
-4.283649444580078125e+00
-4.129164695739746094e+00
-3.976802110671997070e+00
-3.826597452163696289e+00
-3.678584814071655273e+00
-3.532799482345581055e+00
-3.389276981353759766e+00
-3.248052120208740234e+00
-3.109159469604492188e+00
-2.972634077072143555e+00
-2.838510990142822266e+00
-2.706825494766235352e+00
-2.577612161636352539e+00
-2.450906276702880859e+00
-2.326742887496948242e+00
-2.205156564712524414e+00
-2.086182594299316406e+00
-1.969855904579162598e+00
-1.856211304664611816e+00
-1.745284080505371094e+00
-1.637109041213989258e+00
-1.531721234321594238e+00
-1.429155588150024414e+00
-1.329447150230407715e+00
-1.232630848884582520e+00
-1.138741731643676758e+00
-1.047814726829528809e+00
-9.598848819732666016e-01
-8.749870061874389648e-01
-7.931562066078186035e-01
-7.144275307655334473e-01
-6.388359069824218750e-01
-5.664162635803222656e-01
-4.972036480903625488e-01
-4.312232136726379395e-01
-3.684609234333038330e-01
-3.088928163051605225e-01
-2.524950802326202393e-01
-1.992437541484832764e-01
-1.491149961948394775e-01
-1.020849049091339111e-01
-5.812959745526313782e-02
-1.722518168389797211e-02
2.065223082900047302e-02
5.552652850747108459e-02
8.742158859968185425e-02
1.163613125681877136e-01
1.423695832490921021e-01
1.654702872037887573e-01
1.856873184442520142e-01
2.030445486307144165e-01
2.175658941268920898e-01
2.292752116918563843e-01
2.381964027881622314e-01
2.443533390760421753e-01
2.477699518203735352e-01
2.484700977802276611e-01
2.464776635169982910e-01
2.418165504932403564e-01
2.345106303691864014e-01
2.245838046073913574e-01
2.120599597692489624e-01
1.969629675149917603e-01
1.793167293071746826e-01
1.591451466083526611e-01
1.364720761775970459e-01
1.113214343786239624e-01
8.371709287166595459e-02
5.368293821811676025e-02
2.124287188053131104e-02
-1.357922889292240143e-02
-5.075947567820549011e-02
-9.027397632598876953e-02
-1.320988535881042480e-01
-1.762101948261260986e-01
-2.225841283798217773e-01
-2.711967825889587402e-01
-3.220242559909820557e-01
-3.750426471233367920e-01
-4.302280545234680176e-01
-4.875566661357879639e-01
-5.470045208930969238e-01
-6.085476875305175781e-01
-6.721624732017517090e-01
-7.378203868865966797e-01
-8.054755330085754395e-01
-8.750776052474975586e-01
-9.465764164924621582e-01
-1.019921422004699707e+00
-1.095062255859375000e+00
-1.171948909759521484e+00
-1.250530600547790527e+00
-1.330757379531860352e+00
-1.412578701972961426e+00
-1.495944380760192871e+00
-1.580803871154785156e+00
-1.667107105255126953e+00
-1.754803657531738281e+00
-1.843843102455139160e+00
-1.934175133705139160e+00
-2.025749206542968750e+00
-2.118515729904174805e+00
-2.212423324584960938e+00
-2.307422637939453125e+00
-2.403462648391723633e+00
-2.500493526458740234e+00
-2.598464488983154297e+00
-2.697325468063354492e+00
-2.797025918960571289e+00
-2.897515773773193359e+00
-2.998744487762451172e+00
-3.100661993026733398e+00
-3.203217744827270508e+00
-3.306361436843872070e+00
-3.410042762756347656e+00
-3.514211177825927734e+00
-3.618816852569580078e+00
-3.723809003829956055e+00
-3.829137563705444336e+00
-3.934751987457275391e+00
-4.040602207183837891e+00
-4.146637439727783203e+00
-4.252807617187500000e+00
-4.359062671661376953e+00
-4.465352058410644531e+00
-4.571625232696533203e+00
-4.677832126617431641e+00
-4.783922195434570312e+00
-4.889844894409179688e+00
-4.995551109313964844e+00
-5.100989341735839844e+00
-5.206109046936035156e+00
-5.310860633850097656e+00
-5.415193557739257812e+00
-5.519061088562011719e+00
-5.622428894042968750e+00
-5.725266456604003906e+00
-5.827543258666992188e+00
-5.929229736328125000e+00
-6.030294418334960938e+00
-6.130706787109375000e+00
-6.230436801910400391e+00
-6.329453468322753906e+00
-6.427727222442626953e+00
-6.525226593017578125e+00
-6.621921539306640625e+00
-6.717781066894531250e+00
-6.812775611877441406e+00
-6.906873226165771484e+00
-7.000045776367187500e+00
-7.092259883880615234e+00
-7.183487415313720703e+00
-7.273695945739746094e+00
-7.362856864929199219e+00
-7.450938224792480469e+00
-7.537909507751464844e+00
-7.623741626739501953e+00
-7.708402633666992188e+00
-7.791862964630126953e+00
-7.874091625213623047e+00
-7.955057621002197266e+00
-8.034731864929199219e+00
-8.113082885742187500e+00
-8.190079689025878906e+00
-8.265692710876464844e+00
-8.339892387390136719e+00
-8.412645339965820312e+00
-8.483922958374023438e+00
-8.553694725036621094e+00
-8.621931076049804688e+00
-8.688599586486816406e+00
-8.753669738769531250e+00
-8.817112922668457031e+00
-8.878896713256835938e+00
-8.938991546630859375e+00
-8.997365951538085938e+00
-9.053992271423339844e+00
-9.108836174011230469e+00
-9.161870002746582031e+00
-9.213061332702636719e+00
-9.262382507324218750e+00
-9.309799194335937500e+00
-9.355282783508300781e+00
-9.398804664611816406e+00
-9.440337181091308594e+00
-9.479886054992675781e+00
-9.517461776733398438e+00
-9.553072929382324219e+00
-9.586730003356933594e+00
-9.618444442749023438e+00
-9.648224830627441406e+00
-9.676080703735351562e+00
-9.702024459838867188e+00
-9.726064682006835938e+00
-9.748211860656738281e+00
-9.768474578857421875e+00
-9.786865234375000000e+00
-9.803391456604003906e+00
-9.818065643310546875e+00
-9.830897331237792969e+00
-9.841895103454589844e+00
-9.851071357727050781e+00
-9.858433723449707031e+00
-9.863994598388671875e+00
-9.867761611938476562e+00
-9.869747161865234375e+00
-9.869960784912109375e+00
-9.868411064147949219e+00
-9.865109443664550781e+00
-9.860065460205078125e+00
-9.853289604187011719e+00
-9.844791412353515625e+00
-9.834582328796386719e+00
-9.822670936584472656e+00
-9.809067726135253906e+00
-9.793783187866210938e+00
-9.776826858520507812e+00
-9.758208274841308594e+00
-9.737938880920410156e+00
-9.716028213500976562e+00
-9.692486763000488281e+00
-9.667323112487792969e+00
-9.640549659729003906e+00
-9.612174034118652344e+00
-9.582207679748535156e+00
-9.550661087036132812e+00
-9.517542839050292969e+00
-9.482865333557128906e+00
-9.446635246276855469e+00
-9.408865928649902344e+00
-9.369565010070800781e+00
-9.328745841979980469e+00
-9.286414146423339844e+00
-9.242582321166992188e+00
-9.197264671325683594e+00
-9.150486946105957031e+00
-9.102278709411621094e+00
-9.052671432495117188e+00
-9.001694679260253906e+00
-8.949377059936523438e+00
-8.895750999450683594e+00
-8.840846061706542969e+00
-8.784690856933593750e+00
-8.727316856384277344e+00
-8.668755531311035156e+00
-8.609033584594726562e+00
-8.548183441162109375e+00
-8.486235618591308594e+00
-8.423218727111816406e+00
-8.359163284301757812e+00
-8.294100761413574219e+00
-8.228059768676757812e+00
-8.161070823669433594e+00
-8.093163490295410156e+00
-8.024370193481445312e+00
-7.954717636108398438e+00
-7.884238243103027344e+00
-7.812962055206298828e+00
-7.740919113159179688e+00
-7.668138504028320312e+00
-7.594650745391845703e+00
-7.520486831665039062e+00
-7.445676326751708984e+00
-7.370249748229980469e+00
-7.294236183166503906e+00
-7.217666625976562500e+00
-7.140571117401123047e+00
-7.062979221343994141e+00
-6.984922409057617188e+00
-6.906428813934326172e+00
-6.827529907226562500e+00
-6.748256206512451172e+00
-6.668636798858642578e+00
-6.588702201843261719e+00
-6.508482456207275391e+00
-6.428007602691650391e+00
-6.347308635711669922e+00
-6.266414642333984375e+00
-6.185355663299560547e+00
-6.104163169860839844e+00
-6.022865772247314453e+00
-5.941494464874267578e+00
-5.860078811645507812e+00
-5.778649330139160156e+00
-5.697236061096191406e+00
-5.615869998931884766e+00
-5.534580707550048828e+00
-5.453400135040283203e+00
-5.372357368469238281e+00
-5.291483402252197266e+00
-5.210809230804443359e+00
-5.130365371704101562e+00
-5.050181865692138672e+00
-4.970290184020996094e+00
-4.890719413757324219e+00
-4.811501502990722656e+00
-4.732666015625000000e+00
-4.654243946075439453e+00
-4.576266765594482422e+00
-4.498763084411621094e+00
-4.421765327453613281e+00
-4.345302104949951172e+00
-4.269406318664550781e+00
-4.194106578826904297e+00
-4.119434356689453125e+00
-4.045420169830322266e+00
-3.972093820571899414e+00
-3.899487018585205078e+00
-3.827629327774047852e+00
-3.756551742553710938e+00
-3.686285018920898438e+00
-3.616859436035156250e+00
-3.548305749893188477e+00
-3.480654239654541016e+00
-3.413935422897338867e+00
-3.348180055618286133e+00
-3.283418893814086914e+00
-3.219681978225708008e+00
-3.157000064849853516e+00
-3.095403909683227539e+00
-3.034924030303955078e+00
-2.975590705871582031e+00
-2.917434692382812500e+00
-2.860486507415771484e+00
-2.804776906967163086e+00
-2.750336170196533203e+00
-2.697194814682006836e+00
-2.645383834838867188e+00
-2.594933032989501953e+00
-2.545873641967773438e+00
-2.498235940933227539e+00
-2.452050447463989258e+00
-2.407347679138183594e+00
-2.364158630371093750e+00
-2.322503089904785156e+00
-2.282360553741455078e+00
-2.243700265884399414e+00
-2.206491231918334961e+00
-2.170702695846557617e+00
-2.136303663253784180e+00
-2.103263139724731445e+00
-2.071550607681274414e+00
-2.041134834289550781e+00
-2.011985301971435547e+00
-1.984070777893066406e+00
-1.957360386848449707e+00
-1.931823730468750000e+00
-1.907429337501525879e+00
-1.884146451950073242e+00
-1.861944556236267090e+00
-1.840792536735534668e+00
-1.820659399032592773e+00
-1.801514625549316406e+00
-1.783326745033264160e+00
-1.766065478324890137e+00
-1.749699592590332031e+00
-1.734198331832885742e+00
-1.719530701637268066e+00
-1.705666065216064453e+00
-1.692573428153991699e+00
-1.680221676826477051e+00
-1.668580293655395508e+00
-1.657618165016174316e+00
-1.647304534912109375e+00
-1.637608528137207031e+00
-1.628499150276184082e+00
-1.619945526123046875e+00
-1.611916899681091309e+00
-1.604382395744323730e+00
-1.597311019897460938e+00
-1.590672016143798828e+00
-1.584434270858764648e+00
-1.578567266464233398e+00
-1.573039770126342773e+00
-1.567821145057678223e+00
-1.562880396842956543e+00
-1.558186650276184082e+00
-1.553709149360656738e+00
-1.549416780471801758e+00
-1.545278906822204590e+00
-1.541264533996582031e+00
-1.537342786788940430e+00
-1.533482789993286133e+00
-1.529653668403625488e+00
