# bin_2_1
-5.467268189571838213e-20
-5.461776438502404683e-20
-5.457968242089342764e-20
-5.452074854420136033e-20
-5.447779935722810184e-20
-5.441444657301885157e-20
-5.436623587094985200e-20
-5.429803232141663445e-20
-5.424413516549156738e-20
-5.417061857958320659e-20
-5.411057842227027434e-20
-5.403125526156141040e-20
-5.396458326582704724e-20
-5.387892819524380093e-20
-5.380510292479249857e-20
-5.371255870541921298e-20
-5.363102629127906397e-20
-5.353100420911131435e-20
-5.344117911521002704e-20
-5.333306007750722599e-20
-5.323432660607088407e-20
-5.311746305538470104e-20
-5.300917775143923520e-20
-5.288289656562108074e-20
-5.276439169758759063e-20
-5.262799826089726075e-20
-5.249858656976492140e-20
-5.235137021387159285e-20
-5.221035113468250017e-20
-5.205159215647945416e-20
-5.189825972008461661e-20
-5.172723818265234603e-20
-5.156089079925998278e-20
-5.137689730886247382e-20
-5.119684961313594670e-20
-5.099919823359680579e-20
-5.080479512815142438e-20
-5.059283853792685579e-20
-5.038347150100999602e-20
-5.015661841013249655e-20
-4.993174402589397581e-20
-4.968947874107392646e-20
-4.944863925809539255e-20
-4.919054310533154391e-20
-4.893338862164057157e-20
-4.865916269754808680e-20
-4.838547429955017853e-20
-4.809496271757196955e-20
-4.780467555993772111e-20
-4.749788798146051219e-20
-4.719111288364606738e-20
-4.686824467916596567e-20
-4.654528633902732837e-20
-4.620673422396420177e-20
-4.586810363026217590e-20
-4.551447409307095645e-20
-4.516089219635256545e-20
-4.479299953538720321e-20
-4.442538877716853322e-20
-4.404423916986958251e-20
-4.366369917382520178e-20
-4.327045703751293279e-20
-4.287822077480186378e-20
-4.247415390581963361e-20
-4.207152114477403198e-20
-4.165792194772366936e-20
-4.124616800989844638e-20
-4.082424978904839748e-20
-4.040450980385448391e-20
-3.997527982651258586e-20
-3.954841203144832625e-20
-3.911252708113841122e-20
-3.867896339205317722e-20
-3.823657886419960206e-20
-3.779617688309234627e-20
-3.734680693022714319e-20
-3.689872436762362168e-20
-3.644113753907496112e-20
-3.598375678531051863e-20
-3.551593778157953459e-20
-3.504687345349664015e-20
-3.456608502121264697e-20
-3.408230832823130182e-20
-3.358528516433611269e-20
-3.308339276089976114e-20
-3.256668823639498616e-20
-3.204332647076837742e-20
-3.150380983823951406e-20
-3.095623531521813873e-20
-3.039170013136578888e-20
-2.981841405221438291e-20
-2.922820966918079565e-20
-2.862955105654027016e-20
-2.801509614782294918e-20
-2.739362970348922363e-20
-2.675862617609427461e-20
-2.611913495547979366e-20
-2.546929724898985168e-20
-2.481821678630660176e-20
-2.416039514147247731e-20
-2.350463248534623654e-20
-2.284536248600707237e-20
-2.219064393089430181e-20
-2.153439569669089538e-20
-2.088355581226663945e-20
-2.023123135456856322e-20
-1.958310693046964041e-20
-1.893152216455374291e-20
-1.828119439853754535e-20
-1.762420642499600125e-20
-1.696506042625003154e-20
-1.629649881467272844e-20
-1.562383516148636321e-20
-1.494146032980814147e-20
-1.425633377883398049e-20
-1.356499127218007099e-20
-1.287608216546545631e-20
-1.218775250795353855e-20
-1.150923113650865726e-20
-1.083864017515148655e-20
-1.018385222078494573e-20
-9.541011281512381028e-21
-8.915073873710957320e-21
-8.299417420148566410e-21
-7.696414529152135463e-21
-7.098248077009661849e-21
-6.507411895271527223e-21
-5.918255891652382788e-21
-5.336689239250492845e-21
-4.761520549394127786e-21
-4.202536782128421222e-21
-3.661118766418387665e-21
-3.146844187405596320e-21
-2.658252483128697520e-21
-2.199568792138262963e-21
-1.763465207353828842e-21
-1.349443599976285143e-21
-9.490119009651912615e-22
-5.645978993220018640e-22
-1.944200228504973628e-22
1.515077984611080578e-22
4.696005537998394297e-22
7.500612824857551949e-22
9.954752455263793392e-22
1.206115053634921487e-21
1.393199087272594212e-21
1.559405505310817740e-21
1.709669040146021852e-21
1.835044447554031154e-21
1.930483746006019957e-21
1.986383834013557094e-21
2.008006342390081808e-21
2.001059263076377143e-21
1.979573580210542267e-21
1.943923116742245103e-21
1.891749931042338566e-21
1.810130087299582614e-21
1.699663515432205916e-21
1.566181273439959755e-21
1.427479820642940326e-21
1.286883133492072782e-21
1.140878526795147423e-21
9.761710893556105605e-22
7.983361698056533510e-22
6.203342876873908837e-22
4.581404775456341236e-22
3.035922761419096154e-22
1.474053048108863598e-22
-1.057283757895804012e-23
-1.482743252537213601e-22
-2.603797817722805532e-22
-3.571740298210429917e-22
-4.506664791143875413e-22
-5.221039170351837182e-22
-5.610818081098093392e-22
-5.788387518932287465e-22
-5.915332890853426406e-22
-5.798357851466065184e-22
-5.383209587075670076e-22
-4.861747523678432005e-22
-4.318581622821242744e-22
-3.524978034017371989e-22
-2.638446450810083470e-22
-1.835251909311106196e-22
-9.694699945478143080e-23
-3.967067490906568048e-24
6.584106055662919323e-23
1.340057373868907274e-22
1.940684521335281473e-22
2.264340171662468697e-22
2.513764022532755822e-22
2.601434837686384835e-22
2.408948240735599530e-22
2.230847474872496785e-22
1.765883317774723979e-22
1.314608234300996933e-22
7.650175407388823713e-23
1.874279589765328405e-23
-3.003136329475681508e-23
-7.926969753830971820e-23
-1.089941708362204928e-22
-1.332725328757956219e-22
-1.354680306010921766e-22
-1.290288225020720893e-22
-1.044779175887294351e-22
-7.399380865653161572e-23
-3.438982443410629726e-23
3.501784252084523068e-24
3.949701171544871861e-23
6.523457663898880151e-23
8.061508135969606736e-23
8.142583371684402186e-23
7.027224882818736232e-23
4.781919775711055063e-23
1.979885085555126802e-23
-9.775710608642199205e-24
-3.436403901875407410e-23
-5.029134419382172967e-23
-5.403006525194166167e-23
-4.597399862572976922e-23
-2.798874139272982341e-23
-5.177635440305384862e-24
1.698228370293490830e-23
3.255492901891951607e-23
3.789819550397092297e-23
3.183492094342323581e-23
1.684698110965611454e-23
-2.076289799695617307e-24
-1.855040163840492580e-23
-2.712405417571456296e-23
-2.514665548098902292e-23
-1.385207170313122946e-23
1.827248216691180480e-24
1.533418606378879841e-23
2.090039971499260118e-23
1.654483672689663409e-23
4.692722132325940716e-24
-8.304289535533292533e-24
-1.585134335435108385e-23
-1.400044995831071695e-23
-4.458938114562153462e-24
6.924697636101504887e-24
1.283264381491437679e-23
9.937706735950712263e-24
4.581097154656800304e-25
-8.341107137521452138e-24
-1.021006478926690583e-23
-3.857854349176004740e-24
4.907875328478720188e-24
8.781203749509064221e-24
4.381977452066181761e-24
-3.535888105214412995e-24
-7.384704202742810829e-24
-3.284706707595597980e-24
3.762001811431642280e-24
6.099717452790077378e-24
1.087019833762742093e-24
-4.617014933559609907e-24
-4.110361233341093824e-24
1.815780514224756752e-24
4.572002586506604233e-24
7.060410405240365115e-25
-3.927868364515471083e-24
-1.959455054849151286e-24
2.821888273097407727e-24
2.546817777457130777e-24
-2.205761918841557772e-24
-2.404364180939197333e-24
1.788379720270703664e-24
2.192016398329979245e-24
-1.950455569982546331e-24
-1.493249712972970266e-24
2.036058013469049735e-24
7.354557024301742665e-25
-2.220778893070121796e-24
5.513013893679124760e-25
1.563484289616742859e-24
-1.440093791515798416e-24
-3.965531455979560546e-25
1.685254455573834308e-24
-1.263547010766240624e-24
-1.555582106143666339e-25
1.204992338143989792e-24
-1.182849413368972641e-24
3.365137598038026917e-25
6.511467725328808746e-25
-1.244338257220224754e-24
1.289722720727416387e-24
-9.310580148307778456e-25
4.130134659673987324e-25
6.555327643230879529e-26
-4.040875284530323688e-25
5.863191430658589962e-25
-6.428411015350151437e-25
6.181548913678877549e-25
-5.517034135211883300e-25
4.710468079217288591e-25
-3.922136294667660235e-25
3.227181551120196674e-25
-2.648686201261877723e-25
2.182332594159022735e-25
-1.812617501829474332e-25
1.521191424527391092e-25
-1.291252415733569733e-25
1.108638185665307834e-25
-9.623321340888966853e-26
8.437491270538065357e-26
-7.465721840435093358e-26
6.659186282941680918e-26
-5.982832496383805310e-26
5.408770404484775642e-26
-4.917394745081278828e-26
4.492185621696867636e-26
-4.121926601841089954e-26
3.796320668094635767e-26
-3.508802134913265762e-26
3.252580272695327678e-26
-3.023757958623133794e-26
2.817595394472008974e-26
-2.631787246898429030e-26
2.462841140966019099e-26
-2.309438506452677514e-26
2.168874603104201547e-26
-2.040464980851183001e-26
1.922019612798047733e-26
-1.813275082520204376e-26
1.712388290705536985e-26
-1.619383660678700839e-26
1.532658463016739229e-26
-1.452439080068575626e-26
1.377293448246504979e-26
-1.307592955950332549e-26
1.242029375706268525e-26
-1.181080364524146258e-26
1.123529304892776980e-26
-1.069933168185075817e-26
1.019144286484426602e-26
-9.717798023744010291e-27
9.267447509742392506e-27
-8.847025973197544952e-27
8.445992254658298753e-27
-8.071342358258601855e-27
7.712855738229143111e-27
-7.377813675925084902e-27
7.056250150623047820e-27
-6.755674120690111791e-27
6.466323730747543022e-27
-6.195891454224621853e-27
5.934780763168850407e-27
-5.690833396379425513e-27
5.454587869810467732e-27
-5.234008343484799187e-27
5.019744523728874515e-27
-4.819861746134635237e-27
4.625101942452711301e-27
-4.443614657817451614e-27
4.266218839992375288e-27
-4.101134581946346809e-27
3.939245552035077835e-27
-3.788831304592023635e-27
3.640830214543413180e-27
-3.503572236279856871e-27
3.368042238263663195e-27
-3.242613119036685674e-27
3.118309461107580018e-27
-3.003540933428194747e-27
2.889366202354025364e-27
-2.784226565308400460e-27
2.679210069967883283e-27
-2.582785335872356633e-27
2.486065843422783182e-27
-2.397543909084759353e-27
2.308355113682489300e-27
-2.227012403912864064e-27
2.144670635551542439e-27
-2.069860779415738158e-27
1.993754559701472613e-27
-1.924898746960207665e-27
1.854479875645993113e-27
-1.791058609642154383e-27
1.725834526289025593e-27
-1.667380542716840977e-27
1.606907755739666003e-27
-1.552999919516702166e-27
1.496878332600004702e-27
-1.447136358973884365e-27
1.395004355181170319e-27
-1.349084228180541749e-27
1.300614396557715062e-27
-1.258204379870608288e-27
1.213099788892032575e-27
-1.173916941936490373e-27
1.131907880044861068e-27
-1.095695006399622237e-27
1.056536123037317952e-27
-1.023059090146107017e-27
9.865268813126581873e-28
-9.555722600727001610e-28
9.214628511626314707e-28
-8.928358320201448833e-28
8.609630179773705111e-28
-8.344855667179067084e-28
8.046790756045613584e-28
-7.801882974857592037e-28
7.522922485755010923e-28
-7.296389341730290055e-28
7.035104658016406554e-28
-6.825577956086832753e-28
6.580658416304125442e-28
-6.386882298148604337e-28
6.157124264460187452e-28
-5.977944868454113984e-28
5.762241941364736321e-28
-5.596598138560257251e-28
5.393932382574597526e-28
-5.240847462212051101e-28
5.050281524274176578e-28
-4.908855719288053163e-28
4.729525737101173447e-28
-4.598929493696736223e-28
4.430038705627527476e-28
-4.309506613526514320e-28
4.150319591165457716e-28
-4.039144901616783014e-28
3.888982337251419771e-28
-3.786512004948841042e-28
3.644745993754727327e-28
-3.550376186304820908e-28
3.416425950897921888e-28
-3.329597976550748816e-28
3.202925987120435120e-28
-3.123122597209367428e-28
3.003231046413647119e-28
-2.929973073804999782e-28
2.816400670264986659e-28
-2.749243969870649231e-28
2.641563018193089421e-28
-2.580095679155633906e-28
2.477909417716350696e-28
-2.421749220584979925e-28
2.324689391982717008e-28
-2.273481486791193914e-28
2.181206118261019537e-28
-2.134620902304193967e-28
2.046812276053539619e-28
-2.004543452289834008e-28
1.920906247708130632e-28
-1.882669046652940563e-28
1.802928638265611708e-28
-1.768458188453350946e-28
1.692359085204931998e-28
-1.661408918154794927e-28
1.588713331209042674e-28
-1.561054008969401912e-28
1.491540536087817153e-28
-1.466958390058659327e-28
1.400420806502869506e-28
-1.378716777772650823e-28
1.314962923834201787e-28
-1.295951496054975156e-28
1.234802253100333609e-28
-1.218310469666508149e-28
1.159598816818812076e-28
-1.145465375237319214e-28
1.089035519740567171e-28
-1.077109936490160222e-28
1.022816511464342811e-28
-1.012958351343407464e-28
9.606656754157711919e-29
-9.527438399396865110e-29
9.023252332656292049e-29
-8.962173032686350977e-29
8.475544554962331215e-29
-8.431460833887168418e-29
7.961284691952657371e-29
-7.933128167940083228e-29
7.478371551222053831e-29
-7.465143733997973505e-29
7.024841268517812319e-29
-7.025608741866099923e-29
6.598857853835522681e-29
-6.612747812447859079e-29
6.198704431325434266e-29
-6.224900543911870030e-29
5.822775118980111526e-29
-5.860513691813344793e-29
5.469567496876494778e-29
-5.518133914480157967e-29
5.137675618832752354e-29
-5.196401039850220854e-29
4.825783524689609123e-29
-4.894041813860129068e-29
4.532659215220451335e-29
-4.609864092993772025e-29
4.257149053807086178e-29
-4.342751447265134484e-29
3.998172563232015773e-29
-4.091658142944831964e-29
3.754717586898991054e-29
-3.855604475950147217e-29
3.525835788250166591e-29
-3.633672430170997007e-29
3.310638461767686828e-29
-3.425001636381272952e-29
3.108292634198094119e-29
-3.228785609782865142e-29
2.918017433261129533e-29
-3.044268245287811719e-29
2.739080705158196543e-29
-2.870740552509640451e-29
2.570795862238526471e-29
-2.707537612343635073e-29
2.412518944791015583e-29
-2.554035739587148573e-29
2.263645880888325040e-29
-2.409649836830386893e-29
2.123609930702503309e-29
-2.273830925887151892e-29
1.991879301858313690e-29
-2.146063843988608408e-29
1.867954923895278272e-29
-2.025865093691732464e-29
1.751368370479836652e-29
-1.912780834894963046e-29
1.641679919239839303e-29
-1.806385009941904221e-29
1.538476739327546199e-29
-1.706277591724054912e-29
1.441371198312591253e-29
-1.612082946869807175e-29
1.349999279534529084e-29
-1.523448305831325748e-29
1.264019103063724712e-29
-1.440042332542739811e-29
1.183109542443942469e-29
-1.361553786945912434e-29
1.106968931331396782e-29
-1.287690273988695108e-29
1.035313853475273972e-29
-1.218177073284232053e-29
9.678780106753184049e-30
-1.152756044024178307e-29
9.044111633088118546e-30
-1.091184599982991494e-29
8.446781387748735078e-30
-1.033234750067938676e-29
7.884579029509705822e-30
-9.786921999245899435e-30
7.355426909786465918e-30
-9.273555106458530633e-30
6.857371929673271126e-30
-8.790353107533812264e-30
6.388577913029972023e-30
-8.335535578997527147e-30
5.947318460233586258e-30
-7.907428471282012581e-30
5.531970251911590367e-30
-7.504457626465818791e-30
5.141006772106299171e-30
-7.125142700541382348e-30
4.772992425541680844e-30
-6.768091467803136551e-30
4.426577020652997639e-30
-6.431994478441030082e-30
4.100490597574381746e-30
-6.115620049937148258e-30
3.793538576913284620e-30
-5.817809568574151773e-30
3.504597209143334856e-30
-5.537473082362624105e-30
3.232609306112147855e-30
-5.273585165740125396e-30
2.976580235328125002e-30
-5.025181040028929884e-30
2.735574161612155468e-30
-4.791352931724998056e-30
2.508710519220520148e-30
-4.571246655382712123e-30
2.295160700717158437e-30
-4.364058404908480908e-30
2.094144948701883191e-30
-4.169031741612737425e-30
1.904929436561113908e-30
-3.985454766552526208e-30
1.726823528722604771e-30
-3.812657464052945752e-30
1.559177206177635175e-30
-3.650009207793747782e-30
1.401378649559196937e-30
-3.496916417794103045e-30
1.252851968214775031e-30
-3.352820359493784585e-30
1.113055066916655611e-30
-3.217195076202909948e-30
9.814776417039847354e-31
-3.089545446013728684e-30
8.576392964296799608e-31
-2.969405356277396907e-30
7.410877729424679209e-31
-2.856335987720491536e-30
6.313972877300776331e-31
-2.749924201913787952e-30
5.281669685100108641e-31
-2.649781025390091086e-30
4.310193843661675241e-31
-2.555540224695607444e-30
3.395991642769981718e-31
-2.466856966655313007e-30
2.535716980946456081e-31
-2.383406558826825266e-30
1.726219147915504501e-31
-2.304883264978740554e-30
9.645313433706289881e-32
-2.230999191313134088e-30
2.478598719357257655e-32
-2.161483238859207803e-30
-4.264260143799860742e-32
-2.096080118319388061e-30
-1.060803671857991199e-31
-2.034549423233952044e-30
-1.657606054515132561e-31
-1.976664758306967703e-30
-2.219030167804975754e-31
-1.922212919141331704e-30
-2.747145024607682252e-31
-1.870993120760376342e-30
-3.243899129556237255e-31
-1.822816271546924205e-30
-3.711127521198722567e-31
-1.777504290152084746e-30
-4.150558398839466147e-31
-1.734889462636883452e-30
-4.563819357692491983e-31
-1.694813837589021601e-30
-4.952443258704409589e-31
-1.657128656689370320e-30
-5.317873751117960805e-31
-1.621693818976765754e-30
-5.661470471644677726e-31
-1.588377376387926081e-30
-5.984513937314389087e-31
-1.557055059073538930e-30
-6.288210152229435806e-31
-1.527609828435278351e-30
-6.573694942989696809e-31
-1.499931456434013850e-30
-6.842038041864420221e-31
-1.473916129509698548e-30
-7.094246928778545562e-31
-1.449466075703542705e-30
-7.331270450877558459e-31
-1.426489213488585270e-30
-7.554002228513409280e-31
-1.404898821247394804e-30
-7.763283863884538197e-31
-1.384613225942567936e-30
-7.959907961264810945e-31
-1.365555510017270776e-30
-8.144620972128847799e-31
-1.347653235340948011e-30
-8.318125873266386300e-31
-1.330838183283977512e-30
-8.481084690306002583e-31
-1.315046109848969162e-30
-8.634120872926548797e-31
-1.300216515178854151e-30
-8.777821533016819658e-31
-1.286292426345054760e-30
-8.912739551912378182e-31
-1.273220192840722334e-30
-9.039395565778520020e-31
-1.260949293925293758e-30
-9.158279835200530040e-31
-1.249432157187956954e-30
-9.269854006544897232e-31
-1.238623987592556504e-30
-9.374552770922418728e-31
-1.228482606493647471e-30
-9.472785427165398090e-31
-1.218968299959039474e-30
-9.564937353781231733e-31
-1.210043675907609708e-30
-9.651371396179738224e-31
-1.201673529500295873e-30
-9.732429172916024907e-31
-1.193824716371149960e-30
-9.808432306855606599e-31
-1.186466033140566522e-30
-9.879683584633960825e-31
-1.179568104923449574e-30
-9.946468049374265584e-31
-1.173103279274531416e-30
-1.000905402979959551e-30
-1.167045526334489024e-30
-1.006769411029914586e-30
-1.161370344707913446e-30
-1.012262604449544075e-30
-1.156054672819677806e-30
-1.017407361631682512e-30
-1.151076805373620079e-30
-1.022224745104030156e-30
-1.146416314669870613e-30
-1.026734577972484351e-30
-1.142053976447102891e-30
-1.030955515947374022e-30
-1.137971700032551101e-30
-1.034905115176366674e-30
-1.134152462518315365e-30
-1.038599896213745036e-30
-1.130580246761873519e-30
-1.042055404263282523e-30
-1.127239982952588860e-30
-1.045286265947897978e-30
-1.124117493572914566e-30
-1.048306242815033643e-30
-1.121199441532588182e-30
-1.051128281746896392e-30
-1.118473281317609050e-30
-1.053764562464773630e-30
-1.115927212945971720e-30
-1.056226542293724505e-30
-1.113550138609522114e-30
-1.058524998342132242e-30
-1.111331621806132485e-30
-1.060670067254598850e-30
-1.109261848848993716e-30
-1.062671282663987105e-30
-1.107331592598325302e-30
-1.064537610485329939e-30
-1.105532178295686559e-30
-1.066277482177044835e-30
-1.103855451370222175e-30
-1.067898826070089046e-30
-1.102293747114981208e-30
-1.069409096898062513e-30
-1.100839862101370959e-30
-1.070815303608384890e-30
-1.099487027263497245e-30
-1.072124035562644612e-30
-1.098228882520700527e-30
-1.073341487220640726e-30
-1.097059452861750040e-30
-1.074473481379917221e-30
-1.095973125809421657e-30
-1.075525491057849545e-30
-1.094964630167373324e-30
-1.076502660086049773e-30
-1.094029015972432489e-30
-1.077409822490400734e-30
-1.093161635585390557e-30
-1.078251520706682064e-30
-1.092358125841850013e-30
-1.079032022709283829e-30
-1.091614391187973127e-30
-1.079755338088307485e-30
-1.090926587734482107e-30
-1.080425233130758064e-30
-1.090291108172714228e-30
-1.081045244949002641e-30
-1.089704567478527086e-30
-1.081618694701290570e-30
-1.089163789345949113e-30
-1.082148699925076272e-30
-1.088665793292758834e-30
-1.082638186039352604e-30
-1.088207782377577293e-30
-1.083089897017453706e-30
-1.087787131475886756e-30
-1.083506405283421854e-30
-1.087401376063868950e-30
-1.083890120836341706e-30
-1.087048201457981115e-30
-1.084243299650055401e-30
-1.086725432474895670e-30
-1.084568051361781230e-30
-1.086431023477332436e-30
-1.084866346291130056e-30
-1.086163048771471556e-30
-1.085140021830110396e-30
-1.085919693364390645e-30
-1.085390788263298623e-30
-1.085699244069311405e-30
-1.085620234079846155e-30
-1.085500081002914834e-30
-1.085829830881264408e-30
-1.085320669522919186e-30
-1.086020937993992067e-30
-1.085159552698037848e-30
-1.086194806947326486e-30
-1.085015344438596890e-30
-1.086352586003516485e-30
-1.084886723454581525e-30
-1.086495324969737201e-30
-1.084772428259271927e-30
-1.086623980566994719e-30
-1.084671253463624001e-30
-1.086739422656420604e-30
-1.084582047653463353e-30
-1.086842441654150413e-30
-1.084503713138755692e-30
-1.086933757451067137e-30
-1.084435207850650705e-30
-1.087014030115092458e-30
-1.084375549590546205e-30
-1.087083872543924316e-30
-1.084323822690087512e-30
-1.087143865058741883e-30
-1.084279186919520620e-30
-1.087194571645439557e-30
-1.084240888153889852e-30
-1.087236557168523247e-30
-1.084208269859534801e-30
-1.087270404391510457e-30
-1.084180783942853707e-30
-1.087296729078621541e-30
-1.084157998930071451e-30
-1.087316190892456802e-30
-1.084139602926923973e-30
-1.087329497363853679e-30
-1.084125398504621448e-30
-1.087337398089291091e-30
-1.084115286772801873e-30
-1.087340666728692536e-30
-1.084109238704003188e-30
-1.087340069618987714e-30
-1.084107253494380338e-30
-1.087336322066243481e-30
-1.084109306544170662e-30
-1.087330036680853232e-30
-1.084115293362048293e-30
-1.087321672137915093e-30
-1.084124979805841934e-30
-1.087311494633577559e-30
-1.084137972372769362e-30
-1.087299566585097779e-30
-1.084153722988388071e-30
-1.087285775770555503e-30
-1.084171578797557174e-30
-1.087269911135563996e-30
-1.084190877216380349e-30
-1.087251777991100695e-30
-1.084211070123539903e-30
-1.087231326936044750e-30
-1.084231842108131829e-30
-1.087208753306019351e-30
-1.084253174108102540e-30
-1.087184517215750101e-30
-1.084275306866659928e-30
-1.087159249791531760e-30
-1.084298588291152372e-30
-1.087133555091486934e-30
-1.084323244805624840e-30
-1.087107780395638412e-30
-1.084349179245739136e-30
-1.087081878696031240e-30
-1.084375925398107318e-30
-1.087055479038053644e-30
-1.084402836088156801e-30
-1.087028178878024394e-30
-1.084429437858424173e-30
-1.086999903863425149e-30
-1.084455721072071118e-30
-1.086971059473657072e-30
-1.084482097973164666e-30
-1.086942281225691838e-30
-1.084508975732793073e-30
-1.086913918097594744e-30
-1.084536274472967339e-30
-1.086885726550197169e-30
-1.084563407666141979e-30
-1.086857181506857139e-30
-1.084589863404841343e-30
-1.086828167520242987e-30
-1.084615773895486024e-30
-1.086799203823604686e-30
-1.084641667245349098e-30
-1.086770769753513770e-30
-1.084667601462293301e-30
-1.086742609741309406e-30
-1.084692978602771161e-30
-1.086714201551664427e-30
-1.084717496938353581e-30
-1.086685739316301844e-30
-1.084741624016175625e-30
-1.086657776409087516e-30
-1.084765547687127066e-30
-1.086630085403428702e-30
-1.084788686465091483e-30
-1.086602208714093113e-30
-1.084810964470452954e-30
-1.086574556409782203e-30
-1.084832860895568905e-30
-1.086547300223103424e-30
-1.084854019561850926e-30
-1.086519916702267317e-30
-1.084874193298772273e-30
-1.086492685307538233e-30
-1.084893813213234114e-30
-1.086465704437078221e-30
-1.084912479852605055e-30
-1.086438554079967093e-30
-1.084930207881991481e-30
-1.086411609514993869e-30
-1.084947139856591091e-30
-1.086384549224611983e-30
-1.084962911124487187e-30
-1.086357453415046385e-30
-1.084977801726394174e-30
-1.086330253075140144e-30
-1.084991447325637761e-30
-1.086302852253054137e-30
-1.085004053335348758e-30
-1.086275224205192845e-30
-1.085015316385924460e-30
-1.086247285858745495e-30
-1.085025363511717890e-30
-1.086218911483153077e-30
-1.085033960666963583e-30
-1.086190104375358214e-30
-1.085041097778577291e-30
-1.086160647006615484e-30
-1.085046685320081653e-30
-1.086130510633860029e-30
-1.085050550055059114e-30
-1.086099563679255739e-30
-1.085052627583378412e-30
-1.086067628796223043e-30
-1.085052791118676765e-30
-1.086034581000036857e-30
-1.085050870524723445e-30
-1.086000270125168735e-30
-1.085046708495936776e-30
-1.085964507419664565e-30
-1.085040139916639951e-30
-1.085927088955973972e-30
-1.085030974508548312e-30
-1.085887797899711741e-30
-1.085018998112738841e-30
-1.085846397451617499e-30
-1.085003974752094553e-30
-1.085802626511073144e-30
-1.084985645079880019e-30
-1.085756197507828188e-30
-1.084963723445143878e-30
-1.085706794309564426e-30
-1.084937894825717905e-30
-1.085654069631389554e-30
-1.084907811717058717e-30
-1.085597642001733829e-30
-1.084873090825240495e-30
-1.085537092364337040e-30
-1.084833309462001362e-30
-1.085471960329613792e-30
-1.084788001587286639e-30
-1.085401740053167777e-30
-1.084736653460725261e-30
-1.085325875706168228e-30
-1.084678698864812636e-30
-1.085243756497482707e-30
-1.084613513859329031e-30
-1.085154711204187962e-30
-1.084540411022790241e-30
-1.085058002163289946e-30
-1.084458633132217013e-30
-1.084952818673660246e-30
-1.084367346228299704e-30
-1.084838269753017722e-30
-1.084265632008402620e-30
-1.084713376189920911e-30
-1.084152479484877909e-30
-1.084577061825975688e-30
-1.084026775841096674e-30
-1.084428143998017400e-30
-1.083887296412298247e-30
-1.084265323064725216e-30
-1.083732693712464729e-30
-1.084087170936194059e-30
-1.083561485422895722e-30
-1.083892118519120120e-30
-1.083372041251923463e-30
-1.083678441984260708e-30
-1.083162568569202971e-30
-1.083444247756625434e-30
-1.082931096712011072e-30
-1.083187456122870971e-30
-1.082675459854924615e-30
-1.082905783344658729e-30
-1.082393278328749275e-30
-1.082596722161139881e-30
-1.082081938269413270e-30
-1.082257520559229504e-30
-1.081738569473254204e-30
-1.081885158686373782e-30
-1.081360021331965277e-30
-1.081476323778063151e-30
-1.080942836718790941e-30
-1.081027382971796943e-30
-1.080483223698098432e-30
-1.080534353880757122e-30
-1.079977024933507335e-30
-1.079992872805307265e-30
-1.079419684676391130e-30
-1.079398160469136147e-30
-1.078806213227685741e-30
-1.078744985180426950e-30
-1.078131148782425680e-30
-1.078027623338451331e-30
-1.077388516589984215e-30
-1.077239817233351782e-30
-1.076571785395029394e-30
-1.076374730123967420e-30
-1.075673821166592881e-30
-1.075424898627036047e-30
-1.074686838177889804e-30
-1.074382182513471377e-30
-1.073602347569907694e-30
-1.073237712086753707e-30
-1.072411103620594459e-30
-1.071981833417610692e-30
-1.071103048052135487e-30
-1.070604051832162634e-30
-1.069667252845069995e-30
-1.069092974201582385e-30
-1.068091862194608822e-30
