# bin_4_3
1.984213987406127683e-08
1.997402009474788173e-08
2.010626210539843613e-08
2.023879312210955045e-08
2.037150701047458186e-08
2.050454149369632297e-08
2.063770871412193251e-08
2.077076097973528707e-08
2.090371651212984969e-08
2.103648850530863584e-08
2.116820001432493411e-08
2.130029905737108157e-08
2.143194574101003370e-08
2.155910872809229893e-08
2.169420636650917937e-08
2.182397691935214685e-08
2.195291298084584230e-08
2.208114115840001464e-08
2.220862645377375156e-08
2.233410171175792342e-08
2.245904631133479241e-08
2.258269816916738616e-08
2.270479709722827691e-08
2.282548294837480368e-08
2.294458061142934971e-08
2.306199724560641852e-08
2.317744065283338678e-08
2.329088753812047835e-08
2.340222516545253937e-08
2.351139342123439558e-08
2.361821691147576263e-08
2.372250876115076008e-08
2.382416054637194233e-08
2.392308070670041389e-08
2.401932538314799765e-08
2.411228192881919090e-08
2.420237716091661444e-08
2.428915656298986179e-08
2.437222537202943073e-08
2.445234076308225987e-08
2.452848183905658768e-08
2.460087719759848321e-08
2.466966106642220583e-08
2.473427586978361361e-08
2.479378972192136587e-08
2.484963254175743835e-08
2.490095446712690558e-08
2.494771229780395333e-08
2.498972150228935767e-08
2.502682722331542647e-08
2.505895507143822786e-08
2.508479371377830251e-08
2.510766986524923709e-08
2.512599987472722794e-08
2.513494625744087341e-08
2.514023884138468859e-08
2.514010073771758913e-08
2.513415985812636869e-08
2.512134955937577643e-08
2.510306078775191951e-08
2.507876869104486972e-08
2.504818331229619951e-08
2.501132170329171867e-08
2.496808112124894315e-08
2.491838494861421239e-08
2.486215299473501229e-08
2.479924752071049858e-08
2.472979903926884039e-08
2.465368761497270026e-08
2.457078438967668956e-08
2.448108893508457074e-08
2.438456969967679717e-08
2.428119140524062822e-08
2.417087169679402229e-08
2.405384110558910935e-08
2.392978863025965513e-08
2.379893312017585537e-08
2.366116359522725897e-08
2.351652740420545867e-08
2.336507481261188231e-08
2.320677970209139205e-08
2.304176901113777315e-08
2.287005383353832208e-08
2.269169535162893399e-08
2.250677382798384934e-08
2.231604903754683165e-08
2.211760405271481035e-08
2.191351612985158824e-08
2.170329307764943590e-08
2.148737159738648160e-08
2.126481812775927022e-08
2.103690151700330141e-08
2.080339969634182460e-08
2.056442315247920234e-08
2.032020111343891114e-08
2.007080917667924430e-08
1.981673113238358168e-08
1.955793704903962622e-08
1.929471166202491974e-08
1.902867716776483194e-08
1.875583116477572969e-08
1.848066088112354117e-08
1.820590537063801713e-08
1.792022888417218965e-08
1.763546991961292348e-08
1.734805452946790242e-08
1.705827887568131104e-08
1.676638714765674907e-08
1.647273125440656900e-08
1.617757146747239137e-08
1.588120034296627338e-08
1.558392547559733501e-08
1.528603893944886829e-08
1.498784143878085822e-08
1.468976996795695271e-08
1.439166093435256950e-08
1.409430003661705566e-08
1.379775622263123862e-08
1.350234147555565525e-08
1.320838503050153420e-08
1.291595801677437198e-08
1.262554641299475533e-08
1.233729608384492439e-08
1.205124617862453354e-08
1.176829525748359784e-08
1.148802630415204150e-08
1.121085590358796770e-08
1.093699836364026875e-08
1.066664587518200920e-08
1.039999155103110572e-08
1.013717585576387294e-08
9.878380935878113525e-09
9.623730921487618759e-09
9.373334835072965669e-09
9.127360368097746806e-09
8.885728220687625332e-09
8.648678541467345273e-09
8.416176574910130476e-09
8.188316121959357392e-09
7.964960609402664130e-09
7.746262751406477256e-09
7.532146673485357091e-09
7.322588460224885393e-09
7.117542327082487295e-09
6.918293218185011854e-09
6.720799277019959723e-09
6.528984378117425847e-09
6.341409779124127997e-09
6.158059021898867449e-09
5.978803537365881931e-09
5.803585597962375865e-09
5.632328579997305470e-09
5.464889186924984244e-09
5.301223793323669759e-09
5.141247776445078242e-09
4.984808668969544244e-09
4.831881943781118293e-09
4.681802404795903901e-09
4.536215620763269129e-09
4.393297406877500265e-09
4.253589096614086827e-09
4.117105189834745382e-09
3.983576377379445098e-09
3.853186008198736687e-09
3.725824360075011061e-09
3.601491490749114985e-09
3.480144332177359810e-09
3.361816262727914032e-09
3.246514709425244597e-09
3.134224820451266651e-09
3.025006665481622615e-09
2.918887997929730524e-09
2.815909988799118011e-09
2.716078670918776455e-09
2.619464638120640644e-09
2.526077775680364058e-09
2.435951018504449640e-09
2.349087983407262304e-09
2.265484935383179920e-09
2.185085987647436788e-09
2.107843210363666298e-09
2.033664109153302984e-09
1.962464046349471954e-09
1.894111564504946082e-09
1.828464682490382407e-09
1.765367728564319992e-09
1.704626245934580976e-09
1.646121724172324351e-09
1.589673804930703611e-09
1.535135718426942249e-09
1.482369051741942516e-09
1.431249482119755945e-09
1.381707282955185518e-09
1.333670661222248536e-09
1.287111725917753215e-09
1.242001068257131547e-09
1.198362595886729826e-09
1.156199025877460474e-09
1.115548514693752551e-09
1.076427469019307150e-09
1.038837445139697772e-09
1.002765572601732997e-09
9.681893411876896015e-10
9.350577827400294829e-10
9.032953544335805908e-10
8.728243340474181525e-10
8.435652184082824242e-10
8.154298623878227318e-10
7.883415929540812109e-10
7.622226185476151544e-10
7.370287555442119722e-10
7.127114424020992221e-10
6.892461531708800246e-10
6.666188359618653657e-10
6.447976990352662593e-10
6.237835504627720720e-10
6.035501912874052606e-10
5.840754656141290532e-10
5.653372241818183664e-10
5.472987414524775951e-10
5.299366795776368525e-10
5.132156555607228785e-10
4.971316643441060468e-10
4.816042818519056153e-10
4.666480125011610760e-10
4.522298744329220505e-10
4.383093141000719110e-10
4.248736882157504287e-10
4.118906838002939587e-10
3.993451215330359013e-10
3.872212690220098906e-10
3.755083139283385777e-10
3.641950536350582481e-10
3.532729860139688738e-10
3.427065432272959712e-10
3.324953917687634867e-10
3.226124022963185473e-10
3.130383700761643754e-10
3.037585037917984933e-10
2.947615205150779457e-10
2.860388874437530974e-10
2.775826004959861171e-10
2.693836444074057496e-10
2.614308042908009482e-10
2.537115362638669481e-10
2.462137586299730838e-10
2.389274688064171202e-10
2.318449859998448456e-10
2.249601040178281718e-10
2.182665767604296966e-10
2.117572235823940172e-10
2.054242860122196345e-10
1.992604741594878612e-10
1.932596772623707312e-10
1.874168086058925344e-10
1.817270722610833707e-10
1.761855030722971201e-10
1.707870648755779653e-10
1.655270930851035643e-10
1.604015129978530504e-10
1.554065429977058768e-10
1.505385316950855456e-10
1.457939398803521189e-10
1.411693925450484601e-10
1.366618140187749804e-10
1.322683437768223019e-10
1.279862429151535495e-10
1.238129056426698086e-10
1.197458458150709459e-10
1.157827495522892665e-10
1.119214026264538192e-10
1.081597203263640827e-10
1.044957001499218335e-10
1.009274276228426270e-10
9.745308695109864789e-11
9.407090947286988752e-11
9.077912578767811235e-11
8.757615930451693516e-11
8.446040325402821784e-11
8.143031454865076421e-11
7.848440661893806834e-11
7.562120670987116787e-11
7.283928902487934448e-11
7.013723096078780092e-11
6.751362652427752254e-11
6.496711399446796886e-11
6.249630965965643993e-11
6.009975575349772751e-11
5.777616243829890931e-11
5.552418867904100464e-11
5.334249628754363905e-11
5.122973873885981571e-11
4.918456289398479333e-11
4.720563838207539060e-11
4.529162258378527516e-11
4.344115911719494685e-11
4.165282818029630306e-11
3.992526960670002821e-11
3.825717195673441640e-11
3.664717705675923011e-11
3.509391886606610014e-11
3.359605114970520934e-11
3.215222360562816693e-11
3.076108019420355341e-11
2.942124920455530061e-11
2.813128927692705554e-11
2.688994447308603471e-11
2.569587776062801967e-11
2.454775963899778962e-11
2.344428055406553077e-11
2.238413781614570800e-11
2.136604845436704969e-11
2.038866341463722027e-11
1.945070134848032450e-11
1.855097502013908256e-11
1.768825032876601405e-11
1.686131318125968281e-11
1.606897680774976128e-11
1.531008454759607938e-11
1.458339986010016220e-11
1.388777575683095644e-11
1.322223840544711388e-11
1.258566424859791426e-11
1.197693277189285711e-11
1.139510684459576582e-11
1.083910490364336722e-11
1.030789908611208343e-11
9.800604239521966757e-12
9.316293480499641231e-12
8.854072501740829756e-12
8.413052366785930254e-12
7.992332513840261976e-12
7.591122819123868150e-12
7.208646179167479510e-12
6.844080531260684441e-12
6.496753535399349572e-12
6.165869708873178637e-12
5.850681990068890376e-12
5.550592621051790176e-12
5.264964595706253715e-12
4.993172417728897839e-12
4.734526913896376049e-12
4.488504627585503207e-12
4.254564816680940330e-12
4.032091989657274895e-12
3.820686706794210392e-12
3.619687401308934168e-12
3.428713079484618656e-12
3.247319317982926652e-12
3.075055792244698317e-12
2.911445466316324867e-12
2.756150233451092124e-12
2.608704913466548015e-12
2.468841499006878260e-12
2.336086573533679018e-12
2.210128416268079802e-12
2.090730632619262279e-12
1.977667740070974178e-12
1.870255744347864494e-12
1.768421732047547959e-12
1.671920854143195515e-12
1.580452876701786017e-12
1.493821826941959195e-12
1.411797059225795804e-12
1.334114864047162815e-12
1.260538765673531625e-12
1.190887914202609113e-12
1.125060733820601959e-12
1.062544601556029185e-12
1.003491238706505230e-12
9.476503659463330260e-13
8.947585559042960500e-13
8.447543372987376168e-13
7.974826451092401685e-13
7.527685413268872845e-13
7.105181610445611065e-13
6.705670908198433182e-13
6.327942311413878046e-13
5.971114246459787965e-13
5.633989819912591652e-13
5.315479110682483031e-13
5.014631736972373681e-13
4.730541964445482027e-13
4.462183266311329529e-13
4.208839932163333036e-13
3.969665451453872502e-13
3.743780127347110144e-13
3.530693885899320592e-13
3.329535584880478080e-13
3.139744663530132258e-13
2.960651906964910636e-13
2.791785072320243641e-13
2.632283817338509838e-13
2.482176539142798318e-13
2.340306004640620121e-13
2.206361618827939030e-13
2.080212773213625177e-13
1.961292141073052234e-13
1.849141661674880054e-13
1.743445611380880166e-13
