# bin_2_2
1.472145114100626106e-08
1.479471228717302480e-08
1.486747886164537755e-08
1.493962404338588057e-08
1.501109533063738369e-08
1.508183624981671058e-08
1.515174524701952728e-08
1.522141424267991643e-08
1.528968024425784594e-08
1.535691570972863437e-08
1.542228366815722919e-08
1.548717974483691252e-08
1.555080431311548486e-08
1.561303947368436378e-08
1.567399553589950837e-08
1.573394228269110368e-08
1.578686997789619144e-08
1.584804352798570355e-08
1.590219667649304625e-08
1.595491950490398534e-08
1.600578367128154651e-08
1.605468114664075065e-08
1.610138200650168500e-08
1.614604080661230734e-08
1.618851092315825947e-08
1.622094082059957438e-08
1.626643362131512829e-08
1.630163806660330881e-08
1.633425953692899295e-08
1.636427066224134454e-08
1.639153615231135341e-08
1.641591151543970942e-08
1.643732905028537405e-08
1.645573802673754569e-08
1.647612886898793789e-08
1.648327312735383596e-08
1.649230663040093380e-08
1.649794556246385977e-08
1.650017009502829890e-08
1.649888389248901682e-08
1.649395112786953261e-08
1.648542235718199552e-08
1.647351362775333191e-08
1.645704639314408352e-08
1.643718696033620682e-08
1.641338708336726279e-08
1.638555581421116406e-08
1.635372117695388045e-08
1.631777815712553781e-08
1.627765192901912886e-08
1.623334604325037740e-08
1.618477870487822779e-08
1.613192984695492989e-08
1.607478947018551964e-08
1.601329437857662803e-08
1.594743878442381324e-08
1.587717963437265805e-08
1.580251636301483971e-08
1.572343754287206646e-08
1.563991084484356646e-08
1.555207188503282590e-08
1.545975964314108895e-08
1.536308993375792623e-08
1.526206276896020446e-08
1.515660414842662972e-08
1.504704180366340006e-08
1.493304292710763600e-08
1.481493695926491708e-08
1.470507710465648066e-08
1.456634519118801389e-08
1.443594427549828803e-08
1.430158041304887329e-08
1.416332725229478440e-08
1.402119570424599564e-08
1.387551871358029238e-08
1.372612945382454139e-08
1.357323537868063974e-08
1.341692837128828364e-08
1.325731492968583994e-08
1.309451658110310909e-08
1.292865572822149561e-08
1.275988482842000128e-08
1.258831657924107035e-08
1.241409067702831624e-08
1.223736036746269814e-08
1.205828025231632774e-08
1.187701725915443839e-08
1.169368865882485366e-08
1.150852539557120546e-08
1.132200483120740886e-08
1.113328569756516698e-08
1.094355942120916280e-08
1.075270065344800322e-08
1.055999364078178384e-08
1.036826516747082042e-08
1.017498088910956570e-08
9.981440182634021201e-09
9.787658529572368671e-09
9.593875805718251461e-09
9.400259679869279184e-09
9.207023236887264219e-09
9.014338722559538974e-09
8.822421902298673718e-09
8.631488949135297664e-09
8.441664584705759074e-09
8.253151689730435138e-09
8.067222925107226477e-09
7.880755647798978525e-09
7.697194297212373311e-09
7.515603206992442440e-09
7.336110179936083121e-09
7.158858761702889520e-09
6.983964717901435216e-09
6.811543002139864916e-09
6.641831375701296576e-09
6.474473160825596450e-09
6.310020641091206789e-09
6.149158308827177016e-09
5.989507520671021367e-09
5.833535314677891749e-09
5.680482014563944082e-09
5.530344174732842830e-09
5.383120638367486140e-09
5.238813176188652135e-09
5.099764234000759742e-09
4.958869923061217929e-09
4.823189409397425628e-09
4.690319482392412869e-09
4.560224654451346352e-09
4.432855928126127993e-09
4.308170253233336621e-09
4.186110154256101276e-09
4.066629897432636123e-09
3.949668117092956011e-09
3.835220199024538969e-09
3.723090153023428538e-09
3.613361496791915324e-09
3.505932641955414316e-09
3.400804881673037212e-09
3.297790236403574080e-09
3.196993455562527407e-09
3.098333031808024133e-09
3.001790102140100977e-09
2.907342656591138519e-09
2.814982961761381941e-09
2.724712713033385114e-09
2.636527502839875882e-09
2.550431168426834712e-09
2.466446197351522285e-09
2.384564471931674500e-09
2.304796087316391067e-09
2.227177355360152020e-09
2.151660133576456363e-09
2.078301467649951220e-09
2.007111679853403069e-09
1.938026934279026764e-09
1.871109080239633603e-09
1.806341363542412397e-09
1.743701016644968340e-09
1.683186139728855598e-09
1.624764963849581164e-09
1.568422982707032810e-09
1.514113658232311541e-09
1.461803352116953391e-09
1.411429942562007793e-09
1.362941607123798698e-09
1.316260652788191507e-09
1.271316131354683860e-09
1.228031900926558643e-09
1.186285306050488480e-09
1.146018841878729562e-09
1.107134699962026134e-09
1.069551670359750038e-09
1.033170073979479034e-09
9.979329154861546685e-10
9.637862176876330924e-10
9.306942648733869725e-10
8.986267023718890287e-10
8.675814571124879541e-10
8.375329184715470193e-10
8.085158787252713169e-10
7.805333150107571470e-10
7.535958464654587767e-10
7.277067426554093269e-10
7.028673863500253554e-10
6.790317633809799480e-10
6.562070360461493593e-10
6.342922065677403069e-10
6.132776821211698303e-10
5.930862638181463383e-10
5.736615187018348553e-10
5.549234803821617604e-10
5.368422315509181397e-10
5.193715901048943461e-10
5.024857700985383710e-10
4.861704764108053733e-10
4.704211728243341230e-10
4.552378876771005275e-10
4.406205413315042061e-10
4.265638024630685112e-10
4.130540303264261988e-10
4.000687400442082195e-10
3.875781269858882265e-10
3.755494095252950246e-10
3.639505622717787937e-10
3.527547014546272950e-10
3.419415534594655060e-10
3.314980173002157213e-10
3.214155150608243377e-10
3.116869872296253744e-10
3.023033343261209240e-10
2.932520140148847869e-10
2.845170229763868473e-10
2.760805317827544682e-10
2.679247126604438229e-10
2.600337820373508800e-10
2.523951255274330792e-10
2.449989890203072179e-10
2.378369448267415053e-10
2.309006616346135467e-10
2.241814216445692555e-10
2.176702918756211909e-10
2.113585260949212466e-10
2.052378528278591150e-10
1.993001471893785941e-10
1.935371421538356408e-10
1.879404242682506774e-10
1.825019523478374147e-10
1.772147052182168596e-10
1.720729869624962568e-10
1.670721348206563050e-10
1.622078105202520834e-10
1.574753220585369186e-10
1.528694881618197402e-10
1.483849893147256149e-10
1.440167800688202248e-10
1.397604002051324318e-10
1.356121063562131540e-10
1.315687439795585218e-10
1.276274075349796416e-10
1.237850782832231863e-10
1.200385674767404406e-10
1.163847029570740667e-10
1.128205953718753994e-10
1.093437945901297000e-10
1.059521730659748923e-10
1.026437113013743741e-10
9.941637129594618163e-11
9.626811191411982415e-11
9.319700781143594976e-11
9.020133135714136415e-11
8.727952253975140541e-11
8.443012536075687234e-11
8.165170019729819834e-11
7.894284509467298776e-11
7.630224586177635062e-11
7.372868236599219032e-11
7.122099569666433309e-11
6.877805101655483081e-11
6.639873371678810941e-11
6.408200689998275050e-11
6.182685915170108327e-11
5.963230229036722931e-11
5.749736649049366255e-11
5.542110225400195381e-11
5.340257079987343689e-11
5.144083987722938734e-11
4.953500738754300682e-11
4.768416863192774949e-11
4.588742292709977905e-11
4.414386917686633002e-11
4.245260550001339748e-11
4.081270452346609912e-11
3.922327660851192045e-11
3.768340927343083561e-11
3.619218526040767005e-11
3.474868435817437431e-11
3.335196991893059988e-11
3.200108903849696101e-11
3.069511944213170277e-11
2.943311619753930360e-11
2.821413071555038347e-11
2.703720510743851219e-11
2.590134593614289163e-11
2.480561503749496769e-11
2.374905146669697559e-11
2.273069041279021861e-11
2.174956114302268582e-11
2.080466640036086480e-11
1.989507343137120592e-11
1.901982641089860469e-11
1.817797475022381804e-11
1.736854172995947568e-11
1.659059095907865097e-11
1.584320490641387666e-11
1.512546222390895253e-11
1.443643619441250003e-11
1.377520363435074952e-11
1.314090426854716113e-11
1.253266490314017757e-11
1.194961003253860101e-11
1.139087181952733324e-11
1.085564685026936956e-11
1.034312402268266599e-11
9.852475755743114599e-12
9.382924886985336708e-12
8.933725867543832514e-12
8.504133085786992759e-12
8.093378601029873782e-12
7.700790720037357340e-12
7.325684927793976960e-12
6.967350925945135762e-12
6.625158298164856839e-12
6.298486275407924871e-12
5.986688810977102665e-12
5.689179325110708727e-12
5.405398814891298463e-12
5.134753760020752960e-12
4.876719449302265005e-12
4.630786812236012334e-12
4.396409829033697935e-12
4.173130532434122087e-12
3.960476772021530075e-12
3.757996806378853086e-12
3.565183453064856775e-12
3.381688360845854220e-12
3.207085387682667957e-12
3.040984662912354482e-12
2.882985632006157907e-12
2.732758491772483684e-12
2.589943759332963653e-12
2.454165068711584987e-12
2.325127352108602828e-12
2.202550140196489061e-12
2.086096351658412795e-12
1.975510649345876540e-12
1.870490039549672032e-12
1.770822676694996928e-12
1.676174690626872564e-12
1.586370319502266864e-12
1.501163084996188508e-12
1.420328257141045651e-12
1.343669333541148010e-12
1.270985949570864821e-12
1.202037626197757161e-12
1.136698614756525083e-12
1.074768085821271056e-12
1.016080356212189659e-12
9.604786869554720237e-13
9.078164949003009257e-13
8.579179311171567939e-13
8.106767624588546147e-13
7.659480554748452024e-13
7.236054023506452047e-13
6.835351359646244991e-13
6.456015049241465645e-13
6.097157050282777585e-13
5.757658335397319580e-13
5.436564216612080239e-13
5.132736165236069921e-13
4.845558564928808450e-13
4.574022972234017319e-13
4.317408160465132994e-13
4.074708667704458499e-13
3.845417722208766150e-13
3.628762337966451121e-13
3.424080147923899722e-13
3.230631753005120345e-13
3.048010460506014005e-13
2.875546610114921097e-13
2.712699152454689625e-13
2.558951270620705550e-13
2.413806785253524530e-13
2.276758828261156548e-13
2.147432192876086231e-13
2.025406019281269899e-13
1.910235072551428187e-13
1.801564310787740388e-13
1.698980748781632857e-13
1.602309594281247341e-13
1.511055679349895458e-13
1.425013842420648106e-13
1.343842912585738575e-13
1.267340092025759061e-13
1.195178813753827573e-13
1.127139119848665392e-13
1.062878677898565169e-13
1.002375165889607275e-13
9.453264287585480060e-14
8.915356096412428483e-14
8.407980711337451814e-14
7.929403913994524430e-14
7.477865845127096026e-14
7.051951275307659525e-14
6.650094286547626421e-14
6.271003072450747487e-14
5.913430244368228717e-14
5.576191170116494582e-14
5.258128931859201251e-14
4.958145346339014753e-14
