# bin_5_2
1.780663636190026792e-08
1.791148107218578411e-08
1.801619896274064976e-08
1.812065366028498197e-08
1.822478635245353016e-08
1.832853320506101025e-08
1.843175745575110438e-08
1.853427085635976842e-08
1.863739906375719716e-08
1.873893088051096903e-08
1.883886274422465729e-08
1.893863106491558587e-08
1.903739725087037473e-08
1.913502927816095617e-08
1.923162770920031491e-08
1.932746117204988116e-08
1.942110089782782014e-08
1.950893101503419362e-08
1.960449965305946250e-08
1.969382741941489721e-08
1.978143455298603496e-08
1.986719130992700604e-08
1.995084025630821234e-08
2.003252150020139808e-08
2.011206312330760738e-08
2.018932849416177263e-08
2.026417127208696759e-08
2.033643206044269251e-08
2.040605015632094647e-08
2.047297127213438607e-08
2.053702743432262801e-08
2.059804008723266719e-08
2.065590945536854269e-08
2.071055338639427773e-08
2.076203991219533094e-08
2.080976380928593605e-08
2.085416794957671424e-08
2.089481126392472837e-08
2.093163588096638865e-08
2.096447143926654463e-08
2.099320836226498168e-08
2.101784324863490433e-08
2.103850664182360723e-08
2.105397017787510061e-08
2.106539133078350435e-08
2.107215660958961269e-08
2.107412930567504183e-08
2.107129113767545874e-08
2.106348487813508074e-08
2.105058413145408788e-08
2.103196429454984214e-08
2.100919383724129440e-08
2.098056435220702408e-08
2.094649315219336398e-08
2.090689387771161588e-08
2.086170882439862352e-08
2.081083958472443117e-08
2.075423211597789810e-08
2.069183932192000267e-08
2.062351566611340078e-08
2.054940773763584454e-08
2.046927409003405110e-08
2.038318028354958868e-08
2.029107391478521312e-08
2.019282516603625994e-08
2.008872390982200389e-08
1.997837141435313995e-08
1.986206034022566131e-08
1.973972929701777382e-08
1.961131033572055136e-08
1.947686418973695113e-08
1.933642235114540364e-08
1.918082804274187107e-08
1.903762289708332679e-08
1.887954859223243261e-08
1.871557383443655470e-08
1.854589149513030461e-08
1.837056337519362699e-08
1.817998862662637251e-08
1.800334341339569645e-08
1.781162188810472046e-08
1.761470907291787595e-08
1.741269109145735272e-08
1.720570457987487485e-08
1.699390543533630820e-08
1.677779818401862402e-08
1.655806849716428798e-08
1.633127680723205136e-08
1.610193786771238047e-08
1.586903274529194045e-08
1.563172553558279942e-08
1.539127715982830541e-08
1.514760069751181870e-08
1.490091807847854478e-08
1.465145888399479531e-08
1.439939559985927422e-08
1.414525809568208890e-08
1.388909790611055782e-08
1.363125299668437822e-08
1.337198119481251830e-08
1.311159337399678796e-08
1.285036383296294169e-08
1.258861864003989290e-08
1.232668892524259452e-08
1.206481732137034232e-08
1.180333233512913631e-08
1.154255014996780371e-08
1.128273908043858677e-08
1.102422295004138128e-08
1.076729249020899098e-08
1.051221752712176165e-08
1.025928664098706384e-08
1.000876064480695131e-08
9.760900733797799415e-09
9.516094944878496650e-09
9.274114175191282649e-09
9.035670237970306314e-09
8.800762764103416378e-09
8.569595090132421799e-09
8.342314902933497424e-09
8.119101457441553221e-09
7.900065817673710438e-09
7.685312378911893183e-09
7.474940032908983456e-09
7.269013012155241703e-09
7.067593499956295366e-09
6.870711921454542946e-09
6.678377279111850522e-09
6.490589918599687112e-09
6.307321802098995461e-09
6.128536581035663710e-09
5.954169412553666180e-09
5.784153356648485639e-09
5.618391492130681903e-09
5.456831897840943468e-09
5.299210946277737120e-09
5.145539475196335698e-09
4.995624545424316402e-09
4.849368404216812992e-09
4.706467797932663378e-09
4.566913860415880904e-09
4.430499630512904670e-09
4.297080303753631784e-09
4.166508190899938509e-09
4.038653815742111748e-09
3.913403419518968919e-09
3.790645745012167313e-09
3.670290133858221126e-09
3.552278941027411150e-09
3.436537225689509375e-09
3.323027335936193576e-09
3.211743210001834216e-09
3.102672213774379764e-09
2.995837877864514893e-09
2.891297191846713213e-09
2.789038206532364372e-09
2.689194889860176660e-09
2.591845031136887670e-09
2.497075226518175814e-09
2.405009270569279766e-09
2.315747212449577274e-09
2.229413009407816463e-09
2.146095371853911636e-09
2.065891104449517142e-09
1.988852974644549665e-09
1.915025709333389073e-09
1.844400496781907298e-09
1.776947090935108464e-09
1.712598172439350639e-09
1.651210650629699439e-09
1.592680436598545248e-09
1.536834887337736594e-09
1.483487289254327425e-09
1.432397296196173871e-09
1.383390441918960806e-09
1.336239458685898902e-09
1.290766457741923103e-09
1.247000494184146145e-09
1.204213835699358609e-09
1.162875733771500042e-09
1.122748232393849163e-09
1.083788653789963745e-09
1.045995241506697698e-09
1.009388202487877846e-09
9.740104144362934917e-10
9.398787268953212867e-10
9.070230667860676537e-10
8.754775702899771500e-10
8.452273268988705010e-10
8.162436566611098947e-10
7.884819434054604047e-10
7.618503164139717524e-10
7.362916398396836225e-10
7.117179564847671640e-10
6.880574670905875134e-10
6.652520101013050298e-10
6.432623756799692868e-10
6.220672741720427303e-10
6.016603008898702128e-10
5.820419615897684823e-10
5.632106431736625911e-10
5.451550590903281022e-10
5.278498386269379853e-10
5.112574533381710771e-10
4.953318566748505681e-10
4.800252401614598015e-10
4.652921778551043815e-10
4.510935572607492960e-10
4.373968381163902124e-10
4.241764295303974653e-10
4.114120050477361973e-10
3.990876500482157268e-10
3.871902884777461706e-10
3.757084439870290785e-10
3.646313518338443503e-10
3.539489781794529770e-10
3.436520590499991162e-10
3.337299714393957663e-10
3.241669804731067447e-10
3.149410322045945180e-10
3.060257076359342954e-10
2.973943722536241840e-10
2.890242394601626154e-10
2.808998581274403980e-10
2.730136966235861156e-10
2.653634044226546313e-10
2.579472540475099487e-10
2.507604313465863165e-10
2.437934742129947372e-10
2.370326319872272217e-10
2.304615996930586759e-10
2.240649604598531933e-10
2.178316565122835113e-10
2.117558795164913225e-10
2.058354741123531717e-10
2.000693996549035859e-10
1.944548329193115066e-10
1.889853639150521675e-10
1.836513928344958709e-10
1.784434383757439632e-10
1.733551072000724583e-10
1.683834153043359854e-10
1.635271405497659291e-10
1.587847537264251192e-10
1.541528159672989679e-10
1.496264332425055034e-10
1.452009726836433138e-10
1.408732066913694756e-10
1.366412300755733196e-10
1.325036267356828246e-10
1.284584992511562882e-10
1.245033912455171409e-10
1.206359353410067801e-10
1.168542973503381390e-10
1.131571164147456087e-10
1.095431515482723257e-10
1.060110384253439182e-10
1.025593649544348539e-10
9.918687121857519258e-11
9.589247625878596109e-11
9.267521197333981257e-11
8.953411469268961074e-11
8.646826400469620730e-11
8.347680505038940293e-11
8.055891626235916127e-11
7.771377613047626873e-11
7.494058457060718057e-11
7.223859012876740090e-11
6.960704023374630322e-11
6.704518522308442971e-11
6.455228056159310348e-11
6.212758280265555684e-11
5.977031074786495397e-11
5.747970493986318347e-11
5.525496956080421081e-11
5.309529236587877328e-11
5.099984170308696119e-11
4.896775091797708773e-11
4.699812043578632767e-11
4.509006660998054397e-11
4.324266104956433476e-11
4.145494677437014693e-11
3.972593121776755363e-11
3.805456049918299077e-11
3.643981572886101584e-11
3.488063253726035070e-11
3.337592085968806970e-11
3.192456314058765119e-11
3.052539224849159529e-11
2.917728590081507343e-11
2.787907478275155940e-11
2.662957374887022692e-11
2.542755127836035557e-11
2.427180134279470596e-11
2.316112218104333613e-11
2.209429360745846303e-11
2.107007628635649278e-11
2.008722174319074200e-11
1.914453553405995231e-11
1.824079912965959713e-11
1.737478314421015638e-11
1.654525991529562699e-11
1.575106467859278670e-11
1.499102075082973738e-11
1.426408818582904773e-11
1.356879224946307786e-11
1.290406976353559158e-11
1.226907336770761194e-11
1.166252906513627858e-11
1.108340805786148739e-11
1.053067179667576774e-11
1.000325870300856089e-11
9.500197266746158691e-12
9.020532046191536168e-12
8.563395861090457658e-12
8.127643576637833298e-12
7.712531028241374924e-12
7.317136352022367714e-12
6.940730523960532805e-12
6.582507445208484945e-12
6.241551789005372202e-12
5.917148105437147628e-12
5.608711618289296915e-12
5.315355121515906066e-12
5.036446484375960569e-12
4.771369563497732738e-12
4.519466455312325851e-12
4.280226926031079493e-12
4.052950871297444776e-12
3.837150451335111029e-12
3.632279518156159721e-12
3.437783429685737727e-12
3.253204838436098930e-12
3.078092627429561699e-12
2.911963266256277557e-12
2.754414653776192216e-12
2.605000425689771847e-12
2.463380351633483549e-12
2.329085242627324467e-12
2.201824832856591711e-12
2.081238187430531661e-12
1.966986636753066772e-12
1.858772587455465982e-12
1.756296042634240423e-12
1.659217981441258373e-12
1.567330942662774570e-12
1.480344444839992485e-12
1.398013272324217828e-12
1.320106399739116058e-12
1.246400360730612028e-12
1.176652162689328310e-12
1.110691159439088068e-12
1.048310387148491482e-12
9.893292738532564257e-13
9.335661566141117709e-13
8.808449276974773028e-13
8.310237166559825385e-13
7.839350801167658705e-13
7.394653905549943308e-13
6.974237219698238563e-13
6.577306527790380084e-13
6.202399982589899807e-13
5.848483165216632933e-13
5.514110458279945933e-13
5.198575382895578901e-13
4.900731699616103410e-13
4.619654348684525036e-13
4.354327789515179510e-13
4.104070734205224431e-13
3.867980958043608973e-13
3.645309121081118599e-13
3.435304114228827437e-13
3.237262405676188138e-13
3.050510112779662332e-13
2.874511742073236068e-13
2.708539070182593271e-13
2.552122200688467909e-13
2.404705841726618664e-13
2.265725839368633871e-13
2.134890619050329729e-13
2.011544896691192157e-13
1.895389410715524616e-13
1.785949129933179994e-13
1.682914670542807515e-13
1.585869446556970987e-13
1.494502290259705755e-13
1.408367488181645898e-13
1.327382720701435487e-13
1.251161562731214031e-13
1.179422702583116911e-13
1.111882618735340239e-13
1.048290286260130461e-13
9.883915358616187704e-14
9.319716980239933126e-14
8.787921967038191935e-14
8.286816117060900628e-14
7.814472313484859993e-14
7.369203949612608863e-14
6.949370050855718628e-14
6.553448249129521359e-14
