# bin_5_4
2.464023147355363652e-08
2.483199867933901836e-08
2.502516145117869939e-08
2.521965321419474900e-08
2.541539537128948068e-08
2.561246061797741328e-08
2.581021203749785964e-08
2.600997458441067407e-08
2.621016552142989643e-08
2.641123807643747125e-08
2.661230524440381796e-08
2.681483817982896942e-08
2.701798628994033040e-08
2.722168783818517856e-08
2.742645771489429239e-08
2.763092641796575154e-08
2.783561760660975454e-08
2.804065844875462060e-08
2.824601180014734475e-08
2.845038519849062073e-08
2.865527043696196448e-08
2.884806717850700836e-08
2.906396580409705906e-08
2.926763440372137343e-08
2.947070574833738450e-08
2.967307286218389196e-08
2.987442342465430940e-08
3.007471816179604383e-08
3.027382563693270872e-08
3.047166638365867248e-08
3.066804113878052197e-08
3.086273730562834248e-08
3.105562078951585153e-08
3.124657403789565023e-08
3.143561894902611181e-08
3.162212034643282465e-08
3.180914214224113384e-08
3.198816105543755532e-08
3.216677568164926521e-08
3.234303149267132101e-08
3.251585944768996297e-08
3.268544743142835501e-08
3.285188259159079678e-08
3.301456085288988249e-08
3.317248299404712454e-08
3.332704370291317158e-08
3.347733096580455752e-08
3.362324407156052744e-08
3.376453577197179147e-08
3.390098694001601133e-08
3.403245871871410332e-08
3.415754751679312985e-08
3.427957519225363570e-08
3.439654245182811295e-08
3.450438598087002534e-08
3.460792712674908493e-08
3.470558274731349775e-08
3.479690857674858609e-08
3.488072223529926486e-08
3.495834810305114623e-08
3.502917031423019509e-08
3.509292280664064287e-08
3.514915354760581283e-08
3.519803535050884092e-08
3.523926166947723505e-08
3.527266009550638445e-08
3.529797414102668551e-08
3.531523383239805798e-08
3.532420921264944416e-08
3.532127890088173516e-08
3.531646123803965227e-08
3.529947799310843817e-08
3.527355447235679589e-08
3.523848520104976178e-08
3.519439210265152243e-08
3.514083071697291314e-08
3.507790488765243277e-08
3.500537871620436371e-08
3.492317626405189796e-08
3.483122461778703492e-08
3.472937273445783384e-08
3.461092165747094015e-08
3.449586826072536131e-08
3.436404148571346671e-08
3.422210261518352543e-08
3.407071436758828703e-08
3.390777168498699280e-08
3.373530309174414158e-08
3.355268059091003632e-08
3.336023104244286202e-08
3.315690147402829272e-08
3.294386549065170982e-08
3.272079543974190901e-08
3.248770066420759879e-08
3.224471779383710202e-08
3.199181993429946765e-08
3.172944538818428624e-08
3.145744745421270470e-08
3.117604991710045211e-08
3.088538824755603909e-08
3.058566422130341683e-08
3.027704483142034451e-08
2.995944775899352461e-08
2.963409954113903316e-08
2.930024335282581272e-08
2.895846083168707403e-08
2.860901091435203704e-08
2.825218498208913086e-08
2.788833413519872902e-08
2.751774199414626362e-08
2.714073643732076133e-08
2.675767120639218859e-08
2.636889763695846272e-08
2.597514868546518138e-08
2.557586082987442074e-08
2.517204513996534859e-08
2.476424191261821205e-08
2.435264406900438155e-08
2.393767587696747341e-08
2.351983437909180729e-08
2.309934497270619767e-08
2.267686422448424659e-08
2.225271403386687098e-08
2.182712094781418401e-08
2.140120303528025175e-08
2.097481123675971146e-08
2.054852283807354301e-08
2.012279713662832591e-08
1.969808523769125831e-08
1.927483432024195398e-08
1.885345148113747637e-08
1.843438474775524777e-08
1.801803413007957815e-08
1.760478603050780644e-08
1.719509192381248236e-08
1.678915266628865419e-08
1.638749429753582581e-08
1.599036076131050168e-08
1.559812585931002999e-08
1.521092424697202218e-08
1.482917647379642365e-08
1.445306310392690170e-08
1.408280655448201014e-08
1.371861889450850796e-08
1.336060208067520656e-08
1.300897300712701021e-08
1.266383239460714599e-08
1.232523462064484472e-08
1.199330794961235668e-08
1.166804569519132646e-08
1.134949609679313548e-08
1.103766306748157743e-08
1.073246326616477447e-08
1.043389039739806447e-08
1.014187740856715565e-08
9.856267238969127022e-09
9.577008817668202166e-09
9.303967865684259912e-09
9.037003653888771733e-09
8.775960033180168954e-09
8.520654052279230403e-09
8.271061341026975282e-09
8.026750324673113026e-09
7.787803583760269339e-09
7.553972293675526375e-09
7.325126069267873589e-09
7.101098325583760898e-09
6.881784356365688274e-09
6.667061300491597504e-09
6.456825917144994333e-09
6.251026347807583581e-09
6.049601794974661089e-09
5.852520960742576275e-09
5.659745049506751887e-09
5.471286059336620029e-09
5.287168480362956828e-09
5.107426109037643033e-09
4.932107633862038276e-09
4.761275043267530255e-09
4.594991848809611661e-09
4.433344371979430119e-09
4.276398405277135352e-09
4.124243696050590761e-09
3.976931371672971899e-09
3.834512883357166939e-09
3.697018152299577352e-09
3.564421092028719676e-09
3.436724113373599472e-09
3.313872617537999830e-09
3.195766952818095033e-09
3.082277140091824811e-09
2.973234253669996674e-09
2.868463861432153700e-09
2.767762800407842670e-09
2.670900960750281856e-09
2.577648228971942567e-09
2.487772334818307030e-09
2.401048869573354538e-09
2.317284192440496243e-09
2.236268057719744514e-09
2.157848936459064978e-09
2.081886727294452116e-09
2.008282014503958810e-09
1.936965374998228961e-09
1.867901852853276704e-09
1.801086528217992483e-09
1.736534538050361517e-09
1.674282912435991141e-09
1.614328688392154143e-09
1.556715971747703609e-09
1.501425804859213117e-09
1.448427944158808373e-09
1.397599078592100597e-09
1.349021265487271534e-09
1.302392706559055792e-09
1.257653160589610524e-09
1.214655067544749045e-09
1.173262634829366693e-09
1.133358200947327715e-09
1.094841454936227977e-09
1.057651107095711530e-09
1.021747029008233314e-09
9.871104479649864439e-10
9.537503409489788265e-10
9.216447160592401855e-10
8.907995536352262781e-10
8.611706829418878710e-10
8.327286073293423294e-10
8.054019275337670474e-10
7.791236207445961306e-10
7.538225650650195386e-10
7.294413708677184785e-10
7.059328406571771057e-10
6.832600380630106484e-10
6.614009570971672668e-10
6.403367119625614929e-10
6.200444717730560795e-10
6.004723799297716932e-10
5.816557819017592152e-10
5.634923080347633495e-10
5.459452400051284724e-10
5.290447456292582205e-10
5.127042021522679047e-10
4.969222725673311753e-10
4.816793471946304303e-10
4.669379470283655510e-10
4.527291566414115642e-10
4.389719391912814828e-10
4.256452245837002133e-10
4.127611764580171286e-10
4.002899901187197812e-10
3.882257734532313047e-10
3.765155002087380672e-10
3.651792141769228675e-10
3.541935452760339620e-10
3.435361120062774881e-10
3.331969792121709915e-10
3.231620712181673989e-10
3.134210319447697868e-10
3.039627754003213039e-10
2.947752344796646831e-10
2.858475729408704560e-10
2.771696090837827055e-10
2.687326514299064674e-10
2.605282372627936918e-10
2.525480970416148909e-10
2.447841677070908819e-10
2.372291143763853349e-10
2.298759513150761786e-10
2.227183798212720184e-10
2.157502343079832761e-10
2.089655773279791576e-10
2.023589388025207370e-10
1.959251853094000531e-10
1.896594163141658525e-10
1.835570421818215840e-10
1.776136931539274298e-10
1.718253319599815541e-10
1.661881067555896061e-10
1.606982400069217860e-10
1.553522363906484877e-10
1.501468265115429758e-10
1.450788635211685580e-10
1.401453745226557314e-10
1.353434873200433114e-10
1.306705013332118458e-10
1.261238366293910176e-10
1.217009082563549407e-10
1.173992501042645618e-10
1.132165298927018383e-10
1.091503491951330765e-10
1.051985710673674421e-10
1.013590431353341504e-10
9.762966509491154065e-11
9.400838287927674811e-11
9.049315358762939806e-11
8.708197709421127903e-11
8.377288506261322002e-11
8.056395484119479588e-11
7.745326881409488756e-11
7.443893671226402572e-11
7.151908086102254993e-11
6.869177209385638362e-11
6.595498344956263644e-11
6.330696149857713902e-11
6.074580568060962222e-11
5.826966072053847852e-11
5.587669025959309712e-11
5.356505431695771339e-11
5.133292580844877861e-11
4.917844910663774134e-11
4.709977771449338871e-11
4.509510227947397646e-11
4.316252968096248272e-11
4.130007762851145692e-11
3.950606133172313797e-11
3.778008337517788729e-11
3.611758722908821033e-11
3.451818941629061375e-11
3.298002804621240507e-11
3.150136630333101572e-11
3.008049327755319219e-11
2.871570194659041728e-11
2.740529593587676593e-11
2.614760525100304089e-11
2.494091876860233757e-11
2.378355265078470186e-11
2.267397198022068631e-11
2.161059683006857971e-11
2.059188064069401300e-11
1.961631739953458113e-11
1.868230329625243759e-11
1.778840037104644081e-11
1.693321473828169356e-11
1.611536012633703182e-11
1.533348213157556871e-11
1.458618220731138280e-11
1.387210395865666411e-11
1.319006137254691595e-11
1.253883471764671786e-11
1.191723110337265480e-11
1.132400899043594889e-11
1.075800931516109266e-11
1.021820967292635448e-11
9.703558801216621544e-12
9.213027140021194340e-12
8.745475506530540286e-12
8.300046752444329314e-12
7.875823155756655693e-12
7.471917183107929366e-12
7.087350553490413400e-12
6.721325890591013649e-12
6.373080528939417014e-12
6.041849590882966265e-12
5.726773463295949518e-12
5.427164804879557027e-12
5.142395334326514021e-12
4.871796880367168791e-12
4.614591509947250043e-12
4.370267882150779801e-12
4.138257772009551958e-12
3.917940002225566763e-12
3.708722906807225125e-12
3.510177424946301540e-12
3.321770182171298454e-12
3.142981967693164210e-12
2.973390813146226957e-12
2.812565749332371512e-12
2.660038069849628318e-12
2.515437654008084160e-12
2.378379145912980286e-12
2.248466633079580419e-12
2.125367112208833040e-12
2.008807038712076987e-12
1.898339101620853597e-12
1.793759484945098924e-12
1.694720468585945346e-12
1.600943474970473559e-12
1.512194343579592236e-12
1.428202289947334225e-12
1.348716625013393826e-12
1.273534871585105115e-12
1.202414002395606344e-12
1.135141712312311716e-12
1.071502792595635352e-12
1.011387798348806878e-12
9.545068569602952480e-13
9.007790631497687372e-13
8.499856648614410252e-13
8.020076066030637117e-13
7.566647777507677799e-13
7.138444596260097997e-13
6.733791235002124005e-13
6.351762803287879749e-13
5.991151326845810855e-13
5.650395038551667251e-13
5.328819262608573600e-13
5.025438258465651177e-13
4.739013224113961188e-13
4.468283541540634053e-13
