# bin_3_2
1.577245938011085716e-08
1.585655705567236746e-08
1.594029369994982499e-08
1.602353922483614134e-08
1.610623962364721010e-08
1.618833643778184552e-08
1.626970672491494169e-08
1.635100706597921210e-08
1.643099588596573315e-08
1.651007005540980779e-08
1.658737571851469817e-08
1.666433107356096259e-08
1.674011978145923112e-08
1.681461990348761345e-08
1.688793901696303169e-08
1.696034964580307164e-08
1.702568527357599359e-08
1.709959553889548760e-08
1.716646438789724795e-08
1.723195942656190967e-08
1.729566115043874835e-08
1.735745471757127385e-08
1.741710076515370521e-08
1.747475097034164694e-08
1.753025024825742824e-08
1.757398833450068457e-08
1.763431151742617358e-08
1.768260660395545584e-08
1.772832192491971265e-08
1.777142176179181901e-08
1.781176017103609609e-08
1.784918146124418932e-08
1.788360764847823057e-08
1.791497773413091777e-08
1.794830288427286986e-08
1.796824698692706073e-08
1.799003104631628855e-08
1.800832393495495254e-08
1.802309378333561486e-08
1.803420187622013339e-08
1.804155689994508155e-08
1.804519060620942482e-08
1.804525717057474349e-08
1.804057484977369018e-08
1.803231121352327031e-08
1.801989466245957562e-08
1.800321793127255976e-08
1.798229377568450262e-08
1.795699922044084691e-08
1.792724166485703144e-08
1.789300796783016451e-08
1.785416490412720134e-08
1.781077227804325993e-08
1.776270505550007386e-08
1.770991235826559444e-08
1.765237032770689977e-08
1.759001645482088484e-08
1.752283128048070969e-08
1.745078403507996135e-08
1.737382220158733660e-08
1.729206514184072718e-08
1.720532960538802626e-08
1.711371333486734681e-08
1.701719729580796559e-08
1.691568563659957212e-08
1.680949653398128394e-08
1.669826823498938703e-08
1.658231854908190958e-08
1.647155890538515775e-08
1.633612229862170777e-08
1.620592584944448206e-08
1.607108297324617528e-08
1.593165178874424718e-08
1.578762693082265942e-08
1.564129380988146841e-08
1.548658191434468730e-08
1.532957372475601396e-08
1.516838769712298980e-08
1.500311994784102528e-08
1.483388294498031956e-08
1.466079116145049428e-08
1.448399072861781830e-08
1.430358882782946751e-08
1.411972138408021650e-08
1.393253962641770385e-08
1.374219771839245858e-08
1.354886388194847295e-08
1.335265779948897671e-08
1.315381614365808399e-08
1.295282575725679773e-08
1.274884406586577542e-08
1.254308295890992239e-08
1.233542715629724721e-08
1.212512720721922564e-08
1.191517084023664349e-08
1.170289272096326756e-08
1.148967931984020095e-08
1.127555270042097955e-08
1.106078390474121847e-08
1.084556814744677845e-08
1.063014907381225204e-08
1.041473091108455227e-08
1.019956461196596879e-08
9.984903320139171511e-09
9.770909514340436093e-09
9.557827153339585168e-09
9.345885383500530714e-09
9.135263923687643794e-09
8.926194827204771809e-09
8.718875904697674836e-09
8.513483252069310644e-09
8.310210239151393572e-09
8.109223017545597601e-09
7.910687750545606071e-09
7.714895031472809031e-09
7.521535486744846212e-09
7.331218027449690455e-09
7.144676491995633674e-09
6.959581271741761276e-09
6.778449834903813045e-09
6.600559484989357789e-09
6.425983877361984634e-09
6.254733153314179093e-09
6.086860093392049727e-09
5.922373177361531445e-09
5.761313703481587660e-09
5.603657462652969974e-09
5.449395677857372680e-09
5.298511835262203167e-09
5.150970199909880026e-09
5.006520139178525278e-09
4.865751223063233577e-09
4.727968060030967784e-09
4.593314124709407940e-09
4.461769051023370997e-09
4.333104934934849208e-09
4.207406849347380843e-09
4.084509735993931280e-09
3.964385647676668506e-09
3.846802514774863076e-09
3.731817278591096271e-09
3.619297637513472677e-09
3.509172103527186680e-09
3.401368947569907026e-09
3.295828221766586176e-09
3.192505625660583978e-09
3.091354573705904770e-09
2.992343195045549417e-09
2.895470223868372875e-09
2.800691698740363053e-09
2.708028517591344178e-09
2.617498975454022266e-09
2.529029746688787142e-09
2.442793867266324073e-09
2.358722615175882240e-09
2.276816888984795447e-09
2.197174356701802345e-09
2.119822011282404042e-09
2.044785061932124179e-09
1.972113835349108630e-09
1.901829556476804032e-09
1.833971426686161838e-09
1.768544284578392594e-09
1.705562589967900026e-09
1.645005466502482439e-09
1.586854203052361859e-09
1.531053243878680871e-09
1.477542977664974892e-09
1.426246702726547249e-09
1.377030271439056155e-09
1.329812785578380070e-09
1.284462049521091129e-09
1.240851565860570744e-09
1.198819543395124175e-09
1.158275519798203659e-09
1.119077820943528358e-09
1.081135062361047646e-09
1.044356576205214192e-09
1.008686030658182913e-09
9.740521638684667487e-10
9.404669182804086461e-10
9.078878102462085719e-10
8.763507787489962766e-10
8.458635470673438493e-10
8.164550732534311662e-10
7.881209068270269712e-10
7.608828698285712927e-10
7.347443548942582461e-10
7.096842740322415848e-10
6.856715848569977391e-10
6.626678555260298009e-10
6.405961056657973232e-10
6.194156781076479581e-10
5.990608318896395911e-10
5.794761424199578467e-10
5.605822448512566034e-10
5.423773457046207809e-10
5.248189406580662106e-10
5.078870403401743441e-10
4.915664983570062116e-10
4.758544273951841093e-10
4.607002766459524753e-10
4.461181048722496491e-10
4.320739802620765486e-10
4.185440283402472599e-10
4.055057537104747870e-10
3.929388255481312613e-10
3.808262512662014091e-10
3.691530152080408888e-10
3.579048608842099213e-10
3.470660167259448700e-10
3.366186315098966844e-10
3.265429405365742871e-10
3.168185608028968583e-10
3.074258633811589211e-10
2.983475923053549786e-10
2.895699291590731577e-10
2.810820121134028157e-10
2.728738923077019933e-10
2.649349932371012057e-10
2.572535901629226646e-10
2.498172391565917900e-10
2.426135109008886864e-10
2.356310902972236111e-10
2.288601740143296978e-10
2.222921588228403513e-10
2.159188996277753167e-10
2.097323311837696670e-10
2.037245636300754402e-10
1.978880151492726247e-10
1.922152583754032280e-10
1.866991134349934599e-10
1.813329040409820479e-10
1.761105031219530595e-10
1.710262863360240983e-10
1.660751896807382807e-10
1.612525224017867305e-10
1.565537203613581871e-10
1.519742312303584650e-10
1.475097562591615063e-10
1.431563427184407884e-10
1.389103568759421474e-10
1.347683653154983663e-10
1.307271149893151973e-10
1.267835651782683663e-10
1.229349407500252287e-10
1.191787027873367533e-10
1.155124694901748563e-10
1.119339231461981805e-10
1.084408284649367178e-10
1.050311065795272900e-10
1.017028766190488400e-10
9.845443901817977884e-11
9.528417764397903539e-11
9.219052530213205467e-11
8.917198352795635106e-11
8.622715810875657922e-11
8.335475990501230060e-11
8.055356594703424178e-11
7.782238557818582860e-11
7.516010408462902688e-11
7.256564190806914289e-11
7.003796579935088929e-11
6.757608043396375161e-11
6.517901863461181882e-11
6.284582775091043355e-11
6.057556757821034325e-11
5.836733519783791874e-11
5.622023108216279528e-11
5.413336408169493715e-11
5.210584521997826065e-11
5.013678640698827426e-11
4.822527457744280124e-11
4.637043459411220855e-11
4.457136616472563359e-11
4.282716124791685242e-11
4.113690544199228588e-11
3.949966395203576984e-11
3.791448138350128514e-11
3.638042892940738238e-11
3.489654923780671835e-11
3.346187499243014380e-11
3.207542263030636743e-11
3.073616547203749070e-11
2.944312613589961490e-11
2.819529721579885852e-11
2.699166055874493328e-11
2.583118527850218539e-11
2.471280663463296904e-11
2.363551869044813824e-11
2.259828520409229219e-11
2.160006880564068938e-11
2.063979945869629664e-11
1.971644262578765512e-11
1.882897779477122893e-11
1.797637573422001334e-11
1.715759726180982517e-11
1.637160266920964460e-11
1.561741264241037646e-11
1.489403149456872620e-11
1.420045851516436754e-11
1.353569867493883247e-11
1.289882093305753473e-11
1.228888511076142888e-11
1.170500196456761774e-11
1.114611488924010694e-11
1.061142318941183316e-11
1.010004130509531362e-11
9.611127371625352065e-12
9.143846838309804822e-12
8.697390405931399344e-12
8.270923966070981443e-12
7.863696698104559872e-12
7.475000443132120326e-12
7.104030850818735594e-12
6.750060260262651499e-12
6.412452560344420305e-12
6.090529724091641528e-12
5.783652436021684955e-12
5.491203340827640749e-12
5.212537152933415796e-12
4.947101411120445907e-12
4.694353107728124964e-12
4.453686959624919758e-12
4.224581778529875703e-12
4.006564403843839604e-12
3.799148940847082361e-12
3.601862376579481912e-12
3.414229683093943207e-12
3.235850989225495077e-12
3.066297588020000742e-12
2.905128066676764345e-12
2.751988907157909325e-12
2.606528034040817395e-12
2.468360821557018490e-12
2.337173990771877477e-12
2.212610449575566335e-12
2.094408760357306815e-12
1.982184549868223972e-12
1.875713743460909900e-12
1.774716119532553366e-12
1.678912175682923227e-12
1.588069391922846451e-12
1.501948117642913061e-12
1.420269763719501340e-12
1.342875595102931955e-12
1.269529074945881279e-12
1.200032878574007038e-12
1.134201369749111533e-12
1.071853954436315614e-12
1.012789921134908646e-12
9.568788852059545436e-13
9.039470155418119990e-13
8.538494487294780718e-13
8.064366044804291407e-13
7.615641477958427711e-13
7.191182850342046745e-13
6.789588361447343418e-13
6.409977376489780370e-13
6.050757076335341216e-13
5.711258975586897827e-13
5.390292432584319105e-13
5.086993281283204953e-13
4.800180394939527802e-13
4.529270597527313790e-13
4.273303660325334365e-13
4.031514232447849084e-13
3.803038994356942304e-13
3.587358139163323805e-13
3.383698259158991170e-13
3.191422954735447078e-13
3.009914308314779939e-13
2.838577500977316396e-13
2.676853301310525040e-13
2.524257378883435048e-13
2.380296059850844748e-13
2.244455894562586674e-13
2.116311378721105138e-13
1.995383415332263667e-13
1.881435150135945080e-13
1.773908551922956809e-13
1.672544618975525514e-13
1.576947865958738135e-13
1.486864554360451841e-13
1.401921603185905984e-13
1.321856024167816834e-13
1.246283621754212837e-13
1.175147360469172327e-13
1.108107141349126905e-13
1.044933317739618010e-13
9.853836679459880784e-14
9.292520760468817471e-14
8.763270985385437208e-14
8.264330977659252074e-14
7.793666755065445400e-14
7.349867727805205699e-14
6.931264594487944888e-14
6.536543007260649821e-14
6.164078564797165432e-14
5.812755041164640159e-14
