# bin_3_3
1.753542592001535508e-08
1.764044977221249083e-08
1.774545211581845074e-08
1.785030235772415031e-08
1.795494776066439630e-08
1.805951887280349070e-08
1.816381665331247952e-08
1.826760699379325258e-08
1.837090737069413551e-08
1.847363363249778174e-08
1.857491797174503847e-08
1.867620248879743802e-08
1.877665692810716192e-08
1.887224219646269409e-08
1.897481114948902211e-08
1.907289446653341648e-08
1.916918520284465156e-08
1.926442020924399275e-08
1.935857166579402261e-08
1.945038985073640398e-08
1.954135346674918690e-08
1.963071444906492660e-08
1.971822491936722851e-08
1.980403452061837601e-08
1.988798030128469535e-08
1.996993579383972677e-08
2.004976426056717210e-08
2.012731689755459167e-08
2.020254261315547592e-08
2.027539683466247285e-08
2.034572215576434271e-08
2.041335058738251265e-08
2.047819248383901168e-08
2.054017489777515725e-08
2.059937775200337371e-08
2.065520465275327585e-08
2.070810927528911010e-08
2.075921560726615306e-08
2.080380922542420769e-08
2.084637287335799637e-08
2.088532337127497062e-08
2.092059360935493827e-08
2.095234651612581744e-08
2.097936880226769304e-08
2.100282012593888195e-08
2.102209997237740196e-08
2.103707775155646524e-08
2.104774340243024857e-08
2.105394786335762873e-08
2.105557209044290839e-08
2.105257703766328772e-08
2.104370029987440929e-08
2.103227462059944507e-08
2.101484508028065791e-08
2.099242910233768498e-08
2.096497229468679946e-08
2.093237950429852873e-08
2.089459842361955727e-08
2.085158203749349929e-08
2.080318864986255482e-08
2.074955853338878518e-08
2.069045116976464631e-08
2.062592837446090699e-08
2.055593336762043928e-08
2.048043984542150982e-08
2.039940316064342379e-08
2.031274413327017779e-08
2.022063582636405525e-08
2.012300461306791090e-08
2.001977140645258766e-08
1.990966091493944472e-08
1.979665172734649345e-08
1.967679684521239148e-08
1.955136856665923393e-08
1.942064991429942648e-08
1.928441891281498515e-08
1.914282257960066511e-08
1.899590256873134420e-08
1.884371335753971850e-08
1.868634613000574066e-08
1.852381512037891119e-08
1.835628606086912521e-08
1.818380645807472000e-08
1.800647337705829917e-08
1.782440026364827235e-08
1.763836682526147715e-08
1.744651818801412242e-08
1.725092619143947117e-08
1.705113293041797483e-08
1.684759539135882774e-08
1.663943455004100138e-08
1.642784079333944126e-08
1.621267142444909859e-08
1.599408613834535702e-08
1.577225101344735725e-08
1.554727461423311320e-08
1.531961555284613980e-08
1.508926164186796938e-08
1.485648032542695141e-08
1.462145931061774646e-08
1.438443880754645066e-08
1.414562245340337606e-08
1.390526553171659255e-08
1.366362908182378139e-08
1.342088637240381718e-08
1.317729789984644564e-08
1.293311346402086326e-08
1.268852663576753451e-08
1.244383273426589573e-08
1.219923162201509763e-08
1.195495012402941232e-08
1.171122697938904242e-08
1.146827861606349511e-08
1.122632705256112978e-08
1.098794234562890750e-08
1.074622614760454205e-08
1.050851537474212375e-08
1.027258554247227739e-08
1.003863857171376357e-08
9.806899603901105358e-09
9.577346752019067656e-09
9.350358727974842542e-09
9.125976348035548647e-09
8.904145843807372757e-09
8.685616688474461792e-09
8.469906403727365854e-09
8.257312896785263041e-09
8.047939499425547125e-09
7.841881997103567973e-09
7.639223287584993249e-09
7.440015128707704969e-09
7.244329796749907577e-09
7.052211665142267893e-09
6.863685806388215171e-09
6.678823383991112606e-09
6.497483249503171735e-09
6.319829619701528880e-09
6.145768701803461321e-09
5.975336203840745369e-09
5.808354902226403372e-09
5.644925332600291831e-09
5.484950489483496925e-09
5.328383975571463707e-09
5.175168772672094191e-09
5.025250220291001664e-09
4.878579900276923825e-09
4.735098115488991433e-09
4.594752112591605012e-09
4.457513828331201316e-09
4.323304285161600188e-09
4.192104746628979159e-09
4.063885513413640974e-09
3.938555125062246780e-09
3.816125408339567434e-09
3.696569318839014018e-09
3.579792398828235426e-09
3.465826952245478629e-09
3.354634899535384578e-09
3.246175344797950276e-09
3.140437241664478133e-09
3.037384047632308984e-09
2.937071240113981988e-09
2.839268015375634924e-09
2.744155988781198054e-09
2.651635650734449546e-09
2.561693944460000953e-09
2.474300568947201618e-09
2.389441619809178688e-09
2.307104078362699378e-09
2.227236355276679352e-09
2.149854299213834415e-09
2.074934953806405504e-09
2.002466164937364013e-09
1.932400578916424174e-09
1.864754254089637515e-09
1.799479044398111808e-09
1.736551576661529005e-09
1.675923576223281675e-09
1.617551112518479014e-09
1.561350507757755711e-09
1.507263032306851713e-09
1.455189679142841988e-09
1.405060216018942308e-09
1.356769568500740731e-09
1.310229489348093723e-09
1.265331228800625865e-09
1.221965351600246487e-09
1.180080887076868368e-09
1.139586058588877455e-09
1.100417777661112331e-09
1.062521503127984138e-09
1.025842928537938487e-09
9.903737403560308156e-10
9.560871582720551847e-10
9.229796816707119728e-10
8.910511417042782152e-10
8.602985874818265124e-10
8.307257619354200512e-10
8.023227217500154554e-10
7.750693930388425376e-10
7.489318836324526290e-10
7.238623857918434524e-10
7.003690162060667509e-10
6.766804040604701956e-10
6.544308656583186285e-10
6.329863301248798619e-10
6.122892211885669317e-10
5.922945894418839774e-10
5.729708964521090444e-10
5.542996511701727398e-10
5.362738499256588350e-10
5.188824077540657265e-10
5.021303424873073556e-10
4.860152041412528151e-10
4.705072085829221939e-10
4.556021830166397548e-10
4.412662592823806530e-10
4.274666537985283929e-10
4.141721806216502391e-10
4.013406164616267271e-10
3.889554653915442688e-10
3.769821124417641339e-10
3.654128939958998320e-10
3.542355725402938639e-10
3.434264020643623556e-10
3.329876793151469370e-10
3.228958159760723591e-10
3.131501131973570802e-10
3.037349893579676820e-10
2.946303671912253973e-10
2.858239314292681989e-10
2.773010283185893500e-10
2.690484682688803687e-10
2.610511871938153835e-10
2.532980340019212138e-10
2.457786914387270880e-10
2.384849937432545769e-10
2.314097191782470352e-10
2.245460816788725011e-10
2.178863380560066181e-10
2.114218342644199836e-10
2.051431347746667040e-10
1.990414090921606357e-10
1.931090969549200087e-10
1.873402021010732731e-10
1.817298311600248248e-10
1.762732435962636776e-10
1.709651856715914658e-10
1.657999885912988728e-10
1.607719923502758251e-10
1.558762808026422289e-10
1.511087482033944941e-10
1.464656408873181968e-10
1.419433686569669877e-10
1.375383301258669327e-10
1.332468776304609641e-10
1.290656096749382454e-10
1.249914976241330571e-10
1.210218064047809182e-10
1.171539305466366316e-10
1.133852360713230782e-10
1.097132047732520973e-10
1.061355290959521550e-10
1.026500320443753913e-10
9.925467388098815171e-11
9.594749025373875225e-11
9.272659737874512204e-11
8.959021119332488841e-11
8.653661127639174621e-11
8.356416197643030793e-11
8.067126919148978509e-11
7.785641823665162022e-11
7.511814031916220497e-11
7.245501292289840259e-11
6.986566599277998555e-11
6.734873705379233711e-11
6.490283002851136033e-11
6.252670140400968545e-11
6.021905673463398903e-11
5.797863932392630526e-11
5.580422718132604992e-11
5.369459858654914117e-11
5.164855669471688902e-11
4.966489492287717066e-11
4.774240918636555235e-11
4.587992412300902293e-11
4.407623693440995116e-11
4.233006799650688539e-11
4.064029812614936558e-11
3.900575792079820280e-11
3.742527872629092633e-11
3.589768413694693741e-11
3.442179194371686330e-11
3.299644164352534882e-11
3.162046472876747069e-11
3.029268507900504639e-11
2.901187070039456440e-11
2.777685340507527274e-11
2.658652035154165291e-11
2.543971852414025211e-11
2.433529414369109607e-11
2.327211694760938649e-11
2.224906021285105642e-11
2.126499844232001361e-11
2.031877869577449005e-11
1.940924851775736718e-11
1.853536250028640455e-11
1.769607661000248235e-11
1.689033963952897256e-11
1.611706547970355406e-11
1.537515776833314723e-11
1.466374217459793562e-11
1.398167053915938736e-11
1.332796028082886414e-11
1.270170438558590648e-11
1.210195412834846923e-11
1.152778063856077830e-11
1.097826843361097777e-11
1.045257319352460155e-11
9.949697457514412460e-12
9.468892412935695410e-12
9.009331353576463926e-12
8.570218496942759188e-12
8.150742102003666575e-12
7.750128936420431970e-12
7.367695484910786569e-12
7.002616268433710015e-12
6.654273854329461185e-12
6.321996199139334879e-12
6.005130184267503361e-12
5.703066353160974347e-12
5.415094138577585781e-12
5.140689548163149446e-12
4.879293933944915207e-12
4.630303150835035568e-12
4.393271113646074648e-12
4.167609111944157391e-12
3.952777681383718633e-12
3.748378353714612954e-12
3.553946510251909921e-12
3.369066423153595808e-12
3.193217006696634806e-12
3.026050494551822455e-12
2.867192883994879987e-12
2.716192104482465447e-12
2.572805233617176539e-12
2.436529798794081541e-12
2.307122150792667226e-12
2.184276954316004591e-12
2.067682372018598420e-12
1.956989449744440177e-12
1.851967537260128958e-12
1.752318886283050220e-12
1.657842568585808688e-12
1.568198896539955493e-12
1.483177946368028226e-12
1.402628854713811904e-12
1.326252459887898261e-12
1.253895301455261368e-12
1.185309409548877048e-12
1.120354586434991824e-12
1.058836909228070320e-12
1.000539701941186430e-12
9.453733866020459437e-13
8.931478002479402480e-13
8.436992837633884111e-13
7.968983055264101265e-13
7.526509687948564564e-13
7.107359118626446374e-13
6.711069396777381534e-13
6.336304824980858655e-13
5.981837994166474875e-13
5.646615697353050280e-13
5.329881003487357391e-13
5.030349187372392247e-13
4.747476078009602185e-13
4.480049080619841808e-13
4.227249194469493981e-13
3.988532761566990806e-13
3.763097107405250153e-13
3.550142193687815153e-13
3.349069164824589575e-13
3.159264532669310160e-13
2.979983831291685259e-13
2.810789323096841886e-13
2.651091307634801938e-13
2.500258561237013515e-13
2.358010735619031160e-13
2.223770765936623395e-13
2.097122200561275177e-13
1.977621162406286831e-13
1.864889399852426314e-13
1.758540391702427608e-13
1.658242257563392470e-13
1.563617623760338886e-13
1.474397097826144864e-13
1.390232047165254662e-13
1.310894626809767000e-13
1.236060264333236797e-13
1.165534709466787892e-13
