# bin_4_1
9.755226074933201049e-09
9.776081067874224433e-09
9.795714817051465328e-09
9.814086112000412453e-09
9.831264275555724691e-09
9.846912427320368398e-09
9.861243737951334051e-09
9.873749616160286028e-09
9.884878511744922273e-09
9.894452810512345121e-09
9.902434142470337194e-09
9.908588857137091394e-09
9.912918739257520098e-09
9.915314657557418198e-09
9.915919084348136365e-09
9.914571460082924348e-09
9.911180035921773621e-09
9.905622518907439602e-09
9.892626105849175665e-09
9.888157047074336821e-09
9.876081105316707957e-09
9.861693455979253505e-09
9.844860564805073020e-09
9.825691656223235353e-09
9.804105433785499099e-09
9.780044059374307723e-09
9.753384718204865472e-09
9.724105993894793935e-09
9.692189505928948617e-09
9.657650473273477386e-09
9.620407867730233870e-09
9.580374793158333686e-09
9.537536737703787652e-09
9.491976609519387103e-09
9.443466943924556636e-09
9.392199180728926403e-09
9.338149635854084440e-09
9.281179034473120629e-09
9.220636677639567965e-09
9.158508453936870966e-09
9.092822781371069252e-09
9.024243684896023014e-09
8.952766432916850919e-09
8.878805203278120480e-09
8.801183582834423522e-09
8.721135477399047674e-09
8.638246275260799787e-09
8.552611498843124181e-09
8.464212111602083581e-09
8.373100971260133092e-09
8.279341919955766044e-09
8.182964091732627255e-09
8.084054929232747233e-09
7.982686910216802750e-09
7.878887140559414340e-09
7.772781592041080947e-09
7.664543243143927024e-09
7.553904441463613035e-09
7.441325093048537579e-09
7.326753728888927305e-09
7.210397432399807466e-09
7.092250007323506614e-09
6.972491588592270978e-09
6.851228834178208478e-09
6.728581497118425351e-09
6.604680414879921369e-09
6.479659281497228378e-09
6.353603019943904614e-09
6.226795614154777805e-09
6.099251105852445465e-09
5.971139510408613790e-09
5.842603765742539137e-09
5.713790456324508930e-09
5.584776989003504878e-09
5.455905681743052585e-09
5.327133916826577493e-09
5.198646016497945677e-09
5.070589106936981550e-09
4.943101565423760351e-09
4.816310543610327199e-09
4.690361111425917210e-09
4.565437209872094803e-09
4.441448567390659007e-09
4.318730170024474794e-09
4.197325359111503415e-09
4.077338195824708406e-09
3.958887937259630133e-09
3.842015547813483463e-09
3.726882314829127989e-09
3.613534360077625539e-09
3.502055060189061351e-09
3.392511695282271771e-09
3.284974202626574490e-09
3.179508833119585818e-09
3.076145031193882971e-09
2.974938663197653077e-09
2.875902646814481948e-09
2.779155370790971607e-09
2.684632423010457757e-09
2.592389012060039046e-09
2.502445935431334121e-09
2.414813588550920937e-09
2.329353822716690760e-09
2.246524666873107289e-09
2.165878695095662660e-09
2.087568907793763684e-09
2.011591580653892567e-09
1.937940201105251118e-09
1.866613071872021660e-09
1.797595005347218633e-09
1.730860283337623483e-09
1.666421203613602086e-09
1.604262036449771819e-09
1.544311183023103291e-09
1.486584798435764992e-09
1.431026448713054696e-09
1.377651059653764179e-09
1.326342062747111552e-09
1.277067572309032232e-09
1.229785755809996102e-09
1.184410516012166907e-09
1.140871193135888580e-09
1.099059650792792667e-09
1.058873080623170529e-09
1.020210399129644550e-09
9.829443921587139578e-10
9.469558877283439707e-10
9.121182389055650524e-10
8.783094831403496290e-10
8.453757929113219221e-10
8.133139296148145469e-10
7.819091462197904732e-10
7.511069705039523956e-10
7.208234072874752037e-10
6.910006343471025457e-10
6.615924095851636190e-10
6.325816395836439812e-10
6.039704213982451626e-10
5.757944539439859998e-10
5.481128647101022766e-10
5.210168449931117912e-10
4.946156503589232352e-10
4.690423549864397300e-10
4.444347923888785544e-10
4.209427288562858094e-10
3.987029322818334011e-10
3.778424772000126462e-10
3.584592192094998952e-10
3.406210635122207977e-10
3.243578983459167668e-10
3.096589352159269226e-10
2.964713764584470485e-10
2.847015939797088321e-10
2.742202734478029166e-10
2.648686113109492300e-10
2.564676636884772055e-10
2.488242121360807249e-10
2.417527356698818285e-10
2.350622050302924529e-10
2.285910451577195983e-10
2.222010561517265939e-10
2.157962784987597729e-10
2.093180385548501357e-10
2.027514976731785326e-10
1.961209594253181326e-10
1.894920786996133683e-10
1.829453341992269742e-10
1.765846036501331235e-10
1.705039737991607662e-10
1.647913403770314097e-10
1.595060042588093757e-10
1.546769164255408230e-10
1.502917086936228766e-10
1.463045678191478693e-10
1.426421442161310057e-10
1.392217905337501271e-10
1.359353581534575845e-10
1.327511367260037738e-10
1.295131944068653239e-10
1.262919679493594693e-10
1.230585834083935463e-10
1.198493118172215403e-10
1.167165826798126897e-10
1.137186077900200920e-10
1.109052530049002449e-10
1.083070200255442007e-10
1.059323016563344896e-10
1.037556346132440204e-10
1.017354582325878507e-10
9.981765623685651371e-11
9.794860647113609011e-11
9.608569914837754493e-11
9.420412374679338186e-11
9.229867368737798708e-11
9.038132683558133473e-11
8.847453850719672852e-11
8.660370984408274840e-11
8.478968188349164565e-11
8.304377089663470028e-11
8.136606982817267180e-11
7.974701280853977740e-11
7.817109192805375309e-11
7.662120585671857990e-11
7.508278978839839335e-11
7.354622780411428739e-11
7.200791566747628011e-11
7.046924161407717136e-11
6.893480474245627213e-11
6.741008258603781706e-11
6.589980845305114374e-11
6.440666824600807932e-11
6.293069164844314234e-11
6.146930373655183569e-11
6.001839689626441866e-11
5.857407452866128560e-11
5.713447208814760102e-11
5.570038430980207517e-11
5.427454830747920133e-11
5.286010568576219749e-11
5.145908223680488047e-11
5.007145906802601870e-11
4.869533908396406811e-11
4.732829246770078085e-11
4.596895753480478731e-11
4.461774830698082197e-11
4.327685531141627057e-11
4.194961451887276059e-11
4.063925027344651835e-11
3.934757776131607408e-11
3.807445770535113680e-11
3.681839264639942790e-11
3.557793009195779355e-11
3.435287259665789336e-11
3.314454516149716730e-11
3.195518866135603800e-11
3.078694238251699840e-11
2.964100177877142139e-11
2.851745010259348615e-11
2.741573419921685741e-11
2.633538222872298371e-11
2.527657813446228407e-11
2.424030238382280472e-11
2.322784281343853669e-11
2.224013361117148628e-11
2.127746200258122845e-11
2.033962738796538396e-11
1.942635983163612344e-11
1.853772926130842572e-11
1.767415124497762679e-11
1.683604589415783537e-11
1.602355473571148751e-11
1.523655433133884761e-11
1.447488898593057640e-11
1.373849871578737382e-11
1.302737749686291343e-11
1.234143162268677930e-11
1.168042928521651757e-11
1.104408252333169643e-11
1.043212618272844551e-11
9.844296978302082224e-12
9.280302134642034004e-12
8.739753806172368786e-12
8.222225292204317406e-12
7.727290217063836154e-12
7.254513356942676594e-12
6.803417390610245764e-12
6.373482055475165820e-12
5.964185363459339682e-12
5.574985692527599918e-12
5.205328284179504580e-12
4.854641125392167060e-12
4.522337775591031677e-12
4.207800283370449090e-12
3.910442348677669587e-12
3.629656164778373184e-12
3.364829497040153924e-12
3.115349776544842108e-12
2.880596128921585987e-12
2.659942568606102624e-12
2.452802172843592905e-12
2.258578192229280771e-12
2.076682258781032404e-12
1.906530642505998032e-12
1.747521299690274935e-12
1.599117930256773152e-12
1.460779348191821743e-12
1.331976845629469806e-12
1.212183809224252461e-12
1.100895699625841355e-12
9.976372617545715427e-13
9.019499842991318262e-13
8.133822850991403024e-13
7.314984663959962334e-13
6.558855096008917747e-13
5.861442247072682129e-13
5.219274159864253212e-13
4.628422495111774162e-13
4.085754408420795822e-13
3.587848708257380509e-13
3.131905862123420034e-13
2.714866424090395745e-13
2.333982804541687577e-13
1.986715622511154890e-13
1.670755059563827771e-13
1.383708044762757956e-13
1.123472267921462678e-13
8.878998463165080579e-14
6.754641675732483520e-14
4.841652098296616938e-14
3.123389964569771022e-14
1.586457357201165200e-14
2.144839408751404831e-15
-1.005199402279099574e-14
-2.085154168646307202e-14
-3.036876554232243713e-14
-3.870380936406046647e-14
-4.597359047578791424e-14
-5.226265774117635641e-14
-5.765762997327113451e-14
-6.223884238660047355e-14
-6.608191800856664084e-14
-6.925558516961955230e-14
-7.181596517465876895e-14
-7.382974075517033042e-14
-7.535216202423191782e-14
-7.642653013001710311e-14
-7.710531226716065510e-14
-7.742439727901351062e-14
-7.742791326560177520e-14
-7.713980287692140796e-14
-7.660495999526913160e-14
-7.584833543316068623e-14
-7.489945205931405932e-14
-7.377799507272685734e-14
-7.250931461259366778e-14
-7.111415212801874241e-14
-6.961440174137695888e-14
-6.801498850911684646e-14
-6.635430394257584616e-14
-6.462273886089331476e-14
-6.284789936200696749e-14
-6.103409224803469478e-14
-5.919395788466009673e-14
-5.733729128958043827e-14
-5.547225181185280642e-14
-5.360634551894617637e-14
-5.174720892152082086e-14
-4.989875201465536142e-14
-4.806689339411087068e-14
-4.625806645981406957e-14
-4.447459154977925825e-14
-4.272134316082033758e-14
-4.099947854979821218e-14
-3.931412768412523149e-14
-3.766667433883965618e-14
-3.605933262419613740e-14
-3.449397706404243903e-14
-3.297263653796959107e-14
-3.149878022487908596e-14
-3.006521075481271807e-14
-2.868108277991594659e-14
-2.734443204883458947e-14
-2.605363190860997438e-14
-2.480951589560158851e-14
-2.361061127631142865e-14
-2.245585259363743779e-14
-2.134372926044784694e-14
-2.027266483128566329e-14
-1.924105529466466033e-14
-1.824698227650953516e-14
-1.728851388638835403e-14
-1.636476929125061630e-14
-1.547551403859828623e-14
-1.462067706571042496e-14
-1.380098966699177391e-14
-1.301815300389733790e-14
-1.227282447773546955e-14
-1.156625737450244571e-14
-1.089825114444226561e-14
-1.026874042818321036e-14
-9.676079260392728266e-15
-9.118490000281669479e-15
-8.593318345620574074e-15
-8.098256870482861509e-15
-7.631180388536734229e-15
-7.190186339551504236e-15
-6.773626870140816557e-15
-6.380317146392724491e-15
-6.009425851262709405e-15
-5.660152659619125922e-15
-5.331824258263402345e-15
-5.023649340741363999e-15
-4.734635970549892743e-15
-4.463588964549664365e-15
-4.209290985319652779e-15
-3.970416701566868798e-15
-3.745652317546520321e-15
-3.533846309646836732e-15
-3.334106917414554747e-15
-3.145717339940062991e-15
