# bin_4_2
1.729682984303247787e-08
1.739679858231008634e-08
1.749658955447333829e-08
1.759606843336795256e-08
1.769517750686476790e-08
1.779385425454811801e-08
1.789196718468232415e-08
1.798932428311815587e-08
1.808723969835057910e-08
1.818353076412286592e-08
1.827819201779829464e-08
1.837264695673831346e-08
1.846606660391690809e-08
1.855832147501230114e-08
1.864951312639494313e-08
1.873990891549224597e-08
1.882809836006959948e-08
1.891041235171381253e-08
1.900052567846635972e-08
1.908434529041500486e-08
1.916643290717863241e-08
1.924666245935450878e-08
1.932478163038417944e-08
1.940093187100288844e-08
1.947494568204400158e-08
1.954669061756177587e-08
1.961602521512630430e-08
1.968279484060732766e-08
1.974694278101898728e-08
1.980841884303270710e-08
1.986706049734141132e-08
1.992269489044777402e-08
1.997522730400069860e-08
2.003003489800770992e-08
2.007082702203054872e-08
2.011337049829180602e-08
2.015265577351442257e-08
2.018825039120023321e-08
2.022010222671975480e-08
2.024805168097513906e-08
2.027198431342868608e-08
2.029191362690398283e-08
2.030797158326856132e-08
2.031894595682675797e-08
2.032599070813493901e-08
2.032850442369077412e-08
2.032635772528662615e-08
2.031953916413343010e-08
2.030789982847641067e-08
2.029132142350771140e-08
2.026976616799349402e-08
2.024307305120327877e-08
2.021127866337872504e-08
2.017422989586028994e-08
2.013184879658322393e-08
2.008408558924119318e-08
2.003085044116986546e-08
1.997209743434102820e-08
1.990778746806640004e-08
1.983778467322116046e-08
1.976224112806819460e-08
1.968092573672106581e-08
1.959391115914938248e-08
1.950115301744628751e-08
1.940253053392341410e-08
1.929833733153539907e-08
1.918818680659141467e-08
1.907237561836642478e-08
1.895084981386202888e-08
1.882354916162672634e-08
1.869054036420004080e-08
1.855186097885050546e-08
1.840755069184465346e-08
1.825758534317728505e-08
1.810228060631781925e-08
1.794142273251656490e-08
1.777520682998004801e-08
1.760369866440608232e-08
1.742698488565746370e-08
1.724517059966806038e-08
1.705836510921261343e-08
1.686671003934250157e-08
1.667031206206602479e-08
1.646930763330118524e-08
1.626385150262428995e-08
1.605410381016295544e-08
1.584024144425778491e-08
1.562239448291060162e-08
1.540081472447653131e-08
1.517600856146572413e-08
1.494714293276427896e-08
1.471546237762989120e-08
1.448087435472852296e-08
1.424359149827318653e-08
1.400383321027832689e-08
1.376176287578429247e-08
1.351789070421193973e-08
1.327226143760498253e-08
1.302519636061610684e-08
1.277693789281047294e-08
1.252778009172389002e-08
1.227797984921083183e-08
1.202784436556195343e-08
1.177768509164416906e-08
1.152772485283787953e-08
1.127827078618111947e-08
1.102961708837687877e-08
1.078200989263636709e-08
1.053536270552640477e-08
1.029110373666183186e-08
1.004831815199201276e-08
9.807657301210091607e-09
9.569357978584217336e-09
9.333657172954981777e-09
9.100917619726492511e-09
8.870891283903080749e-09
8.644262040188320567e-09
8.421009243906870384e-09
8.201314637057914265e-09
7.985305779885750044e-09
7.773142565439307406e-09
7.564918486688497463e-09
7.360721954207366912e-09
7.160637382940235934e-09
6.964716652860675607e-09
6.773011298323854109e-09
6.585543404051702111e-09
6.402315892712633732e-09
6.223325168555829138e-09
6.048541651996687843e-09
5.877929726230844031e-09
5.711427470575753372e-09
5.548972946647214702e-09
5.390476471170165235e-09
5.235894892408167058e-09
5.084977511491672814e-09
4.937747221279364123e-09
4.794026940216815055e-09
4.653735284068694808e-09
4.516588715500960614e-09
4.382596192546971750e-09
4.251571301676251353e-09
4.123389553174424743e-09
3.997923580063393889e-09
3.875063715356463726e-09
3.754715230250794633e-09
3.636784892099409206e-09
3.521198528887154286e-09
3.407913215349546698e-09
3.296867160867167118e-09
3.188032985086320600e-09
3.081427132476975400e-09
2.976995660293508145e-09
2.874809396579780776e-09
2.774909032854134908e-09
2.677278219189211226e-09
2.582042261809124697e-09
2.489266723706040352e-09
2.399023070487685093e-09
2.311416730637915462e-09
2.226527865786306377e-09
2.144458877634915091e-09
2.065276884584850258e-09
1.989057055167712490e-09
1.915832242967886857e-09
1.845629532207021624e-09
1.778426479318873080e-09
1.714183342562331285e-09
1.652828071220018874e-09
1.594217393352608783e-09
1.538250212563703250e-09
1.484761196802226168e-09
1.433576169164370177e-09
1.384472790594054126e-09
1.337296311126287495e-09
1.291840135311591739e-09
1.247947654236039989e-09
1.205468297930311442e-09
1.164293810162593654e-09
1.124309275036250151e-09
1.085489390621593467e-09
1.047801462176477143e-09
1.011249408013371547e-09
9.758552054965137364e-10
9.416608034836530342e-10
9.088338438240802678e-10
8.769432567955417203e-10
8.464775167521195504e-10
8.172673098495558253e-10
7.892837465658845625e-10
7.624837962801242303e-10
7.367791000177674630e-10
7.121161493276326815e-10
6.884110089413863033e-10
6.655947535296685321e-10
6.436104339888416885e-10
6.224178747831482457e-10
6.019926520201055679e-10
5.823234494708313396e-10
5.634050868383399928e-10
5.452308515743579190e-10
5.277862640596634607e-10
5.110455101190215335e-10
4.949733505018916616e-10
4.795282065666590533e-10
4.646679848424742345e-10
4.503534795103329041e-10
4.365517207307598053e-10
4.232358528999516591e-10
4.103849742738902261e-10
3.979820058894487455e-10
3.860125437289572263e-10
3.744634000990519994e-10
3.633218068479782217e-10
3.525750157056740978e-10
3.422107543341273130e-10
3.322176284008389730e-10
3.225835889901109101e-10
3.132928562127229416e-10
3.043248732211404336e-10
2.956558271081099646e-10
2.872619409695152419e-10
2.791226659806530620e-10
2.712234617602896920e-10
2.635562501332023020e-10
2.561172978363255340e-10
2.489036712425980576e-10
2.419103443163848871e-10
2.351289500865767244e-10
2.285479492511749961e-10
2.221537354114037004e-10
2.159330442005289212e-10
2.098754845557519774e-10
2.039743175284567665e-10
1.982255435044569908e-10
1.926263411718203403e-10
1.871731084531982690e-10
1.818601299324015241e-10
1.766796880240188483e-10
1.716242283441588939e-10
1.666882614144213055e-10
1.618685066741493132e-10
1.571627620661390174e-10
1.525686041131667265e-10
1.480824561528433995e-10
1.436999994718201361e-10
1.394172990552383393e-10
1.352314612674924431e-10
1.311404518807783305e-10
1.271425008455375941e-10
1.232355365992196014e-10
1.194172110976410833e-10
1.156853382050893520e-10
1.120381475135192220e-10
1.084741942211360793e-10
1.049920938068250456e-10
1.015903961563581036e-10
9.826769369354725149e-11
9.502274726317583647e-11
9.185445693643635823e-11
8.876179128545969875e-11
8.574370346073194126e-11
8.279919885048623576e-11
7.992736577383402847e-11
7.712734138567933831e-11
7.439826309516554802e-11
7.173927100013050238e-11
6.914954692252943544e-11
6.662828357357528697e-11
6.417468643566625794e-11
6.178796115145541929e-11
5.946730815113071826e-11
5.721189611748828600e-11
5.502092633900094164e-11
5.289356697746668433e-11
5.082896834667632480e-11
4.882626498718679466e-11
4.688456311514789812e-11
4.500294003387018699e-11
4.318049080255932789e-11
4.141627005419662452e-11
3.970930961023035002e-11
3.805861178346934694e-11
3.646312271913713263e-11
3.492182714320828860e-11
3.343366864619773919e-11
3.199756923702298710e-11
3.061242753952957896e-11
2.927709697469161349e-11
2.799047951697607646e-11
2.675143500677903845e-11
2.555881161767086791e-11
2.441141505560657261e-11
2.330807911158413867e-11
2.224764442387368417e-11
2.122893590509554271e-11
2.025076189292233079e-11
1.931192403723340417e-11
1.841127974474703288e-11
1.754766468776652164e-11
1.671990537793334981e-11
1.592683113669834582e-11
1.516733435050415875e-11
1.444029634303939357e-11
1.374457922271558599e-11
1.307909648405868053e-11
1.244279434808551978e-11
1.183461959475050068e-11
1.125349719703070520e-11
1.069845530256939196e-11
1.016851186380854533e-11
9.662661455341616120e-12
9.179986830010000860e-12
8.719585715548299049e-12
8.280635927634444856e-12
7.862058253295334003e-12
7.463097525243974419e-12
7.083041394531729577e-12
6.721038924828052245e-12
6.376342003019381108e-12
6.048169909770921149e-12
5.735841971365860993e-12
5.438725053787444506e-12
5.156022767535467689e-12
4.887134283990191931e-12
4.631477482048003848e-12
4.388431691457726700e-12
4.157471189963958932e-12
3.938018504191548486e-12
3.729548475027334851e-12
3.531567054632185156e-12
3.343537793060859441e-12
3.165048256675673012e-12
2.995607318580056251e-12
2.834816984940363214e-12
2.682274442042556620e-12
2.537553674981575367e-12
2.400332163803998707e-12
2.270159969205601099e-12
2.146773622680481985e-12
2.029793741270914580e-12
1.918931182322395901e-12
1.813890465590296607e-12
1.714384798385673585e-12
1.620088453539525158e-12
1.530804287380604427e-12
1.446263753656190696e-12
1.366201212059040505e-12
1.290435123883661113e-12
1.218713282445629233e-12
1.150835779649778675e-12
1.086611564153890529e-12
1.025867531559993950e-12
9.684087217107318255e-13
9.140612365901551982e-13
8.626691725579944340e-13
8.140892717117636017e-13
7.681640269968529056e-13
7.247758824159350172e-13
6.837463575425608934e-13
6.449957124198091482e-13
6.083845422648933137e-13
5.738115607388671949e-13
5.411397945341191939e-13
5.103006001074808717e-13
4.811810873191320893e-13
4.536928227435323445e-13
4.277363785559472984e-13
4.032483774380707240e-13
3.801409328032772362e-13
3.583388468375618041e-13
3.377718460890639027e-13
3.183708169972711305e-13
3.000705183363399703e-13
2.828146375339982993e-13
2.665457303487016718e-13
2.512049515576776852e-13
2.367429442349788021e-13
2.231032023854701742e-13
2.102615203810083149e-13
1.981509034188117214e-13
1.867418784282927779e-13
1.759898159547378100e-13
1.658646586583544016e-13
1.563246878675832963e-13
1.473396357767512997e-13
1.388671312729360896e-13
1.308981023576013047e-13
1.233947927655352479e-13
1.163306079961488812e-13
1.096776122578082700e-13
1.034115158467734277e-13
9.750768853228209619e-14
9.194468000055785775e-14
8.670129124389531957e-14
8.175886391509911597e-14
7.709928473315394352e-14
7.270614593464103108e-14
6.856346693674653329e-14
6.465638839116824713e-14
