# bin_5_1
9.906087485158145691e-09
9.927434673304565282e-09
9.947542065868852479e-09
9.966367508932678162e-09
9.983976283922483499e-09
1.000003850337258500e-08
1.001475914450585231e-08
1.002762819702725131e-08
1.003909483099495903e-08
1.004898055638320963e-08
1.005724563836648890e-08
1.006365363530120194e-08
1.006820546213830775e-08
1.007079023223013033e-08
1.007155071420313598e-08
1.007032407018475219e-08
1.006701678009222316e-08
1.006150275222581450e-08
1.005409454127839764e-08
1.004401048682614009e-08
1.003185730979464822e-08
1.001734840905093236e-08
1.000034779510325479e-08
9.980964819371577860e-09
9.956023446400207560e-09
9.934743405554580897e-09
9.907720324848916171e-09
9.878024674526326620e-09
9.845636871133415950e-09
9.810571279805970188e-09
9.772744996824022507e-09
9.732069198890679280e-09
9.688528197538179892e-09
9.642202011917514796e-09
9.592868140055858441e-09
9.540710457209203674e-09
9.485706858816461279e-09
9.427715903219567813e-09
9.366075846488726975e-09
9.302801826622656151e-09
9.235891280852367803e-09
9.166017448290982576e-09
9.093174787332961647e-09
9.017777801285157822e-09
8.938646619567514593e-09
8.857017814505126762e-09
8.772475009216375190e-09
8.685114235605459763e-09
8.594915800279907824e-09
8.501932605148837655e-09
8.406229014505827506e-09
8.307834165482190552e-09
8.206836265494663076e-09
8.103308636170830347e-09
7.997289654282086650e-09
7.888873754273238857e-09
7.778265621652412587e-09
7.668134379622984042e-09
7.550115901875033487e-09
7.432981196217601753e-09
7.314001001065958375e-09
7.193169815966765263e-09
7.070670945780050672e-09
6.946613490550108504e-09
6.821120009729891159e-09
6.688874724288623576e-09
6.566363384131914625e-09
6.437325010444149710e-09
6.307498376361871281e-09
6.176900011582526259e-09
6.045704276814072055e-09
5.914058285376884019e-09
5.782113030737155296e-09
5.649949792975645780e-09
5.517917664930518635e-09
5.385976915136113454e-09
5.254317276305829571e-09
5.123091065183091078e-09
4.992441881289037609e-09
4.862502183561438434e-09
4.733422567360765743e-09
4.605389237054264133e-09
4.478326366182507648e-09
4.352565473657277622e-09
4.228158412003543689e-09
4.105214649132391727e-09
3.983859084529000351e-09
3.864137365003412538e-09
3.746216875947722491e-09
3.630148435361564449e-09
3.516021097377248053e-09
3.403904879975694566e-09
3.293876474077798583e-09
3.186005992930766223e-09
3.079482114652643505e-09
2.976902309471312971e-09
2.875771541230645113e-09
2.776968133033561150e-09
2.680525655846188631e-09
2.586469267497338915e-09
2.494822193321150745e-09
2.405596765396490424e-09
2.318634877797791792e-09
2.234460615941988841e-09
2.152544885158275054e-09
2.073115725557786348e-09
1.996099645254559182e-09
1.921557465768844433e-09
1.849436483693110810e-09
1.779736770309500154e-09
1.712427662176049116e-09
1.647525317041157406e-09
1.584993733679208988e-09
1.524800994286889801e-09
1.466916363566393403e-09
1.411293376882380420e-09
1.357928445581543833e-09
1.306727365687997179e-09
1.257651492259460918e-09
1.210626587602565364e-09
1.165571169327616705e-09
1.122406238883975419e-09
1.081018413572797178e-09
1.041292026778333321e-09
1.003117633168138902e-09
9.663579151050067301e-10
9.308836519681435261e-10
8.965581734591515203e-10
8.632498419714045640e-10
8.307940563858702399e-10
7.991841148551179235e-10
7.681926529009419797e-10
7.377601950257942669e-10
7.077971475798168666e-10
6.782415397012923232e-10
6.490443557036084389e-10
6.201874657312176156e-10
5.916736848761860147e-10
5.635415340050391521e-10
5.358551466824632715e-10
5.087130393740325100e-10
4.822337053893917172e-10
4.565611993648628013e-10
4.318455925897945127e-10
4.082498045530002011e-10
3.859237664378093917e-10
3.650071265453789672e-10
3.456088849509572421e-10
3.278062383516271272e-10
3.116360942801199095e-10
2.970920716536642975e-10
2.841228967099244664e-10
2.726334323478150593e-10
2.624898997141361095e-10
2.535264592164950417e-10
2.455551737248108097e-10
2.383724093092442778e-10
2.317814859813236236e-10
2.255795480882040867e-10
2.195937117010270044e-10
2.136755811268572273e-10
2.077210761391056536e-10
2.016656736689695926e-10
1.954915067389902009e-10
1.892226898269533851e-10
1.829273641697572483e-10
1.766913513400451583e-10
1.706212312678324948e-10
1.648212684984124963e-10
1.593853877532239300e-10
1.543728577541215334e-10
1.498240884944195140e-10
1.457199406538738467e-10
1.420182107653480396e-10
1.386382306625470344e-10
1.354892467479260920e-10
1.324708579368384272e-10
1.294999550810412872e-10
1.265167111779084433e-10
1.234984667655655248e-10
1.204469880935200590e-10
1.174029755759433923e-10
1.144224978257439592e-10
1.115703989580693616e-10
1.089026533936332233e-10
1.064485832083803488e-10
1.042223075073333380e-10
1.021949365507477127e-10
1.003217881832906162e-10
9.854420881310395244e-11
9.680376351499804697e-11
9.505464546277651752e-11
9.326970710260017153e-11
9.144402134268135749e-11
8.959170643231684842e-11
8.773887767553270241e-11
8.591536084249877849e-11
8.414632213714611702e-11
8.244657388710602491e-11
8.081840914879287799e-11
7.925298302100938664e-11
7.773414494113102383e-11
7.624317594791101307e-11
7.476349937463102282e-11
7.328367127294018297e-11
7.179885397717918332e-11
7.030985574073231671e-11
6.882112553033946766e-11
6.733810632356829417e-11
6.586546221888826740e-11
6.440576493072527005e-11
6.295891802847249104e-11
6.152218871295076423e-11
6.009128642531003568e-11
5.866225133421004294e-11
5.723352523522575622e-11
5.580671113052739498e-11
5.438569831075498356e-11
5.297474894005028590e-11
5.157659586229228094e-11
5.019132011943505389e-11
4.881659733989761198e-11
4.744939151490752260e-11
4.608795380324618055e-11
4.473273700798055472e-11
4.338637998147433614e-11
4.205287273831640211e-11
4.073599738933698538e-11
3.943775538183390361e-11
3.815772329485608829e-11
3.689380722784681751e-11
3.564400803415597352e-11
3.440797521467925198e-11
3.318736005156764629e-11
3.198501092247555359e-11
3.080364747302752247e-11
2.964474943586218497e-11
2.850833016380949684e-11
2.739359167604794894e-11
2.629989860453784362e-11
2.522754361445063873e-11
2.417786105919792078e-11
2.315248568939198296e-11
2.215241966542383107e-11
2.117770728683280279e-11
2.022781928018754338e-11
1.930233307905933793e-11
1.840150715423596444e-11
1.752618070969304979e-11
1.667711256641495948e-11
1.585447075767180900e-11
1.505790544834829016e-11
1.428701940114046709e-11
1.354170717372082339e-11
1.282211949380826676e-11
1.212836444669834128e-11
1.146029956092479901e-11
1.081757776768568246e-11
1.019983392364659319e-11
9.606759538711286744e-12
9.038086242678196842e-12
8.493475017753130259e-12
7.972521356172842604e-12
7.474787612293991774e-12
6.999810408516950942e-12
6.547087576943825102e-12
6.116084969759876221e-12
5.706269648120430653e-12
5.317086222568715602e-12
4.947961090842874421e-12
4.598301819371187947e-12
4.267501472308295908e-12
3.954919348210618002e-12
3.659942805431970939e-12
3.381937877256722398e-12
3.120313155940589683e-12
2.874340657171706014e-12
2.643414794067934303e-12
2.426894220790254091e-12
2.224167185415602797e-12
2.034585845624074553e-12
1.857557998663719275e-12
1.692468439178940024e-12
1.538691977116839712e-12
1.395662929768435521e-12
1.262820948238839588e-12
1.139611829110927571e-12
1.025488252505520084e-12
9.199255074881560203e-13
8.224355121503925098e-13
7.325140555605582828e-13
6.497183107297465680e-13
5.735865903636390310e-13
5.036888725810351070e-13
4.396138777881119638e-13
3.809980475346065388e-13
3.274369908902393164e-13
2.786107357412621858e-13
2.341724597410320223e-13
1.938084936161580703e-13
1.572286902845296568e-13
1.241438811939351966e-13
9.429438331001824109e-14
6.744835043053318268e-14
4.335417782895308687e-14
2.180307115377290723e-14
2.592555008212778207e-15
-1.446724883033307795e-14
-2.955252599950584229e-14
-4.283476287045461242e-14
-5.444734634965334669e-14
-6.455277962772467882e-14
-7.327735032866876266e-14
-8.074470125189786299e-14
-8.706800084915644285e-14
-9.235321931497496868e-14
-9.669976531227289163e-14
-1.001922877947125226e-13
-1.029194937593998295e-13
-1.049568385068767210e-13
-1.063761542771298731e-13
-1.072430140185364193e-13
-1.076096939357534891e-13
-1.075409450178345441e-13
-1.070829018561175938e-13
-1.062817998613848772e-13
-1.051798284815333742e-13
-1.038132322599953143e-13
-1.022219345649386330e-13
-1.004261563801688623e-13
-9.847039012791948964e-14
-9.636112621180933440e-14
-9.413925609935190495e-14
-9.181748042090060415e-14
-8.941719514285966107e-14
-8.695555800851683977e-14
-8.454007741113326711e-14
-8.190925203693057727e-14
-7.935354393139073824e-14
-7.678496597256763746e-14
-7.422268616847748485e-14
-7.166936031834923660e-14
-6.913480217439843872e-14
-6.662602411888060511e-14
-6.414893357889810906e-14
-6.170877254190266291e-14
-5.931043546364859750e-14
-5.695768644614681468e-14
-5.465239829702842396e-14
-5.239931128749883016e-14
-5.020080497905787314e-14
-4.805856988431544572e-14
-4.597244450764349144e-14
-4.394641742420939607e-14
-4.197955482795791153e-14
-4.007376748305398667e-14
-3.822896537081051996e-14
-3.644660155336930061e-14
-3.472638385362949238e-14
-3.306810922051325280e-14
-3.147140337934927845e-14
-2.993613443324994912e-14
-2.846043975644341972e-14
-2.704355518387161698e-14
-2.568350331191870174e-14
-2.437877929314668395e-14
-2.312661586911913291e-14
-2.192491202868252060e-14
-2.077140630226599536e-14
-1.966352676488279109e-14
-1.859863930815100918e-14
-1.757536608935901479e-14
-1.659303131568339604e-14
-1.565119888625837139e-14
-1.475024022733645494e-14
-1.389171427941387506e-14
-1.307606457087881125e-14
-1.230434048221552038e-14
-1.157609694344270757e-14
-1.089117035247924366e-14
-1.024751987595239151e-14
-9.643177189626484965e-15
-9.074918729952070965e-15
-8.540358022437110983e-15
-8.036894660413396516e-15
-7.562351447212529269e-15
-7.115075693126761059e-15
-6.693446629655332220e-15
-6.296462805804894552e-15
-5.923351926877062919e-15
-5.573227870310778490e-15
-5.245350210026507983e-15
-4.938363642747086793e-15
-4.651236521164511793e-15
-4.382324118998973999e-15
-4.130213780481021964e-15
-3.893414766780276267e-15
-3.670640239581790893e-15
-3.460798153782291515e-15
-3.263185506708920127e-15
