# bin_3_1
9.359948072996749225e-09
9.378945958288946252e-09
9.396763741037519240e-09
9.413363600240340387e-09
9.428836497668059156e-09
9.442802261109394206e-09
9.455516670074880411e-09
9.466460314220251846e-09
9.476096912932629140e-09
9.484245832782179840e-09
9.490872648879235142e-09
9.495750109173435518e-09
9.498883471751640281e-09
9.500168737283873933e-09
9.499750575282611401e-09
9.497474229311475440e-09
9.493253034103527342e-09
9.486979206008918733e-09
9.478955917053422736e-09
9.468382395049488097e-09
9.455920065073817118e-09
9.441269335505311447e-09
9.424302065461615391e-09
9.405132313068191067e-09
9.383683200365820410e-09
9.359902460408986331e-09
9.333672728864891944e-09
9.304978174068512424e-09
9.273804957945816618e-09
9.240172640626470329e-09
9.204005865692619036e-09
9.165223371277464894e-09
9.123815340962171068e-09
9.079879591577626071e-09
9.033160547348841085e-09
8.983887956054334513e-09
8.932030915216103272e-09
8.877454384696539878e-09
8.820169431911637038e-09
8.760195002621280417e-09
8.697533761398900194e-09
8.632196236801911128e-09
8.564181176376819851e-09
8.493912647457282472e-09
8.420195530102503477e-09
8.344287034100944904e-09
8.265767986982835581e-09
8.184734304159098706e-09
8.101169027885850096e-09
8.015125561174059094e-09
7.926667549432935774e-09
7.835824539386161981e-09
7.742682788832486063e-09
7.647313627022752780e-09
7.549753600618117972e-09
7.450093528161749984e-09
7.348548268795363400e-09
7.244799865208248677e-09
7.139340154887856897e-09
7.032101716978624745e-09
6.923283910826596155e-09
6.812877004308357839e-09
6.701053340683106145e-09
6.587912320059563462e-09
6.473565577104643450e-09
6.358135176433084869e-09
6.241745307477891026e-09
6.124471574855235258e-09
6.006584631701828055e-09
5.888089256573144261e-09
5.769142725471463827e-09
5.649875105479203043e-09
5.530419546603068123e-09
5.410840637866209295e-09
5.291462802873007864e-09
5.172231595129024673e-09
5.053314950134231687e-09
4.934843953531430809e-09
4.816940585287575683e-09
4.699715242625360704e-09
4.583295889694019042e-09
4.467862682514108210e-09
4.353268307536376054e-09
4.239870071256516987e-09
4.127680563795358979e-09
4.016786497649773356e-09
3.907289427930173872e-09
3.799214621637856551e-09
3.692704992657390071e-09
3.587790994756888786e-09
3.484539943208762829e-09
3.383003726216276808e-09
3.283237344244320040e-09
3.185292616659298289e-09
3.089185777480768069e-09
2.994959828752810607e-09
2.902615904367416428e-09
2.812261160113719305e-09
2.723821592049780916e-09
2.637343319815552183e-09
2.552840783241673471e-09
2.470313213730677571e-09
2.389631744150174870e-09
2.311217791531104785e-09
2.234651707497398867e-09
2.160074394459930678e-09
2.087482664007587676e-09
2.016868116601748675e-09
1.948234017917434795e-09
1.881567919925907763e-09
1.816863584179605593e-09
1.754110817596999362e-09
1.693301908380477517e-09
1.634417717936358705e-09
1.577442140593945565e-09
1.522345312500671852e-09
1.469141522988839821e-09
1.417758158396206751e-09
1.368179154263878101e-09
1.320355989612637215e-09
1.274235470399128728e-09
1.229769053359884286e-09
1.186877417862926180e-09
1.145481133104992546e-09
1.105508025930892551e-09
1.066860128843932309e-09
1.029447494778961732e-09
9.931726378182620908e-10
9.579417155799164663e-10
9.236324565350551261e-10
8.902513499545043611e-10
8.576206960125734765e-10
8.257004475467886755e-10
7.944238448630727589e-10
7.637415097960123980e-10
7.336182400190074868e-10
7.040382722211363101e-10
6.750008199936704951e-10
6.465324478890800496e-10
6.186765305853078605e-10
5.915016393937047766e-10
5.650886750813070475e-10
5.395373067265542084e-10
5.149444151169998414e-10
4.914317089862769192e-10
4.690849643649737416e-10
4.479977074447467412e-10
4.282349555875405228e-10
4.098342913704787872e-10
3.928160741230142575e-10
3.771478959214160952e-10
3.627780732084097376e-10
3.496170020873848510e-10
3.375578564625070521e-10
3.264656893876463526e-10
3.161828984336166007e-10
3.065600880738221714e-10
2.974462724501570249e-10
2.886896232237655478e-10
2.801658633954170674e-10
2.717705091426169870e-10
2.634347600893416549e-10
2.551201496823206552e-10
2.468234044674622605e-10
2.385715887347207375e-10
2.304245148846060488e-10
2.225050170756864332e-10
2.147346881986879137e-10
2.073545007179641821e-10
2.003771162094359269e-10
1.938454731824033794e-10
1.877767876439181629e-10
1.821554582630299118e-10
1.769406593701715290e-10
1.720687603209089725e-10
1.674656910781784860e-10
1.630545540118399794e-10
1.587682910809887501e-10
1.545567713770468992e-10
1.503986556712926855e-10
1.462927726616098313e-10
1.422601982229004950e-10
1.383392688515371021e-10
1.345698619718679410e-10
1.309867855855865690e-10
1.276084442084626129e-10
1.244386564148273146e-10
1.214566341103822851e-10
1.186294723114831966e-10
1.159162964562767870e-10
1.132779552920246616e-10
1.106820572629096166e-10
1.081126015556658508e-10
1.055656207817442102e-10
1.030494503894024350e-10
1.005789290363909181e-10
9.816991504406069756e-11
9.583908241933467693e-11
9.357617300639486467e-11
9.139294970798743742e-11
8.927552422278528012e-11
8.721214288844248513e-11
8.519125511382043941e-11
8.320390004273464180e-11
8.124453185359906205e-11
7.931105846954882791e-11
7.740380822261446536e-11
7.552451481285422840e-11
7.367511239561460551e-11
7.185743390050581421e-11
7.007066075524349655e-11
6.831380912716510203e-11
6.658404540643710032e-11
6.487791989599691539e-11
6.319235274955612693e-11
6.152562902309157082e-11
5.987762088841078359e-11
5.824951976307064420e-11
5.664305506641927216e-11
5.505965467576721348e-11
5.349980234245482038e-11
5.196292310511298901e-11
5.044796768854685466e-11
4.895408440536958021e-11
4.748093898457983439e-11
4.602876674733047058e-11
4.459834719643085994e-11
4.319063016830710174e-11
4.180632662999572228e-11
4.044563567352301897e-11
3.910837432386855805e-11
3.779437380099146403e-11
3.650378928552865926e-11
3.523709472309830042e-11
3.399488412773556848e-11
3.277763821659846046e-11
3.158562209966289206e-11
3.041896244936024412e-11
2.927775911954016785e-11
2.816216505628980758e-11
2.707237735847560021e-11
2.600860528212040573e-11
2.497101750869050303e-11
2.395972329673438374e-11
2.297479219262613049e-11
2.201624624964827848e-11
2.108408297081076849e-11
2.017829060759699192e-11
1.929882547299148136e-11
1.844560610450793236e-11
1.761851250017185692e-11
1.681739086374496719e-11
1.604208216218365822e-11
1.529238332741610876e-11
1.456804586494435137e-11
1.386879087730902663e-11
1.319432244041846249e-11
1.254432918701146873e-11
1.191846752419977141e-11
1.131634637418270301e-11
1.073757200797262100e-11
1.018171660820870413e-11
9.648336324193231081e-12
9.136970320174873105e-12
8.647137414129276376e-12
8.178331077755354538e-12
7.730025467851858701e-12
7.301702549290591383e-12
6.892759130797302295e-12
6.502778888089006364e-12
6.131136240555743633e-12
5.777266186099347246e-12
5.440578608368417253e-12
5.120518170527335304e-12
4.816511742166515025e-12
4.527986648652565252e-12
4.254374176708290900e-12
3.995099320232206705e-12
3.749582658209989499e-12
3.517283855304573897e-12
3.297654712437960730e-12
3.090156898394579008e-12
2.894257589496330584e-12
2.709406247898351077e-12
2.535116761781526142e-12
2.370897062876957924e-12
2.216265982153324960e-12
2.070750482763706505e-12
1.933867789239554016e-12
1.805204441648676863e-12
1.684338520963297044e-12
1.570862962796879006e-12
1.464359319965058085e-12
1.364454227043232162e-12
1.270800068377134845e-12
1.183053063392629909e-12
1.100860615826909687e-12
1.023917264480130010e-12
9.519181989645441726e-13
8.845887996274318583e-13
8.216402354214744069e-13
7.628061705528081036e-13
7.078553692993650843e-13
6.565575268408583095e-13
6.086822254841342717e-13
5.640155936403917378e-13
5.223660530222662967e-13
4.835522856091923494e-13
4.473904900436061863e-13
4.137045141875949369e-13
3.823618892817241966e-13
3.531921290194311428e-13
3.260599913032289018e-13
3.008464292258472733e-13
2.774135777949964582e-13
2.556433360682562485e-13
2.354412314730536732e-13
2.166932837281838494e-13
1.992969131080566402e-13
1.831801422444880078e-13
1.682399254233950321e-13
1.544004793600686806e-13
1.415953530925237611e-13
1.297443555160172585e-13
1.187852099164039008e-13
1.086563427060111768e-13
9.929947603063637568e-14
9.066243003580492594e-14
8.269095825175808231e-14
7.534748006678713655e-14
6.857962380125032048e-14
6.234819210415339797e-14
5.661539056357017564e-14
5.134585398446147738e-14
4.650634252292768156e-14
4.206505882427596122e-14
3.799233689608984028e-14
3.426225334242101919e-14
3.084883889587806290e-14
2.772858422249062464e-14
2.487926135897116530e-14
2.228054318006270574e-14
1.991300262569293095e-14
1.775905925595559891e-14
1.580194503675163136e-14
1.402632703033864361e-14
1.241791366439474016e-14
1.096302618937887703e-14
9.650466661586741465e-15
8.466845199210612915e-15
7.402494363307830361e-15
6.445607182126380038e-15
5.591012022702286949e-15
4.825762117509829759e-15
4.143218606270421595e-15
3.535823140143248621e-15
2.996416746184924379e-15
2.518531577695071533e-15
2.096072758772554179e-15
1.723507501971064948e-15
1.395820599066258242e-15
1.108544065097843918e-15
8.577063040454460232e-16
6.398461185557542854e-16
4.519747827324916589e-16
2.915377172545480168e-16
1.563882638169142192e-16
4.472481230759432798e-17
-4.502497666056071683e-17
-1.143354883423139467e-16
-1.647385448412360299e-16
-1.979865080918308900e-16
-2.161699286299171113e-16
-2.217781120384056058e-16
-2.176737650213702000e-16
-2.068673009089762340e-16
-1.921904614260355326e-16
-1.760663574967655810e-16
-1.603507552856987411e-16
-1.462097961653530807e-16
-1.341091470274054910e-16
-1.238802995446044771e-16
-1.149479556707668969e-16
-1.066928516680789801e-16
-9.875526959401523983e-17
-9.092185237677606170e-17
-8.311909134248809730e-17
-7.543440937546883721e-17
-6.811147140001364061e-17
-6.148365569934864657e-17
-5.585182277928683832e-17
-5.135002716080831193e-17
-4.796894327903297932e-17
-4.560127578121666668e-17
-4.405348650030006476e-17
-4.308115922119634666e-17
-4.242948791088715706e-17
-4.189494193940912990e-17
-4.138146012595970949e-17
-4.090430946988274475e-17
