# bin_1_1
7.286936956323744420e-09
7.295814306441920465e-09
7.303647244341132168e-09
7.310966066431882501e-09
7.315893666001642665e-09
7.320514592984398125e-09
7.323802838344698390e-09
7.325860071256515757e-09
7.326595300576805513e-09
7.326063116322099886e-09
7.324256743623601211e-09
7.320963824037198470e-09
7.316209125796254024e-09
7.309940471206654179e-09
7.302229957287518588e-09
7.292970495294717139e-09
7.282121630374480895e-09
7.269662198403920036e-09
7.255399792756904974e-09
7.239745912485875980e-09
7.222260305299141029e-09
7.203028231116701548e-09
7.181965980556018861e-09
7.159168441167685252e-09
7.134591165025003176e-09
7.108192870219816426e-09
7.079910682593614406e-09
7.049733823378248917e-09
7.017668312221582486e-09
6.983748267661813058e-09
6.947925736889890296e-09
6.910148131896459527e-09
6.870454627700181612e-09
6.828859090659547716e-09
6.785258418537659851e-09
6.739827017126386382e-09
6.692558146600461934e-09
6.643365254049057494e-09
6.592271262168503454e-09
6.539316843411671800e-09
6.484522968746732507e-09
6.427916103394106790e-09
6.369526444685848188e-09
6.309336822361040596e-09
6.247961986255486103e-09
6.183989282510017077e-09
6.118811299674900119e-09
6.052082621366938026e-09
5.983802416806313952e-09
5.914042641222676089e-09
5.842866948977001300e-09
5.768693349011467980e-09
5.696500775380013147e-09
5.621459460930127600e-09
5.545264109253222010e-09
5.467996248202844428e-09
5.389735284808967629e-09
5.310563043848060970e-09
5.230559235426045354e-09
5.149795984635494119e-09
5.068426187258520612e-09
4.986461406147560607e-09
4.904039647326878010e-09
4.821242019270866442e-09
4.738155568687328493e-09
4.654877117731072066e-09
4.571499095172313698e-09
4.488074433526401933e-09
4.404805094642874262e-09
4.321684237757329909e-09
4.238817263210322952e-09
4.156289190913486814e-09
4.074182983758166617e-09
3.992520663096569468e-09
3.911543714833536130e-09
3.831149994892235353e-09
3.751460161536242396e-09
3.672532267930175642e-09
3.594422176752132270e-09
3.517174945617617061e-09
3.440834528121577585e-09
3.365438924717263857e-09
3.291020776695445129e-09
3.217598274488313934e-09
3.145192364242949065e-09
3.073825279748097435e-09
3.003500960956988779e-09
2.934218304265292828e-09
2.865993530340631894e-09
2.798803438474624680e-09
2.732643463642689894e-09
2.667495244327116236e-09
2.603352416054589329e-09
2.540187697537064540e-09
2.477975749719058494e-09
2.416702825848249533e-09
2.356314465784637514e-09
2.296856510176623566e-09
2.238241509510515275e-09
2.180475036822591782e-09
2.123532778645921451e-09
2.067392966815678098e-09
2.012059791016145343e-09
1.957522703788256950e-09
1.903772256755437472e-09
1.850815587936943336e-09
1.798659922799485173e-09
1.747312274341681008e-09
1.696779523767625234e-09
1.647128391801043862e-09
1.598334105140242255e-09
1.550440573284452691e-09
1.503481543259086751e-09
1.457484884421059559e-09
1.412482882829778956e-09
1.368499690843512719e-09
1.325594776589433174e-09
1.283760039718491508e-09
1.243032577111451710e-09
1.203421592310418659e-09
1.164936488051495613e-09
1.127591186665873135e-09
1.091371635747871642e-09
1.056270954335511884e-09
1.022220425637060328e-09
9.893850358975395015e-10
9.575503102373112962e-10
9.267458782844084668e-10
8.969450771723764363e-10
8.681038119934135061e-10
8.401893936463193044e-10
8.131567827235356347e-10
7.869710926760098477e-10
7.615924641004913076e-10
7.369924508937793131e-10
7.131402972816412879e-10
6.900154235127731520e-10
6.675965449500992596e-10
6.458709166863683648e-10
6.248225015185631804e-10
6.044396305080283166e-10
5.847076725587140684e-10
5.656171758344925645e-10
5.471504673213616425e-10
5.292935627034477989e-10
5.120237658391707782e-10
4.953213712736160939e-10
4.791616725151877426e-10
4.635208200967509743e-10
4.483743151258036906e-10
4.336979247247312719e-10
4.194744697931604460e-10
4.056816199854271131e-10
3.923046046904642787e-10
3.793299565406303307e-10
3.667477311835847905e-10
3.545499506187135366e-10
3.427380019479100787e-10
3.313081760943580932e-10
3.202676322970398852e-10
3.096191645775224802e-10
2.993735515985573107e-10
2.895346108910315560e-10
2.801077057910795968e-10
2.710895083248776588e-10
2.624729063413760267e-10
2.542419389282625615e-10
2.463703534177457401e-10
2.388262828520323784e-10
2.315751459824191737e-10
2.245780355744901942e-10
2.177727735256239903e-10
2.112238118810646099e-10
2.048158483358765884e-10
1.985697595202936218e-10
1.924843460181810990e-10
1.865674857368555890e-10
1.808310247716307885e-10
1.752901922236127470e-10
1.699583747739856924e-10
1.648427124946538880e-10
1.599411857210692354e-10
1.552443481206679456e-10
1.507320484191194648e-10
1.463801739267060589e-10
1.421637892257699912e-10
1.380611384296363536e-10
1.340578759173688335e-10
1.301487991719836407e-10
1.263373001538826765e-10
1.226320017714975076e-10
1.190428458835372203e-10
1.155764113203054191e-10
1.122336506913908985e-10
1.090073971078987543e-10
1.058859404654720738e-10
1.028551801194692342e-10
9.990278876081873516e-11
9.702085059655101679e-11
9.420672099993024950e-11
9.146187107647881974e-11
8.878940753375894199e-11
8.619150559876506300e-11
8.366781172320888548e-11
8.121533489102047325e-11
7.882960149733086277e-11
7.650609977749461920e-11
7.424135024983556821e-11
7.203310306860895485e-11
6.987992031112948689e-11
6.778059823588994543e-11
6.573387597912433011e-11
6.373842353515174023e-11
6.179298514631139490e-11
5.989643126201449566e-11
5.804766851761683782e-11
5.624547905821639696e-11
5.448851171971970247e-11
5.277540026523573955e-11
5.110493105929786372e-11
4.947616973221245741e-11
4.788838617221846816e-11
4.634088360570958631e-11
4.483291985713306831e-11
4.336369720061398884e-11
4.193243239811129408e-11
4.053838724144069784e-11
3.918085500615144158e-11
3.785917194632894098e-11
3.657272054877078821e-11
3.532089895721493838e-11
3.410310407714567408e-11
3.291870859907447415e-11
3.176708533880416518e-11
3.064765608496581108e-11
2.955987883887719190e-11
2.850321122549958152e-11
2.747709585093677613e-11
2.648095510336885206e-11
2.551422295957171480e-11
2.457634278944622175e-11
2.366676678056019124e-11
2.278494118288203717e-11
2.193030358863120020e-11
2.110229489399300484e-11
2.030034757399818234e-11
1.952389460175123522e-11
1.877238202641236686e-11
1.804526063239456347e-11
1.734197978142627394e-11
1.666197974909376337e-11
1.600469005037477195e-11
1.536955797470065618e-11
1.475603083629248691e-11
1.416356118361951698e-11
1.359160756882223703e-11
1.303963051948235003e-11
1.250709296004853299e-11
1.199345884278655068e-11
1.149819010580077324e-11
1.102078166526441132e-11
1.056072277995866489e-11
1.011750853020755930e-11
9.690643302455508954e-12
9.279640814649692055e-12
8.884017082761877421e-12
8.503291960312368734e-12
8.137011801473574711e-12
7.784725197859776941e-12
7.445990323370005512e-12
7.120373622835952896e-12
6.807451150790804755e-12
6.506790925577631484e-12
6.218003654175949477e-12
5.940695206744389636e-12
5.674481026574598937e-12
5.418987753396248124e-12
5.173842888183401179e-12
4.938675387347889521e-12
4.713152375126744147e-12
4.496937636056638363e-12
4.289705535635534650e-12
4.091135943638840895e-12
3.900892577828851696e-12
3.718693257779926525e-12
3.544247763123488487e-12
3.377272050945593233e-12
3.217476836000872798e-12
3.064591801980186174e-12
2.918361988096429567e-12
2.778537544718520241e-12
2.644879349404070858e-12
2.517128210680400539e-12
2.395058174370534791e-12
2.278458708935501461e-12
2.167117918862736851e-12
2.060801423940962316e-12
1.959327851252886473e-12
1.862486228514922174e-12
1.770106777898769006e-12
1.681994274876723259e-12
1.597956609377437669e-12
1.517846079291930608e-12
1.441496702556153267e-12
1.368743146355291651e-12
1.299427059211913816e-12
1.233406766104610005e-12
1.170551809253426492e-12
1.110689443955827283e-12
1.053718583168597838e-12
9.995131754706706802e-13
9.479318022861745501e-13
8.988676753989458739e-13
8.522183836637925469e-13
8.078533268640511437e-13
7.656764065616559169e-13
7.255983207420829506e-13
6.875137077374577300e-13
6.513260331116008096e-13
6.169614664496653114e-13
5.843207125551849078e-13
5.533310560897951788e-13
5.239165663560618514e-13
4.959955369177054967e-13
4.694991138548698026e-13
4.443613967110201126e-13
4.205146704124435144e-13
3.979014430829343983e-13
3.764548768040128729e-13
3.561272060449928181e-13
3.368523036938651836e-13
3.185929356280411881e-13
3.012855672193564373e-13
2.848895151523422467e-13
2.693559592119037175e-13
2.546484077813584171e-13
2.407191129156323082e-13
2.275310678404726102e-13
2.150452315683640930e-13
2.032305414075427907e-13
1.920482495530630656e-13
1.814636806888875000e-13
1.714549417493533165e-13
1.619837950233210124e-13
1.530268683380456929e-13
1.445571899426478992e-13
1.365447138933231741e-13
1.289713506346119931e-13
1.218103947945801647e-13
1.150408680546584457e-13
1.086395873436541615e-13
1.025899751323266012e-13
9.687185956332602175e-14
9.146572348882399036e-14
8.635764790735431175e-14
8.153023000758221895e-14
7.696821965186799998e-14
7.265682481769159448e-14
6.858286015297052900e-14
6.473352526478587891e-14
6.109675036082711532e-14
5.766072264536584433e-14
5.441513105606193000e-14
5.134964812614251635e-14
4.845432289634258753e-14
4.572083772497749188e-14
4.313962255506059301e-14
4.070314144068660748e-14
3.839772137594242375e-14
3.623181736986503537e-14
3.417956817542139262e-14
3.224562908285594104e-14
3.041984337959244081e-14
2.869538396605131232e-14
2.706649310828459078e-14
2.552809418631763543e-14
2.407549861025192223e-14
2.269907123281115834e-14
2.140466256832292327e-14
2.018432694206251403e-14
1.903427175499998466e-14
1.795028526160112663e-14
1.692843572812624650e-14
1.596477094246837566e-14
1.505569854649610463e-14
1.419832418636109585e-14
1.338914421977758195e-14
1.262571769268850108e-14
1.190546541693110764e-14
1.122616971593953255e-14
1.058535044874766107e-14
9.980888888637862596e-15
9.411076059251172006e-15
8.873484901550031098e-15
8.366289609579446205e-15
7.888014802557211824e-15
7.436542018571990157e-15
7.010880427052186901e-15
6.609098215252326998e-15
6.230068715610084629e-15
