# bin_5_5
2.630752211067564386e-08
2.652087236948159687e-08
2.673602237262281900e-08
2.695290983207134504e-08
2.717146023796024810e-08
2.739174602021791194e-08
2.761313993936891391e-08
2.783698482000391208e-08
2.806167519330759180e-08
2.828767896477242432e-08
2.851491308897198638e-08
2.874244218497052091e-08
2.897183556911587858e-08
2.919803629212938420e-08
2.943413811727447603e-08
2.966619212202270685e-08
2.989891915530086962e-08
3.013244518373407334e-08
3.036674649521046226e-08
3.060052155538732744e-08
3.083526563539312260e-08
3.107007993138287868e-08
3.130505105143999436e-08
3.153995204225889836e-08
3.177471392886891251e-08
3.200922916546522851e-08
3.224318246983398025e-08
3.247653362345046826e-08
3.270914930496817403e-08
3.294094812005643189e-08
3.317172714826809131e-08
3.340126953002210409e-08
3.362943722143576020e-08
3.385610855736099713e-08
3.408130013609712692e-08
3.430437079702936255e-08
3.452570118248775757e-08
3.474479295185934033e-08
3.496119427987031354e-08
3.517564794978811560e-08
3.538704800288149350e-08
3.559558248319042354e-08
3.580132894131217057e-08
3.600367086058342633e-08
3.620158899950279847e-08
3.639647691845559585e-08
3.658740370879616581e-08
3.677425468716796278e-08
3.695676637015095894e-08
3.712825460417430254e-08
3.730790854837981995e-08
3.747494179187694845e-08
3.763916306533836074e-08
3.779683108772722878e-08
3.794887360467261485e-08
3.809509656234115903e-08
3.823555904096436036e-08
3.836979419224218013e-08
3.849658337261832335e-08
3.861723644241243212e-08
3.873110802038881679e-08
3.883790241338767544e-08
3.893713476226115160e-08
3.902895107574325370e-08
3.911300217958121031e-08
3.921439129372478647e-08
3.925695772737857993e-08
3.931654912303096561e-08
3.936761844043875215e-08
3.940988319360836483e-08
3.944184132342271831e-08
3.946736117643548514e-08
3.948219573302012389e-08
3.948744846641364861e-08
3.948320123850384951e-08
3.946896452141355988e-08
3.944479744517759257e-08
3.941041823163159622e-08
3.936570455907709710e-08
3.931053638865918659e-08
3.924471379080741922e-08
3.916840204914792822e-08
3.908081055060770248e-08
3.898245522810196985e-08
3.887303383781865883e-08
3.875315745246228612e-08
3.862066964082469786e-08
3.847754524485561187e-08
3.832310389007537797e-08
3.815762100552485668e-08
3.797998343011385228e-08
3.779131901258793844e-08
3.759124464088776015e-08
3.737971582112435975e-08
3.715681680465543300e-08
3.692246477150666591e-08
3.667299162777318219e-08
3.642038584983960236e-08
3.615262766722127579e-08
3.587386889904151643e-08
3.558426338725248911e-08
3.528393059822792225e-08
3.497273943864699445e-08
3.465188314071818964e-08
3.432055239359520305e-08
3.397929094490128054e-08
3.362831920133582152e-08
3.326789225828894869e-08
3.289832784273470125e-08
3.251987805275271252e-08
3.213284245740373054e-08
3.173754938559743029e-08
3.133432813033100732e-08
3.092353087582340711e-08
3.050823421541381869e-08
3.008064494787803851e-08
2.964936522450182456e-08
2.921201510281888956e-08
2.876902000026244868e-08
2.832088263869757858e-08
2.786783868899991895e-08
2.741055963238618064e-08
2.694938677680483607e-08
2.648455932173629353e-08
2.601726236229967681e-08
2.554737987999863455e-08
2.507544319258698622e-08
2.460205533564016556e-08
2.412768786904555896e-08
2.365284542750393450e-08
2.317799985983251225e-08
2.270366781495258593e-08
2.223032484575371765e-08
2.175843780061812819e-08
2.128854559550690743e-08
2.082094019022486500e-08
2.035624614665469166e-08
1.989480902693683139e-08
1.943711058045716597e-08
1.898339648372834255e-08
1.853420392081043108e-08
1.808983252941564743e-08
1.765062735468570340e-08
1.721692542419890143e-08
1.678895576969580627e-08
1.636706365209378424e-08
1.595147831854210738e-08
1.554238323394571642e-08
1.514003462113614517e-08
1.474455127124626380e-08
1.435610559599719052e-08
1.397482138502864837e-08
1.360073098116756653e-08
1.323393835973796783e-08
1.287448113066220839e-08
1.252229897076718627e-08
1.217742954979669148e-08
1.183981848402926047e-08
1.150939459457537344e-08
1.118601913634243615e-08
1.086968854092578223e-08
1.056029046627148542e-08
1.025746997456788678e-08
9.961331565770560320e-09
9.676681672539993233e-09
9.388254017385262893e-09
9.110965112411901455e-09
8.839711958927482493e-09
8.574329741925954174e-09
8.314797909230843074e-09
8.060426162761936115e-09
7.811694866964093213e-09
7.568292558900953203e-09
7.330070086892635943e-09
7.097050990540150261e-09
6.869089138121411411e-09
6.646171800575487512e-09
6.428247970967554672e-09
6.215394477669660244e-09
6.007523599091171142e-09
5.804693299688193811e-09
5.606927856310372638e-09
5.414287970307759349e-09
5.226809443559890109e-09
5.044543815914622465e-09
4.867535997396292160e-09
4.695776943189465038e-09
4.529378906108682075e-09
4.368342746312319518e-09
4.212600427026051361e-09
4.062300294649861988e-09
3.917185890825773048e-09
3.777302236541214812e-09
3.642536302422738164e-09
3.512752773477685699e-09
3.387803395311402225e-09
3.267519542716918068e-09
3.151714984394124781e-09
3.040202904304900612e-09
2.932766011320905908e-09
2.829210476521938853e-09
2.729323214555309555e-09
2.632937131721773595e-09
2.539853480348017492e-09
2.449922387337779842e-09
2.363009748482761347e-09
2.279002557644739606e-09
2.197820922943538887e-09
2.119359336349523295e-09
2.043594315762061917e-09
1.970466617059690930e-09
1.899945701312787449e-09
1.831990678221023735e-09
1.766575571829428861e-09
1.703636748598813242e-09
1.643138640721066487e-09
1.585007400848698359e-09
1.529164159689962618e-09
1.475521367828427337e-09
1.423977371265495707e-09
1.374434992113301995e-09
1.326794251440600215e-09
1.280958217352900259e-09
1.236854523303475434e-09
1.194383872650443059e-09
1.153495230569572837e-09
1.114109058423051860e-09
1.076194438637126171e-09
1.039997359558394278e-09
1.004530485425481062e-09
9.707096648000777952e-10
9.381629711842349752e-10
9.068608119725338686e-10
8.767493356598019927e-10
8.477861972151332590e-10
8.199113904117928461e-10
7.930839225261386640e-10
7.672510638498241775e-10
7.423627895455179466e-10
7.183814814165115725e-10
6.952660064659920447e-10
6.729814117384460587e-10
6.514980524593619956e-10
6.307848136368552698e-10
6.108122616335194995e-10
5.915532983848862272e-10
5.729755499732103584e-10
5.550454982769994041e-10
5.377326828610697865e-10
5.210082382615881881e-10
5.048480879020514255e-10
4.893857458532805088e-10
4.741367776028021565e-10
4.595411617500863860e-10
4.454227592546445479e-10
4.317601122506291894e-10
4.185339437766789705e-10
4.057258358517636034e-10
3.933186949914409762e-10
3.812966080274993846e-10
3.696440599934090447e-10
3.583455934791869092e-10
3.473862604400644428e-10
3.367524106867315829e-10
3.264317473060832296e-10
3.164125385056013289e-10
3.066832913739579514e-10
2.972328409597983979e-10
2.880507114107060373e-10
2.791272783538595318e-10
2.704534815494564992e-10
2.620206848255078960e-10
2.538206253142921344e-10
2.458455089966431412e-10
2.380880554842803572e-10
2.305413609724001528e-10
2.231987963636395754e-10
2.160542307408577680e-10
2.091017988788690331e-10
2.023359903766370929e-10
1.957516012112421369e-10
1.893436705579635422e-10
1.831075345456961809e-10
1.770387424231127587e-10
1.711330566748343788e-10
1.653864814898916574e-10
1.597951772479389952e-10
1.543553985903416813e-10
1.490637353009086010e-10
1.439168653112206555e-10
1.389116061806022962e-10
1.340448878166583261e-10
1.293137451076123986e-10
1.247153444913400468e-10
1.202469347810081395e-10
1.159058379431298902e-10
1.116893904079315388e-10
1.075950643394404169e-10
1.036204423020498569e-10
9.976311440250860727e-11
9.602070774238560033e-11
9.239091570561316910e-11
8.887146200711217948e-11
8.546009728133272693e-11
8.215458059545472962e-11
7.895262139104634227e-11
7.585213965638980317e-11
7.285098081870065039e-11
6.994700622885791331e-11
6.713810558128488885e-11
6.442217701394377585e-11
6.179714135855334655e-11
5.926084683363782472e-11
5.681120988461502157e-11
5.444624353736990330e-11
5.216390047406520288e-11
4.996214880551272018e-11
4.783897768440789837e-11
4.579239900920340503e-11
4.382033172359520855e-11
4.192082109178824335e-11
4.009193745393596391e-11
3.833175406516298443e-11
3.663835245076065668e-11
3.500983894196204323e-11
3.344427614613347140e-11
3.193975202438077438e-11
3.049450351416893319e-11
2.910671969374047876e-11
2.777462091874574795e-11
2.649646663083886494e-11
2.527041416907097732e-11
2.409478695378221875e-11
2.296795172804579400e-11
2.188828124058540470e-11
2.085417962619197624e-11
1.986389411338691214e-11
1.891605183515896276e-11
1.800911106538213757e-11
1.714170963800060609e-11
1.631211912550842292e-11
1.551915208826626223e-11
1.476131253925556613e-11
1.403734379272514423e-11
1.334596116077498317e-11
1.268590383985347393e-11
1.205580055896249133e-11
1.145457153021194690e-11
1.088107693694195254e-11
1.033421076380410868e-11
9.812776233987996264e-12
9.315765634598822635e-12
8.842210033377771433e-12
8.391141664438543687e-12
7.965255935479383159e-12
7.556022280711870799e-12
7.166551785319117125e-12
6.792535361590546625e-12
6.439952792572031432e-12
6.104599001545766191e-12
5.785735619685833732e-12
5.482573163842804476e-12
5.194356673026205484e-12
4.920504289209577083e-12
4.660359315926611997e-12
4.413164860833340248e-12
4.180696409859114113e-12
3.957645556793008795e-12
3.745926606190790987e-12
3.545019294534896629e-12
3.354415900698757000e-12
3.171991879727494286e-12
3.000559585041910080e-12
2.838004161571261766e-12
2.683835568038268910e-12
2.537729944926935537e-12
2.399235854811596341e-12
2.267984057042208719e-12
2.144913685059144406e-12
2.025865712642137012e-12
1.914334306728260083e-12
1.808695284852916081e-12
1.709545794070747478e-12
1.614021816369178572e-12
1.524399446545178524e-12
1.439648460752321403e-12
1.359409699364155582e-12
1.283553428154911564e-12
1.211770290023064810e-12
1.143911169915231909e-12
1.079741747654911058e-12
1.019087953415711962e-12
9.617456685393631224e-13
9.075529598360749335e-13
8.563593029500678600e-13
8.079295022323257949e-13
7.622337590710876872e-13
7.190784212148579698e-13
6.786837066808712431e-13
6.398028482340514735e-13
