# bin_3_1
4.086294343155740874e-08
-1.956500713141523187e-08
3.768464966258943211e-08
-1.907347128902456511e-08
3.481080249623456606e-08
-1.850601510455737500e-08
3.221055335755176073e-08
-1.787805202254904578e-08
2.985718604581320004e-08
-1.720198651073685872e-08
2.772767311347252743e-08
-1.648755279516999466e-08
2.580230542802521311e-08
-1.574209012112698384e-08
2.406438783590277276e-08
-1.497076120393031774e-08
2.249999372178817154e-08
-1.417671860729263748e-08
2.109777431455366112e-08
-1.336122352978449723e-08
1.984881727920148409e-08
-1.252372096255585035e-08
1.874655113044984173e-08
-1.166187414908030508e-08
1.778669210119869242e-08
-1.077156178308251837e-08
1.696722945784214553e-08
-9.846841106550945602e-09
1.628844612010284297e-08
-8.879880550445190174e-09
1.575296960762626684e-08
-7.860866919992219847e-09
1.536584816282939973e-08
-6.777892899329432951e-09
1.513464447772501909e-08
-5.616833529227274485e-09
1.506953745762200702e-08
-4.361222416920431795e-09
1.518341870817200893e-08
-2.992142719492749364e-09
1.549196693169490257e-08
-1.488152625413573643e-09
1.601367734262070774e-08
1.747297139562039953e-10
1.676981769920488462e-08
2.022949508531729202e-09
1.778427512571046318e-08
4.085207414719352882e-09
1.908325004025044632e-08
6.392072891529735386e-09
2.069474588005598168e-08
8.975364208933824833e-09
2.264779649110691674e-08
1.186723398472341153e-08
2.497136850348601942e-08
1.509889764847393751e-08
2.769287693540651058e-08
1.869894540765870318e-08
3.083625983668046969e-08
2.269119277944273511e-08
3.441957906249628914e-08
2.709205225171089036e-08
3.845215067571056845e-08
3.190745683764010845e-08
4.293126876747435378e-08
3.712943908168065645e-08
4.783867395861865972e-08
4.273257276670901018e-08
5.313703740755493497e-08
4.867061984369299097e-08
5.876688248213895705e-08
5.487389079418211167e-08
6.464454254476578614e-08
6.124800881736737470e-08
7.066193507852776628e-08
6.767494131707638107e-08
7.668908536645647962e-08
7.401727960317253223e-08
8.258039718396375041e-08
8.012673919828159151e-08
8.818556319141873508e-08
8.585762526027831212e-08
9.336562881828940458e-08
9.108545002521066764e-08
9.801396118902082604e-08
9.572990117558913170e-08
1.020806475463060251e-07
9.977989266797260694e-08
1.055971578774167896e-07
1.033165595048180705e-07
1.086961273604109376e-07
1.065280779957508107e-07
1.116192836084337147e-07
1.097087060173020894e-07
1.147056401351274830e-07
1.132343977012652516e-07
1.183532073270868523e-07
1.175099600418238121e-07
1.229518575239672876e-07
1.228890961518479541e-07
1.287934445591917261e-07
1.295791343974952061e-07
1.359773644410154042e-07
1.375552674136219697e-07
1.443426218148718598e-07
1.465203507781704824e-07
1.534651362198248708e-07
1.559482152708631373e-07
1.627528375299794021e-07
1.652320375137258088e-07
1.716429400376034102e-07
1.739190128708178716e-07
1.798546732143704565e-07
1.819542604109361081e-07
1.875915169217306068e-07
1.898057811059991576e-07
1.955553346174654990e-07
1.983425441069562315e-07
2.046785154196167507e-07
2.084327633892745165e-07
2.156271091225627566e-07
2.204181314020021090e-07
2.283351304718527607e-07
2.338082728911436229e-07
2.419518315031696957e-07
2.475426002397527949e-07
2.554246559136639918e-07
2.608268810891527078e-07
2.684424698842308721e-07
2.739718038120942542e-07
2.819332758953028724e-07
2.883502750290233750e-07
2.973901183619471800e-07
3.051713506895011236e-07
3.153678567468283167e-07
3.241336526410674538e-07
3.347770161503241142e-07
3.437263674790269083e-07
3.542633075906866603e-07
3.633478143786987882e-07
3.743405795919080909e-07
3.845546584256766144e-07
3.970523365545446110e-07
4.090220605480545639e-07
4.229301822825600411e-07
4.358702855083678663e-07
4.501590291437636468e-07
4.634225926640772541e-07
4.783211202075669034e-07
4.929858601583381318e-07
5.098392419829117666e-07
5.266616958855504339e-07
5.451326951885665744e-07
5.629428762200350596e-07
5.820049651063604529e-07
6.008685583900760530e-07
6.217879647571268427e-07
6.431758691698799381e-07
6.663428551471742013e-07
6.892086012960857362e-07
7.132490955853774921e-07
7.374397130723272788e-07
7.637296249957679983e-07
7.906545668317731678e-07
8.189647967863287456e-07
8.470150003959405663e-07
8.764580429243949470e-07
9.066801697795037691e-07
9.387110284673291367e-07
9.706829172538081823e-07
1.003474435997406831e-06
1.036681200280739913e-06
1.071618384549899107e-06
1.106570324322822308e-06
1.141943156928455770e-06
1.177423660195380226e-06
1.214260248783777131e-06
1.250729545714915151e-06
1.287218355517378441e-06
1.323719863757779263e-06
1.360911493998231125e-06
1.397002294432534819e-06
1.433085488242404280e-06
1.469032350424687570e-06
1.504466788618631327e-06
1.538736502639430509e-06
1.573319123699182556e-06
1.606600760846682280e-06
1.639252040705603015e-06
1.671527130336733453e-06
1.702910558729342596e-06
1.733493254270594513e-06
1.764143324472734601e-06
1.793458513934068150e-06
1.823263410744739972e-06
1.852158556886446700e-06
1.881286091168478812e-06
1.910269900846432639e-06
1.939243656995382688e-06
1.968554077840217562e-06
1.997837028039323313e-06
2.027574823381874761e-06
2.057330043516984452e-06
2.087422047412226955e-06
2.117490101424276302e-06
2.147653446221217581e-06
2.177648560140185315e-06
2.207470541338051071e-06
2.236958819672230062e-06
2.266083125106886115e-06
2.294801866487435089e-06
2.323134570164900035e-06
2.351161575770293126e-06
2.378973816585227662e-06
2.406734107244248648e-06
2.434561675074576114e-06
2.462616552920377369e-06
2.490962328144736001e-06
2.519664210584164077e-06
2.548666703336498101e-06
2.577908381871434415e-06
2.607237160687505634e-06
2.636536268052748909e-06
2.665672982930162227e-06
2.694608137365641020e-06
2.723348445849495816e-06
2.752001677499168925e-06
2.780706454821976254e-06
2.809623532319427119e-06
2.838861632581179998e-06
2.868449947146180052e-06
2.898322071907828708e-06
2.928329638681212829e-06
2.958315480651251815e-06
2.988152931040889322e-06
3.017838362078933058e-06
3.047454497788946017e-06
3.077186332496694532e-06
3.107172206507972704e-06
3.137495685004685728e-06
3.168062490896514376e-06
3.198728041133875189e-06
3.229295135809451762e-06
3.259728069549319465e-06
3.290081830612884670e-06
3.320566911353363040e-06
3.351290338606377648e-06
3.382278560542438146e-06
3.413334605035663536e-06
3.444310518203550947e-06
3.475112362223965397e-06
3.505907703477274119e-06
3.536841397755937826e-06
3.568012917326530492e-06
3.599234093116813990e-06
3.630350038802011272e-06
3.661275933577295983e-06
3.692224474082512908e-06
3.723308585620802420e-06
3.754517477617105416e-06
3.785585956231885116e-06
3.816482003948421785e-06
3.847315590286380576e-06
3.878291506453088186e-06
3.909247019861295475e-06
3.940028522778476949e-06
3.970617075714311294e-06
4.001268324662823607e-06
4.031905651886994006e-06
4.062364999103412602e-06
4.092593315029096425e-06
4.122848295414970022e-06
4.153016915266183002e-06
4.182947182090417862e-06
4.212677090117704578e-06
4.242408154181722412e-06
4.271888833296061058e-06
4.301123974192553597e-06
4.330258043346284241e-06
4.359232833012288442e-06
4.387856215717364954e-06
4.416399756124308162e-06
4.444698031698586334e-06
4.472695292721580423e-06
4.500521945975848689e-06
4.528081590280874672e-06
4.555307985167325312e-06
4.582382153675590418e-06
4.609015264588699479e-06
4.635462829587844753e-06
4.661527101789278977e-06
4.687284045999141890e-06
4.712703250492347573e-06
4.737738633912253885e-06
4.762447737982466080e-06
4.786742561256070732e-06
4.810675716053864472e-06
4.834190696218989723e-06
4.857318932270331119e-06
4.880020441974573031e-06
4.902296698436404229e-06
4.924141126672952749e-06
4.945543485690859979e-06
4.966498861648926136e-06
4.986979432290069605e-06
5.006989929072878587e-06
5.026505406693463744e-06
5.045523854794346376e-06
5.064005964133163067e-06
5.081960688920747174e-06
5.099351499803421097e-06
5.116183990970785287e-06
5.132424468007341669e-06
5.148092215597728411e-06
5.163160528957717212e-06
5.177649497268156728e-06
5.191524329960767267e-06
5.204813457454186396e-06
5.217480366778521272e-06
5.229533824090814166e-06
5.240920886787593931e-06
5.251649501429926536e-06
5.261669356762823650e-06
5.270989442463140297e-06
5.279569097467747105e-06
5.287442777774346548e-06
5.294590220569848809e-06
5.301048612553779439e-06
5.306792831864522160e-06
5.311843595631401621e-06
5.316149218649277266e-06
5.319704295523569791e-06
5.322452252237655721e-06
5.324403482704170607e-06
5.325535055849280850e-06
5.325891499218530992e-06
5.325457911852624617e-06
5.324256081009247300e-06
5.322230119110659072e-06
5.319358614022137480e-06
5.315580991614949895e-06
5.310913330523286914e-06
5.305358797497870288e-06
5.298975899526150959e-06
5.291750677267018251e-06
5.283684162257892580e-06
5.274713952129059317e-06
5.264844262348121881e-06
5.254066039686178388e-06
5.242436852405513894e-06
5.229945271436350824e-06
5.216586561844380053e-06
5.202306490599821909e-06
5.187135618674314557e-06
5.171086127437074609e-06
5.154200032950094662e-06
5.136429492021937631e-06
5.117769579461227461e-06
5.098192873713225921e-06
5.077726146427669770e-06
5.056335991788770621e-06
5.034045595128478710e-06
5.010865222666701335e-06
4.986834205399014922e-06
4.961913409849269668e-06
4.936130094343375464e-06
4.909501109428800968e-06
4.882038667063135919e-06
4.853698279260871758e-06
4.824553336209035520e-06
4.794620301253974004e-06
4.763858634917439925e-06
4.732243858231124634e-06
4.699854717922055131e-06
4.666650592423574983e-06
4.632669276977278304e-06
4.597949310173470647e-06
4.562474568204785473e-06
4.526243797590037559e-06
4.489329282270814719e-06
4.451716439556305089e-06
4.413459360700712383e-06
4.374503627084297491e-06
4.334903845481160524e-06
4.294654306291901730e-06
4.253797470196335641e-06
4.212345396926721196e-06
4.170308530175344224e-06
4.127766042690430060e-06
4.084728593763991426e-06
4.041201699014351145e-06
3.997179730148406508e-06
3.952696126543337755e-06
3.907795622193274800e-06
3.862500144908462705e-06
3.816879165493499558e-06
3.770945383114776943e-06
3.724695047560396601e-06
3.678135348721101904e-06
3.631350065183328522e-06
3.584344475258044994e-06
3.537163142353233610e-06
3.489832182732617520e-06
3.442364656725025022e-06
3.394782037034868157e-06
3.347116397478128688e-06
3.299365469704725177e-06
3.251630920955788864e-06
3.203886617800637553e-06
3.156140601374549023e-06
3.108408368576465671e-06
3.060773217702963364e-06
3.013248108335283412e-06
2.965804811740212169e-06
2.918503593784598888e-06
2.871398630406067651e-06
2.824495592559141183e-06
2.777823628323776286e-06
2.731410269043119160e-06
2.685284387710078467e-06
2.639500289320779405e-06
2.594045737331962230e-06
2.548924843191602957e-06
2.504221530413285644e-06
2.459882377716169608e-06
2.415940892238274312e-06
2.372419813587051557e-06
2.329329105127322918e-06
2.286670543356214662e-06
2.244477824470024816e-06
2.202780643968216772e-06
2.161573605372122803e-06
2.120915364639031017e-06
2.080794909434297197e-06
2.041229722399145290e-06
2.002243732467764521e-06
1.963805627703117734e-06
1.925939347832357850e-06
1.888626444829659887e-06
1.851882233306956942e-06
1.815720570318958209e-06
1.780147541833144878e-06
1.745192168826702252e-06
1.710855301962926069e-06
1.677148276632767281e-06
1.644045089671631939e-06
1.611541443142141906e-06
1.579625451973434595e-06
1.548300286271505445e-06
1.517573030391966914e-06
1.487462098559118713e-06
1.457976522694039970e-06
1.429106852988510405e-06
1.400826657335338465e-06
1.373115884982314963e-06
1.345975276846943376e-06
1.319413775913440240e-06
1.293446331891981396e-06
1.268067870358192765e-06
1.243262127468187049e-06
1.218993425022394990e-06
1.195250322333554602e-06
1.172041290572882078e-06
1.149388946019600857e-06
1.127274950080084389e-06
1.105660894230348363e-06
1.084515337850193861e-06
1.063857859021305646e-06
1.043703117815192171e-06
1.024034817189867778e-06
1.004804269195058372e-06
9.860046327116760589e-07
9.676560149750831173e-07
9.497659293263750989e-07
9.322856791548001296e-07
9.151939830080727803e-07
8.985088562081016976e-07
8.822403836411105065e-07
8.663327968168689729e-07
8.507695972495130444e-07
8.355784686945876862e-07
8.207495657391558346e-07
8.062215429111989860e-07
7.920206219579501617e-07
7.781666303655934924e-07
7.646062289275549607e-07
7.513260907363266901e-07
7.383712200142006053e-07
7.256818323272536661e-07
7.132527569503699636e-07
7.011033390275514277e-07
6.891854926922261335e-07
6.775168874560772985e-07
6.661054552142922988e-07
6.548882864161696666e-07
6.439286217901159828e-07
6.331642499012749728e-07
6.226125843613436112e-07
6.122508567456796067e-07
6.020655226498515114e-07
5.920810824746394641e-07
5.822555807469478861e-07
5.726123686664261510e-07
5.631167916468794675e-07
5.537912394349320217e-07
5.445994656154455743e-07
5.355537616803826947e-07
5.266415448713042516e-07
5.178773537721237447e-07
5.092382169470824272e-07
5.007218790167934735e-07
4.923199168185598986e-07
4.840422382457747133e-07
4.758775445110063296e-07
4.678217065711671913e-07
4.598649017508290432e-07
4.520098433015790351e-07
4.442488656407085159e-07
4.365810455525831071e-07
4.289992631216104426e-07
4.215038820129607248e-07
4.140894789949929635e-07
4.067585260430629672e-07
3.995064677650603320e-07
3.923335699009784071e-07
3.852354440321710169e-07
3.782130903451140805e-07
3.712581772124929403e-07
3.643708918032034152e-07
3.575486267134450659e-07
3.507896661025017194e-07
3.440876363876662874e-07
3.374526772277575945e-07
3.308842347030498551e-07
3.243796324642358211e-07
3.179415212976248902e-07
3.115765120684518969e-07
3.052754065604667748e-07
2.990427447234462453e-07
2.928772574107949009e-07
2.867829949131997590e-07
2.807648032122734842e-07
2.748215804013331928e-07
2.689545372967552170e-07
2.631649928719213016e-07
2.574467757304317881e-07
2.518027278854571781e-07
2.462307192654252545e-07
2.407410406011190443e-07
2.353313746461738654e-07
2.300044086517884619e-07
2.247527933791109214e-07
2.195780236626663662e-07
2.144762667246832001e-07
2.094513357390396990e-07
2.044999804815716801e-07
1.996223231572233104e-07
1.948133843104560797e-07
1.900777517960725995e-07
1.854184045565740829e-07
1.808395255522026101e-07
1.763345479099279973e-07
1.719006752081620898e-07
1.675366641192142480e-07
1.632476577821457305e-07
1.590310338676674411e-07
1.548862642196340876e-07
1.508130698797926619e-07
1.468142570384803754e-07
1.428823088981312958e-07
1.390134537681063420e-07
1.352114210715986337e-07
1.314853970911706295e-07
1.278335564774620259e-07
1.242550300431629192e-07
1.207466187490627143e-07
1.173027551333792470e-07
1.139217863306267086e-07
1.106161628525117099e-07
1.073857461468809109e-07
1.042218190862025665e-07
1.011173506953569714e-07
9.807154486962467241e-08
9.509116123074650791e-08
9.218492458689469340e-08
8.934350243237420412e-08
8.656468979789761621e-08
8.384817777354805233e-08
8.119712226771188494e-08
7.860676779314384978e-08
7.606755102240162834e-08
7.358264180356173334e-08
7.116515444655983797e-08
6.881861042457058341e-08
6.653120094891332854e-08
6.429408515988326286e-08
6.211272908671831136e-08
5.998977645656800817e-08
5.791958674911865721e-08
5.589628881832155339e-08
5.393005619772255527e-08
5.202709064069297722e-08
5.017440592866030458e-08
4.836565168299594685e-08
4.661542906657978599e-08
4.491753672046720964e-08
4.326315175051258356e-08
4.165392587696898706e-08
4.009283919574545486e-08
3.858301045104180716e-08
3.711754362791887630e-08
3.570200819809676028e-08
3.432777676754821207e-08
3.298839415234699237e-08
3.170814338975412849e-08
3.045998806026964892e-08
2.924686011658570633e-08
2.807555891739603122e-08
2.695312117376014895e-08
2.586492939993018363e-08
2.481579551685807455e-08
2.379177109891273764e-08
2.281210623015224888e-08
2.186793132149169478e-08
2.095285633024609528e-08
2.008130481543967107e-08
1.922700147694317707e-08
1.840972210352356425e-08
1.762219385622978537e-08
1.686910622410116560e-08
1.613910128702425330e-08
1.544188510640813678e-08
1.476356903634115680e-08
1.411569121869227971e-08
1.349687884575424598e-08
1.289626878856102002e-08
1.231815924613629908e-08
1.176754902679031876e-08
1.124356211329811519e-08
1.073561728189800570e-08
1.024658781727094389e-08
9.783122569351143496e-09
9.332905882378137678e-09
8.903652469089057838e-09
8.488725506394424725e-09
8.101388870438378854e-09
7.722764915620131506e-09
7.360642653842880893e-09
7.018317113526287046e-09
6.684456008620385268e-09
6.369313642176542854e-09
6.070075453528698715e-09
5.780515013808282167e-09
5.503930256495617858e-09
5.242951642726389615e-09
4.987330967921433634e-09
4.750227981439917693e-09
4.517139241200406885e-09
4.299265227976971647e-09
4.091488890797082529e-09
3.891663526968953798e-09
3.702481332614277183e-09
3.518821056937143153e-09
3.348601048720732220e-09
3.181957555126976781e-09
3.025028082427914451e-09
2.874511026743161286e-09
2.734640088487363938e-09
2.596705394320228847e-09
2.466801386801560567e-09
2.344688322203483067e-09
2.228109241408376320e-09
2.113769167606320931e-09
2.009435523228863890e-09
1.908689127556871194e-09
1.811023661502495400e-09
1.719468724698347150e-09
1.632840070611810099e-09
1.549909201663375250e-09
1.472709978841823157e-09
1.395741379752640867e-09
1.326054735135578093e-09
1.257588026355351758e-09
1.194225096050498583e-09
1.133587481502533003e-09
1.074880178531616159e-09
1.020283690407944193e-09
9.674452553778226662e-10
9.187918758142806963e-10
8.701977187620182627e-10
8.262778710492430256e-10
7.834139398477686386e-10
7.428498430291845012e-10
7.044805856823459935e-10
6.684241141813365377e-10
6.344254222890692322e-10
6.013175203899994907e-10
5.703137141295815956e-10
5.415018919868203998e-10
5.129833893133337222e-10
4.863561859659738964e-10
4.610035437183184685e-10
4.372637597067178890e-10
4.145714300106266418e-10
3.933257208625956121e-10
3.728748955880994781e-10
3.540156609543635460e-10
3.352269875703557546e-10
3.179085185871222795e-10
3.012795443107944139e-10
2.854554520599725595e-10
2.708992408933770242e-10
2.568854771727835260e-10
2.434975644768200458e-10
2.309523795878524440e-10
2.190337910927847358e-10
2.075330291809707716e-10
1.970372569255899457e-10
1.867299032737089335e-10
1.772498956755566544e-10
1.679772590666616573e-10
1.592677258019118813e-10
1.511564206964522901e-10
1.432692150581308470e-10
1.358684545995534757e-10
1.286961375431013205e-10
1.222384409123254540e-10
1.159248347218328131e-10
1.099127345780915594e-10
1.041267877750850683e-10
9.896499637173677855e-11
9.397878120863191629e-11
8.910510845795820298e-11
8.439316359027471748e-11
8.010748099597803626e-11
7.602372398217508881e-11
7.209822275686793047e-11
6.825496794268881264e-11
6.478240723342927825e-11
6.170164355215459026e-11
5.854948637110596880e-11
5.537502814177697281e-11
5.273890563789931397e-11
5.010661339252678368e-11
4.735262897964489032e-11
4.493170644869290092e-11
4.268392604766688983e-11
4.056388860579707150e-11
3.848177466778168290e-11
3.661127184133671694e-11
3.472237796565990078e-11
3.287191089776685786e-11
3.130157472156929565e-11
2.962757324675946038e-11
2.820484032722497549e-11
2.686535516528553089e-11
2.541547865558089095e-11
2.417107353595515816e-11
2.284190850426080279e-11
2.175663252730330199e-11
2.072555763161978047e-11
1.962757694109424366e-11
1.872802371142808432e-11
1.764631115671063198e-11
1.686290436868414732e-11
1.597823518497841788e-11
1.524372400328754683e-11
1.439918739844354767e-11
1.369110343267584638e-11
1.300630575238169907e-11
1.241215462864463494e-11
1.175434622733946280e-11
1.115226796283077383e-11
1.061067425044929891e-11
1.010637025864311937e-11
9.558466940677311817e-12
9.082658291159333348e-12
8.654972630099530638e-12
8.232018783215213719e-12
7.774293379459305152e-12
7.409459748754081893e-12
7.045519756673850207e-12
6.669951219063545846e-12
6.343143541303310210e-12
6.045297671434100282e-12
5.693174543497169562e-12
5.419239993373231384e-12
5.153379730700403556e-12
4.872918584938788101e-12
4.632381574038851871e-12
4.385754914386371226e-12
4.137064306324306917e-12
3.953559662462874793e-12
3.719470656796714563e-12
3.529129706750911539e-12
3.327088890912093649e-12
3.155319138900480831e-12
2.975377179983275460e-12
2.791279566671115135e-12
2.643867583738411859e-12
2.488835946341047148e-12
2.333122400700285362e-12
2.192325021430494488e-12
2.063112163342477514e-12
1.926000302404458383e-12
1.799795943492952762e-12
1.679569603836644074e-12
1.563027571533110629e-12
1.447776267898292940e-12
1.348652896892214757e-12
1.243013838164193483e-12
1.144159607956622257e-12
1.062270383269530259e-12
9.623102275100544209e-13
8.915406194543879220e-13
8.044993214913571937e-13
7.363579485863426106e-13
6.653435724300952539e-13
6.019960861092989831e-13
5.471512529381701338e-13
4.903977639204579652e-13
4.442319375556594749e-13
3.965609203336110333e-13
3.592010199603805198e-13
3.244353049214133331e-13
2.974370882023099925e-13
2.711253124821067132e-13
2.502999586595905830e-13
2.317457661174691027e-13
2.192822676447215308e-13
2.093363818396414681e-13
2.008829872682871984e-13
1.933732180107470388e-13
1.875491435470675683e-13
1.837523662399051627e-13
1.794640614413048143e-13
1.747836013079076232e-13
1.681039668784394472e-13
1.611994681709330109e-13
1.538688552085525485e-13
1.447805719542783167e-13
1.319218413863272712e-13
1.209506452743041613e-13
1.096254053543524401e-13
9.623074498640455238e-14
8.391822189212663051e-14
7.424277076928216092e-14
6.420471260986539104e-14
5.592852919456814461e-14
4.974099362821431930e-14
4.695471846811500322e-14
4.332852642571828889e-14
4.389851297372126094e-14
4.473524472914612739e-14
4.462250658331017713e-14
4.587048061531320355e-14
4.528887519773024769e-14
4.274486755313192173e-14
4.073182180030918353e-14
3.480413334486195603e-14
3.032837980313397085e-14
2.471207686652272912e-14
2.056800826925035004e-14
1.816281014522828981e-14
1.624260984097691815e-14
1.662098278572566529e-14
1.674138483501799925e-14
1.830146011438448158e-14
1.851156236960472326e-14
1.852275715716690878e-14
1.680691353554197993e-14
1.458018687557756426e-14
1.138727066384475031e-14
8.813506080096838026e-15
7.379411127244339580e-15
7.657619831275237837e-15
8.559229323482958328e-15
9.438391450781454738e-15
9.588937325766322813e-15
8.861427579471194734e-15
7.345846555218781766e-15
5.656667133455209382e-15
4.269367826648241034e-15
3.833664500738620757e-15
4.696955254403585431e-15
5.750080175857218577e-15
5.707167909689959902e-15
4.546631481685777625e-15
3.235380453744693574e-15
2.608422537239569630e-15
2.638915393429951376e-15
3.039298533285403103e-15
3.624594953443888137e-15
3.353285422212082079e-15
2.151665983046655806e-15
1.458183828373231810e-15
1.866867556704924791e-15
2.303562533341464361e-15
2.276316435895140319e-15
1.890313873692839964e-15
1.051954884207089451e-15
1.059939739285300964e-15
1.819429779521562275e-15
1.567096420770834662e-15
1.003090046703161233e-15
8.751798358243084529e-16
8.920854645344035402e-16
1.387227129578547892e-15
8.425294179533342154e-16
5.403832846580140232e-16
8.012795429527736779e-16
9.051229405856233831e-16
6.867023999943920448e-16
3.211358923345722966e-16
7.902949165177189513e-16
5.610201904643126408e-16
4.172801632994827384e-16
3.854159500043337540e-16
6.204373289872192186e-16
2.717207510645403478e-16
3.507846795797008241e-16
4.464394696009272090e-16
2.594281941722623892e-16
2.689863724472225637e-16
3.709558654032319433e-16
1.691610166321166406e-16
2.825278641968378528e-16
2.376139388382323275e-16
1.611817229109325832e-16
2.472493717964282598e-16
1.417353076371549497e-16
1.839217643790120890e-16
1.616827064188440432e-16
1.243745746122394917e-16
1.647624363459242478e-16
9.313359704000262366e-17
1.490706317394858096e-16
7.928517854847697230e-17
1.275937599943081783e-16
7.113571857550175155e-17
1.077652336121827154e-16
6.391615138299507226e-17
9.138846336280772583e-17
5.671837758808192485e-17
7.810829629440512801e-17
4.973713732159715834e-17
6.720997631595307676e-17
4.324081539351037799e-17
5.811683260394145828e-17
3.736924436172792485e-17
5.042841947831127186e-17
3.215672754771649415e-17
4.386793325965638178e-17
2.757941860321820701e-17
3.823582334418060834e-17
2.358718416922620302e-17
3.338099761312288671e-17
2.012081315132649706e-17
2.918430505638980077e-17
1.712049456281682547e-17
2.554898159945466561e-17
1.452971371459468808e-17
2.239485693297403755e-17
1.229684838523894924e-17
1.965461587962403986e-17
1.037563133276450152e-17
1.727122847372955767e-17
8.725065099246972624e-18
1.519608242598301672e-17
7.309084303685846726e-18
1.338756370221837441e-17
6.096115386844447072e-18
1.180994021387993407e-17
5.058609973268995943e-18
1.043246147531190933e-17
4.172590115918686466e-18
9.228619070906360637e-18
3.417223579343075075e-18
8.175531165177533856e-18
2.774436817087487207e-18
7.253425354099740443e-18
2.228567558720681778e-18
6.445201085113808874e-18
1.766056053560026715e-18
5.736057570659287973e-18
1.375172487225972618e-18
5.113176085936621184e-18
1.045777489309453944e-18
4.565448019619562411e-18
7.691124341040338339e-19
4.083241488472899181e-18
5.376162988899212414e-19
3.658200744422513365e-18
3.447660204579273416e-19
3.283073529936882428e-18
1.849375597299435135e-19
2.951562310484660453e-18
5.328512299439365718e-20
2.658195979870863799e-18
-5.436371644834821287e-20
2.398219148305129926e-18
-1.415990243441655998e-19
2.167496534123572826e-18
-2.115074148097106433e-19
1.962430370417747024e-18
-2.667404135965066305e-19
1.779889030407163629e-18
-3.095736728673882183e-19
1.617145316289755751e-18
-3.419582054622638554e-19
1.471823109344786876e-18
-3.655647007043749901e-19
1.341851236996897431e-18
-3.818218294924247735e-19
1.225423569900187633e-18
-3.919493220423212797e-19
1.120964542946695324e-18
-3.969865079595054034e-19
1.027099337600857932e-18
-3.978169153220360851e-19
9.426281332499909679e-19
-3.951894325289541300e-19
8.665038907217092477e-19
-3.897364905709447222e-19
