# bin_4_1
-1.287048586671958893e-07
1.461194503424379547e-07
-1.218029443270571069e-07
1.367541709830416524e-07
-1.151743752254589351e-07
1.280545099030383520e-07
-1.088157594361678494e-07
1.199717366007850169e-07
-1.027211639973925908e-07
1.124624454872031780e-07
-9.688242852484106712e-08
1.054881320773722779e-07
-9.128940132193865785e-08
9.901484841658998883e-08
-8.593010481143741591e-08
9.301293204171973958e-08
-8.079083587867471893e-08
8.745680353787619207e-08
-7.585620536653269302e-08
8.232482913227451073e-08
-7.110912001912545161e-08
7.759924435539252925e-08
-6.653071081058400335e-08
7.326613643244113643e-08
-6.210020949419084869e-08
6.931548165576464267e-08
-5.779477775882105753e-08
6.574123414846669886e-08
-5.358929231846650592e-08
6.254146100778919127e-08
-4.945609220027874255e-08
5.971851665437117229e-08
-4.536469617606948820e-08
5.727924674495860680e-08
-4.128150192807103290e-08
5.523520747355673278e-08
-3.716948327306603018e-08
5.360288090063531810e-08
-3.298790783308845969e-08
5.240386005468200423e-08
-2.869210565365918683e-08
5.166496871558286648e-08
-2.423332838746586930e-08
5.141826995589517736e-08
-1.955875101864666272e-08
5.170090567685595522e-08
-1.461168027049574083e-08
5.255469491047188830e-08
-9.332049148136254946e-09
5.402540478440628791e-08
-3.657290537190093328e-09
5.616159399627089760e-08
2.476304326757963067e-09
5.901291777808448233e-08
9.131628339531855767e-09
6.262777986118753193e-08
1.636808952016232408e-08
6.705022319820472678e-08
2.423813218867696697e-08
7.231597709234056046e-08
3.278288808586357154e-08
7.844762936076788208e-08
4.202696455380494894e-08
8.544897970424746808e-08
5.197248667381713138e-08
9.329876404672728530e-08
6.259267024728229974e-08
1.019441285374496220e-07
7.382542121785185091e-08
1.112944799578858640e-07
8.556773345364989562e-08
1.212166414930136881e-07
9.767197932486125516e-08
1.315325762427773389e-07
1.099455198498341509e-07
1.420212568984063166e-07
1.221553398904674301e-07
1.524264744026212992e-07
1.340395319212465005e-07
1.624723625084392990e-07
1.453272590479136112e-07
1.718879978121266395e-07
1.557681348119342895e-07
1.804414145215303755e-07
1.651705629870323162e-07
1.879815659066482964e-07
1.734463356188535749e-07
1.944840809434164379e-07
1.806556978065107182e-07
2.000932447281536487e-07
1.870434691676975384e-07
2.051490114793155298e-07
1.930534649697512831e-07
2.101851418459287945e-07
1.993068108651419805e-07
2.158844856313220462e-07
2.065318146918806779e-07
2.229822143662544919e-07
2.154410829755059115e-07
2.321194744195856198e-07
2.265670516422174883e-07
2.436690531520267605e-07
2.400892045450033377e-07
2.575784681872100133e-07
2.557097993919766363e-07
2.732964106675558169e-07
2.726489330524374708e-07
2.898519375065277176e-07
2.898184452681923970e-07
3.061257730224355948e-07
3.061826339402031055e-07
3.212793520346022033e-07
3.212202611859675205e-07
3.352005800306283111e-07
3.352940123332245367e-07
3.487318410435309632e-07
3.496757262715750675e-07
3.634463181036454127e-07
3.660557580578548398e-07
3.809125110789182092e-07
3.856335455423000211e-07
4.017320310001427716e-07
4.082654149840397618e-07
4.249804562494747586e-07
4.323679813243083035e-07
4.486861740814479562e-07
4.559842777197496116e-07
4.713602352995958304e-07
4.785084572778991511e-07
4.935292646422068047e-07
5.015948919838376498e-07
5.176557604654372620e-07
5.279234205768403394e-07
5.458937467784879801e-07
5.584483219636804736e-07
5.776247209618505687e-07
5.911062392713962576e-07
6.100082155183718067e-07
6.233396709791183544e-07
6.418568753466963008e-07
6.559977600087089530e-07
6.759199587631845603e-07
6.927149994681687045e-07
7.151497848184621078e-07
7.343459176198278140e-07
7.578109960534625433e-07
7.774388449618191936e-07
8.006978076509325402e-07
8.210862963051739135e-07
8.460505098852976366e-07
8.695646429526127088e-07
8.975505708790966813e-07
9.234730655504925864e-07
9.522673929514554393e-07
9.786179252714685021e-07
1.008265257991769505e-06
1.037257893590144840e-06
1.070372597940026120e-06
1.102620894346627716e-06
1.137214633833476954e-06
1.170111576592865345e-06
1.205839158346842541e-06
1.241821017761619649e-06
1.281208668685422245e-06
1.319792678892783488e-06
1.359864241925003264e-06
1.399388635512825362e-06
1.442054460291251754e-06
1.485175097404265708e-06
1.529692465912102471e-06
1.573099991454048085e-06
1.618599023053174403e-06
1.664907019059325006e-06
1.712440336816371521e-06
1.758649836527082268e-06
1.806161305757966047e-06
1.854334407284467076e-06
1.902884380854448201e-06
1.949934846238232828e-06
1.998034076523587190e-06
2.046149393164762847e-06
2.093276625201823123e-06
2.139428162026511804e-06
2.186368717157561536e-06
2.231678208567501798e-06
2.275904673200911558e-06
2.320247578751486192e-06
2.363247942488516659e-06
2.404830574267297326e-06
2.446717666352523398e-06
2.486842227555327113e-06
2.526403937178448936e-06
2.566027079664940505e-06
2.603971628360649231e-06
2.642760126115056630e-06
2.680471094826926044e-06
2.718522481990609287e-06
2.756705143564934477e-06
2.794738112117241090e-06
2.833604615841161077e-06
2.872264368275283943e-06
2.911847121402523560e-06
2.951332630574587350e-06
2.991471782543788367e-06
3.031531997769302884e-06
3.071824284529934692e-06
3.111920191826397412e-06
3.151820520938440451e-06
3.191376786163739855e-06
3.230439517073129975e-06
3.269130408438894723e-06
3.307268307413733237e-06
3.345223194167205395e-06
3.382822170827916886e-06
3.420611682782625133e-06
3.458379082887261011e-06
3.496722338241201364e-06
3.535289228543394240e-06
3.574603043177957143e-06
3.614102377261601351e-06
3.654194081549362819e-06
3.694151186441780929e-06
3.734357429657161440e-06
3.774081378509210373e-06
3.813851932895195388e-06
3.853091197453914523e-06
3.892551592132199353e-06
3.931794591542412538e-06
3.971660963024768490e-06
4.011639668477714044e-06
4.052415307158528241e-06
4.093224322997327902e-06
4.134541182511560112e-06
4.175473597392354898e-06
4.216549598114018171e-06
4.257070512342142912e-06
4.297853040847480052e-06
4.338429015945151283e-06
4.379688903140685240e-06
4.421013505472083512e-06
4.462992266157269438e-06
4.504704117044007434e-06
4.546619096041955700e-06
4.587965085295101441e-06
4.629551383496540072e-06
4.670922395635887604e-06
4.712947118540304788e-06
4.754918192386538320e-06
4.797303704179260646e-06
4.839175064434013270e-06
4.881143828291816305e-06
4.922702142571389622e-06
4.964767254070265934e-06
5.006736512581882999e-06
5.049081949764438898e-06
5.090877268295206181e-06
5.132733689013846155e-06
5.174215090763575475e-06
5.216178220209450398e-06
5.257892537103203783e-06
5.299713958924945868e-06
5.340902265359231793e-06
5.382302048448072732e-06
5.423483676027878723e-06
5.464915797839011965e-06
5.505712089209916562e-06
5.546533564989422105e-06
5.587043131753834662e-06
5.627806284893865465e-06
5.667940953074556038e-06
5.708040305421868372e-06
5.747788225996814849e-06
5.787680796130223571e-06
5.826876725864342297e-06
5.866070659398740779e-06
5.904894307084410000e-06
5.943638349829550429e-06
5.981691603984547027e-06
6.019863637180327251e-06
6.057466149853144235e-06
6.094848620650483447e-06
6.131773476572653800e-06
6.168610747988505901e-06
6.204697295833479680e-06
6.240782411618341960e-06
6.276161490980044229e-06
6.311306083962476098e-06
6.345889332717586342e-06
6.380084067772352622e-06
6.413669964257597112e-06
6.446927932138711123e-06
6.479424028565030779e-06
6.511642019336167583e-06
6.543002831499759257e-06
6.574101483233303220e-06
6.604315331498847612e-06
6.634233442906790189e-06
6.663282217100331459e-06
6.692011222658443490e-06
6.719883586086499206e-06
6.747391530159065543e-06
6.774043500217968363e-06
6.800294676601864862e-06
6.825662628554373846e-06
6.850555661308664832e-06
6.874513294766631036e-06
6.897925837394348974e-06
6.920338649407232646e-06
6.942124270011237738e-06
6.962863356602978534e-06
6.982938026698112874e-06
7.001956910134979585e-06
7.020303314327917260e-06
7.037615508024940144e-06
7.054264035479564257e-06
7.069877636616975877e-06
7.084785287297824418e-06
7.098605271160780677e-06
7.111633402010195373e-06
7.123479569911212174e-06
7.134442598810007847e-06
7.144186583430120223e-06
7.153058029312651157e-06
7.160780249681481144e-06
7.167707364994357419e-06
7.173560813133603631e-06
7.178634078879098573e-06
7.182571167539831645e-06
7.185587008986190888e-06
7.187323331085212176e-06
7.188036120753665554e-06
7.187467415884657586e-06
7.185959249881332893e-06
7.183292642467235760e-06
7.179738503685075659e-06
7.174954455426189263e-06
7.169085513803755457e-06
7.161784623705849071e-06
7.153306472161821782e-06
7.143481376853398904e-06
7.132650717200330248e-06
7.120594952115569560e-06
7.107485945758409876e-06
7.092995826108853474e-06
7.077343826972324723e-06
7.060386780645926249e-06
7.042438761217227536e-06
7.023248491137532507e-06
7.002910095781931046e-06
6.981133331645390670e-06
6.958213839928480722e-06
6.934065390026230332e-06
6.908881598046167097e-06
6.882307998653289990e-06
6.854483713489781424e-06
6.825340809234688921e-06
6.795195609049726154e-06
6.763774739759350950e-06
6.731144064725902563e-06
6.697182902608838850e-06
6.662212192664126878e-06
6.626017193002711106e-06
6.588719501405668248e-06
6.550227391498676595e-06
6.510744881727962823e-06
6.469977391845717223e-06
6.428106118131871046e-06
6.385060787068378665e-06
6.340993650209574993e-06
6.295780496401134804e-06
6.249698385261942428e-06
6.202536087052403016e-06
6.154479847045319186e-06
6.105369429550553611e-06
6.055252143176658045e-06
6.004125546101089948e-06
5.952216892013385053e-06
5.899349441232040956e-06
5.845812712700375497e-06
5.791299187311274920e-06
5.736132262687768254e-06
5.680058572214562031e-06
5.623315734082230509e-06
5.565879025805324176e-06
5.507765645105934827e-06
5.449051285946807766e-06
5.389774819910446782e-06
5.329934362232683679e-06
5.269506863985184998e-06
5.208565385490539326e-06
5.147216912717680823e-06
5.085496101984196375e-06
5.023386779689666561e-06
4.960802228834016632e-06
4.897957472455096662e-06
4.834858305543471502e-06
4.771538540564988354e-06
4.707917660643489621e-06
4.644141198852337787e-06
4.580217501098146193e-06
4.516205657116604820e-06
4.452097904989084743e-06
4.387952263703784758e-06
4.323753931811552293e-06
4.259678678405255297e-06
4.195635210707544981e-06
4.131672195758614367e-06
4.067895126297631229e-06
4.004356258955958502e-06
3.940961373719631996e-06
3.877907988912798632e-06
3.815140553427346065e-06
3.752753371720857473e-06
3.690686112565753741e-06
3.629093636108817378e-06
3.567900091443925500e-06
3.507163000462894291e-06
3.446928891375099504e-06
3.387169401224691807e-06
3.327917681831478897e-06
3.269234336745305149e-06
3.211037959480322308e-06
3.153471658429332056e-06
3.096458128264772825e-06
3.040097701650588580e-06
2.984375123300808329e-06
2.929333658885928668e-06
2.875011300209114135e-06
2.821409399414645604e-06
2.768553675776041252e-06
2.716442449934049152e-06
2.665083603644880520e-06
2.614470536090543134e-06
2.564590156425860056e-06
2.515454318052962411e-06
2.467062275488678411e-06
2.419443379620403770e-06
2.372595735307554530e-06
2.326564955548629934e-06
2.281347303445801316e-06
2.236968394941405808e-06
2.193390214459613535e-06
2.150618872118129393e-06
2.108616488608605994e-06
2.067394548866406728e-06
2.026927264470787934e-06
1.987259486187896270e-06
1.948394420200972898e-06
1.910365590094882794e-06
1.873135492498634858e-06
1.836702712978025765e-06
1.801015627805313433e-06
1.766076724259034293e-06
1.731861779860142522e-06
1.698415336408644328e-06
1.665736300035339443e-06
1.633833375057225731e-06
1.602637544777945705e-06
1.572125378368292571e-06
1.542262265221126691e-06
1.513083098261147519e-06
1.484580367835948652e-06
1.456761758753283924e-06
1.429563253811802139e-06
1.402955931746833894e-06
1.376908883739504057e-06
1.351472169134047038e-06
1.326644025998634761e-06
1.302400777956870226e-06
1.278666329097737939e-06
1.255460614651788833e-06
1.232815770633845454e-06
1.210747632967092349e-06
1.189169920155254073e-06
1.168062075364044227e-06
1.147450097416912954e-06
1.127361389322325485e-06
1.107702866297542577e-06
1.088438937904584951e-06
1.069601087732609511e-06
1.051207747371494920e-06
1.033161715541200104e-06
1.015468444851842553e-06
9.981817047623069374e-07
9.812754733772946259e-07
9.646844537469863784e-07
9.484773014751818143e-07
9.326281120439027642e-07
9.170749193937468078e-07
9.018467907645353212e-07
8.869163224725578309e-07
8.722109803539418302e-07
8.578072197026003830e-07
8.436413564860969069e-07
8.297040778644446003e-07
8.160601160601076420e-07
8.026368127030277862e-07
7.894775600607246811e-07
7.765240989779725516e-07
7.637590988252512451e-07
7.512019764703511202e-07
7.387893963569055837e-07
7.265826262516791463e-07
7.145356747880700527e-07
7.027155328603225505e-07
6.910489255003887920e-07
6.795567970033096817e-07
6.681821240334679332e-07
6.569630561392295014e-07
6.458717476938235701e-07
6.349493656156985919e-07
6.241730855077088792e-07
6.135516953824290685e-07
6.030297985626476463e-07
5.926177241963821250e-07
5.823136111837676632e-07
5.721578741660654416e-07
5.621163749764143538e-07
5.521721951066633870e-07
5.422906066703826333e-07
5.325073455980556055e-07
5.228239030626074766e-07
5.132457730650762039e-07
5.037262602823519847e-07
4.942791470007903138e-07
4.849165124592651587e-07
4.756685816547066104e-07
4.664927885384967945e-07
4.573903642734040159e-07
4.483743165290810485e-07
4.394786370766126420e-07
4.306555989308438789e-07
4.219117060442558753e-07
4.132716167813673332e-07
4.047528248983849498e-07
3.963041089243026222e-07
3.879694014539567700e-07
3.797642282734324444e-07
3.716619375912098524e-07
3.636520921016809277e-07
3.557900831661387578e-07
3.480151874337993211e-07
3.403440387905258696e-07
3.327964024083697114e-07
3.253400107443419121e-07
3.179857085364327936e-07
3.107600649566197194e-07
3.036061104969660102e-07
2.965937219296323007e-07
2.896617233975791247e-07
2.828492083988013300e-07
2.761406765201734681e-07
2.695352597260870427e-07
2.630483357977108656e-07
2.566542445570756244e-07
2.503701951933918135e-07
2.441695644401403442e-07
2.380693029536758473e-07
2.320573425403137883e-07
2.261463554162825306e-07
2.203259337132086027e-07
2.145977996514832011e-07
2.089606504237664428e-07
2.034246910505339071e-07
1.979968203394806987e-07
1.926743905981334611e-07
1.874483587372999352e-07
1.823082039849832366e-07
1.772580631229270346e-07
1.723017391089171173e-07
1.674407142844037182e-07
1.626631770980081828e-07
1.579776213998086188e-07
1.533987886136779193e-07
1.489310661739594443e-07
1.445434978644709491e-07
1.402269413960457658e-07
1.359957137792266232e-07
1.318658442451711067e-07
1.278195896273110461e-07
1.238638141225366733e-07
1.200139639538714926e-07
1.162602347200180923e-07
1.125737915303671080e-07
1.089840407942061538e-07
1.054881124430966004e-07
1.020515081774874772e-07
9.868595577233249946e-08
9.542455213540734733e-08
9.223755559519652159e-08
8.914311195318007074e-08
8.613681286742324576e-08
8.319017482936947970e-08
8.033054174557585276e-08
7.754394925986198866e-08
7.480244735465136221e-08
7.216554083083827098e-08
6.960196315348028052e-08
6.711731979519839267e-08
6.468528464885706679e-08
6.233684199916467352e-08
6.006241690305959647e-08
5.781204062799092322e-08
5.564584089517819681e-08
5.358004650640555162e-08
5.156429702372665322e-08
4.957697152313695346e-08
4.767586244516049335e-08
4.583466676601637589e-08
4.405398597347859849e-08
4.233339943894064326e-08
4.065024990218641236e-08
3.903642253590193182e-08
3.748644323671775127e-08
3.597221589772001274e-08
3.450129396552439597e-08
3.310652846855161568e-08
3.175193858525922027e-08
3.042308574480209684e-08
2.915889761472924157e-08
2.794297767889417762e-08
2.677741885171456095e-08
2.563984023701333337e-08
2.455001736884897409e-08
2.349410086219238583e-08
2.249222425425887175e-08
2.152209955311604584e-08
2.057846415272270363e-08
1.967761924344612672e-08
1.880967986601990671e-08
1.798244091597019584e-08
1.718828125312432663e-08
1.641178911018817409e-08
1.568240266932961400e-08
1.497823593126707075e-08
1.429561487925707708e-08
1.364458076678383240e-08
1.302247748430077281e-08
1.242525369911768472e-08
1.185241508229722894e-08
1.130556632996291487e-08
1.077884077862957279e-08
1.027729912537013334e-08
9.796245156143903917e-09
9.335240978752126843e-09
8.899302908152590956e-09
8.476100843677224114e-09
8.074533635841126870e-09
7.687184376837920947e-09
7.323145824526257327e-09
6.971448732873143492e-09
6.638988794741427221e-09
6.315156099509696896e-09
6.007684304147716242e-09
5.716435370880268251e-09
5.437580728917611316e-09
5.173513989144647730e-09
4.916807340200405433e-09
4.676716002240043070e-09
4.446721740595664362e-09
4.229227888640488332e-09
4.018924713416067442e-09
3.819843387979512423e-09
3.628591659252575036e-09
3.445537932435087536e-09
3.271496000070612367e-09
3.109944663999703011e-09
2.955053059679131294e-09
2.805872162323293145e-09
2.665343209337965014e-09
2.532146477707312412e-09
2.402123073519623107e-09
2.280226399466518326e-09
2.165959954421993216e-09
2.055709267238181228e-09
1.950092563182101843e-09
1.849148871840689553e-09
1.754212470634423465e-09
1.666432293613634531e-09
1.579759945583302120e-09
1.499595164414251841e-09
1.422551799091266585e-09
1.349064254322976992e-09
1.281149204827744746e-09
1.214692015839840872e-09
1.151506899304867534e-09
1.092160346812556484e-09
1.035470886815718371e-09
9.799801519284363617e-10
9.301733037225421149e-10
8.822313936104553464e-10
8.384968739706851760e-10
7.945925110153081160e-10
7.522824167815108960e-10
7.133076929676049928e-10
6.763403528846203028e-10
6.406433924025365534e-10
6.063415879097342864e-10
5.766347336564722625e-10
5.469347009096986423e-10
5.185077646435742560e-10
4.911559281541276994e-10
4.645321947604716084e-10
4.403037671451116526e-10
4.179084688106126264e-10
3.966239397256435738e-10
3.767288599765931041e-10
3.555870141589497907e-10
3.372713095584447422e-10
3.194195402526000597e-10
3.029877883707599231e-10
2.877864366556847004e-10
2.730316280279602257e-10
2.580148855760116836e-10
2.437437237181736014e-10
2.319909484073208423e-10
2.212313459576961576e-10
2.080049839207452280e-10
1.972085935065459090e-10
1.877309814524320696e-10
1.775135459334544647e-10
1.690621222293352878e-10
1.595821876984147852e-10
1.507729676763422118e-10
1.443954618195199609e-10
1.362153478299608230e-10
1.287660200292104502e-10
1.224017016987913554e-10
1.165326828555630867e-10
1.100850353442939366e-10
1.039903020484319427e-10
9.944890077455836886e-11
9.409529567585097767e-11
8.851960996415621175e-11
8.486958060488175854e-11
8.020024696179873012e-11
7.557877414318291119e-11
7.249418674281533684e-11
6.838316858450958347e-11
6.458966066786539803e-11
6.228246839352376424e-11
5.782314640661313531e-11
5.596414187306183883e-11
5.238454925288586367e-11
4.987965327161144906e-11
4.753234417947595485e-11
4.461838422461223039e-11
4.302710429686033052e-11
4.019827017367042493e-11
3.880747546490714643e-11
3.626512825746545203e-11
3.490801847992728191e-11
3.271102611850429888e-11
3.137768786096729747e-11
2.950053290269061393e-11
2.823714042722206281e-11
2.660934479508678842e-11
2.542710601873091972e-11
2.402703420042506790e-11
2.296736391161969629e-11
2.171199075410141582e-11
2.068083390834819095e-11
1.952565288684630695e-11
1.862190304802528823e-11
1.766306420622089103e-11
1.686808599617247292e-11
1.595800148903979117e-11
1.517116254883891793e-11
1.434699030472053095e-11
1.367820915310741711e-11
1.296545364351282710e-11
1.235759322323559861e-11
1.171397909468915516e-11
1.115706155825520618e-11
1.054655177426976344e-11
1.004287457358974694e-11
9.555096761739685406e-12
9.113403440042049097e-12
8.585340610466223992e-12
8.155762149611753818e-12
7.764874671525236879e-12
7.408545109644435178e-12
7.003015391667324157e-12
6.658417848573252169e-12
6.292157217499740667e-12
6.004239428913240362e-12
5.697955115411389487e-12
5.373497303982453113e-12
5.098387637283138020e-12
4.890337431066158576e-12
4.588488975609207802e-12
4.355281666373512070e-12
4.123175500666000385e-12
3.917312936292899205e-12
3.669306219912779138e-12
3.495814706323015164e-12
3.323989931088570550e-12
3.093740999448110461e-12
2.940654002198374127e-12
2.778699974962986343e-12
2.592102596337542039e-12
2.458213111412932066e-12
2.302965336790983395e-12
2.137512505517535485e-12
2.034383066091726274e-12
1.876705954173841160e-12
1.772155948577390587e-12
1.634784339209577457e-12
1.514437882434643752e-12
1.424229009740726937e-12
1.296027722448653470e-12
1.214315547259763763e-12
1.096634168061560282e-12
1.026804419709132837e-12
9.228633919612101192e-13
8.522959173283426749e-13
7.698237184452389463e-13
7.079383752245665930e-13
6.246208046103834098e-13
5.759950571173754541e-13
5.155242247261051955e-13
4.680769525074175023e-13
4.161640300575935202e-13
3.825741679890358799e-13
3.366337774830991209e-13
3.161583764825312740e-13
2.823340324505488821e-13
2.609584748872129934e-13
2.458538613975161865e-13
2.292085745302617048e-13
2.170929944996025402e-13
2.102494384157640288e-13
2.012459348921850617e-13
2.002319032048428302e-13
1.888524432842661345e-13
1.916557570251599812e-13
1.792067842475533360e-13
1.792877634644749563e-13
1.676426613635491607e-13
1.627504069760839052e-13
1.482824265946108672e-13
1.421888856491174806e-13
1.255740183442213722e-13
1.159111100641761166e-13
9.987851706744684523e-14
9.046424137786639342e-14
7.623509829734052991e-14
6.819439646296422824e-14
5.835742772098230790e-14
5.381532390918801193e-14
4.742239605618764582e-14
4.688458552867641534e-14
4.454737126175494424e-14
4.693137260499012655e-14
4.633082223058319711e-14
4.893269651623185124e-14
4.662535374078098446e-14
4.631593539087259990e-14
4.144412426048708400e-14
3.759157514739758203e-14
3.117875691127231034e-14
2.642661577363425324e-14
2.108830637369203821e-14
1.932443929307821791e-14
1.695359584469964118e-14
1.791361799618633848e-14
1.721702117640224015e-14
1.924228191523983779e-14
1.893688053715703924e-14
1.978623406608849129e-14
1.732874388056250134e-14
1.575643767196528575e-14
1.171075384778931486e-14
9.614855741823576014e-15
7.292706494528919847e-15
8.423179294680263498e-15
8.751711229686203899e-15
1.014221487530488478e-14
9.556643645180832116e-15
9.517094500547408898e-15
7.475487961993855291e-15
6.509564922333641379e-15
4.335937620764197605e-15
4.085833961327216317e-15
4.481463497021341108e-15
6.282285594926905504e-15
5.796684435670407272e-15
5.152834933620180961e-15
3.118089474636833529e-15
3.051574231041150882e-15
2.418620768993396626e-15
3.270530401225265309e-15
3.712896678519935867e-15
3.859839801129398016e-15
2.002618989114696878e-15
1.545292096059589219e-15
1.933890933183790730e-15
2.605162205067403738e-15
2.120018090522334025e-15
2.184390216246573723e-15
1.002114232782015264e-15
1.212782719573247806e-15
1.780743819071715348e-15
1.730133843868769193e-15
9.688498088237470467e-16
1.126017034846339801e-15
6.325788547441844634e-16
1.693233479687914664e-15
7.650134445290524569e-16
6.577961706115956350e-16
7.204765530506748606e-16
1.058068278798077688e-15
6.645157916643301266e-16
3.660872504980099610e-16
7.826127283342321539e-16
6.613806379380985327e-16
3.559044111263462201e-16
4.870973034448329642e-16
5.623615944789441979e-16
3.805132900071598432e-16
2.778200126986621391e-16
5.388809176173228693e-16
2.255803167921007783e-16
3.138731014671904604e-16
3.586954759166742860e-16
2.168426656737782798e-16
2.459681225080233801e-16
3.073604610188600025e-16
1.090183491259296267e-16
3.171751720970488538e-16
9.546137440508716836e-17
2.415758642077044712e-16
1.247687143951678096e-16
1.728961631830806333e-16
1.319061978135341986e-16
1.379659360391521909e-16
1.165309800456103483e-16
1.228239104073940287e-16
9.451910113263118618e-17
1.136278775488865455e-16
7.456705074816634243e-17
1.049811123977820208e-16
5.864807271546969288e-17
9.601082326473989887e-17
4.624578543854560102e-17
8.707490152398800325e-17
3.647192014627752577e-17
7.856945595027128786e-17
2.863101979275672831e-17
7.071055703964238796e-17
2.225060927462996289e-17
6.357323214339023892e-17
1.701133494483043444e-17
5.715374491096197762e-17
1.268827382274877640e-17
5.141071547642132771e-17
9.114937271441176084e-18
4.628748790975127652e-17
6.162734794804448210e-18
4.172341450005024754e-17
3.729159492822823974e-18
3.765929437616195728e-17
1.730682160020914460e-18
3.403983667872611202e-17
9.821829514359485118e-20
3.081462225438143480e-17
-1.225943376567936134e-18
2.793831159656510284e-17
-2.290337778259469092e-18
2.537048121607922705e-17
-3.135966862612539839e-18
2.307528671004980878e-17
-3.797572738456429214e-18
2.102105641785730084e-17
-4.304650572148450520e-18
1.917987019043473872e-17
-4.682270431638053390e-18
1.752715144706777687e-17
-4.951753966516318387e-18
1.604128628808316354e-17
-5.131237471825305338e-18
1.470327550303208223e-17
-5.236144244109464473e-18
1.349642107242888868e-17
-5.279583112667393850e-18
1.240604629629902715e-17
-5.272686205787551629e-18
1.141924756658027562e-17
-5.224896166411606425e-18
1.052467519656497593e-17
-5.144210993049044546e-18
9.712340541587712884e-18
-5.037393150468267577e-18
8.973446669573860640e-18
-4.910148438544623165e-18
8.300239969511256774e-18
-4.767279115899145575e-18
7.685880293796547576e-18
-4.612815133758414054e-18
7.124327419526335730e-18
-4.450126619509991301e-18
6.610241874263525788e-18
-4.282020347674343471e-18
6.138898345376783454e-18
-4.110822466188498995e-18
5.706110111482329014e-18
-3.938449450713060987e-18
5.308163121953619183e-18
-3.766468913876141934e-18
4.941758509503113432e-18
-3.596151737680023590e-18
4.603962467336926997e-18
-3.428516675324351140e-18
4.292162567092473601e-18
-3.264368537299079350e-18
4.004029707325905419e-18
-3.104330779069769460e-18
3.737484978587028579e-18
-2.948873300027766072e-18
3.490670846479872201e-18
-2.798336073761043528e-18
3.261926111478166142e-18
-2.652949178165969855e-18
3.049764194120651306e-18
