# bin_5_1
1.446818956120291661e-08
8.078113194289736610e-09
1.246818692722396771e-08
7.345893796473465307e-09
1.073982283036672373e-08
6.767787718405689225e-09
9.255222917264006235e-09
6.326672619866408386e-09
7.991208573329378177e-09
6.009201762415021496e-09
6.928900207020548201e-09
5.805523716120873707e-09
6.053413093617119369e-09
5.709082622455208941e-09
5.353638332155044900e-09
5.716494531924329497e-09
4.822104654598369361e-09
5.827495976958718554e-09
4.454916496264782273e-09
6.044962338786449383e-09
4.251765600217861521e-09
6.374993482669530956e-09
4.216013148714681656e-09
6.827064665723195113e-09
4.354839673831815553e-09
7.414240122880098495e-09
4.679459109926522224e-09
8.153445247063992664e-09
5.205392059058394694e-09
9.065792063240278688e-09
5.952790915975698946e-09
1.017694937587286983e-08
6.946806039503671430e-09
1.151754417164201481e-08
8.217976661937651765e-09
1.312357589197821523e-08
9.802624298470612048e-09
1.503681661270202536e-08
1.174321654952549616e-08
1.730516050378132546e-08
1.408865893135393876e-08
1.998287311761715562e-08
1.689445734082684657e-08
2.313067613513526227e-08
2.022267865981121519e-08
2.681558534034588843e-08
2.414161695170694166e-08
3.111039971624719903e-08
2.872505326711802837e-08
3.609271918173059864e-08
3.405097586197855934e-08
4.184334874595144129e-08
4.019961036482258690e-08
4.844393141253907360e-08
4.725059768847207005e-08
5.597364652329651984e-08
5.527915861209479253e-08
6.450482012617473235e-08
6.435110571711154181e-08
7.409732988446805212e-08
7.451661635949682500e-08
8.479176032111532422e-08
8.580277703107638399e-08
9.660138855210712336e-08
9.820506571145008651e-08
1.095032711969872808e-07
1.116781666960850942e-07
1.234289724402092338e-07
1.261268242257151149e-07
1.382558263269275016e-07
1.413978349663394040e-07
1.538000576049683835e-07
1.572747388924932714e-07
1.698135598189648457e-07
1.734772415538784569e-07
1.859865802055057257e-07
1.896677980593266474e-07
2.019588657990601001e-07
2.054679566679920163e-07
2.173418028426514688e-07
2.204867852724944914e-07
2.317534855011225155e-07
2.343627152410225277e-07
2.448671965926277541e-07
2.468181501894031267e-07
2.564712059472988279e-07
2.577229869666148748e-07
2.665339679528784845e-07
2.671587930647154153e-07
2.752639256240378009e-07
2.754702270708660526e-07
2.831479700756481278e-07
2.832855202574263810e-07
2.909487331264493709e-07
2.914854877775313650e-07
2.996407915263136221e-07
3.011034900308289523e-07
3.102726809906066388e-07
3.131502027954249898e-07
3.237582473087353325e-07
3.283791219722072321e-07
3.406281156628360953e-07
3.470402320181707730e-07
3.608060038086216634e-07
3.687028227669406673e-07
3.835038460464935737e-07
3.922484022758255941e-07
4.073346224933236016e-07
4.161184894700253269e-07
4.306989674673110121e-07
4.388286189767102857e-07
4.523965375976957619e-07
4.596266295634166649e-07
4.722611042020027494e-07
4.790189329483536000e-07
4.914851671927243017e-07
4.988060446857474986e-07
5.123006873321931983e-07
5.213827880073960033e-07
5.369303250808300169e-07
5.484416140972727189e-07
5.662156032054973218e-07
5.797576172149685275e-07
5.988196852900408433e-07
6.130506236881451674e-07
6.319096763101127259e-07
6.455045219213079876e-07
6.633368255006025398e-07
6.762250259891758953e-07
6.938207428847022957e-07
7.075345504043573009e-07
7.268347554200982138e-07
7.432111460487492051e-07
7.654058737986158367e-07
7.845664291752738347e-07
8.086020137834713543e-07
8.286035368839386066e-07
8.523165589655700262e-07
8.716138463233912328e-07
8.947914253151747276e-07
9.147363697716180119e-07
9.398708866985583907e-07
9.630709535858360674e-07
9.916787224837177187e-07
1.017744882234186592e-06
1.047647011424949545e-06
1.073738036146627651e-06
1.103102983503744251e-06
1.129648340810369517e-06
1.161128364102910655e-06
1.191454588791980635e-06
1.226851139861102118e-06
1.259887009682397473e-06
1.295968841726063839e-06
1.328840678591412437e-06
1.365595785777527074e-06
1.401408527847097273e-06
1.442490391596258186e-06
1.482069714129010533e-06
1.524576634738243771e-06
1.564163844228905909e-06
1.607546369259762164e-06
1.650582213481737582e-06
1.698397900424329328e-06
1.744177323306946074e-06
1.792159903105926229e-06
1.838318618134058875e-06
1.889192589743278994e-06
1.939547365887808264e-06
1.992285709501428371e-06
2.042182330954616053e-06
2.095612568788536171e-06
2.148876071824171525e-06
2.204604572717860948e-06
2.257097882465444712e-06
2.312339210371210083e-06
2.367177098777737294e-06
2.423624118273681853e-06
2.476614385921676579e-06
2.532353819385172957e-06
2.586842812357344808e-06
2.641355130154510137e-06
2.693258110702322864e-06
2.747880927797855419e-06
2.799011369037630561e-06
2.850330254238757732e-06
2.900681688867859039e-06
2.950949939728776541e-06
2.998067331759023588e-06
3.047498296070457264e-06
3.093250254378825595e-06
3.140073643327241027e-06
3.185738551356296391e-06
3.230826603367188457e-06
3.275756476060836580e-06
3.320870178636280848e-06
3.364975511362031379e-06
3.410878019482392272e-06
3.454951869031117616e-06
3.501732271852349491e-06
3.546523518626370091e-06
3.594105937789954645e-06
3.639843773536980496e-06
3.688012640791996765e-06
3.734425563140348980e-06
3.782753025349368668e-06
3.829272420489031323e-06
3.877206688823573130e-06
3.923242190464572929e-06
3.970347181870878478e-06
4.015579103145072435e-06
4.061791215722604460e-06
4.106370040790722974e-06
4.152103651089062370e-06
4.196621888476907892e-06
4.242603081428683691e-06
4.287786692926708526e-06
4.334643485603948101e-06
4.380893140739328424e-06
4.428733224777985231e-06
4.475823991965470055e-06
4.524139764844116880e-06
4.571379422881093913e-06
4.619460721533788003e-06
4.666291883268445068e-06
4.713892557806468418e-06
4.760455152060528487e-06
4.808081389057403324e-06
4.855105148315811938e-06
4.903491989621359010e-06
4.951468794784649850e-06
5.000685945540520081e-06
5.049214589890222480e-06
5.098522796846074610e-06
5.146798523104636778e-06
5.195656083247167718e-06
5.243634776593307634e-06
5.292525531725510096e-06
5.340992520747313617e-06
5.390611713658392920e-06
5.439792447973301225e-06
5.489749945505413071e-06
5.538831693647400729e-06
5.588356519855589747e-06
5.637074274228557710e-06
5.686570171288357342e-06
5.735701753352261410e-06
5.785738807814732397e-06
5.835181987041084948e-06
5.885028250590230525e-06
5.933983390630076843e-06
5.983424910471124076e-06
6.032418117803207053e-06
6.082186536441151962e-06
6.131388855080936734e-06
6.180872466015020696e-06
6.229494417272925663e-06
6.278554736305795448e-06
6.327203668607860836e-06
6.376385165176691842e-06
6.424786297006160935e-06
6.473300918108525750e-06
6.521166633973491482e-06
6.569543676937412200e-06
6.617325069757570528e-06
6.665159489411799521e-06
6.712187514503223228e-06
6.759574903804954636e-06
6.806403079374069668e-06
6.853234824275537270e-06
6.899226706141156394e-06
6.945476785966849778e-06
6.991078872318123005e-06
7.036551228671734610e-06
7.081235857722523351e-06
7.126092297152496167e-06
7.170087934517054991e-06
7.213899832167045806e-06
7.257068668919570941e-06
7.300148652654229275e-06
7.342249618645626276e-06
7.384353750197634091e-06
7.425627420322493864e-06
7.466580918995845025e-06
7.506810149371685822e-06
7.546747919317299354e-06
7.585746102233209991e-06
7.624590657976896768e-06
7.662360467124570976e-06
7.699919177358742345e-06
7.736487595908460158e-06
7.772673792323404738e-06
7.807940876813881635e-06
7.842712311521802550e-06
7.876591371853356301e-06
7.909917186272269154e-06
7.942312372393350826e-06
7.974130699404600637e-06
8.004982817994819278e-06
8.035229876005468564e-06
8.064453203509654012e-06
8.093038668443129031e-06
8.120566857536484586e-06
8.147410669630978316e-06
8.173139470176526714e-06
8.198137248330474911e-06
8.221993416879759816e-06
8.245065134292668514e-06
8.266940498222155297e-06
8.287976281876374942e-06
8.307782418141085049e-06
8.326706731825396550e-06
8.344368921571450266e-06
8.361108736722606995e-06
8.376560538945325383e-06
8.391051988798184469e-06
8.404226299295232213e-06
8.416404549014864465e-06
8.427243462942318939e-06
8.437044811402439639e-06
8.445468286656198346e-06
8.452809747851997070e-06
8.458755144253998217e-06
8.463596755666483572e-06
8.467031394240714644e-06
8.469352937423323799e-06
8.470284145696675715e-06
8.470100762520021929e-06
8.468525969163623020e-06
8.465814487397534631e-06
8.461680670962737005e-06
8.456350470187340977e-06
8.449536821242177524e-06
8.441460406562185226e-06
8.431859351813624420e-06
8.420967962408174978e-06
8.408545580495826622e-06
8.394825605819405376e-06
8.379568203016381781e-06
8.362983074366963076e-06
8.344827094926418940e-06
8.325311147257421392e-06
8.304239810091566205e-06
8.281849796958934320e-06
8.257963330747571936e-06
8.232794679694372249e-06
8.206139751336809069e-06
8.178157121783305255e-06
8.148634449521826640e-06
8.117760062405117845e-06
8.085374132836939165e-06
8.051675577553334598e-06
8.016489207672471899e-06
7.979968661698930474e-06
7.941945205001774228e-06
7.902604983956752004e-06
7.861821579847843010e-06
7.819778390374318083e-06
7.776308148429068669e-06
7.731560429033613804e-06
7.685410296889891342e-06
7.638078024748637881e-06
7.589450476885236947e-06
7.539660297694522411e-06
7.488549252301591062e-06
7.436272192350919172e-06
7.382714054734123462e-06
7.328003787629503292e-06
7.272047827305052944e-06
7.215053113874531264e-06
7.156965188982491063e-06
7.097915297302499348e-06
7.037759166415313894e-06
6.976605148855278684e-06
6.914349571878775881e-06
6.851146422000147786e-06
6.786958622079458915e-06
6.721972823251476845e-06
6.656099359089525879e-06
6.589427793972104442e-06
6.521879109845967064e-06
6.453594617113521671e-06
6.384521647716408493e-06
6.314826713759711369e-06
6.244444952537119150e-06
6.173516820930853508e-06
6.102039520202158367e-06
6.030092031158643000e-06
5.957608355053982532e-06
5.884735556286621105e-06
5.811502541096392322e-06
5.738068930325667981e-06
5.664288767657051650e-06
5.590242646606384294e-06
5.515965010775822170e-06
5.441637558228910439e-06
5.367149105635297974e-06
5.292551865266729970e-06
5.217845518899654434e-06
5.143168991641073507e-06
5.068476603906512222e-06
4.993882738183859950e-06
4.919327447717283377e-06
4.844938227444759900e-06
4.770785856787637795e-06
4.696911479103816283e-06
4.623234130860587149e-06
4.549984423306247714e-06
4.477097582471170334e-06
4.404565136775824467e-06
4.332441811271276238e-06
4.260791688074198664e-06
4.189563941139608862e-06
4.118810655309910364e-06
4.048602133488863038e-06
3.978986259161980399e-06
3.909931423019708544e-06
3.841633276311345378e-06
3.773958570649878459e-06
3.707055658544634061e-06
3.640866744875418092e-06
3.575395283111005827e-06
3.510676664204965201e-06
3.446725105439145798e-06
3.383559427763970339e-06
3.321272411703642814e-06
3.259821303320835320e-06
3.199323150202360753e-06
3.139651377254656537e-06
3.080892722616780251e-06
3.022928868633645867e-06
2.965880234074181380e-06
2.909680434163574164e-06
2.854442496138907617e-06
2.800095259054737751e-06
2.746695575419018345e-06
2.694132160953715422e-06
2.642459069116083083e-06
2.591647343820831035e-06
2.541806904052810824e-06
2.492896210147001196e-06
2.444936951231844755e-06
2.397842345173849614e-06
2.351674455301583170e-06
2.306422453582259428e-06
2.262155430918025340e-06
2.218789784298914157e-06
2.176315535509407254e-06
2.134667279489072661e-06
2.093918963665655502e-06
2.054026309225266065e-06
2.014974911443960378e-06
1.976675332257501771e-06
1.939203672212801973e-06
1.902558358834293079e-06
1.866743599208509155e-06
1.831676370912312733e-06
1.797436440620332821e-06
1.764002165861272086e-06
1.731335523256694873e-06
1.699357649483160709e-06
1.668136108564988628e-06
1.637581068788961361e-06
1.607667976122311305e-06
1.578417669243534079e-06
1.549866187254138081e-06
1.521912169986946042e-06
1.494654824720084820e-06
1.468041967708858207e-06
1.442005544402787158e-06
1.416541374145986829e-06
1.391631221159627816e-06
1.367203072505157890e-06
1.343357659874532466e-06
1.319990018910544817e-06
1.297204523658236336e-06
1.274914486284169700e-06
1.253099841107340115e-06
1.231715037042939505e-06
1.210741851865251983e-06
1.190215596134757316e-06
1.170123955682166876e-06
1.150473943237865765e-06
1.131221778876044757e-06
1.112331291189996934e-06
1.093773617406349787e-06
1.075563879148949122e-06
1.057738141602351202e-06
1.040275079827806078e-06
1.023122099042303588e-06
1.006229010949676387e-06
9.896353747329579520e-07
9.733645875256407398e-07
9.574029698923614988e-07
9.416714903228779938e-07
9.261733721797144417e-07
9.109379737337866890e-07
8.959866125394618475e-07
8.812407060006944497e-07
8.666834238577038733e-07
8.523447750379627241e-07
8.382574571261118007e-07
8.243385936595784282e-07
8.105823934438534119e-07
7.970330410922657677e-07
7.836916312965636376e-07
7.704639416941356990e-07
7.574020697205862082e-07
7.445366190757940825e-07
7.318050480010792484e-07
7.191861627277158867e-07
7.067587326253031903e-07
6.944383470837200507e-07
6.822395087435536471e-07
6.701944541001523864e-07
6.582416682895019505e-07
6.464056125174233042e-07
6.347142291413755017e-07
6.230768078557659126e-07
6.115956106541210421e-07
6.001818907472580167e-07
5.888881942467410560e-07
5.776956398892407588e-07
5.665967099880879984e-07
5.556266351457038306e-07
5.447425262357156611e-07
5.339907357659626283e-07
5.233335572766883951e-07
5.128108549073532058e-07
5.023927994631674388e-07
4.921037169282236486e-07
4.819263097406560178e-07
4.718844131364938353e-07
4.619685015386727357e-07
4.521859730020245457e-07
4.425334904962709262e-07
4.330202173129999445e-07
4.236341715519934567e-07
4.143740580524685301e-07
4.052355997406149217e-07
3.962210826543736005e-07
3.873336470195519120e-07
3.785767361702830148e-07
3.699584894076132549e-07
3.614802209754379893e-07
3.531366247210735697e-07
3.449202924632510486e-07
3.368230511358296981e-07
3.288429317542368514e-07
3.209833140678241620e-07
3.132463103587449602e-07
3.056323134031724270e-07
2.981352646998364821e-07
2.907489305267583178e-07
2.834723254223126809e-07
2.763141012263708961e-07
2.692785016031452702e-07
2.623640886587837204e-07
2.555562384324821638e-07
2.488527386775110431e-07
2.422610402476047381e-07
2.358012193941111246e-07
2.294705723893762943e-07
2.232526431577926256e-07
2.171274583121269854e-07
2.111077264081121195e-07
2.052086361486544919e-07
1.994308785126900526e-07
1.937505037787998866e-07
1.881695634965562304e-07
1.827017125021607610e-07
1.773538996649182087e-07
1.721094309117908338e-07
1.669766570122534169e-07
1.619592333492724470e-07
1.570473876463740359e-07
1.522348280280565877e-07
1.475477388843087444e-07
1.429633523965736137e-07
1.384592678464209643e-07
1.340682226557428293e-07
1.298062915205970518e-07
1.256144677355106859e-07
1.215196530498029474e-07
1.175543302064143466e-07
1.136816196378382088e-07
1.098874241617946743e-07
1.061988537448292567e-07
1.026215213085432391e-07
9.913639927336664875e-08
9.568559085498879254e-08
9.237342180925891201e-08
8.917486500093148753e-08
8.602577082300064225e-08
8.296553877800229806e-08
8.000953332251510013e-08
7.713157272568950991e-08
7.431509653008999186e-08
7.160956425110951876e-08
6.897756367513882088e-08
6.640691765085920049e-08
6.391146892331861315e-08
6.151700387527849687e-08
5.919186261066495622e-08
5.692428742587751466e-08
5.473003655793964873e-08
5.259884958411326683e-08
5.055530411471679153e-08
4.857337422384873318e-08
4.664203949604658560e-08
4.478535499693651114e-08
4.299071170899312089e-08
4.126478014014992117e-08
3.958085421608158097e-08
3.796350980688826475e-08
3.639745128121603014e-08
3.489996939772969528e-08
3.345208124234995341e-08
3.204120710641811458e-08
3.068812477353432651e-08
2.939536976666975142e-08
2.814536349031784428e-08
2.693916045201596778e-08
2.578031202033005807e-08
2.465868014998691642e-08
2.359318141620959985e-08
2.255909235651584978e-08
2.156558495231137612e-08
2.060369549557352587e-08
1.969300605350988863e-08
1.881984971133294267e-08
1.796175316515383189e-08
1.716499638713813625e-08
1.638796152757165387e-08
1.563644459847441885e-08
1.492793033813003087e-08
1.423650033431942903e-08
1.357956134674225980e-08
1.295378499736964243e-08
1.235255110242073977e-08
1.177736106976301272e-08
1.122847919855011972e-08
1.069906931869980672e-08
1.019030249308740488e-08
9.713218982368728973e-09
9.246078308776845240e-09
8.813819983172210749e-09
8.388153082274033552e-09
7.984658462717400164e-09
7.598152066670702866e-09
7.229875024691854050e-09
6.883559812136820873e-09
6.549147561943200453e-09
6.229073009458945137e-09
5.922164934403914533e-09
5.631249167695899769e-09
5.355396337487642134e-09
5.090547597556067194e-09
4.838839437702360057e-09
4.599319611732714580e-09
4.372727341947104368e-09
4.155441986129815730e-09
3.948409763699584917e-09
3.750384143125694538e-09
3.561161466096112691e-09
3.379602736524920359e-09
3.210301986821187446e-09
3.051948075810407250e-09
2.897196610570509238e-09
2.746954767150327905e-09
2.609209721695769393e-09
2.478464133577874339e-09
2.349985578952052974e-09
2.231280159465972260e-09
2.119037428205484686e-09
2.007453654455066210e-09
1.904761733148651007e-09
1.807860379048543604e-09
1.714920751124245717e-09
1.627890758298619890e-09
1.542358893140691519e-09
1.464201823757396806e-09
1.387739548233821398e-09
1.315666807519632473e-09
1.248181523427357804e-09
1.182473000121311906e-09
1.122618294817480686e-09
1.063554677837785733e-09
1.010214273755921276e-09
9.554165302245196126e-10
9.058775575246459555e-10
8.587744093765461374e-10
8.152375484489714322e-10
7.712067977757093484e-10
7.323086618924093857e-10
6.944088524922975941e-10
6.571533416194636538e-10
6.236673578222683708e-10
5.918506749360412437e-10
5.595896647546068260e-10
5.305780633170278439e-10
5.021970940495224997e-10
4.766287450810116189e-10
4.520263123928490940e-10
4.282984273955681734e-10
4.054035569333969377e-10
3.845279607744641603e-10
3.647912481193198577e-10
3.454853040276102977e-10
3.276380395732189790e-10
3.104312332707334376e-10
2.945432397699079327e-10
2.783682185086966214e-10
2.642972807344935140e-10
2.503613835788434463e-10
2.373594134612797877e-10
2.248558498390394236e-10
2.134372618816517781e-10
2.021837120269795464e-10
1.918087150715858865e-10
1.817517601612984365e-10
1.720183547567413599e-10
1.632738944381028806e-10
1.549875108835784812e-10
1.465973982036715901e-10
1.389583513356121600e-10
1.317223991909519630e-10
1.253379574751196518e-10
1.187324610256548828e-10
1.123888307984397398e-10
1.066939122961432141e-10
1.010266299536058358e-10
9.573577705193331551e-11
9.083320093633491092e-11
8.649902509930973841e-11
8.195066925223499252e-11
7.777569864145384003e-11
7.344883521108049985e-11
6.974226369596944074e-11
6.624106673320483349e-11
6.290458009685150642e-11
5.963972193673636867e-11
5.674968353730328591e-11
5.356847552040478572e-11
5.094406951151163424e-11
4.826100023615890695e-11
4.588711317897667177e-11
4.363812966245731596e-11
4.129022620566778509e-11
3.914395150743421779e-11
3.729317043382806424e-11
3.540025594107516966e-11
3.350931912114192899e-11
3.178382703199323752e-11
3.024625562114617028e-11
2.871961067212585214e-11
2.720803604604196762e-11
2.587122028607311896e-11
2.454332359579980559e-11
2.334694918023689290e-11
2.210547205874306995e-11
2.103839980091595994e-11
2.006461618711360730e-11
1.887739311787816273e-11
1.798579881276869807e-11
1.718120561281488272e-11
1.623216942605332683e-11
1.539829674831472661e-11
1.469858490154471351e-11
1.397398980094577339e-11
1.318957754102627158e-11
1.260155915472869166e-11
1.191517100080760311e-11
1.134985759123801514e-11
1.075815917612097009e-11
1.024389396750038773e-11
9.715724068079554211e-12
9.241321909392366792e-12
8.766789542923806498e-12
8.294492577153444367e-12
7.954000314374878381e-12
7.487448423904899574e-12
7.153272835632484969e-12
6.782889674221541258e-12
6.409402649586346330e-12
6.112865104922664898e-12
5.786096121207325534e-12
5.497881045219375279e-12
5.202869803516719104e-12
4.927793581541011061e-12
4.672930315593663307e-12
4.445790015092130180e-12
4.198255418364950158e-12
3.981729359132018494e-12
3.750407404272331403e-12
3.570273651441796790e-12
3.353531677727090793e-12
3.169632751620237670e-12
2.979142854683496422e-12
2.824425650033080182e-12
2.647256366628630993e-12
2.491034984698786167e-12
2.343034765824202084e-12
2.201649211606695793e-12
2.047570333465450515e-12
1.919621052064009149e-12
1.792595499568098107e-12
1.663582812684316150e-12
1.548782216633804673e-12
1.440336991833773690e-12
1.322198400944131598e-12
1.226436315819629142e-12
1.125298001985171389e-12
1.028909510300806880e-12
9.507038749536292095e-13
8.589209225034045942e-13
7.853154475949297870e-13
7.099083736741518813e-13
6.411187569305922198e-13
5.845632520222829657e-13
5.230407264773265757e-13
4.767568131667202539e-13
4.217604655847075885e-13
3.859438734119593686e-13
3.463083662980227334e-13
3.200008161694345534e-13
2.890437602000811545e-13
2.675551922453609146e-13
2.472896594602289409e-13
2.361164466282503434e-13
2.221700157556297218e-13
2.135683513399908894e-13
2.054015388501048362e-13
2.017185559565484359e-13
1.941181293685935916e-13
1.908049338274699481e-13
1.864721293774434387e-13
1.798977498708360397e-13
1.707090249497720061e-13
1.658460515594572060e-13
1.542191351061456486e-13
1.411216922657971594e-13
1.302521229499131416e-13
1.169580317479309854e-13
1.019034128338121349e-13
9.095524057380853358e-14
7.697277135443117722e-14
6.870795468347225065e-14
5.878868141906149094e-14
5.322769407819806754e-14
5.049341924910013307e-14
4.704905218367819569e-14
4.790909857529073004e-14
4.769385565407426610e-14
4.805278403226140536e-14
4.837522595154950673e-14
4.775637791476749701e-14
4.507301696258722736e-14
4.259614631859534403e-14
3.729761832116846306e-14
3.277735995947585143e-14
2.738355561944055207e-14
2.250920816973710965e-14
1.920694307014696548e-14
1.687279827331306541e-14
1.718220482859566798e-14
1.774126629917332222e-14
1.959253803094438386e-14
2.016435479686989567e-14
2.014688115861155225e-14
1.787166090359789167e-14
1.511591472809892239e-14
1.178669609398869484e-14
9.629054500518275820e-15
8.229459706698367308e-15
8.430871049678705904e-15
8.955805965879758795e-15
9.800487129186435669e-15
1.005413111977643341e-14
9.651141886354959059e-15
7.994850288342385594e-15
6.061131352875946747e-15
4.355097620546836547e-15
4.169467866396864281e-15
5.103800423130695228e-15
6.129741593784256281e-15
5.960110474864590096e-15
4.827219679175489320e-15
3.496201157796515540e-15
2.930248995107640091e-15
2.767225981775969396e-15
3.222321877295398990e-15
3.697034862141737594e-15
3.697709183620573403e-15
2.430744968036435301e-15
1.469410181903905653e-15
1.817587072927633364e-15
2.719311497198800414e-15
2.386915987804086625e-15
1.747133111073960053e-15
1.388441960056672732e-15
1.268201165518259296e-15
1.493743372174413118e-15
1.974071860034453311e-15
1.135960976090951684e-15
6.510508277691454840e-16
1.245959783674922999e-15
1.297442218386824444e-15
8.920201203901534712e-16
7.746475214525163991e-16
5.795486152744778146e-16
1.199872724180504878e-15
5.624236600881556082e-16
4.851024020371873323e-16
7.285538472745660093e-16
6.502659420391281858e-16
4.678242783066873829e-16
3.522841318420664108e-16
7.120574505138821803e-16
2.624733841291876733e-16
3.975921706118613456e-16
4.379774750492485177e-16
3.309439899296748558e-16
2.338954539024810390e-16
4.306718417648528000e-16
1.711161577941798734e-16
2.907364784646545744e-16
2.734386704779600297e-16
1.537237141566471303e-16
2.744600976742796467e-16
1.499169266267788416e-16
1.900990964065869053e-16
1.834013701270202945e-16
1.200720966373502424e-16
1.882928634515200067e-16
8.839416554849600513e-17
1.681496214295497711e-16
7.760206073184465715e-17
1.413401584690763924e-16
7.234790309884665045e-17
1.172925902339547525e-16
6.697867870360960169e-17
9.795958055361964473e-17
6.075202130965716917e-17
8.264946851989281788e-17
5.418642005362798720e-17
7.032815131744886563e-17
4.779001087862075351e-17
6.020541641512798418e-17
4.184715280419142678e-17
5.175026010381747151e-17
3.647381174666015326e-17
4.460626625349783350e-17
3.169171060838172392e-17
3.852366387046939068e-17
2.747630338831576294e-17
3.331818015386334383e-17
2.378285478502131054e-17
2.884770517077484291e-17
2.055972477740706157e-17
2.499893121226072874e-17
1.775490759873814766e-17
2.167936266359477513e-17
1.531911993531488169e-17
1.881225491745750688e-17
1.320713056038829852e-17
1.633321283890614455e-17
1.137819299591741255e-17
1.418777788313489074e-17
9.796024165061947548e-18
1.232963716691564891e-17
8.428560748986247743e-18
1.071924535314088150e-17
7.247616184572036775e-18
9.322734286172461392e-18
6.228503955139457090e-18
8.111032021508404283e-18
5.349662033171069693e-18
7.059139792024607890e-18
4.592296353533709500e-18
6.145531540131882795e-18
3.940051803852849632e-18
5.351650852257862423e-18
3.378713956724075738e-18
4.661486680133268323e-18
2.895941819730239758e-18
4.061213641045527205e-18
2.481030324863273146e-18
3.538885930707525434e-18
2.124700461650113822e-18
3.084176005111231539e-18
1.818914665052710317e-18
2.688150981395847723e-18
1.556714902508726488e-18
2.343080939488825270e-18
1.332081068775952533e-18
2.042274309907812916e-18
1.139807348266928296e-18
1.779936377530013491e-18
9.753944771059513418e-19
1.551047514866393823e-18
8.349559583855584678e-19
1.351258313870189300e-18
7.151365417132084591e-19
1.176799245006132361e-18
6.130414192347589213e-19
1.024402758164855316e-18
5.261748130307014647e-19
8.912361300579482958e-19
4.523867427247235738e-19
7.748435693119072529e-19
3.898269476373516562e-19
6.730962840211308871e-19
3.369050506777992605e-19
5.841494699011772536e-19
2.922561627148358299e-19
5.064052748290626467e-19
2.547112516617844898e-19
4.384809346532888050e-19
2.232716731918973883e-19
3.791814410682368845e-19
1.970873440854353292e-19
3.274761329283422813e-19
1.754381360394388611e-19
