# bin_4_3
1.678998345896732306e-07
-1.358671863034393572e-07
1.569975211476428689e-07
-1.284733977473777467e-07
1.469128794888478051e-07
-1.213530088830553170e-07
1.375859420304043800e-07
-1.144990651888435431e-07
1.289642231489813205e-07
-1.079012493721627168e-07
1.210021978637741701e-07
-1.015460935784409120e-07
1.136609040646258051e-07
-9.541708837817617800e-08
1.069076614557051232e-07
-8.949469529475613697e-08
1.007159018182101084e-07
-8.375626377101241538e-08
9.506510650214537609e-08
-7.817585638799011696e-08
8.994084891941771181e-08
-7.272398326539471996e-08
8.533493826579776382e-08
-6.736724724633680143e-08
8.124566262155422246e-08
-6.206790319148344691e-08
7.767812624983163617e-08
-5.678333560387976237e-08
7.464467458903078755e-08
-5.146546175095375121e-08
7.216539669267766196e-08
-4.606007420107719828e-08
7.026868829183458618e-08
-4.050614065202268643e-08
6.899185152151018063e-08
-3.473509066058708760e-08
6.838169657861780704e-08
-2.867012994894476126e-08
6.849509569829965875e-08
-2.222563897335434926e-08
6.939942390163893535e-08
-1.530673230796150591e-08
7.117279740424754901e-08
-7.809078927435275715e-09
7.390399672204444455e-08
3.808889164064546169e-10
7.769192994078318814e-08
9.385219033487142829e-09
8.264446253399931249e-08
1.933294467365370097e-08
8.887640516619521751e-08
3.035762964227295335e-08
9.650642564101647932e-08
4.259370803167740798e-08
1.056526315174677515e-07
5.617136398019147684e-08
1.164265727403390329e-07
7.120971222042813642e-08
1.289254467535163024e-07
8.780809669553221610e-08
1.432223717864428072e-07
1.060354385675932941e-07
1.593547448472268228e-07
1.259177588526498596e-07
1.773109444218728598e-07
1.474242989102634335e-07
1.970159937577638238e-07
1.704530812819364786e-07
2.183172875403040968e-07
1.948173054077578339e-07
2.409720983751497345e-07
2.202346445263005787e-07
2.646392971368604174e-07
2.463222513684724190e-07
2.888784597207280513e-07
2.726009829142632836e-07
3.131601528216042259e-07
2.985128306729227174e-07
3.368914526166456178e-07
3.234555074055438305e-07
3.594603216497486676e-07
3.468372119619295737e-07
3.803009265304052633e-07
3.681523252232886724e-07
3.989788782973864878e-07
3.870747692207745578e-07
4.152903839766563791e-07
4.035597950357286895e-07
4.293624274868126425e-07
4.179373592501416911e-07
4.417330511785386919e-07
4.309722009475134353e-07
4.533833689886907264e-07
4.438596917035682203e-07
4.656892787140242217e-07
4.581263785331525309e-07
4.802654481428397221e-07
4.754147834288610723e-07
4.986920015951614337e-07
4.971579735835366595e-07
5.221487682295129256e-07
5.241919449477082080e-07
5.510311125072976559e-07
5.564068283138358436e-07
5.846737250935230980e-07
5.925835516985011606e-07
6.213398974230241100e-07
6.305702740400125683e-07
6.586085713138338568e-07
6.678860770259994552e-07
6.941768302153682663e-07
7.026754038498950616e-07
7.268875502664439801e-07
7.346995244542253371e-07
7.575510463478872706e-07
7.658435245553316936e-07
7.890009704385720698e-07
7.996185967218198239e-07
8.250028491036310936e-07
8.395261134584102432e-07
8.682313784698601961e-07
8.869177620835225158e-07
9.183754390523033521e-07
9.397525928006225959e-07
9.719240746513029482e-07
9.936629905975001235e-07
1.024538646318703452e-06
1.045358087250352109e-06
1.074889299777375403e-06
1.096033278123634392e-06
1.126676587786274674e-06
1.151192268036181855e-06
1.185884311350470784e-06
1.215654518198704652e-06
1.254660390949371599e-06
1.288075004885849886e-06
1.328443933643316735e-06
1.362170124927623157e-06
1.401579348766250249e-06
1.435337542654876817e-06
1.475992417929772240e-06
1.513733920648782155e-06
1.559806155425565517e-06
1.603968076446670375e-06
1.654960132117129668e-06
1.702221794078855434e-06
1.753815859298087918e-06
1.801406336046242843e-06
1.854393544865209919e-06
1.906544401517162426e-06
1.966239003360166502e-06
2.025856265043255445e-06
2.090708482286423143e-06
2.152842894360488662e-06
2.218484620275910104e-06
2.283203556772785631e-06
2.354584313253442455e-06
2.427660397062189879e-06
2.506152363947564668e-06
2.583105077427434831e-06
2.662896727987540507e-06
2.742882445045596825e-06
2.829355981368345252e-06
2.917893664550753463e-06
3.009907568991854938e-06
3.100247723045683011e-06
3.194004722536965330e-06
3.290235247678685914e-06
3.391504535579614575e-06
3.491775307962408225e-06
3.593018109647987078e-06
3.695161206579549567e-06
3.801977212633908559e-06
3.908068296988123318e-06
4.013540974757178387e-06
4.118717445653960807e-06
4.227169661333108313e-06
4.333492304894375446e-06
4.437793811805309576e-06
4.541666054495230481e-06
4.646443535178549622e-06
4.746464542933003104e-06
4.844799712529916080e-06
4.942553553417234330e-06
5.036855291419734184e-06
5.126672015476676471e-06
5.216708591444061148e-06
5.301999219550805239e-06
5.383985876435543965e-06
5.465272881703857476e-06
5.542483591385273108e-06
5.617511833429123030e-06
5.692609016920806151e-06
5.763533163205305626e-06
5.836417301190073039e-06
5.906964338253369116e-06
5.978515648320933615e-06
6.050872187779401566e-06
6.123261218253935419e-06
6.198366478459110887e-06
6.273391699612339179e-06
6.351528134288523005e-06
6.429701274134430692e-06
6.510412523038157315e-06
6.590936960270089266e-06
6.672949357820929394e-06
6.754168472979862581e-06
6.835756253847559240e-06
6.915896645429977364e-06
6.995632010003865284e-06
7.073661912452701458e-06
7.151195946183681361e-06
7.227440461423693248e-06
7.303841223956719892e-06
7.379936825239322724e-06
7.457228482435253940e-06
7.535245037740527106e-06
7.615217862412087617e-06
7.696316520674632210e-06
7.779274985677940178e-06
7.862803581305281359e-06
7.947253225812023555e-06
8.031174265349717460e-06
8.114999672394550376e-06
8.197637363422869539e-06
8.280056995966074635e-06
8.361769278325455337e-06
8.444222336857342293e-06
8.527137272425433051e-06
8.611795911801761112e-06
8.697411778968089304e-06
8.784552363670052849e-06
8.871771242313030334e-06
8.959277158764810897e-06
9.045754210272745864e-06
9.131999991236476830e-06
9.217537193412547370e-06
9.303858488299990436e-06
9.390702351124635279e-06
9.479125095338903481e-06
9.567981370472040123e-06
9.657437131408172658e-06
9.746001919440859710e-06
9.834272347490789285e-06
9.921769792996719899e-06
1.001001068819252434e-05
1.009871030828123367e-05
1.018862563029478966e-05
1.027831205267262591e-05
1.036785111030467963e-05
1.045624562464780768e-05
1.054479101081954803e-05
1.063342319467018240e-05
1.072313317304490189e-05
1.081258109496785019e-05
1.090177105161699879e-05
1.098980455765492727e-05
1.107809057644955721e-05
1.116649244826475399e-05
1.125551792731030923e-05
1.134359689512164873e-05
1.143116477758636062e-05
1.151812780298875992e-05
1.160579588999233693e-05
1.169301862027258018e-05
1.177971912113097868e-05
1.186534805340974484e-05
1.195138897476135267e-05
1.203705655445640006e-05
1.212219123321472076e-05
1.220613762478286344e-05
1.229035201127756145e-05
1.237394392111841584e-05
1.245678301142115092e-05
1.253860869408598241e-05
1.262062818968451485e-05
1.270144281297549728e-05
1.278149749241297954e-05
1.286095872175752089e-05
1.293998993620167908e-05
1.301746285878647436e-05
1.309483412908643886e-05
1.317109691794569929e-05
1.324640755204782115e-05
1.332091877599080561e-05
1.339462474331860225e-05
1.346692136460518193e-05
1.353886882201127471e-05
1.360903575159687981e-05
1.367874020691220996e-05
1.374691200591967944e-05
1.381419658499756183e-05
1.388016033446082912e-05
1.394495796663979838e-05
1.400850172309341525e-05
1.407075494034796838e-05
1.413165441287260652e-05
1.419125193912886443e-05
1.424940317603173322e-05
1.430621233253651721e-05
1.436142896727388640e-05
1.441526674005077954e-05
1.446744043222051559e-05
1.451819421374141159e-05
1.456719194064611762e-05
1.461471329236687237e-05
1.466041539281836194e-05
1.470457653811260712e-05
1.474684965443067381e-05
1.478753291328198038e-05
1.482627366288416793e-05
1.486334401329768290e-05
1.489839525664523761e-05
1.493171630471304882e-05
1.496297252752247079e-05
1.499244856395411644e-05
1.501978268712150449e-05
1.504523937537663804e-05
1.506849325875002790e-05
1.508982106489912897e-05
1.510888408900044519e-05
1.512592931483117535e-05
1.514065220565559238e-05
1.515330617057847562e-05
1.516356195503217722e-05
1.517168121045999328e-05
1.517737498249563014e-05
1.518089040130917889e-05
1.518196372976479167e-05
1.518081681869055654e-05
1.517715798374515424e-05
1.517123597730227310e-05
1.516274238724081340e-05
1.515187377417771650e-05
1.513839074976020697e-05
1.512250565183910039e-05
1.510397342796444103e-05
1.508299717151169965e-05
1.505935351100191578e-05
1.503328349992355061e-05
1.500451709822774774e-05
1.497327521476748845e-05
1.493932500877549120e-05
1.490287395993420974e-05
1.486364895579733340e-05
1.482183537375932227e-05
1.477725886606230650e-05
1.473008892232132709e-05
1.468013454100011107e-05
1.462757653769169838e-05
1.457228961069204499e-05
1.451444739201915001e-05
1.445386561100911883e-05
1.439073462645129424e-05
1.432484303559480092e-05
1.425633883563575809e-05
1.418502634663940251e-05
1.411112389036327415e-05
1.403452191093642977e-05
1.395547802755647573e-05
1.387379962605192753e-05
1.378965650926758107e-05
1.370291101991307438e-05
1.361365826094537219e-05
1.352179050015629677e-05
1.342755520611048901e-05
1.333084712109021712e-05
1.323187316927505772e-05
1.313054484102956170e-05
1.302694330391955994e-05
1.292097236069739880e-05
1.281279000052904122e-05
1.270237712878833670e-05
1.258996533046554452e-05
1.247548426629060485e-05
1.235901314763669275e-05
1.224048832038580904e-05
1.212012468297197430e-05
1.199789648830584571e-05
1.187402127961241747e-05
1.174844994730517841e-05
1.162128673137058650e-05
1.149251033119120326e-05
1.136233747266822601e-05
1.123078843686041701e-05
1.109803564998466598e-05
1.096393825508605488e-05
1.082871711828348734e-05
1.069245212607784729e-05
1.055533521735690891e-05
1.041723142845118147e-05
1.027833816930549957e-05
1.013879110706023193e-05
9.998741625057482399e-06
9.858021023822700256e-06
9.716917397302955297e-06
9.575563108878964251e-06
9.433918912930035821e-06
9.292030950593569319e-06
9.150244885675132007e-06
9.008455432992192716e-06
8.866745647516761510e-06
8.725356932662203980e-06
8.584298748919889035e-06
8.443547333369457342e-06
8.303417905384549602e-06
8.163794319495225348e-06
8.024847107773341621e-06
7.886734119438555557e-06
7.749342826638876076e-06
7.612939215287535545e-06
7.477485862684486208e-06
7.343056807380283662e-06
7.209822576714551631e-06
7.077696336516743737e-06
6.946969039052480219e-06
6.817463675502033039e-06
6.689457988743436299e-06
6.562812207279899497e-06
6.437783014843956538e-06
6.314242072657627677e-06
6.192366296300841458e-06
6.072063059506936299e-06
5.953508948890884373e-06
5.836633090180455835e-06
5.721564864395665195e-06
5.608237702996733011e-06
5.496781927673462152e-06
5.387137255447054452e-06
5.279390238357003388e-06
5.173471105075761381e-06
5.069475546791013086e-06
4.967351667075724090e-06
4.867174412077545545e-06
4.768889801910183431e-06
4.672593458105888162e-06
4.578222616109775831e-06
4.485812189569281908e-06
4.395299070198471987e-06
4.306748767217211616e-06
4.220086249474168234e-06
4.135344657966657428e-06
4.052459703688002293e-06
3.971457571639542425e-06
3.892245330461565706e-06
3.814844416586297212e-06
3.739188855278110181e-06
3.665336382936753988e-06
3.593216480014379893e-06
3.522831120590076807e-06
3.454116712399572282e-06
3.387106983163715125e-06
3.321738470057589664e-06
3.258002799368257811e-06
3.195806759783450019e-06
3.135169730199527248e-06
3.076029127382923432e-06
3.018395655054621545e-06
2.962188137416094608e-06
2.907422012300643032e-06
2.854030491581203384e-06
2.802001748427076141e-06
2.751233063170186488e-06
2.701728695544273214e-06
2.653438188478064456e-06
2.606359829697724347e-06
2.560413299596723851e-06
2.515623481275825318e-06
2.471922472587379434e-06
2.429259653674257967e-06
2.387561862206158665e-06
2.346878305955666512e-06
2.307153086941799398e-06
2.268388251017031298e-06
2.230525056245481915e-06
2.193534524127412524e-06
2.157351626005970683e-06
2.121965002571412731e-06
2.087301307112886291e-06
2.053407441651767603e-06
2.020205898278762095e-06
1.987689870105081992e-06
1.955806470722995502e-06
1.924577833579324922e-06
1.893971671398532216e-06
1.863952059179921567e-06
1.834481081085659440e-06
1.805565753246242100e-06
1.777170106882983234e-06
1.749255046776176640e-06
1.721781615720010919e-06
1.694776512917316763e-06
1.668228064697924994e-06
1.642127156021112675e-06
1.616421445986990602e-06
1.591101386573026522e-06
1.566147764480427102e-06
1.541564543683144999e-06
1.517289394794974436e-06
1.493337260460050716e-06
1.469734118566476976e-06
1.446451264079737635e-06
1.423419406684477676e-06
1.400676412500459015e-06
1.378182682069011650e-06
1.355943102983373151e-06
1.333964535908578839e-06
1.312215300180738545e-06
1.290708553564186822e-06
1.269421075947070267e-06
1.248304734910790382e-06
1.227427437620680326e-06
1.206758791577041562e-06
1.186300066785876960e-06
1.165994622192344147e-06
1.145876866371792249e-06
1.125951100534333331e-06
1.106207101187733970e-06
1.086609284835820041e-06
1.067151110739952551e-06
1.047850880994435598e-06
1.028704076470279636e-06
1.009670573798045354e-06
9.907527764163487873e-07
9.719678508925315574e-07
9.533157290335728203e-07
9.347647294129684675e-07
9.163269468409315964e-07
8.980279158837822746e-07
8.798488932948656570e-07
8.617774342737395956e-07
8.438429546629587511e-07
8.260485192884484307e-07
8.083841953264191946e-07
7.908811124253080632e-07
7.735476986306885587e-07
7.563883628157022568e-07
7.394372273031140310e-07
7.226856861586791713e-07
7.061419530774410850e-07
6.898302072488896600e-07
6.737319642892286270e-07
6.578750939222784305e-07
6.422561573259766769e-07
6.268885572010254597e-07
6.117823467088733268e-07
5.969252184861509105e-07
5.823288961125826623e-07
5.679741090325220410e-07
5.538752615886296073e-07
5.400209366797524583e-07
5.264262263368401258e-07
5.130774735918765847e-07
4.999762398812948707e-07
4.871056694656779469e-07
4.744694634368804801e-07
4.620613357289677462e-07
4.498886763808056598e-07
4.379410978699056674e-07
4.262138676469894422e-07
4.146935653000291594e-07
4.033871433804913558e-07
3.922947953158730955e-07
3.814173992561516288e-07
3.707385354858584453e-07
3.602595084505125121e-07
3.499829327456514244e-07
3.399142301762624438e-07
3.300359524422190564e-07
3.203444745781302665e-07
3.108414525573590306e-07
3.015328517894842514e-07
2.924008173232404221e-07
2.834447722011166986e-07
2.746708986592314878e-07
2.660835225246550948e-07
2.576671795903105367e-07
2.494324260528350465e-07
2.413834659264892212e-07
2.335149022686891464e-07
2.258209318244819214e-07
2.183122445699112836e-07
2.109742604079763942e-07
2.038132480051432896e-07
1.968305093533274753e-07
1.900169249354558439e-07
1.833732159560157492e-07
1.769018302650361031e-07
1.705832150751798902e-07
1.644313090135745312e-07
1.584342770639214208e-07
1.526069651786910665e-07
1.469464634672790229e-07
1.414530338992408851e-07
1.361277440062336968e-07
1.309618239008820592e-07
1.259529260410384411e-07
1.210909311926203182e-07
1.163759609409900734e-07
1.118016820032997446e-07
1.073662543446462497e-07
1.030679976564755572e-07
9.891240635811840603e-08
9.490268716879496781e-08
9.103464490102818735e-08
8.729861438151499078e-08
8.368586565339592061e-08
8.019239246264539909e-08
7.681578274056636626e-08
7.355784278836035000e-08
7.041965509521673100e-08
6.740179398772455118e-08
6.450001580652395721e-08
6.170704380311150472e-08
5.901482492880786332e-08
5.642409240992442618e-08
5.393470473720261652e-08
5.154370859692730652e-08
4.924348350958780406e-08
4.702651484211379556e-08
4.489287492483784345e-08
4.284964101182846895e-08
4.089724083244982844e-08
3.902852686928047215e-08
3.723206566793447746e-08
3.550578657617660468e-08
3.385488959253548803e-08
3.228188059830993350e-08
3.077172799705196653e-08
2.931738079513437742e-08
2.792307395215297333e-08
2.659823216386052759e-08
2.533792543632880406e-08
2.412316835225892793e-08
2.295567944041226047e-08
2.184867094471944718e-08
2.079608250857501205e-08
1.978173584672278062e-08
1.880530821112973925e-08
1.788522718200660216e-08
1.701176930416741002e-08
1.617240046370997959e-08
1.536951073973664078e-08
1.461439887251102715e-08
1.389301839966726326e-08
1.319419756983136220e-08
1.252676382141413384e-08
1.190337870455096316e-08
1.130569089679356789e-08
1.072886096620554436e-08
1.018632345941036802e-08
9.672198275088083594e-09
9.177528747265579808e-09
8.712199772764795127e-09
8.271967207047528218e-09
7.844279466715701756e-09
7.440030829371044305e-09
7.054769220443027875e-09
6.689480202987560897e-09
6.353522889811959149e-09
6.020829818079206180e-09
5.706571458966012615e-09
5.406835176382147694e-09
5.132351242088200609e-09
4.862045876593055670e-09
4.607985374743368561e-09
4.365900049289919629e-09
4.136718538648281693e-09
3.920931530134464842e-09
3.716261377219080914e-09
3.522360035960316237e-09
3.335270653655951367e-09
3.155664671254497731e-09
2.991560222124287602e-09
2.833385510851683284e-09
2.684952581881412205e-09
2.544561398765708574e-09
2.405732517957560147e-09
2.279377759521645165e-09
2.158624219801031131e-09
2.043269254552130716e-09
1.936692990606426518e-09
1.832441982373566088e-09
1.736187226343182417e-09
1.643781115505193722e-09
1.554675605316127354e-09
1.472783124342464741e-09
1.393841815898841685e-09
1.318429882207654529e-09
1.249081346790852320e-09
1.183685858280465873e-09
1.118500064670083350e-09
1.060665432532802768e-09
1.000351938719116531e-09
9.488574500852603832e-10
8.981616696153431514e-10
8.508453159786607805e-10
8.047068270423468034e-10
7.625999074999144743e-10
7.221764190199618473e-10
6.822742981702384224e-10
6.463206591433588753e-10
6.121174615308246012e-10
5.787543811436451936e-10
5.486993232775919709e-10
5.192810742469615722e-10
4.906202280688301224e-10
4.659717827660019748e-10
4.400008642980177301e-10
4.160228114033872684e-10
3.950207965499927162e-10
3.734134451843375076e-10
3.535918906413930643e-10
3.353068876777838545e-10
3.172987248770639389e-10
3.006268984699351929e-10
2.841161704556718237e-10
2.695433995004088938e-10
2.551683947462092462e-10
2.405519823316611485e-10
2.289887456098896441e-10
2.165886713536408959e-10
2.056492124565698284e-10
1.939946115474746063e-10
1.847062139021525984e-10
1.742766733734450373e-10
1.652770674816770581e-10
1.562044065175129209e-10
1.483607753220597796e-10
1.407670464555368255e-10
1.333719788533518238e-10
1.262225204244389469e-10
1.194336878891844271e-10
1.132656452069482850e-10
1.074423007551615274e-10
1.013735015194159095e-10
9.686881167233897012e-11
9.136362729566506163e-11
8.709241349661165543e-11
8.199087996156373139e-11
7.777974084233039350e-11
7.398439826827864002e-11
7.019831835562667071e-11
6.656315748099423725e-11
6.309101170095402152e-11
5.938022043283994013e-11
5.675201006816502182e-11
5.393462834903935839e-11
5.085935182714950881e-11
4.842991741748270641e-11
4.582673200944853406e-11
4.363501226353857370e-11
4.145153444318317400e-11
3.907910133369677634e-11
3.703918545365318705e-11
3.539197378360311100e-11
3.358374962958039384e-11
3.164048331334677040e-11
3.015555747731841051e-11
2.885731059471605052e-11
2.705362365422212622e-11
2.575633519910463610e-11
2.452131595535271649e-11
2.331920686689778384e-11
2.192329656485926747e-11
2.105360136881111530e-11
1.992593343390132294e-11
1.880469588379077762e-11
1.807461560278982238e-11
1.691646867860612877e-11
1.613583309799409074e-11
1.550409336314790088e-11
1.448430950711574955e-11
1.394078305280746760e-11
1.308407244917464844e-11
1.247240360515448683e-11
1.193350975412095844e-11
1.121134590187197671e-11
1.076324395833416168e-11
1.006968883249965989e-11
9.719178326232022145e-12
9.096813180815634766e-12
8.771913395016839700e-12
8.172204339339900839e-12
7.865566727785291712e-12
7.406512377683602381e-12
7.079060200290800073e-12
6.651807849606175673e-12
6.344917552967345848e-12
6.007143418318383319e-12
5.712720884059124566e-12
5.354002890531707072e-12
5.132875553502421747e-12
4.832963284775319889e-12
4.562219632577060953e-12
4.317716720576940492e-12
4.094360568848558953e-12
3.832422807341997705e-12
3.634012967693110846e-12
3.429144441392848686e-12
3.210315705006488381e-12
3.029309065982755523e-12
2.852088983347753293e-12
2.646878099081667396e-12
2.516972505027124496e-12
2.312014744903036533e-12
2.184777519153438247e-12
2.017295605729687628e-12
1.881491700208643854e-12
1.747423695105630633e-12
1.607682636194365862e-12
1.492842953048690081e-12
1.365100859923094499e-12
1.260260339788270478e-12
1.145736053787900813e-12
1.051101711155670363e-12
9.543329292195847268e-13
8.677390918039433850e-13
7.849757733650970457e-13
7.104668661332911864e-13
6.396189404184170433e-13
5.741858093309171947e-13
5.198287089245475282e-13
4.680568650475280032e-13
4.250533278149577663e-13
3.851359305442510429e-13
3.523303151613471465e-13
3.237458222579988814e-13
3.051466349493713600e-13
2.841006269689280847e-13
2.721005800028227774e-13
2.578767095452023333e-13
2.522248230061154324e-13
2.442167482644602020e-13
2.394056061080106662e-13
2.321573483178398995e-13
2.266740179546397442e-13
2.184249698918712205e-13
2.103772658173435697e-13
1.975114924058071824e-13
1.856849359183765418e-13
1.716673989811691299e-13
1.576622324629289325e-13
1.400525822970375046e-13
1.265197274068904715e-13
1.101421276706699655e-13
9.628053915787183485e-14
8.341187966090168744e-14
7.452536187058718015e-14
6.493281101914542651e-14
6.059347614842902863e-14
5.666748204404334640e-14
5.623593136084040432e-14
5.640603811397565518e-14
5.921877824215059077e-14
5.842148134755312882e-14
5.977206280335276131e-14
5.549168065626075114e-14
5.258892982080311722e-14
4.532957064475489005e-14
3.905586774480732678e-14
3.190676404872330147e-14
2.737086553327675287e-14
2.356596709619648934e-14
2.193661575552667219e-14
2.096542161471141525e-14
2.206990958085311974e-14
2.274908616182232050e-14
2.411353531006833765e-14
2.375905704475320931e-14
2.280613284799369318e-14
1.871513670872661564e-14
1.486393357330820443e-14
1.101072243358121663e-14
9.912398658980988284e-15
9.815586103977347274e-15
1.159770272804785739e-14
1.183753408782012700e-14
1.225844124426829072e-14
1.126310617802641045e-14
1.008858626782736504e-14
7.403959857442350970e-15
5.572370826863306925e-15
4.574261798280356565e-15
6.379507623538931621e-15
7.355085393332823148e-15
7.481675771075841889e-15
5.609879274050480953e-15
4.607436882477145073e-15
3.393687385755422479e-15
3.280463984237955765e-15
3.708011560667788696e-15
5.069412449921829430e-15
4.222466629518020950e-15
2.754136138413315670e-15
1.921767697038367756e-15
2.603040417469227833e-15
2.641415564905205982e-15
3.185014933408636377e-15
2.423705712678126446e-15
1.369204249019343014e-15
1.359999182869081749e-15
2.379914324524860855e-15
1.899676721779851971e-15
1.596085116512934597e-15
8.402088589326272239e-16
1.338334173157505540e-15
1.705992340560021933e-15
1.152103952122852113e-15
6.852086410108547394e-16
1.033759230107432600e-15
1.160379740271953862e-15
9.293267813372297184e-16
4.032407263569832830e-16
9.956101422705637445e-16
7.702418445849070436e-16
5.311816645619095290e-16
4.751652269457337650e-16
8.435696023311511189e-16
3.201681211123104200e-16
4.870072781549592572e-16
5.363155601468611664e-16
3.974397173157783550e-16
2.794454396963097202e-16
5.480218272228181854e-16
1.658357092386955663e-16
4.072967321083839846e-16
2.769460935606910404e-16
2.384181767997296729e-16
2.899257248233134393e-16
2.192355803172929668e-16
1.999177499858379630e-16
2.512984515127380071e-16
1.193893678216471566e-16
2.556041599138256161e-16
8.065102778826689691e-17
2.321293384485736429e-16
6.631305750584313311e-17
2.005139914303568738e-16
5.927297022822950966e-17
1.715111180389114823e-16
5.283697866091025337e-17
1.475942004115981675e-16
4.588666696279763108e-17
1.281617899909106649e-16
3.883198531519958742e-17
1.121411757952102193e-16
3.214291630910968848e-17
9.868610817384305549e-17
2.607721452742894794e-17
8.721756698163173079e-17
2.072507217130970188e-17
7.734054370895857827e-17
1.608347940494681455e-17
6.877359354757869856e-17
1.210538787322643641e-17
6.130563582309057958e-17
8.726339657603128603e-18
5.477136083509870748e-17
5.877786843443794716e-18
4.903711764523557190e-17
3.493417381896643450e-18
4.399244295101641780e-17
1.511943827723029943e-18
3.954466013151435711e-17
-1.218759085053122500e-19
3.561521526442820171e-17
-1.457092846330055786e-18
3.213704858633882880e-17
-2.536842811905608956e-18
2.905261976539510412e-17
-3.398811046962690812e-18
2.631237001150929679e-17
-4.075764930379228388e-18
2.387349153770616347e-17
-4.596092776344685375e-18
2.169892298976277378e-17
-4.984317396095712474e-18
1.975651733797005423e-17
-5.261570082528784210e-18
1.801834511088986646e-17
-5.446019462972402015e-18
1.646010632139488824e-17
-5.553254628533180449e-18
1.506063115643473526e-17
-5.596624500745484647e-18
1.380145417191642416e-17
-5.587536596571968777e-18
1.266644984605843287e-17
-5.535718879005214343e-18
1.164151989513573716e-17
-5.449448526363078828e-18
1.071432437699300807e-17
-5.335751225429794720e-18
9.874050066661737317e-18
-5.200574477714281159e-18
9.111210680901972573e-18
-5.048937991794256627e-18
8.417474357453584206e-18
-4.885064063985858640e-18
7.785514545742967556e-18
-4.712490381861143184e-18
7.208881012885272759e-18
-4.534167553206661806e-18
6.681888202176732627e-18
-4.352543299545060717e-18
6.199518548242139471e-18
-4.169635038021846474e-18
5.757338733427909136e-18
-3.987092372944034172e-18
5.351427110814928088e-18
-3.806250808188696192e-18
4.978310845401122059e-18
-3.628177813029572791e-18
4.634911460009054300e-18
-3.453712248593810132e-18
4.318497718613705678e-18
-3.283498002262497479e-18
4.026644877650210628e-18
-3.118012553799871113e-18
3.757199536777796822e-18
-2.957591112193357293e-18
3.508249385606478223e-18
-2.802446884067580016e-18
