# bin_3_3
7.045174459251199958e-08
-4.364731152524925679e-08
6.565562030248622581e-08
-4.208032528416827567e-08
6.128375612281417538e-08
-4.045774602804632213e-08
5.729770250142492192e-08
-3.879462190322081090e-08
5.366443972736169819e-08
-3.710212971972105150e-08
5.035588516708658355e-08
-3.538792639303119723e-08
4.734849877413286619e-08
-3.365641392999843118e-08
4.462297897947207566e-08
-3.190892383950313867e-08
4.216404277760041883e-08
-3.014382668086147367e-08
3.996028476585340192e-08
-2.835656981077219007e-08
3.800411080458624297e-08
-2.653964805251789731e-08
3.629174230821247468e-08
-2.468250919822712608e-08
3.482328817581392984e-08
-2.277139874067455084e-08
3.360287981365577048e-08
-2.078914717012315843e-08
3.263886380848092225e-08
-1.871490632971567015e-08
3.194404593962721000e-08
-1.652384254703065804e-08
3.153597529978022045e-08
-1.418679875760647113e-08
3.143725470776737715e-08
-1.166994259467686231e-08
3.167585676149197563e-08
-8.934424169815992859e-09
3.228541730491097453e-08
-5.936076296623603937e-09
3.330546843091753955e-08
-2.625200477114644366e-09
3.478156134356995287e-08
1.053504492109318705e-09
3.676521392078313691e-08
5.160798914993422290e-09
3.931360294916274318e-08
9.762454344388477936e-09
4.248890174259141817e-08
1.492839345479228437e-08
4.635714696900405352e-08
2.073129358876905096e-08
5.098650217060069279e-08
2.724451472220987812e-08
5.644477601299532002e-08
3.453920991933444174e-08
6.279605391922663305e-08
4.268048264712501617e-08
7.009632115823247214e-08
5.172248891605507627e-08
7.838800129423263435e-08
6.170244481290478690e-08
8.769341979487868127e-08
7.263361038502143529e-08
9.800733808187352369e-08
8.449748679680191645e-08
1.092889046487113820e-07
9.723570044526621007e-08
1.214536419844795723e-07
1.107423570035304842e-07
1.343664341062609579e-07
1.248580263394035150e-07
1.478368814480302629e-07
1.393669354875580496e-07
1.616188062101308720e-07
1.539993416731266219e-07
1.754160382441801627e-07
1.684413253725097976e-07
1.888967599074432046e-07
1.823542236355784854e-07
2.017184471284824709e-07
1.954054021230851344e-07
2.135645783004789539e-07
2.073107908084918912e-07
2.241925409076352431e-07
2.178873500462589805e-07
2.334893621882001827e-07
2.271102826562181467e-07
2.415280304272525443e-07
2.351655356301624533e-07
2.486126543695857202e-07
2.424836145453265533e-07
2.552965277444850153e-07
2.497373398773964781e-07
2.623551068828650976e-07
2.577860874293726221e-07
2.706984952431117986e-07
2.675550304962883222e-07
2.812180525327681602e-07
2.798524747226270832e-07
2.945810853056538506e-07
2.951522623109148706e-07
3.110151868867960048e-07
3.133979731597797353e-07
3.301532052836988701e-07
3.339112822748279877e-07
3.510273200986520282e-07
3.554911586848395654e-07
3.722865511795826211e-07
3.767530724078248792e-07
3.926476588466828447e-07
3.966652801977397310e-07
4.114726106476885700e-07
4.151060356552152749e-07
4.292304922469073752e-07
4.331488510359165777e-07
4.475294932765460913e-07
4.527836132610531047e-07
4.685045905646735816e-07
4.759984872251780360e-07
4.936822088596528646e-07
5.035787294724944154e-07
5.229165050682215697e-07
5.344091033620060073e-07
5.542696079269726378e-07
5.660729786766273773e-07
5.853443452039495040e-07
5.967643479859525949e-07
6.154396567055461851e-07
6.272036865166483104e-07
6.466872337135393344e-07
6.605394772928733076e-07
6.825102537323116052e-07
6.995458781434690810e-07
7.241881819088828637e-07
7.435460460189680467e-07
7.692440664941286908e-07
7.891011217392897560e-07
8.145978940686362301e-07
8.348517670668348092e-07
8.614400484534527672e-07
8.843712000551835440e-07
9.144556357036161797e-07
9.415016844696243688e-07
9.748726456709696911e-07
1.004245105819215632e-06
1.038554932611496897e-06
1.068780761531882507e-06
1.104557666153373251e-06
1.138102660331426702e-06
1.178421459870811106e-06
1.217012860857690331e-06
1.261098919950267502e-06
1.302056270091874457e-06
1.347554523941448231e-06
1.391015032850220970e-06
1.440802170215379800e-06
1.490104437235544229e-06
1.545043886579044413e-06
1.597761369596649926e-06
1.654671964872766613e-06
1.710406396364168346e-06
1.772375838122585979e-06
1.834281382460397316e-06
1.900709629212203944e-06
1.965021899595166598e-06
2.033783727508439426e-06
2.102785752270529612e-06
2.177085744455354154e-06
2.249679341627402972e-06
2.325197727824129285e-06
2.400050694556173457e-06
2.479787169514836684e-06
2.557889644988672760e-06
2.637753144508774828e-06
2.716135882741813732e-06
2.798284872502394013e-06
2.877807614265471653e-06
2.957914886290545096e-06
3.036212558305251050e-06
3.116514286869409105e-06
3.192427755054386836e-06
3.268663549663864565e-06
3.342712047645035455e-06
3.415879751713590221e-06
3.484549296209391142e-06
3.554224806974833896e-06
3.619182999893446395e-06
3.683050077206488424e-06
3.744464417435161366e-06
3.804309025884179750e-06
3.860937872109423010e-06
3.918359844210397120e-06
3.971595177563610630e-06
4.026792906787297247e-06
4.079042656017827478e-06
4.132872485572302778e-06
4.185753444879641925e-06
4.239828827858132581e-06
4.294242934361188824e-06
4.349904365712411578e-06
4.406271993484551979e-06
4.463981147132099300e-06
4.522117897298837768e-06
4.581392729863933873e-06
4.640445506574172482e-06
4.700131700189972033e-06
4.758846331311590921e-06
4.817638849162978502e-06
4.874920433616730210e-06
4.932006956277520809e-06
4.987523748640552850e-06
5.043077046111283191e-06
5.097554747973428444e-06
5.152747254062036182e-06
5.207670697377636966e-06
5.264057995588061426e-06
5.320805703104235862e-06
5.379328364185854569e-06
5.438218758602509301e-06
5.498487516360907173e-06
5.558490329385526392e-06
5.619045801656403446e-06
5.678608482489315049e-06
5.738191836587957752e-06
5.796693907863500901e-06
5.855522300254259906e-06
5.913992163744407379e-06
5.973631567837348524e-06
6.033701503400062538e-06
6.095316900948957911e-06
6.157263515505081728e-06
6.220111051529270573e-06
6.282412131012272071e-06
6.344766164625771303e-06
6.406195345347858769e-06
6.467870435158766958e-06
6.529384718923112124e-06
6.592041412377714470e-06
6.655173605527815138e-06
6.719392846979244711e-06
6.783409505691722888e-06
6.847516892970141513e-06
6.910767332082944482e-06
6.974152089605907468e-06
7.037454823939173278e-06
7.101788784680640416e-06
7.166433817841762568e-06
7.231606051054146968e-06
7.296110013679674607e-06
7.360433401468637292e-06
7.424310145776037256e-06
7.488891354405032701e-06
7.553743282158993460e-06
7.619044091955892121e-06
7.683655220938226626e-06
7.748025836831510532e-06
7.812087726016865986e-06
7.876833400194682632e-06
7.941579823028266851e-06
8.006221200715451811e-06
8.070035234196146085e-06
8.133965158663361894e-06
8.197983341202930176e-06
8.262236675778371201e-06
8.325698673098052028e-06
8.388909265757628933e-06
8.452024250517062171e-06
8.515393811048454017e-06
8.577994571520883516e-06
8.640232479885028792e-06
8.702309331863955564e-06
8.764440867442856365e-06
8.825678669763399101e-06
8.886658024217448777e-06
8.947454380415103311e-06
9.007852056421033308e-06
9.067381934068157885e-06
9.126947328951857900e-06
9.185906707635662106e-06
9.244181379106044974e-06
9.302105506977274973e-06
9.359675210535398521e-06
9.416287225298998064e-06
9.472761022550990297e-06
9.528407182472004150e-06
9.583461765189329570e-06
9.638037435851695272e-06
9.691739184748027230e-06
9.744888722480144895e-06
9.797333210010925210e-06
9.848918117189209607e-06
9.899933379040156062e-06
9.949885973249641849e-06
9.999314316543113259e-06
1.004760144749147986e-05
1.009526538543085076e-05
1.014178564997780548e-05
1.018760587410307418e-05
1.023226416117197921e-05
1.027611645072418514e-05
1.031880220571745432e-05
1.036063061544230043e-05
1.040127093970790226e-05
1.044097962204600029e-05
1.047948557343299506e-05
1.051703121477856410e-05
1.055335005510800710e-05
1.058863892170795076e-05
1.062265938267277053e-05
1.065559853112131964e-05
1.068720998977948086e-05
1.071766508057972487e-05
1.074673318697331270e-05
1.077457563384979105e-05
1.080098429707602005e-05
1.082610177715715805e-05
1.084974421339668400e-05
1.087206481544063121e-05
1.089287743801958259e-05
1.091232265632816060e-05
1.093023132839431005e-05
1.094673312572889338e-05
1.096165404591234307e-05
1.097510979195114749e-05
1.098694126091404083e-05
1.099726684503539036e-05
1.100593930098807642e-05
1.101307486282283082e-05
1.101852978242134074e-05
1.102240756361045509e-05
1.102454364155634086e-05
1.102501694238707219e-05
1.102366689353042059e-05
1.102059566673314190e-05
1.101569369063710009e-05
1.100909952391477382e-05
1.100073676702376822e-05
1.099071321551645615e-05
1.097888270802404429e-05
1.096526089657023644e-05
1.094966686539668918e-05
1.093216049493367951e-05
1.091268850255100059e-05
1.089142450817866465e-05
1.086834573695499543e-05
1.084352344914669283e-05
1.081676752061711459e-05
1.078805190163904062e-05
1.075726309219305306e-05
1.072456566914728004e-05
1.068998575374821768e-05
1.065361585631097023e-05
1.061529161118334366e-05
1.057499690260573058e-05
1.053267765850217198e-05
1.048849650988115945e-05
1.044242124785679993e-05
1.039445293727090996e-05
1.034447653013360336e-05
1.029261887576703355e-05
1.023890487610122957e-05
1.018335541263150396e-05
1.012582188068911833e-05
1.006642322200636846e-05
1.000522815297280039e-05
9.942274097905451997e-06
9.877403191980809843e-06
9.810747323346129608e-06
9.742365154681925589e-06
9.672257896268752827e-06
9.600353980909643876e-06
9.526836480066612554e-06
9.451641604063938280e-06
9.374776260365977817e-06
9.296343585287857652e-06
9.216410359882846730e-06
9.134838845545477747e-06
9.051855514288606027e-06
8.967442085900428198e-06
8.881568954440604991e-06
8.794387186593871660e-06
8.705895079067263296e-06
8.616080424200883717e-06
8.525179059792191460e-06
8.432978228484245973e-06
8.339763388866669642e-06
8.245487840906453174e-06
8.150163093938524544e-06
8.053967605723739257e-06
7.956849643733432672e-06
7.858923889459263796e-06
7.760258042826567889e-06
7.660871299636030227e-06
7.560863445653612297e-06
7.460293136624164228e-06
7.359205831264622692e-06
7.257688955326148179e-06
7.155788146379667424e-06
7.053583157539333299e-06
6.951138484765969861e-06
6.848500940126024284e-06
6.745766188327736975e-06
6.642970934946459778e-06
6.540207221235319638e-06
6.437507608756538756e-06
6.334971831277411237e-06
6.232641119273495954e-06
6.130595800604825804e-06
6.028873550828817477e-06
5.927567687015621828e-06
5.826723666683955947e-06
5.726417195636552609e-06
5.626684564479786747e-06
5.527608056738456689e-06
5.429232330927626233e-06
5.331627263314676362e-06
5.234824336399695815e-06
5.138896221462136724e-06
5.043877259150763277e-06
4.949825508260871130e-06
4.856761049098062991e-06
4.764744680764657052e-06
4.673802781256852437e-06
4.583979560697845076e-06
4.495287871636532257e-06
4.407775900782660770e-06
4.321466641005344409e-06
4.236397004736446378e-06
4.152576391862687250e-06
4.070050035480524670e-06
3.988835486660660300e-06
3.908964121696087386e-06
3.830438106064264123e-06
3.753286454593687420e-06
3.677516156240491815e-06
3.603139529921333825e-06
3.530140672749171452e-06
3.458534716105554858e-06
3.388314879587534770e-06
3.319488746923002682e-06
3.252039762320372404e-06
3.185981181641498597e-06
3.121313668392624024e-06
3.058041720197307350e-06
2.996142148108835684e-06
2.935614894232241537e-06
2.876442515242925937e-06
2.818609620105082229e-06
2.762080642261670573e-06
2.706850312067098604e-06
2.652907742206673463e-06
2.600249744982965355e-06
2.548850250868603082e-06
2.498699938648973233e-06
2.449775772925289076e-06
2.402051554829423203e-06
2.355481369046470566e-06
2.310048666137493400e-06
2.265740662189474154e-06
2.222549166441651606e-06
2.180438063991657917e-06
2.139382409933637236e-06
2.099350035430370965e-06
2.060315539759365599e-06
2.022243213771524026e-06
1.985126205247341178e-06
1.948952459277728463e-06
1.913696823741589210e-06
1.879304097559258466e-06
1.845746142191860429e-06
1.813013614353147611e-06
1.781100143078764293e-06
1.749961934344048857e-06
1.719561412282400375e-06
1.689877008851512204e-06
1.660906379710595218e-06
1.632622556472598140e-06
1.604993763150965642e-06
1.577989740866866879e-06
1.551600871095329303e-06
1.525803322124724594e-06
1.500568883347932091e-06
1.475870063010694701e-06
1.451703755871989051e-06
1.428050198134929076e-06
1.404877900894401964e-06
1.382163839818420266e-06
1.359912175027449698e-06
1.338091796590626588e-06
1.316666430731268972e-06
1.295637960610283200e-06
1.275013590329464509e-06
1.254745001689756830e-06
1.234814116403622402e-06
1.215224906015825495e-06
1.195961956765322139e-06
1.177005029487336644e-06
1.158342242908377947e-06
1.139956746396825301e-06
1.121859145915585796e-06
1.104015847447148195e-06
1.086414958695533836e-06
1.069060701811970356e-06
1.051948116969577956e-06
1.035057584104501554e-06
1.018372095351440702e-06
1.001898041339631074e-06
9.856371572482242101e-07
9.695662926913469301e-07
9.536743592995876380e-07
9.379638106472443113e-07
9.224391140568037853e-07
9.070778401189642354e-07
8.918722811229770285e-07
8.768224592988440885e-07
8.619318962522785312e-07
8.471814628978783260e-07
8.325668110064650543e-07
8.180837028321379915e-07
8.037364274119733520e-07
7.895120030467539358e-07
7.754059694153926553e-07
7.614118395507482213e-07
7.475408845816969247e-07
7.337785965660890983e-07
7.201215760223881578e-07
7.065661206266612992e-07
6.931186127474348392e-07
6.797646744867112803e-07
6.665036619419043811e-07
6.533260497513183323e-07
6.402426332597787480e-07
6.272418253034593999e-07
6.143304010419527425e-07
6.015077643739850370e-07
5.887922101885648765e-07
5.761839508500571695e-07
5.636968669174108622e-07
5.513343798634450615e-07
5.391137181369132959e-07
5.270330316868072008e-07
5.151025945564468993e-07
5.033219145337741083e-07
4.917060079333585960e-07
4.802545472098244136e-07
4.689796288221015203e-07
4.578797189615298887e-07
4.469635056105458307e-07
4.362218736157559903e-07
4.256566951039349030e-07
4.152596924129908933e-07
4.050384738037587210e-07
3.949908098160937338e-07
3.851262889267053323e-07
3.754394946560417842e-07
3.659311333497860959e-07
3.565880884569002571e-07
3.474103044024254621e-07
3.383909703810640024e-07
3.295351956671932529e-07
3.208365252773695151e-07
3.122968860309794795e-07
3.039101875001204026e-07
2.956853856295281849e-07
2.876254811353953124e-07
2.797351144395053320e-07
2.719957857696502507e-07
2.643939894347350195e-07
2.569221054363133015e-07
2.495933212323868541e-07
2.424042374735872554e-07
2.353462400161649809e-07
2.284160867574550768e-07
2.216415934449293603e-07
2.150275766017469845e-07
2.085419489744207589e-07
2.021510178342543470e-07
1.958863823934076492e-07
1.897786225561603245e-07
1.838034945685878199e-07
1.779329887257908138e-07
1.722108052978939040e-07
1.666402138460134839e-07
1.611614187600445997e-07
1.557888845642634872e-07
1.505922678253195407e-07
1.455162034406817413e-07
1.405286995706374614e-07
1.356939914313073679e-07
1.309712890289808400e-07
1.263287606146839437e-07
1.218557539203252326e-07
1.174925091512547505e-07
1.132265196794439326e-07
1.091088607007943198e-07
1.050617419970092542e-07
1.011558709650595117e-07
9.738367750642851864e-08
9.369379070985397388e-08
9.012243915239285629e-08
8.662477408058798238e-08
8.327946529775661196e-08
8.003293664384021746e-08
7.687940548047764911e-08
7.382282758061278234e-08
7.087043289061981091e-08
6.801391918361789656e-08
6.525090789275039905e-08
6.258057086231097144e-08
5.998781833684486866e-08
5.749315194565436564e-08
5.511199288935319636e-08
5.278060036900574059e-08
5.053795523915066147e-08
4.840567249704604536e-08
4.632097864083750132e-08
4.431877757938329408e-08
4.242220453514286259e-08
4.055392387969163825e-08
3.878270073682631197e-08
3.705885528097889881e-08
3.541604740676466602e-08
3.383530349540853287e-08
3.231420185295225363e-08
3.086603274782266170e-08
2.945865642062080429e-08
2.812557972130019844e-08
2.683649329034070061e-08
2.560421499670503312e-08
2.441401717470913306e-08
2.328018706002030869e-08
2.219224888754250717e-08
2.115972180198889246e-08
2.016115354278466844e-08
1.921565022539861626e-08
1.829961639897047966e-08
1.743099143914840991e-08
1.658933779731816696e-08
1.579706484991953263e-08
1.503505239650010499e-08
1.431188044936385194e-08
1.361581684952772419e-08
1.295289295569390771e-08
1.231445844551324498e-08
1.171283164757600396e-08
1.114110176735526220e-08
1.059562931240712554e-08
1.007048778240469063e-08
9.570546917071930488e-09
9.093807751536083660e-09
8.644826268147947931e-09
8.212573730791558672e-09
7.796721421396532807e-09
7.399289197194445880e-09
7.025481739053762369e-09
6.671373506646894773e-09
6.333363644528678008e-09
6.010823061354215136e-09
5.709667482194611634e-09
5.422983379720282242e-09
5.145762389662563166e-09
4.878813607834933517e-09
4.629075783636829558e-09
4.389142321120167157e-09
4.158381608745669732e-09
3.944413288034340109e-09
3.745435239307802582e-09
3.549520490071542719e-09
3.365776473461021833e-09
3.195256545041746359e-09
3.026115563849521513e-09
2.866380939687665525e-09
2.720395805803717698e-09
2.575139771774859800e-09
2.440497300339107621e-09
2.313653097217691490e-09
2.189474056706334491e-09
2.079680173283661494e-09
1.970789094202304836e-09
1.867546087597758295e-09
1.766366302282785051e-09
1.670278353062736552e-09
1.585652176759346647e-09
1.502666204966558217e-09
1.426797007843947729e-09
1.347132171317208434e-09
1.275798934032927006e-09
1.206756068923519296e-09
1.146250120518273077e-09
1.085009102333236503e-09
1.027056995203359584e-09
9.712429505706389805e-10
9.208347743605682787e-10
8.717301581465729390e-10
8.268160756376258003e-10
7.826363344729564012e-10
7.404128931084292274e-10
7.010485414239601814e-10
6.664023273581986733e-10
6.304550629281597385e-10
5.951021320736992157e-10
5.641729039585693129e-10
5.369878828892103476e-10
5.060676230645377378e-10
4.780701280503966569e-10
4.542475867910283196e-10
4.312728570130200187e-10
4.059185964780205121e-10
3.847856976081771662e-10
3.660266462630456749e-10
3.464277562988282340e-10
3.256868809999852573e-10
3.117679730513259747e-10
2.937749280028784450e-10
2.771173470359465507e-10
2.646431258804995288e-10
2.490050271974055222e-10
2.358676819098440616e-10
2.249008432504821241e-10
2.116178265584513585e-10
2.020156518776220806e-10
1.906464575245114255e-10
1.809862786233575939e-10
1.712576603854132824e-10
1.617659846633061901e-10
1.539134926346191063e-10
1.451018143240529894e-10
1.387351664982075404e-10
1.303888004694999677e-10
1.247947689451457467e-10
1.170763132801995829e-10
1.118180948400207882e-10
1.049733517679075150e-10
1.003331818987053548e-10
9.459154320489416160e-11
9.025936640305670669e-11
8.495895252414541119e-11
8.081733974685880999e-11
7.638302985644242010e-11
7.305339268397186943e-11
6.922603746726075349e-11
6.580689224266565224e-11
6.198297899686445186e-11
5.882324861285273700e-11
5.560855936621375411e-11
5.300091992119387529e-11
5.011192104069248397e-11
4.756663531001550596e-11
4.513341804231051352e-11
4.318109642625181043e-11
4.079620945957714074e-11
3.854801203078147934e-11
3.653400291381426125e-11
3.498070036566538269e-11
3.309057108367300795e-11
3.128845599534173547e-11
2.960579608209187729e-11
2.833435491920946100e-11
2.669912459437850728e-11
2.549378861169359076e-11
2.434202121966838112e-11
2.293610958494240184e-11
2.154320825580361514e-11
2.074500818666235244e-11
1.967829489941285823e-11
1.867376438665855931e-11
1.782450756528943736e-11
1.672369679940667531e-11
1.586512365909252786e-11
1.527452660512748421e-11
1.428003780118354253e-11
1.381010631339675254e-11
1.297119320393316507e-11
1.237379731190998365e-11
1.166137062547485537e-11
1.101079945067679892e-11
1.069279033295870848e-11
1.009044435433655783e-11
9.539188623157763240e-12
8.931951405604007007e-12
8.645573998122954092e-12
8.149159978670274260e-12
7.790630925457992723e-12
7.330137863131438179e-12
6.909426085429764571e-12
6.625967161222085386e-12
6.335273751376953270e-12
5.896551963611780699e-12
5.651775298581877286e-12
5.379055487620204250e-12
5.053255270012577420e-12
4.777244583191322587e-12
4.565564736944860122e-12
4.311565001506044991e-12
4.005303828174345278e-12
3.835361407663817801e-12
3.675892711544111166e-12
3.347858669589143301e-12
3.236185729766626384e-12
3.067502111690587224e-12
2.804673060640086568e-12
2.669136139023702500e-12
2.535276157482791211e-12
2.297775556081026538e-12
2.226961523924735185e-12
2.017806586774949042e-12
1.926319151412421124e-12
1.750767762827882744e-12
1.643207393530507072e-12
1.527935205812308072e-12
1.373988753438423775e-12
1.321884505925569095e-12
1.144919101934285342e-12
1.109842730913591346e-12
9.602948276440441540e-13
9.139637018642829336e-13
8.087510684737988935e-13
7.379082509830084674e-13
6.611782622847489875e-13
5.979773798696986413e-13
5.448237425861854894e-13
4.894713506890578134e-13
4.403013237062933685e-13
3.955830684723402182e-13
3.624024032145153155e-13
3.334704169958676171e-13
3.061950115196531408e-13
2.827354830610284269e-13
2.670729882500328432e-13
2.547069607112752858e-13
2.438338718437272773e-13
2.380636930862545135e-13
2.287146564909893111e-13
2.228919201703453163e-13
2.184519311132268896e-13
2.138326000003007719e-13
2.021265079566384902e-13
1.966933743967928236e-13
1.884986990748522146e-13
1.746848900998293600e-13
1.613084404884530542e-13
1.489099442593196615e-13
1.320404036045719615e-13
1.185363189865351974e-13
1.021729268052750041e-13
9.261502831387015911e-14
7.712885649459020273e-14
6.860257980150094535e-14
6.204313159091972915e-14
5.468694616032613956e-14
5.488651225330091127e-14
5.331643713543050858e-14
5.316284984147609333e-14
5.565257668148746802e-14
5.471977266562613628e-14
5.576298376276196579e-14
5.289018718794611089e-14
4.817234651745286768e-14
4.310419525660558778e-14
3.609855358466749175e-14
3.132944756257167624e-14
2.508174789068183906e-14
2.232364188611942484e-14
1.999459594667639595e-14
2.032618268128767934e-14
2.021986446618858575e-14
2.161972942684403896e-14
2.259021237567758604e-14
2.269988664891727930e-14
2.072461994547388404e-14
1.787057065186230209e-14
1.406438070388697549e-14
1.056303678716432465e-14
9.061224759060654487e-15
9.372644584367538607e-15
1.031951626331927818e-14
1.144125913845485521e-14
1.174592309422474379e-14
1.070269728948358152e-14
9.189634172466448793e-15
6.852412741254975891e-15
5.114089429287075185e-15
4.811859305501615532e-15
5.764199040452999670e-15
6.881444861709350319e-15
6.797554958595041173e-15
5.593717256701738049e-15
4.274600550551567186e-15
3.142795575867325860e-15
2.967924131575660874e-15
3.666103088723472766e-15
4.648002300165410103e-15
4.008964132138965197e-15
2.573766298123438239e-15
1.855237800467107567e-15
2.303630373656946022e-15
2.656791997916032582e-15
2.894842434965127097e-15
2.269646580162096259e-15
1.312873003627350100e-15
1.325129522111896987e-15
2.094404761507400978e-15
1.956959600082416860e-15
1.373164593913239552e-15
8.386109482559848906e-16
1.259179627642058811e-15
1.592844707249294881e-15
1.067625977933566522e-15
6.914365529150563841e-16
9.004141340200994825e-16
1.163252565987985619e-15
8.122802653213062110e-16
4.240766896149210839e-16
8.979059603792821224e-16
7.615337478506580271e-16
4.548264269504898367e-16
4.978886846721334637e-16
7.341771943322603471e-16
3.634195379980857709e-16
3.930334037167469759e-16
5.670997177678876347e-16
3.130253420355046777e-16
3.188431738471614247e-16
4.622575865642661927e-16
2.048684842923628667e-16
3.363629820135562318e-16
3.037952920989354597e-16
1.826052273093725704e-16
3.115013202116448157e-16
1.687449543547551934e-16
2.231451079903198291e-16
2.023078059357727678e-16
1.444175141725809459e-16
2.091192078500567099e-16
1.055322800309164521e-16
1.893535756703579070e-16
8.994973795999943479e-17
1.616386721391520632e-16
8.146509805162286097e-17
1.361766034574173536e-16
7.372006322162517492e-17
1.153394735802698835e-16
6.562990295518947978e-17
9.858739387066247935e-17
5.756030005772167991e-17
8.492861033763868991e-17
4.993919199018353592e-17
7.358014064493991762e-17
4.299801341738584286e-17
6.400781221214004894e-17
3.681260471217190216e-17
5.584876835692701445e-17
3.137258645598884015e-17
4.884565672321434308e-17
2.662724702537183105e-17
4.280629709729028626e-17
2.251034500923950322e-17
3.758076310883576248e-17
1.895246205448861177e-17
3.304826444025608428e-17
1.588682466634452803e-17
2.910929481577293455e-17
1.325183189873081832e-17
2.568063940789289681e-17
1.099194335098489798e-17
2.269199571204135604e-17
9.057760782731789501e-18
2.008355369109175241e-17
7.405725180274796523e-18
1.780418014746760855e-17
5.997645174513505764e-18
1.581000591636454928e-17
4.800167856830015170e-18
1.406329613135559297e-17
3.784248965797417259e-18
1.253152842151069021e-17
2.924650452788834004e-18
1.118662968979294546e-17
2.199478340939967538e-18
1.000433733041328277e-17
1.589765306523312537e-18
8.963660416368611788e-18
1.079098126269598299e-18
8.046422532165799931e-18
6.532878271679219387e-19
7.236872184820177092e-18
3.000792425409085846e-19
6.521349701556373148e-18
8.896322558756979244e-21
5.888001720728753834e-18
-2.293805576532872883e-19
5.326535971353305354e-18
-4.226088512682271431e-19
4.828010344152250063e-18
-5.775530037124651621e-19
4.384651220980377811e-18
-7.000315399084532257e-19
3.989696877140551944e-18
-7.950448310073645752e-19
3.637262355629343641e-18
-8.668859457854026353e-19
3.322222831565862955e-18
-9.192367599745578306e-19
3.040112853261115998e-18
-9.552511936629448912e-19
2.787039297455813992e-18
-9.776272788201028395e-19
2.559606139136964946e-18
-9.886694689211739697e-19
2.354849421198350803e-18
-9.903424748039514891e-19
2.170181063313801618e-18
-9.843177592147890376e-19
2.003340294429749313e-18
-9.720135862101560293e-19
1.852351725800360069e-18
-9.546295205634981353e-19
1.715489164366916095e-18
-9.331760504424319003e-19
1.591244424499877568e-18
-9.084999775450406483e-19
1.478300516933979594e-18
-8.813060796821804443e-19
