# hist
0.000000  6.800052e-02
0.001000  6.800052e-02
0.002000  6.800052e-02
0.003000  6.800052e-02
0.004000  6.800052e-02
0.005000  6.800052e-02
0.006000  6.800052e-02
0.007000  6.800052e-02
0.008000  6.800052e-02
0.009000  6.800052e-02
0.010000  6.800052e-02
0.011000  6.800052e-02
0.012000  6.800052e-02
0.013000  6.800052e-02
0.014000  6.800052e-02
0.015000  6.800052e-02
0.016000  6.800052e-02
0.017000  6.800052e-02
0.018000  6.800052e-02
0.019000  6.800052e-02
0.020000  6.800052e-02
0.021000  6.800052e-02
0.022000  6.800052e-02
0.023000  6.800052e-02
0.024000  6.800052e-02
0.025000  6.800052e-02
0.026000  6.800052e-02
0.027000  6.800052e-02
0.028000  6.800052e-02
0.029000  6.800052e-02
0.030000  6.800052e-02
0.031000  6.800052e-02
0.032000  6.800052e-02
0.033000  6.800052e-02
0.034000  6.800052e-02
0.035000  6.800052e-02
0.036000  6.800052e-02
0.037000  6.800052e-02
0.038000  6.800052e-02
0.039000  6.800052e-02
0.040000  6.800052e-02
0.041000  6.800052e-02
0.042000  6.800052e-02
0.043000  6.800052e-02
0.044000  6.800052e-02
0.045000  6.800052e-02
0.046000  6.800052e-02
0.047000  6.800052e-02
0.048000  6.800052e-02
0.049000  6.800052e-02
0.050000  8.504561e-02
0.051000  8.504561e-02
0.052000  8.504561e-02
0.053000  8.504561e-02
0.054000  8.504561e-02
0.055000  8.504561e-02
0.056000  8.504561e-02
0.057000  8.504561e-02
0.058000  8.504561e-02
0.059000  8.504561e-02
0.060000  8.504561e-02
0.061000  8.504561e-02
0.062000  8.504561e-02
0.063000  8.504561e-02
0.064000  8.504561e-02
0.065000  8.504561e-02
0.066000  8.504561e-02
0.067000  8.504561e-02
0.068000  8.504561e-02
0.069000  8.504561e-02
0.070000  8.504561e-02
0.071000  8.504561e-02
0.072000  8.504561e-02
0.073000  8.504561e-02
0.074000  8.504561e-02
0.075000  8.504561e-02
0.076000  8.504561e-02
0.077000  8.504561e-02
0.078000  8.504561e-02
0.079000  8.504561e-02
0.080000  8.504561e-02
0.081000  8.504561e-02
0.082000  8.504561e-02
0.083000  8.504561e-02
0.084000  8.504561e-02
0.085000  8.504561e-02
0.086000  8.504561e-02
0.087000  8.504561e-02
0.088000  8.504561e-02
0.089000  8.504561e-02
0.090000  8.504561e-02
0.091000  8.504561e-02
0.092000  8.504561e-02
0.093000  8.504561e-02
0.094000  8.504561e-02
0.095000  8.504561e-02
0.096000  8.504561e-02
0.097000  8.504561e-02
0.098000  8.504561e-02
0.099000  8.504561e-02
0.100000  2.860403e-01
0.101000  2.860403e-01
0.102000  2.860403e-01
0.103000  2.860403e-01
0.104000  2.860403e-01
0.105000  2.860403e-01
0.106000  2.860403e-01
0.107000  2.860403e-01
0.108000  2.860403e-01
0.109000  2.860403e-01
0.110000  2.860403e-01
0.111000  2.860403e-01
0.112000  2.860403e-01
0.113000  2.860403e-01
0.114000  2.860403e-01
0.115000  2.860403e-01
0.116000  2.860403e-01
0.117000  2.860403e-01
0.118000  2.860403e-01
0.119000  2.860403e-01
0.120000  2.860403e-01
0.121000  2.860403e-01
0.122000  2.860403e-01
0.123000  2.860403e-01
0.124000  2.860403e-01
0.125000  2.860403e-01
0.126000  2.860403e-01
0.127000  2.860403e-01
0.128000  2.860403e-01
0.129000  2.860403e-01
0.130000  2.860403e-01
0.131000  2.860403e-01
0.132000  2.860403e-01
0.133000  2.860403e-01
0.134000  2.860403e-01
0.135000  2.860403e-01
0.136000  2.860403e-01
0.137000  2.860403e-01
0.138000  2.860403e-01
0.139000  2.860403e-01
0.140000  2.860403e-01
0.141000  2.860403e-01
0.142000  2.860403e-01
0.143000  2.860403e-01
0.144000  2.860403e-01
0.145000  2.860403e-01
0.146000  2.860403e-01
0.147000  2.860403e-01
0.148000  2.860403e-01
0.149000  2.860403e-01
0.150000  3.199012e-01
0.151000  3.199012e-01
0.152000  3.199012e-01
0.153000  3.199012e-01
0.154000  3.199012e-01
0.155000  3.199012e-01
0.156000  3.199012e-01
0.157000  3.199012e-01
0.158000  3.199012e-01
0.159000  3.199012e-01
0.160000  3.199012e-01
0.161000  3.199012e-01
0.162000  3.199012e-01
0.163000  3.199012e-01
0.164000  3.199012e-01
0.165000  3.199012e-01
0.166000  3.199012e-01
0.167000  3.199012e-01
0.168000  3.199012e-01
0.169000  3.199012e-01
0.170000  3.199012e-01
0.171000  3.199012e-01
0.172000  3.199012e-01
0.173000  3.199012e-01
0.174000  3.199012e-01
0.175000  3.199012e-01
0.176000  3.199012e-01
0.177000  3.199012e-01
0.178000  3.199012e-01
0.179000  3.199012e-01
0.180000  3.199012e-01
0.181000  3.199012e-01
0.182000  3.199012e-01
0.183000  3.199012e-01
0.184000  3.199012e-01
0.185000  3.199012e-01
0.186000  3.199012e-01
0.187000  3.199012e-01
0.188000  3.199012e-01
0.189000  3.199012e-01
0.190000  3.199012e-01
0.191000  3.199012e-01
0.192000  3.199012e-01
0.193000  3.199012e-01
0.194000  3.199012e-01
0.195000  3.199012e-01
0.196000  3.199012e-01
0.197000  3.199012e-01
0.198000  3.199012e-01
0.199000  3.199012e-01
0.200000  1.030341e+00
0.201000  1.030341e+00
0.202000  1.030341e+00
0.203000  1.030341e+00
0.204000  1.030341e+00
0.205000  1.030341e+00
0.206000  1.030341e+00
0.207000  1.030341e+00
0.208000  1.030341e+00
0.209000  1.030341e+00
0.210000  1.030341e+00
0.211000  1.030341e+00
0.212000  1.030341e+00
0.213000  1.030341e+00
0.214000  1.030341e+00
0.215000  1.030341e+00
0.216000  1.030341e+00
0.217000  1.030341e+00
0.218000  1.030341e+00
0.219000  1.030341e+00
0.220000  1.030341e+00
0.221000  1.030341e+00
0.222000  1.030341e+00
0.223000  1.030341e+00
0.224000  1.030341e+00
0.225000  1.030341e+00
0.226000  1.030341e+00
0.227000  1.030341e+00
0.228000  1.030341e+00
0.229000  1.030341e+00
0.230000  1.030341e+00
0.231000  1.030341e+00
0.232000  1.030341e+00
0.233000  1.030341e+00
0.234000  1.030341e+00
0.235000  1.030341e+00
0.236000  1.030341e+00
0.237000  1.030341e+00
0.238000  1.030341e+00
0.239000  1.030341e+00
0.240000  1.030341e+00
0.241000  1.030341e+00
0.242000  1.030341e+00
0.243000  1.030341e+00
0.244000  1.030341e+00
0.245000  1.030341e+00
0.246000  1.030341e+00
0.247000  1.030341e+00
0.248000  1.030341e+00
0.249000  1.030341e+00
0.250000  1.223480e+00
0.251000  1.223480e+00
0.252000  1.223480e+00
0.253000  1.223480e+00
0.254000  1.223480e+00
0.255000  1.223480e+00
0.256000  1.223480e+00
0.257000  1.223480e+00
0.258000  1.223480e+00
0.259000  1.223480e+00
0.260000  1.223480e+00
0.261000  1.223480e+00
0.262000  1.223480e+00
0.263000  1.223480e+00
0.264000  1.223480e+00
0.265000  1.223480e+00
0.266000  1.223480e+00
0.267000  1.223480e+00
0.268000  1.223480e+00
0.269000  1.223480e+00
0.270000  1.223480e+00
0.271000  1.223480e+00
0.272000  1.223480e+00
0.273000  1.223480e+00
0.274000  1.223480e+00
0.275000  1.223480e+00
0.276000  1.223480e+00
0.277000  1.223480e+00
0.278000  1.223480e+00
0.279000  1.223480e+00
0.280000  1.223480e+00
0.281000  1.223480e+00
0.282000  1.223480e+00
0.283000  1.223480e+00
0.284000  1.223480e+00
0.285000  1.223480e+00
0.286000  1.223480e+00
0.287000  1.223480e+00
0.288000  1.223480e+00
0.289000  1.223480e+00
0.290000  1.223480e+00
0.291000  1.223480e+00
0.292000  1.223480e+00
0.293000  1.223480e+00
0.294000  1.223480e+00
0.295000  1.223480e+00
0.296000  1.223480e+00
0.297000  1.223480e+00
0.298000  1.223480e+00
0.299000  1.223480e+00
0.300000  2.816722e+00
0.301000  2.816722e+00
0.302000  2.816722e+00
0.303000  2.816722e+00
0.304000  2.816722e+00
0.305000  2.816722e+00
0.306000  2.816722e+00
0.307000  2.816722e+00
0.308000  2.816722e+00
0.309000  2.816722e+00
0.310000  2.816722e+00
0.311000  2.816722e+00
0.312000  2.816722e+00
0.313000  2.816722e+00
0.314000  2.816722e+00
0.315000  2.816722e+00
0.316000  2.816722e+00
0.317000  2.816722e+00
0.318000  2.816722e+00
0.319000  2.816722e+00
0.320000  2.816722e+00
0.321000  2.816722e+00
0.322000  2.816722e+00
0.323000  2.816722e+00
0.324000  2.816722e+00
0.325000  2.816722e+00
0.326000  2.816722e+00
0.327000  2.816722e+00
0.328000  2.816722e+00
0.329000  2.816722e+00
0.330000  2.816722e+00
0.331000  2.816722e+00
0.332000  2.816722e+00
0.333000  2.816722e+00
0.334000  2.816722e+00
0.335000  2.816722e+00
0.336000  2.816722e+00
0.337000  2.816722e+00
0.338000  2.816722e+00
0.339000  2.816722e+00
0.340000  2.816722e+00
0.341000  2.816722e+00
0.342000  2.816722e+00
0.343000  2.816722e+00
0.344000  2.816722e+00
0.345000  2.816722e+00
0.346000  2.816722e+00
0.347000  2.816722e+00
0.348000  2.816722e+00
0.349000  2.816722e+00
0.350000  2.654684e+00
0.351000  2.654684e+00
0.352000  2.654684e+00
0.353000  2.654684e+00
0.354000  2.654684e+00
0.355000  2.654684e+00
0.356000  2.654684e+00
0.357000  2.654684e+00
0.358000  2.654684e+00
0.359000  2.654684e+00
0.360000  2.654684e+00
0.361000  2.654684e+00
0.362000  2.654684e+00
0.363000  2.654684e+00
0.364000  2.654684e+00
0.365000  2.654684e+00
0.366000  2.654684e+00
0.367000  2.654684e+00
0.368000  2.654684e+00
0.369000  2.654684e+00
0.370000  2.654684e+00
0.371000  2.654684e+00
0.372000  2.654684e+00
0.373000  2.654684e+00
0.374000  2.654684e+00
0.375000  2.654684e+00
0.376000  2.654684e+00
0.377000  2.654684e+00
0.378000  2.654684e+00
0.379000  2.654684e+00
0.380000  2.654684e+00
0.381000  2.654684e+00
0.382000  2.654684e+00
0.383000  2.654684e+00
0.384000  2.654684e+00
0.385000  2.654684e+00
0.386000  2.654684e+00
0.387000  2.654684e+00
0.388000  2.654684e+00
0.389000  2.654684e+00
0.390000  2.654684e+00
0.391000  2.654684e+00
0.392000  2.654684e+00
0.393000  2.654684e+00
0.394000  2.654684e+00
0.395000  2.654684e+00
0.396000  2.654684e+00
0.397000  2.654684e+00
0.398000  2.654684e+00
0.399000  2.654684e+00
0.400000  2.372425e+00
0.401000  2.372425e+00
0.402000  2.372425e+00
0.403000  2.372425e+00
0.404000  2.372425e+00
0.405000  2.372425e+00
0.406000  2.372425e+00
0.407000  2.372425e+00
0.408000  2.372425e+00
0.409000  2.372425e+00
0.410000  2.372425e+00
0.411000  2.372425e+00
0.412000  2.372425e+00
0.413000  2.372425e+00
0.414000  2.372425e+00
0.415000  2.372425e+00
0.416000  2.372425e+00
0.417000  2.372425e+00
0.418000  2.372425e+00
0.419000  2.372425e+00
0.420000  2.372425e+00
0.421000  2.372425e+00
0.422000  2.372425e+00
0.423000  2.372425e+00
0.424000  2.372425e+00
0.425000  2.372425e+00
0.426000  2.372425e+00
0.427000  2.372425e+00
0.428000  2.372425e+00
0.429000  2.372425e+00
0.430000  2.372425e+00
0.431000  2.372425e+00
0.432000  2.372425e+00
0.433000  2.372425e+00
0.434000  2.372425e+00
0.435000  2.372425e+00
0.436000  2.372425e+00
0.437000  2.372425e+00
0.438000  2.372425e+00
0.439000  2.372425e+00
0.440000  2.372425e+00
0.441000  2.372425e+00
0.442000  2.372425e+00
0.443000  2.372425e+00
0.444000  2.372425e+00
0.445000  2.372425e+00
0.446000  2.372425e+00
0.447000  2.372425e+00
0.448000  2.372425e+00
0.449000  2.372425e+00
0.450000  2.021935e+00
0.451000  2.021935e+00
0.452000  2.021935e+00
0.453000  2.021935e+00
0.454000  2.021935e+00
0.455000  2.021935e+00
0.456000  2.021935e+00
0.457000  2.021935e+00
0.458000  2.021935e+00
0.459000  2.021935e+00
0.460000  2.021935e+00
0.461000  2.021935e+00
0.462000  2.021935e+00
0.463000  2.021935e+00
0.464000  2.021935e+00
0.465000  2.021935e+00
0.466000  2.021935e+00
0.467000  2.021935e+00
0.468000  2.021935e+00
0.469000  2.021935e+00
0.470000  2.021935e+00
0.471000  2.021935e+00
0.472000  2.021935e+00
0.473000  2.021935e+00
0.474000  2.021935e+00
0.475000  2.021935e+00
0.476000  2.021935e+00
0.477000  2.021935e+00
0.478000  2.021935e+00
0.479000  2.021935e+00
0.480000  2.021935e+00
0.481000  2.021935e+00
0.482000  2.021935e+00
0.483000  2.021935e+00
0.484000  2.021935e+00
0.485000  2.021935e+00
0.486000  2.021935e+00
0.487000  2.021935e+00
0.488000  2.021935e+00
0.489000  2.021935e+00
0.490000  2.021935e+00
0.491000  2.021935e+00
0.492000  2.021935e+00
0.493000  2.021935e+00
0.494000  2.021935e+00
0.495000  2.021935e+00
0.496000  2.021935e+00
0.497000  2.021935e+00
0.498000  2.021935e+00
0.499000  2.021935e+00
0.500000  2.441914e+00
0.501000  2.441914e+00
0.502000  2.441914e+00
0.503000  2.441914e+00
0.504000  2.441914e+00
0.505000  2.441914e+00
0.506000  2.441914e+00
0.507000  2.441914e+00
0.508000  2.441914e+00
0.509000  2.441914e+00
0.510000  2.441914e+00
0.511000  2.441914e+00
0.512000  2.441914e+00
0.513000  2.441914e+00
0.514000  2.441914e+00
0.515000  2.441914e+00
0.516000  2.441914e+00
0.517000  2.441914e+00
0.518000  2.441914e+00
0.519000  2.441914e+00
0.520000  2.441914e+00
0.521000  2.441914e+00
0.522000  2.441914e+00
0.523000  2.441914e+00
0.524000  2.441914e+00
0.525000  2.441914e+00
0.526000  2.441914e+00
0.527000  2.441914e+00
0.528000  2.441914e+00
0.529000  2.441914e+00
0.530000  2.441914e+00
0.531000  2.441914e+00
0.532000  2.441914e+00
0.533000  2.441914e+00
0.534000  2.441914e+00
0.535000  2.441914e+00
0.536000  2.441914e+00
0.537000  2.441914e+00
0.538000  2.441914e+00
0.539000  2.441914e+00
0.540000  2.441914e+00
0.541000  2.441914e+00
0.542000  2.441914e+00
0.543000  2.441914e+00
0.544000  2.441914e+00
0.545000  2.441914e+00
0.546000  2.441914e+00
0.547000  2.441914e+00
0.548000  2.441914e+00
0.549000  2.441914e+00
0.550000  1.013480e+00
0.551000  1.013480e+00
0.552000  1.013480e+00
0.553000  1.013480e+00
0.554000  1.013480e+00
0.555000  1.013480e+00
0.556000  1.013480e+00
0.557000  1.013480e+00
0.558000  1.013480e+00
0.559000  1.013480e+00
0.560000  1.013480e+00
0.561000  1.013480e+00
0.562000  1.013480e+00
0.563000  1.013480e+00
0.564000  1.013480e+00
0.565000  1.013480e+00
0.566000  1.013480e+00
0.567000  1.013480e+00
0.568000  1.013480e+00
0.569000  1.013480e+00
0.570000  1.013480e+00
0.571000  1.013480e+00
0.572000  1.013480e+00
0.573000  1.013480e+00
0.574000  1.013480e+00
0.575000  1.013480e+00
0.576000  1.013480e+00
0.577000  1.013480e+00
0.578000  1.013480e+00
0.579000  1.013480e+00
0.580000  1.013480e+00
0.581000  1.013480e+00
0.582000  1.013480e+00
0.583000  1.013480e+00
0.584000  1.013480e+00
0.585000  1.013480e+00
0.586000  1.013480e+00
0.587000  1.013480e+00
0.588000  1.013480e+00
0.589000  1.013480e+00
0.590000  1.013480e+00
0.591000  1.013480e+00
0.592000  1.013480e+00
0.593000  1.013480e+00
0.594000  1.013480e+00
0.595000  1.013480e+00
0.596000  1.013480e+00
0.597000  1.013480e+00
0.598000  1.013480e+00
0.599000  1.013480e+00
0.600000  9.251633e-01
0.601000  9.251633e-01
0.602000  9.251633e-01
0.603000  9.251633e-01
0.604000  9.251633e-01
0.605000  9.251633e-01
0.606000  9.251633e-01
0.607000  9.251633e-01
0.608000  9.251633e-01
0.609000  9.251633e-01
0.610000  9.251633e-01
0.611000  9.251633e-01
0.612000  9.251633e-01
0.613000  9.251633e-01
0.614000  9.251633e-01
0.615000  9.251633e-01
0.616000  9.251633e-01
0.617000  9.251633e-01
0.618000  9.251633e-01
0.619000  9.251633e-01
0.620000  9.251633e-01
0.621000  9.251633e-01
0.622000  9.251633e-01
0.623000  9.251633e-01
0.624000  9.251633e-01
0.625000  9.251633e-01
0.626000  9.251633e-01
0.627000  9.251633e-01
0.628000  9.251633e-01
0.629000  9.251633e-01
0.630000  9.251633e-01
0.631000  9.251633e-01
0.632000  9.251633e-01
0.633000  9.251633e-01
0.634000  9.251633e-01
0.635000  9.251633e-01
0.636000  9.251633e-01
0.637000  9.251633e-01
0.638000  9.251633e-01
0.639000  9.251633e-01
0.640000  9.251633e-01
0.641000  9.251633e-01
0.642000  9.251633e-01
0.643000  9.251633e-01
0.644000  9.251633e-01
0.645000  9.251633e-01
0.646000  9.251633e-01
0.647000  9.251633e-01
0.648000  9.251633e-01
0.649000  9.251633e-01
0.650000  6.430709e-01
0.651000  6.430709e-01
0.652000  6.430709e-01
0.653000  6.430709e-01
0.654000  6.430709e-01
0.655000  6.430709e-01
0.656000  6.430709e-01
0.657000  6.430709e-01
0.658000  6.430709e-01
0.659000  6.430709e-01
0.660000  6.430709e-01
0.661000  6.430709e-01
0.662000  6.430709e-01
0.663000  6.430709e-01
0.664000  6.430709e-01
0.665000  6.430709e-01
0.666000  6.430709e-01
0.667000  6.430709e-01
0.668000  6.430709e-01
0.669000  6.430709e-01
0.670000  6.430709e-01
0.671000  6.430709e-01
0.672000  6.430709e-01
0.673000  6.430709e-01
0.674000  6.430709e-01
0.675000  6.430709e-01
0.676000  6.430709e-01
0.677000  6.430709e-01
0.678000  6.430709e-01
0.679000  6.430709e-01
0.680000  6.430709e-01
0.681000  6.430709e-01
0.682000  6.430709e-01
0.683000  6.430709e-01
0.684000  6.430709e-01
0.685000  6.430709e-01
0.686000  6.430709e-01
0.687000  6.430709e-01
0.688000  6.430709e-01
0.689000  6.430709e-01
0.690000  6.430709e-01
0.691000  6.430709e-01
0.692000  6.430709e-01
0.693000  6.430709e-01
0.694000  6.430709e-01
0.695000  6.430709e-01
0.696000  6.430709e-01
0.697000  6.430709e-01
0.698000  6.430709e-01
0.699000  6.430709e-01
0.700000  4.760573e-01
0.701000  4.760573e-01
0.702000  4.760573e-01
0.703000  4.760573e-01
0.704000  4.760573e-01
0.705000  4.760573e-01
0.706000  4.760573e-01
0.707000  4.760573e-01
0.708000  4.760573e-01
0.709000  4.760573e-01
0.710000  4.760573e-01
0.711000  4.760573e-01
0.712000  4.760573e-01
0.713000  4.760573e-01
0.714000  4.760573e-01
0.715000  4.760573e-01
0.716000  4.760573e-01
0.717000  4.760573e-01
0.718000  4.760573e-01
0.719000  4.760573e-01
0.720000  4.760573e-01
0.721000  4.760573e-01
0.722000  4.760573e-01
0.723000  4.760573e-01
0.724000  4.760573e-01
0.725000  4.760573e-01
0.726000  4.760573e-01
0.727000  4.760573e-01
0.728000  4.760573e-01
0.729000  4.760573e-01
0.730000  4.760573e-01
0.731000  4.760573e-01
0.732000  4.760573e-01
0.733000  4.760573e-01
0.734000  4.760573e-01
0.735000  4.760573e-01
0.736000  4.760573e-01
0.737000  4.760573e-01
0.738000  4.760573e-01
0.739000  4.760573e-01
0.740000  4.760573e-01
0.741000  4.760573e-01
0.742000  4.760573e-01
0.743000  4.760573e-01
0.744000  4.760573e-01
0.745000  4.760573e-01
0.746000  4.760573e-01
0.747000  4.760573e-01
0.748000  4.760573e-01
0.749000  4.760573e-01
0.750000  3.500262e-01
0.751000  3.500262e-01
0.752000  3.500262e-01
0.753000  3.500262e-01
0.754000  3.500262e-01
0.755000  3.500262e-01
0.756000  3.500262e-01
0.757000  3.500262e-01
0.758000  3.500262e-01
0.759000  3.500262e-01
0.760000  3.500262e-01
0.761000  3.500262e-01
0.762000  3.500262e-01
0.763000  3.500262e-01
0.764000  3.500262e-01
0.765000  3.500262e-01
0.766000  3.500262e-01
0.767000  3.500262e-01
0.768000  3.500262e-01
0.769000  3.500262e-01
0.770000  3.500262e-01
0.771000  3.500262e-01
0.772000  3.500262e-01
0.773000  3.500262e-01
0.774000  3.500262e-01
0.775000  3.500262e-01
0.776000  3.500262e-01
0.777000  3.500262e-01
0.778000  3.500262e-01
0.779000  3.500262e-01
0.780000  3.500262e-01
0.781000  3.500262e-01
0.782000  3.500262e-01
0.783000  3.500262e-01
0.784000  3.500262e-01
0.785000  3.500262e-01
0.786000  3.500262e-01
0.787000  3.500262e-01
0.788000  3.500262e-01
0.789000  3.500262e-01
0.790000  3.500262e-01
0.791000  3.500262e-01
0.792000  3.500262e-01
0.793000  3.500262e-01
0.794000  3.500262e-01
0.795000  3.500262e-01
0.796000  3.500262e-01
0.797000  3.500262e-01
0.798000  3.500262e-01
0.799000  3.500262e-01
0.800000  1.938469e-01
0.801000  1.938469e-01
0.802000  1.938469e-01
0.803000  1.938469e-01
0.804000  1.938469e-01
0.805000  1.938469e-01
0.806000  1.938469e-01
0.807000  1.938469e-01
0.808000  1.938469e-01
0.809000  1.938469e-01
0.810000  1.938469e-01
0.811000  1.938469e-01
0.812000  1.938469e-01
0.813000  1.938469e-01
0.814000  1.938469e-01
0.815000  1.938469e-01
0.816000  1.938469e-01
0.817000  1.938469e-01
0.818000  1.938469e-01
0.819000  1.938469e-01
0.820000  1.938469e-01
0.821000  1.938469e-01
0.822000  1.938469e-01
0.823000  1.938469e-01
0.824000  1.938469e-01
0.825000  1.938469e-01
0.826000  1.938469e-01
0.827000  1.938469e-01
0.828000  1.938469e-01
0.829000  1.938469e-01
0.830000  1.938469e-01
0.831000  1.938469e-01
0.832000  1.938469e-01
0.833000  1.938469e-01
0.834000  1.938469e-01
0.835000  1.938469e-01
0.836000  1.938469e-01
0.837000  1.938469e-01
0.838000  1.938469e-01
0.839000  1.938469e-01
0.840000  1.938469e-01
0.841000  1.938469e-01
0.842000  1.938469e-01
0.843000  1.938469e-01
0.844000  1.938469e-01
0.845000  1.938469e-01
0.846000  1.938469e-01
0.847000  1.938469e-01
0.848000  1.938469e-01
0.849000  1.938469e-01
0.850000  1.833723e-01
0.851000  1.833723e-01
0.852000  1.833723e-01
0.853000  1.833723e-01
0.854000  1.833723e-01
0.855000  1.833723e-01
0.856000  1.833723e-01
0.857000  1.833723e-01
0.858000  1.833723e-01
0.859000  1.833723e-01
0.860000  1.833723e-01
0.861000  1.833723e-01
0.862000  1.833723e-01
0.863000  1.833723e-01
0.864000  1.833723e-01
0.865000  1.833723e-01
0.866000  1.833723e-01
0.867000  1.833723e-01
0.868000  1.833723e-01
0.869000  1.833723e-01
0.870000  1.833723e-01
0.871000  1.833723e-01
0.872000  1.833723e-01
0.873000  1.833723e-01
0.874000  1.833723e-01
0.875000  1.833723e-01
0.876000  1.833723e-01
0.877000  1.833723e-01
0.878000  1.833723e-01
0.879000  1.833723e-01
0.880000  1.833723e-01
0.881000  1.833723e-01
0.882000  1.833723e-01
0.883000  1.833723e-01
0.884000  1.833723e-01
0.885000  1.833723e-01
0.886000  1.833723e-01
0.887000  1.833723e-01
0.888000  1.833723e-01
0.889000  1.833723e-01
0.890000  1.833723e-01
0.891000  1.833723e-01
0.892000  1.833723e-01
0.893000  1.833723e-01
0.894000  1.833723e-01
0.895000  1.833723e-01
0.896000  1.833723e-01
0.897000  1.833723e-01
0.898000  1.833723e-01
0.899000  1.833723e-01
0.900000  6.780972e-02
0.901000  6.780972e-02
0.902000  6.780972e-02
0.903000  6.780972e-02
0.904000  6.780972e-02
0.905000  6.780972e-02
0.906000  6.780972e-02
0.907000  6.780972e-02
0.908000  6.780972e-02
0.909000  6.780972e-02
0.910000  6.780972e-02
0.911000  6.780972e-02
0.912000  6.780972e-02
0.913000  6.780972e-02
0.914000  6.780972e-02
0.915000  6.780972e-02
0.916000  6.780972e-02
0.917000  6.780972e-02
0.918000  6.780972e-02
0.919000  6.780972e-02
0.920000  6.780972e-02
0.921000  6.780972e-02
0.922000  6.780972e-02
0.923000  6.780972e-02
0.924000  6.780972e-02
0.925000  6.780972e-02
0.926000  6.780972e-02
0.927000  6.780972e-02
0.928000  6.780972e-02
0.929000  6.780972e-02
0.930000  6.780972e-02
0.931000  6.780972e-02
0.932000  6.780972e-02
0.933000  6.780972e-02
0.934000  6.780972e-02
0.935000  6.780972e-02
0.936000  6.780972e-02
0.937000  6.780972e-02
0.938000  6.780972e-02
0.939000  6.780972e-02
0.940000  6.780972e-02
0.941000  6.780972e-02
0.942000  6.780972e-02
0.943000  6.780972e-02
0.944000  6.780972e-02
0.945000  6.780972e-02
0.946000  6.780972e-02
0.947000  6.780972e-02
0.948000  6.780972e-02
0.949000  6.780972e-02
0.950000  8.724923e-02
0.951000  8.724923e-02
0.952000  8.724923e-02
0.953000  8.724923e-02
0.954000  8.724923e-02
0.955000  8.724923e-02
0.956000  8.724923e-02
0.957000  8.724923e-02
0.958000  8.724923e-02
0.959000  8.724923e-02
0.960000  8.724923e-02
0.961000  8.724923e-02
0.962000  8.724923e-02
0.963000  8.724923e-02
0.964000  8.724923e-02
0.965000  8.724923e-02
0.966000  8.724923e-02
0.967000  8.724923e-02
0.968000  8.724923e-02
0.969000  8.724923e-02
0.970000  8.724923e-02
0.971000  8.724923e-02
0.972000  8.724923e-02
0.973000  8.724923e-02
0.974000  8.724923e-02
0.975000  8.724923e-02
0.976000  8.724923e-02
0.977000  8.724923e-02
0.978000  8.724923e-02
0.979000  8.724923e-02
0.980000  8.724923e-02
0.981000  8.724923e-02
0.982000  8.724923e-02
0.983000  8.724923e-02
0.984000  8.724923e-02
0.985000  8.724923e-02
0.986000  8.724923e-02
0.987000  8.724923e-02
0.988000  8.724923e-02
0.989000  8.724923e-02
0.990000  8.724923e-02
0.991000  8.724923e-02
0.992000  8.724923e-02
0.993000  8.724923e-02
0.994000  8.724923e-02
0.995000  8.724923e-02
0.996000  8.724923e-02
0.997000  8.724923e-02
0.998000  8.724923e-02
0.999000  8.724923e-02
1.000000  1.615732e-01
1.001000  1.615732e-01
1.002000  1.615732e-01
1.003000  1.615732e-01
1.004000  1.615732e-01
1.005000  1.615732e-01
1.006000  1.615732e-01
1.007000  1.615732e-01
1.008000  1.615732e-01
1.009000  1.615732e-01
1.010000  1.615732e-01
1.011000  1.615732e-01
1.012000  1.615732e-01
1.013000  1.615732e-01
1.014000  1.615732e-01
1.015000  1.615732e-01
1.016000  1.615732e-01
1.017000  1.615732e-01
1.018000  1.615732e-01
1.019000  1.615732e-01
1.020000  1.615732e-01
1.021000  1.615732e-01
1.022000  1.615732e-01
1.023000  1.615732e-01
1.024000  1.615732e-01
1.025000  1.615732e-01
1.026000  1.615732e-01
1.027000  1.615732e-01
1.028000  1.615732e-01
1.029000  1.615732e-01
1.030000  1.615732e-01
1.031000  1.615732e-01
1.032000  1.615732e-01
1.033000  1.615732e-01
1.034000  1.615732e-01
1.035000  1.615732e-01
1.036000  1.615732e-01
1.037000  1.615732e-01
1.038000  1.615732e-01
1.039000  1.615732e-01
1.040000  1.615732e-01
1.041000  1.615732e-01
1.042000  1.615732e-01
1.043000  1.615732e-01
1.044000  1.615732e-01
1.045000  1.615732e-01
1.046000  1.615732e-01
1.047000  1.615732e-01
1.048000  1.615732e-01
1.049000  1.615732e-01
1.050000  9.328999e-02
1.051000  9.328999e-02
1.052000  9.328999e-02
1.053000  9.328999e-02
1.054000  9.328999e-02
1.055000  9.328999e-02
1.056000  9.328999e-02
1.057000  9.328999e-02
1.058000  9.328999e-02
1.059000  9.328999e-02
1.060000  9.328999e-02
1.061000  9.328999e-02
1.062000  9.328999e-02
1.063000  9.328999e-02
1.064000  9.328999e-02
1.065000  9.328999e-02
1.066000  9.328999e-02
1.067000  9.328999e-02
1.068000  9.328999e-02
1.069000  9.328999e-02
1.070000  9.328999e-02
1.071000  9.328999e-02
1.072000  9.328999e-02
1.073000  9.328999e-02
1.074000  9.328999e-02
1.075000  9.328999e-02
1.076000  9.328999e-02
1.077000  9.328999e-02
1.078000  9.328999e-02
1.079000  9.328999e-02
1.080000  9.328999e-02
1.081000  9.328999e-02
1.082000  9.328999e-02
1.083000  9.328999e-02
1.084000  9.328999e-02
1.085000  9.328999e-02
1.086000  9.328999e-02
1.087000  9.328999e-02
1.088000  9.328999e-02
1.089000  9.328999e-02
1.090000  9.328999e-02
1.091000  9.328999e-02
1.092000  9.328999e-02
1.093000  9.328999e-02
1.094000  9.328999e-02
1.095000  9.328999e-02
1.096000  9.328999e-02
1.097000  9.328999e-02
1.098000  9.328999e-02
1.099000  9.328999e-02
1.100000  8.221781e-02
1.101000  8.221781e-02
1.102000  8.221781e-02
1.103000  8.221781e-02
1.104000  8.221781e-02
1.105000  8.221781e-02
1.106000  8.221781e-02
1.107000  8.221781e-02
1.108000  8.221781e-02
1.109000  8.221781e-02
1.110000  8.221781e-02
1.111000  8.221781e-02
1.112000  8.221781e-02
1.113000  8.221781e-02
1.114000  8.221781e-02
1.115000  8.221781e-02
1.116000  8.221781e-02
1.117000  8.221781e-02
1.118000  8.221781e-02
1.119000  8.221781e-02
1.120000  8.221781e-02
1.121000  8.221781e-02
1.122000  8.221781e-02
1.123000  8.221781e-02
1.124000  8.221781e-02
1.125000  8.221781e-02
1.126000  8.221781e-02
1.127000  8.221781e-02
1.128000  8.221781e-02
1.129000  8.221781e-02
1.130000  8.221781e-02
1.131000  8.221781e-02
1.132000  8.221781e-02
1.133000  8.221781e-02
1.134000  8.221781e-02
1.135000  8.221781e-02
1.136000  8.221781e-02
1.137000  8.221781e-02
1.138000  8.221781e-02
1.139000  8.221781e-02
1.140000  8.221781e-02
1.141000  8.221781e-02
1.142000  8.221781e-02
1.143000  8.221781e-02
1.144000  8.221781e-02
1.145000  8.221781e-02
1.146000  8.221781e-02
1.147000  8.221781e-02
1.148000  8.221781e-02
1.149000  8.221781e-02
1.150000  4.724283e-02
1.151000  4.724283e-02
1.152000  4.724283e-02
1.153000  4.724283e-02
1.154000  4.724283e-02
1.155000  4.724283e-02
1.156000  4.724283e-02
1.157000  4.724283e-02
1.158000  4.724283e-02
1.159000  4.724283e-02
1.160000  4.724283e-02
1.161000  4.724283e-02
1.162000  4.724283e-02
1.163000  4.724283e-02
1.164000  4.724283e-02
1.165000  4.724283e-02
1.166000  4.724283e-02
1.167000  4.724283e-02
1.168000  4.724283e-02
1.169000  4.724283e-02
1.170000  4.724283e-02
1.171000  4.724283e-02
1.172000  4.724283e-02
1.173000  4.724283e-02
1.174000  4.724283e-02
1.175000  4.724283e-02
1.176000  4.724283e-02
1.177000  4.724283e-02
1.178000  4.724283e-02
1.179000  4.724283e-02
1.180000  4.724283e-02
1.181000  4.724283e-02
1.182000  4.724283e-02
1.183000  4.724283e-02
1.184000  4.724283e-02
1.185000  4.724283e-02
1.186000  4.724283e-02
1.187000  4.724283e-02
1.188000  4.724283e-02
1.189000  4.724283e-02
1.190000  4.724283e-02
1.191000  4.724283e-02
1.192000  4.724283e-02
1.193000  4.724283e-02
1.194000  4.724283e-02
1.195000  4.724283e-02
1.196000  4.724283e-02
1.197000  4.724283e-02
1.198000  4.724283e-02
1.199000  4.724283e-02
1.200000  6.021305e-02
1.201000  6.021305e-02
1.202000  6.021305e-02
1.203000  6.021305e-02
1.204000  6.021305e-02
1.205000  6.021305e-02
1.206000  6.021305e-02
1.207000  6.021305e-02
1.208000  6.021305e-02
1.209000  6.021305e-02
1.210000  6.021305e-02
1.211000  6.021305e-02
1.212000  6.021305e-02
1.213000  6.021305e-02
1.214000  6.021305e-02
1.215000  6.021305e-02
1.216000  6.021305e-02
1.217000  6.021305e-02
1.218000  6.021305e-02
1.219000  6.021305e-02
1.220000  6.021305e-02
1.221000  6.021305e-02
1.222000  6.021305e-02
1.223000  6.021305e-02
1.224000  6.021305e-02
1.225000  6.021305e-02
1.226000  6.021305e-02
1.227000  6.021305e-02
1.228000  6.021305e-02
1.229000  6.021305e-02
1.230000  6.021305e-02
1.231000  6.021305e-02
1.232000  6.021305e-02
1.233000  6.021305e-02
1.234000  6.021305e-02
1.235000  6.021305e-02
1.236000  6.021305e-02
1.237000  6.021305e-02
1.238000  6.021305e-02
1.239000  6.021305e-02
1.240000  6.021305e-02
1.241000  6.021305e-02
1.242000  6.021305e-02
1.243000  6.021305e-02
1.244000  6.021305e-02
1.245000  6.021305e-02
1.246000  6.021305e-02
1.247000  6.021305e-02
1.248000  6.021305e-02
1.249000  6.021305e-02
1.250000  3.948453e-02
1.251000  3.948453e-02
1.252000  3.948453e-02
1.253000  3.948453e-02
1.254000  3.948453e-02
1.255000  3.948453e-02
1.256000  3.948453e-02
1.257000  3.948453e-02
1.258000  3.948453e-02
1.259000  3.948453e-02
1.260000  3.948453e-02
1.261000  3.948453e-02
1.262000  3.948453e-02
1.263000  3.948453e-02
1.264000  3.948453e-02
1.265000  3.948453e-02
1.266000  3.948453e-02
1.267000  3.948453e-02
1.268000  3.948453e-02
1.269000  3.948453e-02
1.270000  3.948453e-02
1.271000  3.948453e-02
1.272000  3.948453e-02
1.273000  3.948453e-02
1.274000  3.948453e-02
1.275000  3.948453e-02
1.276000  3.948453e-02
1.277000  3.948453e-02
1.278000  3.948453e-02
1.279000  3.948453e-02
1.280000  3.948453e-02
1.281000  3.948453e-02
1.282000  3.948453e-02
1.283000  3.948453e-02
1.284000  3.948453e-02
1.285000  3.948453e-02
1.286000  3.948453e-02
1.287000  3.948453e-02
1.288000  3.948453e-02
1.289000  3.948453e-02
1.290000  3.948453e-02
1.291000  3.948453e-02
1.292000  3.948453e-02
1.293000  3.948453e-02
1.294000  3.948453e-02
1.295000  3.948453e-02
1.296000  3.948453e-02
1.297000  3.948453e-02
1.298000  3.948453e-02
1.299000  3.948453e-02
1.300000  5.354291e-02
1.301000  5.354291e-02
1.302000  5.354291e-02
1.303000  5.354291e-02
1.304000  5.354291e-02
1.305000  5.354291e-02
1.306000  5.354291e-02
1.307000  5.354291e-02
1.308000  5.354291e-02
1.309000  5.354291e-02
1.310000  5.354291e-02
1.311000  5.354291e-02
1.312000  5.354291e-02
1.313000  5.354291e-02
1.314000  5.354291e-02
1.315000  5.354291e-02
1.316000  5.354291e-02
1.317000  5.354291e-02
1.318000  5.354291e-02
1.319000  5.354291e-02
1.320000  5.354291e-02
1.321000  5.354291e-02
1.322000  5.354291e-02
1.323000  5.354291e-02
1.324000  5.354291e-02
1.325000  5.354291e-02
1.326000  5.354291e-02
1.327000  5.354291e-02
1.328000  5.354291e-02
1.329000  5.354291e-02
1.330000  5.354291e-02
1.331000  5.354291e-02
1.332000  5.354291e-02
1.333000  5.354291e-02
1.334000  5.354291e-02
1.335000  5.354291e-02
1.336000  5.354291e-02
1.337000  5.354291e-02
1.338000  5.354291e-02
1.339000  5.354291e-02
1.340000  5.354291e-02
1.341000  5.354291e-02
1.342000  5.354291e-02
1.343000  5.354291e-02
1.344000  5.354291e-02
1.345000  5.354291e-02
1.346000  5.354291e-02
1.347000  5.354291e-02
1.348000  5.354291e-02
1.349000  5.354291e-02
1.350000  3.595795e-02
1.351000  3.595795e-02
1.352000  3.595795e-02
1.353000  3.595795e-02
1.354000  3.595795e-02
1.355000  3.595795e-02
1.356000  3.595795e-02
1.357000  3.595795e-02
1.358000  3.595795e-02
1.359000  3.595795e-02
1.360000  3.595795e-02
1.361000  3.595795e-02
1.362000  3.595795e-02
1.363000  3.595795e-02
1.364000  3.595795e-02
1.365000  3.595795e-02
1.366000  3.595795e-02
1.367000  3.595795e-02
1.368000  3.595795e-02
1.369000  3.595795e-02
1.370000  3.595795e-02
1.371000  3.595795e-02
1.372000  3.595795e-02
1.373000  3.595795e-02
1.374000  3.595795e-02
1.375000  3.595795e-02
1.376000  3.595795e-02
1.377000  3.595795e-02
1.378000  3.595795e-02
1.379000  3.595795e-02
1.380000  3.595795e-02
1.381000  3.595795e-02
1.382000  3.595795e-02
1.383000  3.595795e-02
1.384000  3.595795e-02
1.385000  3.595795e-02
1.386000  3.595795e-02
1.387000  3.595795e-02
1.388000  3.595795e-02
1.389000  3.595795e-02
1.390000  3.595795e-02
1.391000  3.595795e-02
1.392000  3.595795e-02
1.393000  3.595795e-02
1.394000  3.595795e-02
1.395000  3.595795e-02
1.396000  3.595795e-02
1.397000  3.595795e-02
1.398000  3.595795e-02
1.399000  3.595795e-02
1.400000  2.112217e-02
1.401000  2.112217e-02
1.402000  2.112217e-02
1.403000  2.112217e-02
1.404000  2.112217e-02
1.405000  2.112217e-02
1.406000  2.112217e-02
1.407000  2.112217e-02
1.408000  2.112217e-02
1.409000  2.112217e-02
1.410000  2.112217e-02
1.411000  2.112217e-02
1.412000  2.112217e-02
1.413000  2.112217e-02
1.414000  2.112217e-02
1.415000  2.112217e-02
1.416000  2.112217e-02
1.417000  2.112217e-02
1.418000  2.112217e-02
1.419000  2.112217e-02
1.420000  2.112217e-02
1.421000  2.112217e-02
1.422000  2.112217e-02
1.423000  2.112217e-02
1.424000  2.112217e-02
1.425000  2.112217e-02
1.426000  2.112217e-02
1.427000  2.112217e-02
1.428000  2.112217e-02
1.429000  2.112217e-02
1.430000  2.112217e-02
1.431000  2.112217e-02
1.432000  2.112217e-02
1.433000  2.112217e-02
1.434000  2.112217e-02
1.435000  2.112217e-02
1.436000  2.112217e-02
1.437000  2.112217e-02
1.438000  2.112217e-02
1.439000  2.112217e-02
1.440000  2.112217e-02
1.441000  2.112217e-02
1.442000  2.112217e-02
1.443000  2.112217e-02
1.444000  2.112217e-02
1.445000  2.112217e-02
1.446000  2.112217e-02
1.447000  2.112217e-02
1.448000  2.112217e-02
1.449000  2.112217e-02
1.450000  1.513426e-02
1.451000  1.513426e-02
1.452000  1.513426e-02
1.453000  1.513426e-02
1.454000  1.513426e-02
1.455000  1.513426e-02
1.456000  1.513426e-02
1.457000  1.513426e-02
1.458000  1.513426e-02
1.459000  1.513426e-02
1.460000  1.513426e-02
1.461000  1.513426e-02
1.462000  1.513426e-02
1.463000  1.513426e-02
1.464000  1.513426e-02
1.465000  1.513426e-02
1.466000  1.513426e-02
1.467000  1.513426e-02
1.468000  1.513426e-02
1.469000  1.513426e-02
1.470000  1.513426e-02
1.471000  1.513426e-02
1.472000  1.513426e-02
1.473000  1.513426e-02
1.474000  1.513426e-02
1.475000  1.513426e-02
1.476000  1.513426e-02
1.477000  1.513426e-02
1.478000  1.513426e-02
1.479000  1.513426e-02
1.480000  1.513426e-02
1.481000  1.513426e-02
1.482000  1.513426e-02
1.483000  1.513426e-02
1.484000  1.513426e-02
1.485000  1.513426e-02
1.486000  1.513426e-02
1.487000  1.513426e-02
1.488000  1.513426e-02
1.489000  1.513426e-02
1.490000  1.513426e-02
1.491000  1.513426e-02
1.492000  1.513426e-02
1.493000  1.513426e-02
1.494000  1.513426e-02
1.495000  1.513426e-02
1.496000  1.513426e-02
1.497000  1.513426e-02
1.498000  1.513426e-02
1.499000  1.513426e-02
1.500000  1.113252e-02
1.501000  1.113252e-02
1.502000  1.113252e-02
1.503000  1.113252e-02
1.504000  1.113252e-02
1.505000  1.113252e-02
1.506000  1.113252e-02
1.507000  1.113252e-02
1.508000  1.113252e-02
1.509000  1.113252e-02
1.510000  1.113252e-02
1.511000  1.113252e-02
1.512000  1.113252e-02
1.513000  1.113252e-02
1.514000  1.113252e-02
1.515000  1.113252e-02
1.516000  1.113252e-02
1.517000  1.113252e-02
1.518000  1.113252e-02
1.519000  1.113252e-02
1.520000  1.113252e-02
1.521000  1.113252e-02
1.522000  1.113252e-02
1.523000  1.113252e-02
1.524000  1.113252e-02
1.525000  1.113252e-02
1.526000  1.113252e-02
1.527000  1.113252e-02
1.528000  1.113252e-02
1.529000  1.113252e-02
1.530000  1.113252e-02
1.531000  1.113252e-02
1.532000  1.113252e-02
1.533000  1.113252e-02
1.534000  1.113252e-02
1.535000  1.113252e-02
1.536000  1.113252e-02
1.537000  1.113252e-02
1.538000  1.113252e-02
1.539000  1.113252e-02
1.540000  1.113252e-02
1.541000  1.113252e-02
1.542000  1.113252e-02
1.543000  1.113252e-02
1.544000  1.113252e-02
1.545000  1.113252e-02
1.546000  1.113252e-02
1.547000  1.113252e-02
1.548000  1.113252e-02
1.549000  1.113252e-02
1.550000  1.558450e-02
1.551000  1.558450e-02
1.552000  1.558450e-02
1.553000  1.558450e-02
1.554000  1.558450e-02
1.555000  1.558450e-02
1.556000  1.558450e-02
1.557000  1.558450e-02
1.558000  1.558450e-02
1.559000  1.558450e-02
1.560000  1.558450e-02
1.561000  1.558450e-02
1.562000  1.558450e-02
1.563000  1.558450e-02
1.564000  1.558450e-02
1.565000  1.558450e-02
1.566000  1.558450e-02
1.567000  1.558450e-02
1.568000  1.558450e-02
1.569000  1.558450e-02
1.570000  1.558450e-02
1.571000  1.558450e-02
1.572000  1.558450e-02
1.573000  1.558450e-02
1.574000  1.558450e-02
1.575000  1.558450e-02
1.576000  1.558450e-02
1.577000  1.558450e-02
1.578000  1.558450e-02
1.579000  1.558450e-02
1.580000  1.558450e-02
1.581000  1.558450e-02
1.582000  1.558450e-02
1.583000  1.558450e-02
1.584000  1.558450e-02
1.585000  1.558450e-02
1.586000  1.558450e-02
1.587000  1.558450e-02
1.588000  1.558450e-02
1.589000  1.558450e-02
1.590000  1.558450e-02
1.591000  1.558450e-02
1.592000  1.558450e-02
1.593000  1.558450e-02
1.594000  1.558450e-02
1.595000  1.558450e-02
1.596000  1.558450e-02
1.597000  1.558450e-02
1.598000  1.558450e-02
1.599000  1.558450e-02
1.600000  1.059467e-02
1.601000  1.059467e-02
1.602000  1.059467e-02
1.603000  1.059467e-02
1.604000  1.059467e-02
1.605000  1.059467e-02
1.606000  1.059467e-02
1.607000  1.059467e-02
1.608000  1.059467e-02
1.609000  1.059467e-02
1.610000  1.059467e-02
1.611000  1.059467e-02
1.612000  1.059467e-02
1.613000  1.059467e-02
1.614000  1.059467e-02
1.615000  1.059467e-02
1.616000  1.059467e-02
1.617000  1.059467e-02
1.618000  1.059467e-02
1.619000  1.059467e-02
1.620000  1.059467e-02
1.621000  1.059467e-02
1.622000  1.059467e-02
1.623000  1.059467e-02
1.624000  1.059467e-02
1.625000  1.059467e-02
1.626000  1.059467e-02
1.627000  1.059467e-02
1.628000  1.059467e-02
1.629000  1.059467e-02
1.630000  1.059467e-02
1.631000  1.059467e-02
1.632000  1.059467e-02
1.633000  1.059467e-02
1.634000  1.059467e-02
1.635000  1.059467e-02
1.636000  1.059467e-02
1.637000  1.059467e-02
1.638000  1.059467e-02
1.639000  1.059467e-02
1.640000  1.059467e-02
1.641000  1.059467e-02
1.642000  1.059467e-02
1.643000  1.059467e-02
1.644000  1.059467e-02
1.645000  1.059467e-02
1.646000  1.059467e-02
1.647000  1.059467e-02
1.648000  1.059467e-02
1.649000  1.059467e-02
1.650000  3.686404e-03
1.651000  3.686404e-03
1.652000  3.686404e-03
1.653000  3.686404e-03
1.654000  3.686404e-03
1.655000  3.686404e-03
1.656000  3.686404e-03
1.657000  3.686404e-03
1.658000  3.686404e-03
1.659000  3.686404e-03
1.660000  3.686404e-03
1.661000  3.686404e-03
1.662000  3.686404e-03
1.663000  3.686404e-03
1.664000  3.686404e-03
1.665000  3.686404e-03
1.666000  3.686404e-03
1.667000  3.686404e-03
1.668000  3.686404e-03
1.669000  3.686404e-03
1.670000  3.686404e-03
1.671000  3.686404e-03
1.672000  3.686404e-03
1.673000  3.686404e-03
1.674000  3.686404e-03
1.675000  3.686404e-03
1.676000  3.686404e-03
1.677000  3.686404e-03
1.678000  3.686404e-03
1.679000  3.686404e-03
1.680000  3.686404e-03
1.681000  3.686404e-03
1.682000  3.686404e-03
1.683000  3.686404e-03
1.684000  3.686404e-03
1.685000  3.686404e-03
1.686000  3.686404e-03
1.687000  3.686404e-03
1.688000  3.686404e-03
1.689000  3.686404e-03
1.690000  3.686404e-03
1.691000  3.686404e-03
1.692000  3.686404e-03
1.693000  3.686404e-03
1.694000  3.686404e-03
1.695000  3.686404e-03
1.696000  3.686404e-03
1.697000  3.686404e-03
1.698000  3.686404e-03
1.699000  3.686404e-03
1.700000  2.031709e-02
1.701000  2.031709e-02
1.702000  2.031709e-02
1.703000  2.031709e-02
1.704000  2.031709e-02
1.705000  2.031709e-02
1.706000  2.031709e-02
1.707000  2.031709e-02
1.708000  2.031709e-02
1.709000  2.031709e-02
1.710000  2.031709e-02
1.711000  2.031709e-02
1.712000  2.031709e-02
1.713000  2.031709e-02
1.714000  2.031709e-02
1.715000  2.031709e-02
1.716000  2.031709e-02
1.717000  2.031709e-02
1.718000  2.031709e-02
1.719000  2.031709e-02
1.720000  2.031709e-02
1.721000  2.031709e-02
1.722000  2.031709e-02
1.723000  2.031709e-02
1.724000  2.031709e-02
1.725000  2.031709e-02
1.726000  2.031709e-02
1.727000  2.031709e-02
1.728000  2.031709e-02
1.729000  2.031709e-02
1.730000  2.031709e-02
1.731000  2.031709e-02
1.732000  2.031709e-02
1.733000  2.031709e-02
1.734000  2.031709e-02
1.735000  2.031709e-02
1.736000  2.031709e-02
1.737000  2.031709e-02
1.738000  2.031709e-02
1.739000  2.031709e-02
1.740000  2.031709e-02
1.741000  2.031709e-02
1.742000  2.031709e-02
1.743000  2.031709e-02
1.744000  2.031709e-02
1.745000  2.031709e-02
1.746000  2.031709e-02
1.747000  2.031709e-02
1.748000  2.031709e-02
1.749000  2.031709e-02
1.750000  5.749965e-03
1.751000  5.749965e-03
1.752000  5.749965e-03
1.753000  5.749965e-03
1.754000  5.749965e-03
1.755000  5.749965e-03
1.756000  5.749965e-03
1.757000  5.749965e-03
1.758000  5.749965e-03
1.759000  5.749965e-03
1.760000  5.749965e-03
1.761000  5.749965e-03
1.762000  5.749965e-03
1.763000  5.749965e-03
1.764000  5.749965e-03
1.765000  5.749965e-03
1.766000  5.749965e-03
1.767000  5.749965e-03
1.768000  5.749965e-03
1.769000  5.749965e-03
1.770000  5.749965e-03
1.771000  5.749965e-03
1.772000  5.749965e-03
1.773000  5.749965e-03
1.774000  5.749965e-03
1.775000  5.749965e-03
1.776000  5.749965e-03
1.777000  5.749965e-03
1.778000  5.749965e-03
1.779000  5.749965e-03
1.780000  5.749965e-03
1.781000  5.749965e-03
1.782000  5.749965e-03
1.783000  5.749965e-03
1.784000  5.749965e-03
1.785000  5.749965e-03
1.786000  5.749965e-03
1.787000  5.749965e-03
1.788000  5.749965e-03
1.789000  5.749965e-03
1.790000  5.749965e-03
1.791000  5.749965e-03
1.792000  5.749965e-03
1.793000  5.749965e-03
1.794000  5.749965e-03
1.795000  5.749965e-03
1.796000  5.749965e-03
1.797000  5.749965e-03
1.798000  5.749965e-03
1.799000  5.749965e-03
1.800000  1.904558e-02
1.801000  1.904558e-02
1.802000  1.904558e-02
1.803000  1.904558e-02
1.804000  1.904558e-02
1.805000  1.904558e-02
1.806000  1.904558e-02
1.807000  1.904558e-02
1.808000  1.904558e-02
1.809000  1.904558e-02
1.810000  1.904558e-02
1.811000  1.904558e-02
1.812000  1.904558e-02
1.813000  1.904558e-02
1.814000  1.904558e-02
1.815000  1.904558e-02
1.816000  1.904558e-02
1.817000  1.904558e-02
1.818000  1.904558e-02
1.819000  1.904558e-02
1.820000  1.904558e-02
1.821000  1.904558e-02
1.822000  1.904558e-02
1.823000  1.904558e-02
1.824000  1.904558e-02
1.825000  1.904558e-02
1.826000  1.904558e-02
1.827000  1.904558e-02
1.828000  1.904558e-02
1.829000  1.904558e-02
1.830000  1.904558e-02
1.831000  1.904558e-02
1.832000  1.904558e-02
1.833000  1.904558e-02
1.834000  1.904558e-02
1.835000  1.904558e-02
1.836000  1.904558e-02
1.837000  1.904558e-02
1.838000  1.904558e-02
1.839000  1.904558e-02
1.840000  1.904558e-02
1.841000  1.904558e-02
1.842000  1.904558e-02
1.843000  1.904558e-02
1.844000  1.904558e-02
1.845000  1.904558e-02
1.846000  1.904558e-02
1.847000  1.904558e-02
1.848000  1.904558e-02
1.849000  1.904558e-02
1.850000  1.230283e-02
1.851000  1.230283e-02
1.852000  1.230283e-02
1.853000  1.230283e-02
1.854000  1.230283e-02
1.855000  1.230283e-02
1.856000  1.230283e-02
1.857000  1.230283e-02
1.858000  1.230283e-02
1.859000  1.230283e-02
1.860000  1.230283e-02
1.861000  1.230283e-02
1.862000  1.230283e-02
1.863000  1.230283e-02
1.864000  1.230283e-02
1.865000  1.230283e-02
1.866000  1.230283e-02
1.867000  1.230283e-02
1.868000  1.230283e-02
1.869000  1.230283e-02
1.870000  1.230283e-02
1.871000  1.230283e-02
1.872000  1.230283e-02
1.873000  1.230283e-02
1.874000  1.230283e-02
1.875000  1.230283e-02
1.876000  1.230283e-02
1.877000  1.230283e-02
1.878000  1.230283e-02
1.879000  1.230283e-02
1.880000  1.230283e-02
1.881000  1.230283e-02
1.882000  1.230283e-02
1.883000  1.230283e-02
1.884000  1.230283e-02
1.885000  1.230283e-02
1.886000  1.230283e-02
1.887000  1.230283e-02
1.888000  1.230283e-02
1.889000  1.230283e-02
1.890000  1.230283e-02
1.891000  1.230283e-02
1.892000  1.230283e-02
1.893000  1.230283e-02
1.894000  1.230283e-02
1.895000  1.230283e-02
1.896000  1.230283e-02
1.897000  1.230283e-02
1.898000  1.230283e-02
1.899000  1.230283e-02
1.900000  2.032787e-02
1.901000  2.032787e-02
1.902000  2.032787e-02
1.903000  2.032787e-02
1.904000  2.032787e-02
1.905000  2.032787e-02
1.906000  2.032787e-02
1.907000  2.032787e-02
1.908000  2.032787e-02
1.909000  2.032787e-02
1.910000  2.032787e-02
1.911000  2.032787e-02
1.912000  2.032787e-02
1.913000  2.032787e-02
1.914000  2.032787e-02
1.915000  2.032787e-02
1.916000  2.032787e-02
1.917000  2.032787e-02
1.918000  2.032787e-02
1.919000  2.032787e-02
1.920000  2.032787e-02
1.921000  2.032787e-02
1.922000  2.032787e-02
1.923000  2.032787e-02
1.924000  2.032787e-02
1.925000  2.032787e-02
1.926000  2.032787e-02
1.927000  2.032787e-02
1.928000  2.032787e-02
1.929000  2.032787e-02
1.930000  2.032787e-02
1.931000  2.032787e-02
1.932000  2.032787e-02
1.933000  2.032787e-02
1.934000  2.032787e-02
1.935000  2.032787e-02
1.936000  2.032787e-02
1.937000  2.032787e-02
1.938000  2.032787e-02
1.939000  2.032787e-02
1.940000  2.032787e-02
1.941000  2.032787e-02
1.942000  2.032787e-02
1.943000  2.032787e-02
1.944000  2.032787e-02
1.945000  2.032787e-02
1.946000  2.032787e-02
1.947000  2.032787e-02
1.948000  2.032787e-02
1.949000  2.032787e-02
1.950000  1.091431e-02
1.951000  1.091431e-02
1.952000  1.091431e-02
1.953000  1.091431e-02
1.954000  1.091431e-02
1.955000  1.091431e-02
1.956000  1.091431e-02
1.957000  1.091431e-02
1.958000  1.091431e-02
1.959000  1.091431e-02
1.960000  1.091431e-02
1.961000  1.091431e-02
1.962000  1.091431e-02
1.963000  1.091431e-02
1.964000  1.091431e-02
1.965000  1.091431e-02
1.966000  1.091431e-02
1.967000  1.091431e-02
1.968000  1.091431e-02
1.969000  1.091431e-02
1.970000  1.091431e-02
1.971000  1.091431e-02
1.972000  1.091431e-02
1.973000  1.091431e-02
1.974000  1.091431e-02
1.975000  1.091431e-02
1.976000  1.091431e-02
1.977000  1.091431e-02
1.978000  1.091431e-02
1.979000  1.091431e-02
1.980000  1.091431e-02
1.981000  1.091431e-02
1.982000  1.091431e-02
1.983000  1.091431e-02
1.984000  1.091431e-02
1.985000  1.091431e-02
1.986000  1.091431e-02
1.987000  1.091431e-02
1.988000  1.091431e-02
1.989000  1.091431e-02
1.990000  1.091431e-02
1.991000  1.091431e-02
1.992000  1.091431e-02
1.993000  1.091431e-02
1.994000  1.091431e-02
1.995000  1.091431e-02
1.996000  1.091431e-02
1.997000  1.091431e-02
1.998000  1.091431e-02
1.999000  1.091431e-02
2.000000  0.000000e+00
