# hist
0.000000  2.353914e-01
0.001000  2.353914e-01
0.002000  2.353914e-01
0.003000  2.353914e-01
0.004000  2.353914e-01
0.005000  2.353914e-01
0.006000  2.353914e-01
0.007000  2.353914e-01
0.008000  2.353914e-01
0.009000  2.353914e-01
0.010000  2.353914e-01
0.011000  2.353914e-01
0.012000  2.353914e-01
0.013000  2.353914e-01
0.014000  2.353914e-01
0.015000  2.353914e-01
0.016000  2.353914e-01
0.017000  2.353914e-01
0.018000  2.353914e-01
0.019000  2.353914e-01
0.020000  2.353914e-01
0.021000  2.353914e-01
0.022000  2.353914e-01
0.023000  2.353914e-01
0.024000  2.353914e-01
0.025000  2.353914e-01
0.026000  2.353914e-01
0.027000  2.353914e-01
0.028000  2.353914e-01
0.029000  2.353914e-01
0.030000  2.353914e-01
0.031000  2.353914e-01
0.032000  2.353914e-01
0.033000  2.353914e-01
0.034000  2.353914e-01
0.035000  2.353914e-01
0.036000  2.353914e-01
0.037000  2.353914e-01
0.038000  2.353914e-01
0.039000  2.353914e-01
0.040000  2.353914e-01
0.041000  2.353914e-01
0.042000  2.353914e-01
0.043000  2.353914e-01
0.044000  2.353914e-01
0.045000  2.353914e-01
0.046000  2.353914e-01
0.047000  2.353914e-01
0.048000  2.353914e-01
0.049000  2.353914e-01
0.050000  4.880434e-01
0.051000  4.880434e-01
0.052000  4.880434e-01
0.053000  4.880434e-01
0.054000  4.880434e-01
0.055000  4.880434e-01
0.056000  4.880434e-01
0.057000  4.880434e-01
0.058000  4.880434e-01
0.059000  4.880434e-01
0.060000  4.880434e-01
0.061000  4.880434e-01
0.062000  4.880434e-01
0.063000  4.880434e-01
0.064000  4.880434e-01
0.065000  4.880434e-01
0.066000  4.880434e-01
0.067000  4.880434e-01
0.068000  4.880434e-01
0.069000  4.880434e-01
0.070000  4.880434e-01
0.071000  4.880434e-01
0.072000  4.880434e-01
0.073000  4.880434e-01
0.074000  4.880434e-01
0.075000  4.880434e-01
0.076000  4.880434e-01
0.077000  4.880434e-01
0.078000  4.880434e-01
0.079000  4.880434e-01
0.080000  4.880434e-01
0.081000  4.880434e-01
0.082000  4.880434e-01
0.083000  4.880434e-01
0.084000  4.880434e-01
0.085000  4.880434e-01
0.086000  4.880434e-01
0.087000  4.880434e-01
0.088000  4.880434e-01
0.089000  4.880434e-01
0.090000  4.880434e-01
0.091000  4.880434e-01
0.092000  4.880434e-01
0.093000  4.880434e-01
0.094000  4.880434e-01
0.095000  4.880434e-01
0.096000  4.880434e-01
0.097000  4.880434e-01
0.098000  4.880434e-01
0.099000  4.880434e-01
0.100000  1.925255e+00
0.101000  1.925255e+00
0.102000  1.925255e+00
0.103000  1.925255e+00
0.104000  1.925255e+00
0.105000  1.925255e+00
0.106000  1.925255e+00
0.107000  1.925255e+00
0.108000  1.925255e+00
0.109000  1.925255e+00
0.110000  1.925255e+00
0.111000  1.925255e+00
0.112000  1.925255e+00
0.113000  1.925255e+00
0.114000  1.925255e+00
0.115000  1.925255e+00
0.116000  1.925255e+00
0.117000  1.925255e+00
0.118000  1.925255e+00
0.119000  1.925255e+00
0.120000  1.925255e+00
0.121000  1.925255e+00
0.122000  1.925255e+00
0.123000  1.925255e+00
0.124000  1.925255e+00
0.125000  1.925255e+00
0.126000  1.925255e+00
0.127000  1.925255e+00
0.128000  1.925255e+00
0.129000  1.925255e+00
0.130000  1.925255e+00
0.131000  1.925255e+00
0.132000  1.925255e+00
0.133000  1.925255e+00
0.134000  1.925255e+00
0.135000  1.925255e+00
0.136000  1.925255e+00
0.137000  1.925255e+00
0.138000  1.925255e+00
0.139000  1.925255e+00
0.140000  1.925255e+00
0.141000  1.925255e+00
0.142000  1.925255e+00
0.143000  1.925255e+00
0.144000  1.925255e+00
0.145000  1.925255e+00
0.146000  1.925255e+00
0.147000  1.925255e+00
0.148000  1.925255e+00
0.149000  1.925255e+00
0.150000  1.577853e+00
0.151000  1.577853e+00
0.152000  1.577853e+00
0.153000  1.577853e+00
0.154000  1.577853e+00
0.155000  1.577853e+00
0.156000  1.577853e+00
0.157000  1.577853e+00
0.158000  1.577853e+00
0.159000  1.577853e+00
0.160000  1.577853e+00
0.161000  1.577853e+00
0.162000  1.577853e+00
0.163000  1.577853e+00
0.164000  1.577853e+00
0.165000  1.577853e+00
0.166000  1.577853e+00
0.167000  1.577853e+00
0.168000  1.577853e+00
0.169000  1.577853e+00
0.170000  1.577853e+00
0.171000  1.577853e+00
0.172000  1.577853e+00
0.173000  1.577853e+00
0.174000  1.577853e+00
0.175000  1.577853e+00
0.176000  1.577853e+00
0.177000  1.577853e+00
0.178000  1.577853e+00
0.179000  1.577853e+00
0.180000  1.577853e+00
0.181000  1.577853e+00
0.182000  1.577853e+00
0.183000  1.577853e+00
0.184000  1.577853e+00
0.185000  1.577853e+00
0.186000  1.577853e+00
0.187000  1.577853e+00
0.188000  1.577853e+00
0.189000  1.577853e+00
0.190000  1.577853e+00
0.191000  1.577853e+00
0.192000  1.577853e+00
0.193000  1.577853e+00
0.194000  1.577853e+00
0.195000  1.577853e+00
0.196000  1.577853e+00
0.197000  1.577853e+00
0.198000  1.577853e+00
0.199000  1.577853e+00
0.200000  3.950592e+00
0.201000  3.950592e+00
0.202000  3.950592e+00
0.203000  3.950592e+00
0.204000  3.950592e+00
0.205000  3.950592e+00
0.206000  3.950592e+00
0.207000  3.950592e+00
0.208000  3.950592e+00
0.209000  3.950592e+00
0.210000  3.950592e+00
0.211000  3.950592e+00
0.212000  3.950592e+00
0.213000  3.950592e+00
0.214000  3.950592e+00
0.215000  3.950592e+00
0.216000  3.950592e+00
0.217000  3.950592e+00
0.218000  3.950592e+00
0.219000  3.950592e+00
0.220000  3.950592e+00
0.221000  3.950592e+00
0.222000  3.950592e+00
0.223000  3.950592e+00
0.224000  3.950592e+00
0.225000  3.950592e+00
0.226000  3.950592e+00
0.227000  3.950592e+00
0.228000  3.950592e+00
0.229000  3.950592e+00
0.230000  3.950592e+00
0.231000  3.950592e+00
0.232000  3.950592e+00
0.233000  3.950592e+00
0.234000  3.950592e+00
0.235000  3.950592e+00
0.236000  3.950592e+00
0.237000  3.950592e+00
0.238000  3.950592e+00
0.239000  3.950592e+00
0.240000  3.950592e+00
0.241000  3.950592e+00
0.242000  3.950592e+00
0.243000  3.950592e+00
0.244000  3.950592e+00
0.245000  3.950592e+00
0.246000  3.950592e+00
0.247000  3.950592e+00
0.248000  3.950592e+00
0.249000  3.950592e+00
0.250000  2.426754e+00
0.251000  2.426754e+00
0.252000  2.426754e+00
0.253000  2.426754e+00
0.254000  2.426754e+00
0.255000  2.426754e+00
0.256000  2.426754e+00
0.257000  2.426754e+00
0.258000  2.426754e+00
0.259000  2.426754e+00
0.260000  2.426754e+00
0.261000  2.426754e+00
0.262000  2.426754e+00
0.263000  2.426754e+00
0.264000  2.426754e+00
0.265000  2.426754e+00
0.266000  2.426754e+00
0.267000  2.426754e+00
0.268000  2.426754e+00
0.269000  2.426754e+00
0.270000  2.426754e+00
0.271000  2.426754e+00
0.272000  2.426754e+00
0.273000  2.426754e+00
0.274000  2.426754e+00
0.275000  2.426754e+00
0.276000  2.426754e+00
0.277000  2.426754e+00
0.278000  2.426754e+00
0.279000  2.426754e+00
0.280000  2.426754e+00
0.281000  2.426754e+00
0.282000  2.426754e+00
0.283000  2.426754e+00
0.284000  2.426754e+00
0.285000  2.426754e+00
0.286000  2.426754e+00
0.287000  2.426754e+00
0.288000  2.426754e+00
0.289000  2.426754e+00
0.290000  2.426754e+00
0.291000  2.426754e+00
0.292000  2.426754e+00
0.293000  2.426754e+00
0.294000  2.426754e+00
0.295000  2.426754e+00
0.296000  2.426754e+00
0.297000  2.426754e+00
0.298000  2.426754e+00
0.299000  2.426754e+00
0.300000  2.297613e+00
0.301000  2.297613e+00
0.302000  2.297613e+00
0.303000  2.297613e+00
0.304000  2.297613e+00
0.305000  2.297613e+00
0.306000  2.297613e+00
0.307000  2.297613e+00
0.308000  2.297613e+00
0.309000  2.297613e+00
0.310000  2.297613e+00
0.311000  2.297613e+00
0.312000  2.297613e+00
0.313000  2.297613e+00
0.314000  2.297613e+00
0.315000  2.297613e+00
0.316000  2.297613e+00
0.317000  2.297613e+00
0.318000  2.297613e+00
0.319000  2.297613e+00
0.320000  2.297613e+00
0.321000  2.297613e+00
0.322000  2.297613e+00
0.323000  2.297613e+00
0.324000  2.297613e+00
0.325000  2.297613e+00
0.326000  2.297613e+00
0.327000  2.297613e+00
0.328000  2.297613e+00
0.329000  2.297613e+00
0.330000  2.297613e+00
0.331000  2.297613e+00
0.332000  2.297613e+00
0.333000  2.297613e+00
0.334000  2.297613e+00
0.335000  2.297613e+00
0.336000  2.297613e+00
0.337000  2.297613e+00
0.338000  2.297613e+00
0.339000  2.297613e+00
0.340000  2.297613e+00
0.341000  2.297613e+00
0.342000  2.297613e+00
0.343000  2.297613e+00
0.344000  2.297613e+00
0.345000  2.297613e+00
0.346000  2.297613e+00
0.347000  2.297613e+00
0.348000  2.297613e+00
0.349000  2.297613e+00
0.350000  1.252342e+00
0.351000  1.252342e+00
0.352000  1.252342e+00
0.353000  1.252342e+00
0.354000  1.252342e+00
0.355000  1.252342e+00
0.356000  1.252342e+00
0.357000  1.252342e+00
0.358000  1.252342e+00
0.359000  1.252342e+00
0.360000  1.252342e+00
0.361000  1.252342e+00
0.362000  1.252342e+00
0.363000  1.252342e+00
0.364000  1.252342e+00
0.365000  1.252342e+00
0.366000  1.252342e+00
0.367000  1.252342e+00
0.368000  1.252342e+00
0.369000  1.252342e+00
0.370000  1.252342e+00
0.371000  1.252342e+00
0.372000  1.252342e+00
0.373000  1.252342e+00
0.374000  1.252342e+00
0.375000  1.252342e+00
0.376000  1.252342e+00
0.377000  1.252342e+00
0.378000  1.252342e+00
0.379000  1.252342e+00
0.380000  1.252342e+00
0.381000  1.252342e+00
0.382000  1.252342e+00
0.383000  1.252342e+00
0.384000  1.252342e+00
0.385000  1.252342e+00
0.386000  1.252342e+00
0.387000  1.252342e+00
0.388000  1.252342e+00
0.389000  1.252342e+00
0.390000  1.252342e+00
0.391000  1.252342e+00
0.392000  1.252342e+00
0.393000  1.252342e+00
0.394000  1.252342e+00
0.395000  1.252342e+00
0.396000  1.252342e+00
0.397000  1.252342e+00
0.398000  1.252342e+00
0.399000  1.252342e+00
0.400000  7.670240e-01
0.401000  7.670240e-01
0.402000  7.670240e-01
0.403000  7.670240e-01
0.404000  7.670240e-01
0.405000  7.670240e-01
0.406000  7.670240e-01
0.407000  7.670240e-01
0.408000  7.670240e-01
0.409000  7.670240e-01
0.410000  7.670240e-01
0.411000  7.670240e-01
0.412000  7.670240e-01
0.413000  7.670240e-01
0.414000  7.670240e-01
0.415000  7.670240e-01
0.416000  7.670240e-01
0.417000  7.670240e-01
0.418000  7.670240e-01
0.419000  7.670240e-01
0.420000  7.670240e-01
0.421000  7.670240e-01
0.422000  7.670240e-01
0.423000  7.670240e-01
0.424000  7.670240e-01
0.425000  7.670240e-01
0.426000  7.670240e-01
0.427000  7.670240e-01
0.428000  7.670240e-01
0.429000  7.670240e-01
0.430000  7.670240e-01
0.431000  7.670240e-01
0.432000  7.670240e-01
0.433000  7.670240e-01
0.434000  7.670240e-01
0.435000  7.670240e-01
0.436000  7.670240e-01
0.437000  7.670240e-01
0.438000  7.670240e-01
0.439000  7.670240e-01
0.440000  7.670240e-01
0.441000  7.670240e-01
0.442000  7.670240e-01
0.443000  7.670240e-01
0.444000  7.670240e-01
0.445000  7.670240e-01
0.446000  7.670240e-01
0.447000  7.670240e-01
0.448000  7.670240e-01
0.449000  7.670240e-01
0.450000  5.221456e-01
0.451000  5.221456e-01
0.452000  5.221456e-01
0.453000  5.221456e-01
0.454000  5.221456e-01
0.455000  5.221456e-01
0.456000  5.221456e-01
0.457000  5.221456e-01
0.458000  5.221456e-01
0.459000  5.221456e-01
0.460000  5.221456e-01
0.461000  5.221456e-01
0.462000  5.221456e-01
0.463000  5.221456e-01
0.464000  5.221456e-01
0.465000  5.221456e-01
0.466000  5.221456e-01
0.467000  5.221456e-01
0.468000  5.221456e-01
0.469000  5.221456e-01
0.470000  5.221456e-01
0.471000  5.221456e-01
0.472000  5.221456e-01
0.473000  5.221456e-01
0.474000  5.221456e-01
0.475000  5.221456e-01
0.476000  5.221456e-01
0.477000  5.221456e-01
0.478000  5.221456e-01
0.479000  5.221456e-01
0.480000  5.221456e-01
0.481000  5.221456e-01
0.482000  5.221456e-01
0.483000  5.221456e-01
0.484000  5.221456e-01
0.485000  5.221456e-01
0.486000  5.221456e-01
0.487000  5.221456e-01
0.488000  5.221456e-01
0.489000  5.221456e-01
0.490000  5.221456e-01
0.491000  5.221456e-01
0.492000  5.221456e-01
0.493000  5.221456e-01
0.494000  5.221456e-01
0.495000  5.221456e-01
0.496000  5.221456e-01
0.497000  5.221456e-01
0.498000  5.221456e-01
0.499000  5.221456e-01
0.500000  7.934263e-01
0.501000  7.934263e-01
0.502000  7.934263e-01
0.503000  7.934263e-01
0.504000  7.934263e-01
0.505000  7.934263e-01
0.506000  7.934263e-01
0.507000  7.934263e-01
0.508000  7.934263e-01
0.509000  7.934263e-01
0.510000  7.934263e-01
0.511000  7.934263e-01
0.512000  7.934263e-01
0.513000  7.934263e-01
0.514000  7.934263e-01
0.515000  7.934263e-01
0.516000  7.934263e-01
0.517000  7.934263e-01
0.518000  7.934263e-01
0.519000  7.934263e-01
0.520000  7.934263e-01
0.521000  7.934263e-01
0.522000  7.934263e-01
0.523000  7.934263e-01
0.524000  7.934263e-01
0.525000  7.934263e-01
0.526000  7.934263e-01
0.527000  7.934263e-01
0.528000  7.934263e-01
0.529000  7.934263e-01
0.530000  7.934263e-01
0.531000  7.934263e-01
0.532000  7.934263e-01
0.533000  7.934263e-01
0.534000  7.934263e-01
0.535000  7.934263e-01
0.536000  7.934263e-01
0.537000  7.934263e-01
0.538000  7.934263e-01
0.539000  7.934263e-01
0.540000  7.934263e-01
0.541000  7.934263e-01
0.542000  7.934263e-01
0.543000  7.934263e-01
0.544000  7.934263e-01
0.545000  7.934263e-01
0.546000  7.934263e-01
0.547000  7.934263e-01
0.548000  7.934263e-01
0.549000  7.934263e-01
0.550000  3.455558e-01
0.551000  3.455558e-01
0.552000  3.455558e-01
0.553000  3.455558e-01
0.554000  3.455558e-01
0.555000  3.455558e-01
0.556000  3.455558e-01
0.557000  3.455558e-01
0.558000  3.455558e-01
0.559000  3.455558e-01
0.560000  3.455558e-01
0.561000  3.455558e-01
0.562000  3.455558e-01
0.563000  3.455558e-01
0.564000  3.455558e-01
0.565000  3.455558e-01
0.566000  3.455558e-01
0.567000  3.455558e-01
0.568000  3.455558e-01
0.569000  3.455558e-01
0.570000  3.455558e-01
0.571000  3.455558e-01
0.572000  3.455558e-01
0.573000  3.455558e-01
0.574000  3.455558e-01
0.575000  3.455558e-01
0.576000  3.455558e-01
0.577000  3.455558e-01
0.578000  3.455558e-01
0.579000  3.455558e-01
0.580000  3.455558e-01
0.581000  3.455558e-01
0.582000  3.455558e-01
0.583000  3.455558e-01
0.584000  3.455558e-01
0.585000  3.455558e-01
0.586000  3.455558e-01
0.587000  3.455558e-01
0.588000  3.455558e-01
0.589000  3.455558e-01
0.590000  3.455558e-01
0.591000  3.455558e-01
0.592000  3.455558e-01
0.593000  3.455558e-01
0.594000  3.455558e-01
0.595000  3.455558e-01
0.596000  3.455558e-01
0.597000  3.455558e-01
0.598000  3.455558e-01
0.599000  3.455558e-01
0.600000  4.724390e-01
0.601000  4.724390e-01
0.602000  4.724390e-01
0.603000  4.724390e-01
0.604000  4.724390e-01
0.605000  4.724390e-01
0.606000  4.724390e-01
0.607000  4.724390e-01
0.608000  4.724390e-01
0.609000  4.724390e-01
0.610000  4.724390e-01
0.611000  4.724390e-01
0.612000  4.724390e-01
0.613000  4.724390e-01
0.614000  4.724390e-01
0.615000  4.724390e-01
0.616000  4.724390e-01
0.617000  4.724390e-01
0.618000  4.724390e-01
0.619000  4.724390e-01
0.620000  4.724390e-01
0.621000  4.724390e-01
0.622000  4.724390e-01
0.623000  4.724390e-01
0.624000  4.724390e-01
0.625000  4.724390e-01
0.626000  4.724390e-01
0.627000  4.724390e-01
0.628000  4.724390e-01
0.629000  4.724390e-01
0.630000  4.724390e-01
0.631000  4.724390e-01
0.632000  4.724390e-01
0.633000  4.724390e-01
0.634000  4.724390e-01
0.635000  4.724390e-01
0.636000  4.724390e-01
0.637000  4.724390e-01
0.638000  4.724390e-01
0.639000  4.724390e-01
0.640000  4.724390e-01
0.641000  4.724390e-01
0.642000  4.724390e-01
0.643000  4.724390e-01
0.644000  4.724390e-01
0.645000  4.724390e-01
0.646000  4.724390e-01
0.647000  4.724390e-01
0.648000  4.724390e-01
0.649000  4.724390e-01
0.650000  3.743198e-01
0.651000  3.743198e-01
0.652000  3.743198e-01
0.653000  3.743198e-01
0.654000  3.743198e-01
0.655000  3.743198e-01
0.656000  3.743198e-01
0.657000  3.743198e-01
0.658000  3.743198e-01
0.659000  3.743198e-01
0.660000  3.743198e-01
0.661000  3.743198e-01
0.662000  3.743198e-01
0.663000  3.743198e-01
0.664000  3.743198e-01
0.665000  3.743198e-01
0.666000  3.743198e-01
0.667000  3.743198e-01
0.668000  3.743198e-01
0.669000  3.743198e-01
0.670000  3.743198e-01
0.671000  3.743198e-01
0.672000  3.743198e-01
0.673000  3.743198e-01
0.674000  3.743198e-01
0.675000  3.743198e-01
0.676000  3.743198e-01
0.677000  3.743198e-01
0.678000  3.743198e-01
0.679000  3.743198e-01
0.680000  3.743198e-01
0.681000  3.743198e-01
0.682000  3.743198e-01
0.683000  3.743198e-01
0.684000  3.743198e-01
0.685000  3.743198e-01
0.686000  3.743198e-01
0.687000  3.743198e-01
0.688000  3.743198e-01
0.689000  3.743198e-01
0.690000  3.743198e-01
0.691000  3.743198e-01
0.692000  3.743198e-01
0.693000  3.743198e-01
0.694000  3.743198e-01
0.695000  3.743198e-01
0.696000  3.743198e-01
0.697000  3.743198e-01
0.698000  3.743198e-01
0.699000  3.743198e-01
0.700000  3.459359e-01
0.701000  3.459359e-01
0.702000  3.459359e-01
0.703000  3.459359e-01
0.704000  3.459359e-01
0.705000  3.459359e-01
0.706000  3.459359e-01
0.707000  3.459359e-01
0.708000  3.459359e-01
0.709000  3.459359e-01
0.710000  3.459359e-01
0.711000  3.459359e-01
0.712000  3.459359e-01
0.713000  3.459359e-01
0.714000  3.459359e-01
0.715000  3.459359e-01
0.716000  3.459359e-01
0.717000  3.459359e-01
0.718000  3.459359e-01
0.719000  3.459359e-01
0.720000  3.459359e-01
0.721000  3.459359e-01
0.722000  3.459359e-01
0.723000  3.459359e-01
0.724000  3.459359e-01
0.725000  3.459359e-01
0.726000  3.459359e-01
0.727000  3.459359e-01
0.728000  3.459359e-01
0.729000  3.459359e-01
0.730000  3.459359e-01
0.731000  3.459359e-01
0.732000  3.459359e-01
0.733000  3.459359e-01
0.734000  3.459359e-01
0.735000  3.459359e-01
0.736000  3.459359e-01
0.737000  3.459359e-01
0.738000  3.459359e-01
0.739000  3.459359e-01
0.740000  3.459359e-01
0.741000  3.459359e-01
0.742000  3.459359e-01
0.743000  3.459359e-01
0.744000  3.459359e-01
0.745000  3.459359e-01
0.746000  3.459359e-01
0.747000  3.459359e-01
0.748000  3.459359e-01
0.749000  3.459359e-01
0.750000  3.239324e-01
0.751000  3.239324e-01
0.752000  3.239324e-01
0.753000  3.239324e-01
0.754000  3.239324e-01
0.755000  3.239324e-01
0.756000  3.239324e-01
0.757000  3.239324e-01
0.758000  3.239324e-01
0.759000  3.239324e-01
0.760000  3.239324e-01
0.761000  3.239324e-01
0.762000  3.239324e-01
0.763000  3.239324e-01
0.764000  3.239324e-01
0.765000  3.239324e-01
0.766000  3.239324e-01
0.767000  3.239324e-01
0.768000  3.239324e-01
0.769000  3.239324e-01
0.770000  3.239324e-01
0.771000  3.239324e-01
0.772000  3.239324e-01
0.773000  3.239324e-01
0.774000  3.239324e-01
0.775000  3.239324e-01
0.776000  3.239324e-01
0.777000  3.239324e-01
0.778000  3.239324e-01
0.779000  3.239324e-01
0.780000  3.239324e-01
0.781000  3.239324e-01
0.782000  3.239324e-01
0.783000  3.239324e-01
0.784000  3.239324e-01
0.785000  3.239324e-01
0.786000  3.239324e-01
0.787000  3.239324e-01
0.788000  3.239324e-01
0.789000  3.239324e-01
0.790000  3.239324e-01
0.791000  3.239324e-01
0.792000  3.239324e-01
0.793000  3.239324e-01
0.794000  3.239324e-01
0.795000  3.239324e-01
0.796000  3.239324e-01
0.797000  3.239324e-01
0.798000  3.239324e-01
0.799000  3.239324e-01
0.800000  2.573439e-01
0.801000  2.573439e-01
0.802000  2.573439e-01
0.803000  2.573439e-01
0.804000  2.573439e-01
0.805000  2.573439e-01
0.806000  2.573439e-01
0.807000  2.573439e-01
0.808000  2.573439e-01
0.809000  2.573439e-01
0.810000  2.573439e-01
0.811000  2.573439e-01
0.812000  2.573439e-01
0.813000  2.573439e-01
0.814000  2.573439e-01
0.815000  2.573439e-01
0.816000  2.573439e-01
0.817000  2.573439e-01
0.818000  2.573439e-01
0.819000  2.573439e-01
0.820000  2.573439e-01
0.821000  2.573439e-01
0.822000  2.573439e-01
0.823000  2.573439e-01
0.824000  2.573439e-01
0.825000  2.573439e-01
0.826000  2.573439e-01
0.827000  2.573439e-01
0.828000  2.573439e-01
0.829000  2.573439e-01
0.830000  2.573439e-01
0.831000  2.573439e-01
0.832000  2.573439e-01
0.833000  2.573439e-01
0.834000  2.573439e-01
0.835000  2.573439e-01
0.836000  2.573439e-01
0.837000  2.573439e-01
0.838000  2.573439e-01
0.839000  2.573439e-01
0.840000  2.573439e-01
0.841000  2.573439e-01
0.842000  2.573439e-01
0.843000  2.573439e-01
0.844000  2.573439e-01
0.845000  2.573439e-01
0.846000  2.573439e-01
0.847000  2.573439e-01
0.848000  2.573439e-01
0.849000  2.573439e-01
0.850000  1.979147e-01
0.851000  1.979147e-01
0.852000  1.979147e-01
0.853000  1.979147e-01
0.854000  1.979147e-01
0.855000  1.979147e-01
0.856000  1.979147e-01
0.857000  1.979147e-01
0.858000  1.979147e-01
0.859000  1.979147e-01
0.860000  1.979147e-01
0.861000  1.979147e-01
0.862000  1.979147e-01
0.863000  1.979147e-01
0.864000  1.979147e-01
0.865000  1.979147e-01
0.866000  1.979147e-01
0.867000  1.979147e-01
0.868000  1.979147e-01
0.869000  1.979147e-01
0.870000  1.979147e-01
0.871000  1.979147e-01
0.872000  1.979147e-01
0.873000  1.979147e-01
0.874000  1.979147e-01
0.875000  1.979147e-01
0.876000  1.979147e-01
0.877000  1.979147e-01
0.878000  1.979147e-01
0.879000  1.979147e-01
0.880000  1.979147e-01
0.881000  1.979147e-01
0.882000  1.979147e-01
0.883000  1.979147e-01
0.884000  1.979147e-01
0.885000  1.979147e-01
0.886000  1.979147e-01
0.887000  1.979147e-01
0.888000  1.979147e-01
0.889000  1.979147e-01
0.890000  1.979147e-01
0.891000  1.979147e-01
0.892000  1.979147e-01
0.893000  1.979147e-01
0.894000  1.979147e-01
0.895000  1.979147e-01
0.896000  1.979147e-01
0.897000  1.979147e-01
0.898000  1.979147e-01
0.899000  1.979147e-01
0.900000  9.351102e-02
0.901000  9.351102e-02
0.902000  9.351102e-02
0.903000  9.351102e-02
0.904000  9.351102e-02
0.905000  9.351102e-02
0.906000  9.351102e-02
0.907000  9.351102e-02
0.908000  9.351102e-02
0.909000  9.351102e-02
0.910000  9.351102e-02
0.911000  9.351102e-02
0.912000  9.351102e-02
0.913000  9.351102e-02
0.914000  9.351102e-02
0.915000  9.351102e-02
0.916000  9.351102e-02
0.917000  9.351102e-02
0.918000  9.351102e-02
0.919000  9.351102e-02
0.920000  9.351102e-02
0.921000  9.351102e-02
0.922000  9.351102e-02
0.923000  9.351102e-02
0.924000  9.351102e-02
0.925000  9.351102e-02
0.926000  9.351102e-02
0.927000  9.351102e-02
0.928000  9.351102e-02
0.929000  9.351102e-02
0.930000  9.351102e-02
0.931000  9.351102e-02
0.932000  9.351102e-02
0.933000  9.351102e-02
0.934000  9.351102e-02
0.935000  9.351102e-02
0.936000  9.351102e-02
0.937000  9.351102e-02
0.938000  9.351102e-02
0.939000  9.351102e-02
0.940000  9.351102e-02
0.941000  9.351102e-02
0.942000  9.351102e-02
0.943000  9.351102e-02
0.944000  9.351102e-02
0.945000  9.351102e-02
0.946000  9.351102e-02
0.947000  9.351102e-02
0.948000  9.351102e-02
0.949000  9.351102e-02
0.950000  1.103063e-01
0.951000  1.103063e-01
0.952000  1.103063e-01
0.953000  1.103063e-01
0.954000  1.103063e-01
0.955000  1.103063e-01
0.956000  1.103063e-01
0.957000  1.103063e-01
0.958000  1.103063e-01
0.959000  1.103063e-01
0.960000  1.103063e-01
0.961000  1.103063e-01
0.962000  1.103063e-01
0.963000  1.103063e-01
0.964000  1.103063e-01
0.965000  1.103063e-01
0.966000  1.103063e-01
0.967000  1.103063e-01
0.968000  1.103063e-01
0.969000  1.103063e-01
0.970000  1.103063e-01
0.971000  1.103063e-01
0.972000  1.103063e-01
0.973000  1.103063e-01
0.974000  1.103063e-01
0.975000  1.103063e-01
0.976000  1.103063e-01
0.977000  1.103063e-01
0.978000  1.103063e-01
0.979000  1.103063e-01
0.980000  1.103063e-01
0.981000  1.103063e-01
0.982000  1.103063e-01
0.983000  1.103063e-01
0.984000  1.103063e-01
0.985000  1.103063e-01
0.986000  1.103063e-01
0.987000  1.103063e-01
0.988000  1.103063e-01
0.989000  1.103063e-01
0.990000  1.103063e-01
0.991000  1.103063e-01
0.992000  1.103063e-01
0.993000  1.103063e-01
0.994000  1.103063e-01
0.995000  1.103063e-01
0.996000  1.103063e-01
0.997000  1.103063e-01
0.998000  1.103063e-01
0.999000  1.103063e-01
1.000000  1.499994e-01
1.001000  1.499994e-01
1.002000  1.499994e-01
1.003000  1.499994e-01
1.004000  1.499994e-01
1.005000  1.499994e-01
1.006000  1.499994e-01
1.007000  1.499994e-01
1.008000  1.499994e-01
1.009000  1.499994e-01
1.010000  1.499994e-01
1.011000  1.499994e-01
1.012000  1.499994e-01
1.013000  1.499994e-01
1.014000  1.499994e-01
1.015000  1.499994e-01
1.016000  1.499994e-01
1.017000  1.499994e-01
1.018000  1.499994e-01
1.019000  1.499994e-01
1.020000  1.499994e-01
1.021000  1.499994e-01
1.022000  1.499994e-01
1.023000  1.499994e-01
1.024000  1.499994e-01
1.025000  1.499994e-01
1.026000  1.499994e-01
1.027000  1.499994e-01
1.028000  1.499994e-01
1.029000  1.499994e-01
1.030000  1.499994e-01
1.031000  1.499994e-01
1.032000  1.499994e-01
1.033000  1.499994e-01
1.034000  1.499994e-01
1.035000  1.499994e-01
1.036000  1.499994e-01
1.037000  1.499994e-01
1.038000  1.499994e-01
1.039000  1.499994e-01
1.040000  1.499994e-01
1.041000  1.499994e-01
1.042000  1.499994e-01
1.043000  1.499994e-01
1.044000  1.499994e-01
1.045000  1.499994e-01
1.046000  1.499994e-01
1.047000  1.499994e-01
1.048000  1.499994e-01
1.049000  1.499994e-01
1.050000  1.391163e-01
1.051000  1.391163e-01
1.052000  1.391163e-01
1.053000  1.391163e-01
1.054000  1.391163e-01
1.055000  1.391163e-01
1.056000  1.391163e-01
1.057000  1.391163e-01
1.058000  1.391163e-01
1.059000  1.391163e-01
1.060000  1.391163e-01
1.061000  1.391163e-01
1.062000  1.391163e-01
1.063000  1.391163e-01
1.064000  1.391163e-01
1.065000  1.391163e-01
1.066000  1.391163e-01
1.067000  1.391163e-01
1.068000  1.391163e-01
1.069000  1.391163e-01
1.070000  1.391163e-01
1.071000  1.391163e-01
1.072000  1.391163e-01
1.073000  1.391163e-01
1.074000  1.391163e-01
1.075000  1.391163e-01
1.076000  1.391163e-01
1.077000  1.391163e-01
1.078000  1.391163e-01
1.079000  1.391163e-01
1.080000  1.391163e-01
1.081000  1.391163e-01
1.082000  1.391163e-01
1.083000  1.391163e-01
1.084000  1.391163e-01
1.085000  1.391163e-01
1.086000  1.391163e-01
1.087000  1.391163e-01
1.088000  1.391163e-01
1.089000  1.391163e-01
1.090000  1.391163e-01
1.091000  1.391163e-01
1.092000  1.391163e-01
1.093000  1.391163e-01
1.094000  1.391163e-01
1.095000  1.391163e-01
1.096000  1.391163e-01
1.097000  1.391163e-01
1.098000  1.391163e-01
1.099000  1.391163e-01
1.100000  6.168926e-02
1.101000  6.168926e-02
1.102000  6.168926e-02
1.103000  6.168926e-02
1.104000  6.168926e-02
1.105000  6.168926e-02
1.106000  6.168926e-02
1.107000  6.168926e-02
1.108000  6.168926e-02
1.109000  6.168926e-02
1.110000  6.168926e-02
1.111000  6.168926e-02
1.112000  6.168926e-02
1.113000  6.168926e-02
1.114000  6.168926e-02
1.115000  6.168926e-02
1.116000  6.168926e-02
1.117000  6.168926e-02
1.118000  6.168926e-02
1.119000  6.168926e-02
1.120000  6.168926e-02
1.121000  6.168926e-02
1.122000  6.168926e-02
1.123000  6.168926e-02
1.124000  6.168926e-02
1.125000  6.168926e-02
1.126000  6.168926e-02
1.127000  6.168926e-02
1.128000  6.168926e-02
1.129000  6.168926e-02
1.130000  6.168926e-02
1.131000  6.168926e-02
1.132000  6.168926e-02
1.133000  6.168926e-02
1.134000  6.168926e-02
1.135000  6.168926e-02
1.136000  6.168926e-02
1.137000  6.168926e-02
1.138000  6.168926e-02
1.139000  6.168926e-02
1.140000  6.168926e-02
1.141000  6.168926e-02
1.142000  6.168926e-02
1.143000  6.168926e-02
1.144000  6.168926e-02
1.145000  6.168926e-02
1.146000  6.168926e-02
1.147000  6.168926e-02
1.148000  6.168926e-02
1.149000  6.168926e-02
1.150000  8.057033e-02
1.151000  8.057033e-02
1.152000  8.057033e-02
1.153000  8.057033e-02
1.154000  8.057033e-02
1.155000  8.057033e-02
1.156000  8.057033e-02
1.157000  8.057033e-02
1.158000  8.057033e-02
1.159000  8.057033e-02
1.160000  8.057033e-02
1.161000  8.057033e-02
1.162000  8.057033e-02
1.163000  8.057033e-02
1.164000  8.057033e-02
1.165000  8.057033e-02
1.166000  8.057033e-02
1.167000  8.057033e-02
1.168000  8.057033e-02
1.169000  8.057033e-02
1.170000  8.057033e-02
1.171000  8.057033e-02
1.172000  8.057033e-02
1.173000  8.057033e-02
1.174000  8.057033e-02
1.175000  8.057033e-02
1.176000  8.057033e-02
1.177000  8.057033e-02
1.178000  8.057033e-02
1.179000  8.057033e-02
1.180000  8.057033e-02
1.181000  8.057033e-02
1.182000  8.057033e-02
1.183000  8.057033e-02
1.184000  8.057033e-02
1.185000  8.057033e-02
1.186000  8.057033e-02
1.187000  8.057033e-02
1.188000  8.057033e-02
1.189000  8.057033e-02
1.190000  8.057033e-02
1.191000  8.057033e-02
1.192000  8.057033e-02
1.193000  8.057033e-02
1.194000  8.057033e-02
1.195000  8.057033e-02
1.196000  8.057033e-02
1.197000  8.057033e-02
1.198000  8.057033e-02
1.199000  8.057033e-02
1.200000  7.792487e-02
1.201000  7.792487e-02
1.202000  7.792487e-02
1.203000  7.792487e-02
1.204000  7.792487e-02
1.205000  7.792487e-02
1.206000  7.792487e-02
1.207000  7.792487e-02
1.208000  7.792487e-02
1.209000  7.792487e-02
1.210000  7.792487e-02
1.211000  7.792487e-02
1.212000  7.792487e-02
1.213000  7.792487e-02
1.214000  7.792487e-02
1.215000  7.792487e-02
1.216000  7.792487e-02
1.217000  7.792487e-02
1.218000  7.792487e-02
1.219000  7.792487e-02
1.220000  7.792487e-02
1.221000  7.792487e-02
1.222000  7.792487e-02
1.223000  7.792487e-02
1.224000  7.792487e-02
1.225000  7.792487e-02
1.226000  7.792487e-02
1.227000  7.792487e-02
1.228000  7.792487e-02
1.229000  7.792487e-02
1.230000  7.792487e-02
1.231000  7.792487e-02
1.232000  7.792487e-02
1.233000  7.792487e-02
1.234000  7.792487e-02
1.235000  7.792487e-02
1.236000  7.792487e-02
1.237000  7.792487e-02
1.238000  7.792487e-02
1.239000  7.792487e-02
1.240000  7.792487e-02
1.241000  7.792487e-02
1.242000  7.792487e-02
1.243000  7.792487e-02
1.244000  7.792487e-02
1.245000  7.792487e-02
1.246000  7.792487e-02
1.247000  7.792487e-02
1.248000  7.792487e-02
1.249000  7.792487e-02
1.250000  5.977426e-02
1.251000  5.977426e-02
1.252000  5.977426e-02
1.253000  5.977426e-02
1.254000  5.977426e-02
1.255000  5.977426e-02
1.256000  5.977426e-02
1.257000  5.977426e-02
1.258000  5.977426e-02
1.259000  5.977426e-02
1.260000  5.977426e-02
1.261000  5.977426e-02
1.262000  5.977426e-02
1.263000  5.977426e-02
1.264000  5.977426e-02
1.265000  5.977426e-02
1.266000  5.977426e-02
1.267000  5.977426e-02
1.268000  5.977426e-02
1.269000  5.977426e-02
1.270000  5.977426e-02
1.271000  5.977426e-02
1.272000  5.977426e-02
1.273000  5.977426e-02
1.274000  5.977426e-02
1.275000  5.977426e-02
1.276000  5.977426e-02
1.277000  5.977426e-02
1.278000  5.977426e-02
1.279000  5.977426e-02
1.280000  5.977426e-02
1.281000  5.977426e-02
1.282000  5.977426e-02
1.283000  5.977426e-02
1.284000  5.977426e-02
1.285000  5.977426e-02
1.286000  5.977426e-02
1.287000  5.977426e-02
1.288000  5.977426e-02
1.289000  5.977426e-02
1.290000  5.977426e-02
1.291000  5.977426e-02
1.292000  5.977426e-02
1.293000  5.977426e-02
1.294000  5.977426e-02
1.295000  5.977426e-02
1.296000  5.977426e-02
1.297000  5.977426e-02
1.298000  5.977426e-02
1.299000  5.977426e-02
1.300000  7.414671e-02
1.301000  7.414671e-02
1.302000  7.414671e-02
1.303000  7.414671e-02
1.304000  7.414671e-02
1.305000  7.414671e-02
1.306000  7.414671e-02
1.307000  7.414671e-02
1.308000  7.414671e-02
1.309000  7.414671e-02
1.310000  7.414671e-02
1.311000  7.414671e-02
1.312000  7.414671e-02
1.313000  7.414671e-02
1.314000  7.414671e-02
1.315000  7.414671e-02
1.316000  7.414671e-02
1.317000  7.414671e-02
1.318000  7.414671e-02
1.319000  7.414671e-02
1.320000  7.414671e-02
1.321000  7.414671e-02
1.322000  7.414671e-02
1.323000  7.414671e-02
1.324000  7.414671e-02
1.325000  7.414671e-02
1.326000  7.414671e-02
1.327000  7.414671e-02
1.328000  7.414671e-02
1.329000  7.414671e-02
1.330000  7.414671e-02
1.331000  7.414671e-02
1.332000  7.414671e-02
1.333000  7.414671e-02
1.334000  7.414671e-02
1.335000  7.414671e-02
1.336000  7.414671e-02
1.337000  7.414671e-02
1.338000  7.414671e-02
1.339000  7.414671e-02
1.340000  7.414671e-02
1.341000  7.414671e-02
1.342000  7.414671e-02
1.343000  7.414671e-02
1.344000  7.414671e-02
1.345000  7.414671e-02
1.346000  7.414671e-02
1.347000  7.414671e-02
1.348000  7.414671e-02
1.349000  7.414671e-02
1.350000  4.172908e-02
1.351000  4.172908e-02
1.352000  4.172908e-02
1.353000  4.172908e-02
1.354000  4.172908e-02
1.355000  4.172908e-02
1.356000  4.172908e-02
1.357000  4.172908e-02
1.358000  4.172908e-02
1.359000  4.172908e-02
1.360000  4.172908e-02
1.361000  4.172908e-02
1.362000  4.172908e-02
1.363000  4.172908e-02
1.364000  4.172908e-02
1.365000  4.172908e-02
1.366000  4.172908e-02
1.367000  4.172908e-02
1.368000  4.172908e-02
1.369000  4.172908e-02
1.370000  4.172908e-02
1.371000  4.172908e-02
1.372000  4.172908e-02
1.373000  4.172908e-02
1.374000  4.172908e-02
1.375000  4.172908e-02
1.376000  4.172908e-02
1.377000  4.172908e-02
1.378000  4.172908e-02
1.379000  4.172908e-02
1.380000  4.172908e-02
1.381000  4.172908e-02
1.382000  4.172908e-02
1.383000  4.172908e-02
1.384000  4.172908e-02
1.385000  4.172908e-02
1.386000  4.172908e-02
1.387000  4.172908e-02
1.388000  4.172908e-02
1.389000  4.172908e-02
1.390000  4.172908e-02
1.391000  4.172908e-02
1.392000  4.172908e-02
1.393000  4.172908e-02
1.394000  4.172908e-02
1.395000  4.172908e-02
1.396000  4.172908e-02
1.397000  4.172908e-02
1.398000  4.172908e-02
1.399000  4.172908e-02
1.400000  3.837502e-02
1.401000  3.837502e-02
1.402000  3.837502e-02
1.403000  3.837502e-02
1.404000  3.837502e-02
1.405000  3.837502e-02
1.406000  3.837502e-02
1.407000  3.837502e-02
1.408000  3.837502e-02
1.409000  3.837502e-02
1.410000  3.837502e-02
1.411000  3.837502e-02
1.412000  3.837502e-02
1.413000  3.837502e-02
1.414000  3.837502e-02
1.415000  3.837502e-02
1.416000  3.837502e-02
1.417000  3.837502e-02
1.418000  3.837502e-02
1.419000  3.837502e-02
1.420000  3.837502e-02
1.421000  3.837502e-02
1.422000  3.837502e-02
1.423000  3.837502e-02
1.424000  3.837502e-02
1.425000  3.837502e-02
1.426000  3.837502e-02
1.427000  3.837502e-02
1.428000  3.837502e-02
1.429000  3.837502e-02
1.430000  3.837502e-02
1.431000  3.837502e-02
1.432000  3.837502e-02
1.433000  3.837502e-02
1.434000  3.837502e-02
1.435000  3.837502e-02
1.436000  3.837502e-02
1.437000  3.837502e-02
1.438000  3.837502e-02
1.439000  3.837502e-02
1.440000  3.837502e-02
1.441000  3.837502e-02
1.442000  3.837502e-02
1.443000  3.837502e-02
1.444000  3.837502e-02
1.445000  3.837502e-02
1.446000  3.837502e-02
1.447000  3.837502e-02
1.448000  3.837502e-02
1.449000  3.837502e-02
1.450000  2.506529e-02
1.451000  2.506529e-02
1.452000  2.506529e-02
1.453000  2.506529e-02
1.454000  2.506529e-02
1.455000  2.506529e-02
1.456000  2.506529e-02
1.457000  2.506529e-02
1.458000  2.506529e-02
1.459000  2.506529e-02
1.460000  2.506529e-02
1.461000  2.506529e-02
1.462000  2.506529e-02
1.463000  2.506529e-02
1.464000  2.506529e-02
1.465000  2.506529e-02
1.466000  2.506529e-02
1.467000  2.506529e-02
1.468000  2.506529e-02
1.469000  2.506529e-02
1.470000  2.506529e-02
1.471000  2.506529e-02
1.472000  2.506529e-02
1.473000  2.506529e-02
1.474000  2.506529e-02
1.475000  2.506529e-02
1.476000  2.506529e-02
1.477000  2.506529e-02
1.478000  2.506529e-02
1.479000  2.506529e-02
1.480000  2.506529e-02
1.481000  2.506529e-02
1.482000  2.506529e-02
1.483000  2.506529e-02
1.484000  2.506529e-02
1.485000  2.506529e-02
1.486000  2.506529e-02
1.487000  2.506529e-02
1.488000  2.506529e-02
1.489000  2.506529e-02
1.490000  2.506529e-02
1.491000  2.506529e-02
1.492000  2.506529e-02
1.493000  2.506529e-02
1.494000  2.506529e-02
1.495000  2.506529e-02
1.496000  2.506529e-02
1.497000  2.506529e-02
1.498000  2.506529e-02
1.499000  2.506529e-02
1.500000  6.364755e-02
1.501000  6.364755e-02
1.502000  6.364755e-02
1.503000  6.364755e-02
1.504000  6.364755e-02
1.505000  6.364755e-02
1.506000  6.364755e-02
1.507000  6.364755e-02
1.508000  6.364755e-02
1.509000  6.364755e-02
1.510000  6.364755e-02
1.511000  6.364755e-02
1.512000  6.364755e-02
1.513000  6.364755e-02
1.514000  6.364755e-02
1.515000  6.364755e-02
1.516000  6.364755e-02
1.517000  6.364755e-02
1.518000  6.364755e-02
1.519000  6.364755e-02
1.520000  6.364755e-02
1.521000  6.364755e-02
1.522000  6.364755e-02
1.523000  6.364755e-02
1.524000  6.364755e-02
1.525000  6.364755e-02
1.526000  6.364755e-02
1.527000  6.364755e-02
1.528000  6.364755e-02
1.529000  6.364755e-02
1.530000  6.364755e-02
1.531000  6.364755e-02
1.532000  6.364755e-02
1.533000  6.364755e-02
1.534000  6.364755e-02
1.535000  6.364755e-02
1.536000  6.364755e-02
1.537000  6.364755e-02
1.538000  6.364755e-02
1.539000  6.364755e-02
1.540000  6.364755e-02
1.541000  6.364755e-02
1.542000  6.364755e-02
1.543000  6.364755e-02
1.544000  6.364755e-02
1.545000  6.364755e-02
1.546000  6.364755e-02
1.547000  6.364755e-02
1.548000  6.364755e-02
1.549000  6.364755e-02
1.550000  2.852004e-02
1.551000  2.852004e-02
1.552000  2.852004e-02
1.553000  2.852004e-02
1.554000  2.852004e-02
1.555000  2.852004e-02
1.556000  2.852004e-02
1.557000  2.852004e-02
1.558000  2.852004e-02
1.559000  2.852004e-02
1.560000  2.852004e-02
1.561000  2.852004e-02
1.562000  2.852004e-02
1.563000  2.852004e-02
1.564000  2.852004e-02
1.565000  2.852004e-02
1.566000  2.852004e-02
1.567000  2.852004e-02
1.568000  2.852004e-02
1.569000  2.852004e-02
1.570000  2.852004e-02
1.571000  2.852004e-02
1.572000  2.852004e-02
1.573000  2.852004e-02
1.574000  2.852004e-02
1.575000  2.852004e-02
1.576000  2.852004e-02
1.577000  2.852004e-02
1.578000  2.852004e-02
1.579000  2.852004e-02
1.580000  2.852004e-02
1.581000  2.852004e-02
1.582000  2.852004e-02
1.583000  2.852004e-02
1.584000  2.852004e-02
1.585000  2.852004e-02
1.586000  2.852004e-02
1.587000  2.852004e-02
1.588000  2.852004e-02
1.589000  2.852004e-02
1.590000  2.852004e-02
1.591000  2.852004e-02
1.592000  2.852004e-02
1.593000  2.852004e-02
1.594000  2.852004e-02
1.595000  2.852004e-02
1.596000  2.852004e-02
1.597000  2.852004e-02
1.598000  2.852004e-02
1.599000  2.852004e-02
1.600000  4.687903e-02
1.601000  4.687903e-02
1.602000  4.687903e-02
1.603000  4.687903e-02
1.604000  4.687903e-02
1.605000  4.687903e-02
1.606000  4.687903e-02
1.607000  4.687903e-02
1.608000  4.687903e-02
1.609000  4.687903e-02
1.610000  4.687903e-02
1.611000  4.687903e-02
1.612000  4.687903e-02
1.613000  4.687903e-02
1.614000  4.687903e-02
1.615000  4.687903e-02
1.616000  4.687903e-02
1.617000  4.687903e-02
1.618000  4.687903e-02
1.619000  4.687903e-02
1.620000  4.687903e-02
1.621000  4.687903e-02
1.622000  4.687903e-02
1.623000  4.687903e-02
1.624000  4.687903e-02
1.625000  4.687903e-02
1.626000  4.687903e-02
1.627000  4.687903e-02
1.628000  4.687903e-02
1.629000  4.687903e-02
1.630000  4.687903e-02
1.631000  4.687903e-02
1.632000  4.687903e-02
1.633000  4.687903e-02
1.634000  4.687903e-02
1.635000  4.687903e-02
1.636000  4.687903e-02
1.637000  4.687903e-02
1.638000  4.687903e-02
1.639000  4.687903e-02
1.640000  4.687903e-02
1.641000  4.687903e-02
1.642000  4.687903e-02
1.643000  4.687903e-02
1.644000  4.687903e-02
1.645000  4.687903e-02
1.646000  4.687903e-02
1.647000  4.687903e-02
1.648000  4.687903e-02
1.649000  4.687903e-02
1.650000  1.133441e-02
1.651000  1.133441e-02
1.652000  1.133441e-02
1.653000  1.133441e-02
1.654000  1.133441e-02
1.655000  1.133441e-02
1.656000  1.133441e-02
1.657000  1.133441e-02
1.658000  1.133441e-02
1.659000  1.133441e-02
1.660000  1.133441e-02
1.661000  1.133441e-02
1.662000  1.133441e-02
1.663000  1.133441e-02
1.664000  1.133441e-02
1.665000  1.133441e-02
1.666000  1.133441e-02
1.667000  1.133441e-02
1.668000  1.133441e-02
1.669000  1.133441e-02
1.670000  1.133441e-02
1.671000  1.133441e-02
1.672000  1.133441e-02
1.673000  1.133441e-02
1.674000  1.133441e-02
1.675000  1.133441e-02
1.676000  1.133441e-02
1.677000  1.133441e-02
1.678000  1.133441e-02
1.679000  1.133441e-02
1.680000  1.133441e-02
1.681000  1.133441e-02
1.682000  1.133441e-02
1.683000  1.133441e-02
1.684000  1.133441e-02
1.685000  1.133441e-02
1.686000  1.133441e-02
1.687000  1.133441e-02
1.688000  1.133441e-02
1.689000  1.133441e-02
1.690000  1.133441e-02
1.691000  1.133441e-02
1.692000  1.133441e-02
1.693000  1.133441e-02
1.694000  1.133441e-02
1.695000  1.133441e-02
1.696000  1.133441e-02
1.697000  1.133441e-02
1.698000  1.133441e-02
1.699000  1.133441e-02
1.700000  7.223029e-02
1.701000  7.223029e-02
1.702000  7.223029e-02
1.703000  7.223029e-02
1.704000  7.223029e-02
1.705000  7.223029e-02
1.706000  7.223029e-02
1.707000  7.223029e-02
1.708000  7.223029e-02
1.709000  7.223029e-02
1.710000  7.223029e-02
1.711000  7.223029e-02
1.712000  7.223029e-02
1.713000  7.223029e-02
1.714000  7.223029e-02
1.715000  7.223029e-02
1.716000  7.223029e-02
1.717000  7.223029e-02
1.718000  7.223029e-02
1.719000  7.223029e-02
1.720000  7.223029e-02
1.721000  7.223029e-02
1.722000  7.223029e-02
1.723000  7.223029e-02
1.724000  7.223029e-02
1.725000  7.223029e-02
1.726000  7.223029e-02
1.727000  7.223029e-02
1.728000  7.223029e-02
1.729000  7.223029e-02
1.730000  7.223029e-02
1.731000  7.223029e-02
1.732000  7.223029e-02
1.733000  7.223029e-02
1.734000  7.223029e-02
1.735000  7.223029e-02
1.736000  7.223029e-02
1.737000  7.223029e-02
1.738000  7.223029e-02
1.739000  7.223029e-02
1.740000  7.223029e-02
1.741000  7.223029e-02
1.742000  7.223029e-02
1.743000  7.223029e-02
1.744000  7.223029e-02
1.745000  7.223029e-02
1.746000  7.223029e-02
1.747000  7.223029e-02
1.748000  7.223029e-02
1.749000  7.223029e-02
1.750000  5.265482e-02
1.751000  5.265482e-02
1.752000  5.265482e-02
1.753000  5.265482e-02
1.754000  5.265482e-02
1.755000  5.265482e-02
1.756000  5.265482e-02
1.757000  5.265482e-02
1.758000  5.265482e-02
1.759000  5.265482e-02
1.760000  5.265482e-02
1.761000  5.265482e-02
1.762000  5.265482e-02
1.763000  5.265482e-02
1.764000  5.265482e-02
1.765000  5.265482e-02
1.766000  5.265482e-02
1.767000  5.265482e-02
1.768000  5.265482e-02
1.769000  5.265482e-02
1.770000  5.265482e-02
1.771000  5.265482e-02
1.772000  5.265482e-02
1.773000  5.265482e-02
1.774000  5.265482e-02
1.775000  5.265482e-02
1.776000  5.265482e-02
1.777000  5.265482e-02
1.778000  5.265482e-02
1.779000  5.265482e-02
1.780000  5.265482e-02
1.781000  5.265482e-02
1.782000  5.265482e-02
1.783000  5.265482e-02
1.784000  5.265482e-02
1.785000  5.265482e-02
1.786000  5.265482e-02
1.787000  5.265482e-02
1.788000  5.265482e-02
1.789000  5.265482e-02
1.790000  5.265482e-02
1.791000  5.265482e-02
1.792000  5.265482e-02
1.793000  5.265482e-02
1.794000  5.265482e-02
1.795000  5.265482e-02
1.796000  5.265482e-02
1.797000  5.265482e-02
1.798000  5.265482e-02
1.799000  5.265482e-02
1.800000  7.233894e-02
1.801000  7.233894e-02
1.802000  7.233894e-02
1.803000  7.233894e-02
1.804000  7.233894e-02
1.805000  7.233894e-02
1.806000  7.233894e-02
1.807000  7.233894e-02
1.808000  7.233894e-02
1.809000  7.233894e-02
1.810000  7.233894e-02
1.811000  7.233894e-02
1.812000  7.233894e-02
1.813000  7.233894e-02
1.814000  7.233894e-02
1.815000  7.233894e-02
1.816000  7.233894e-02
1.817000  7.233894e-02
1.818000  7.233894e-02
1.819000  7.233894e-02
1.820000  7.233894e-02
1.821000  7.233894e-02
1.822000  7.233894e-02
1.823000  7.233894e-02
1.824000  7.233894e-02
1.825000  7.233894e-02
1.826000  7.233894e-02
1.827000  7.233894e-02
1.828000  7.233894e-02
1.829000  7.233894e-02
1.830000  7.233894e-02
1.831000  7.233894e-02
1.832000  7.233894e-02
1.833000  7.233894e-02
1.834000  7.233894e-02
1.835000  7.233894e-02
1.836000  7.233894e-02
1.837000  7.233894e-02
1.838000  7.233894e-02
1.839000  7.233894e-02
1.840000  7.233894e-02
1.841000  7.233894e-02
1.842000  7.233894e-02
1.843000  7.233894e-02
1.844000  7.233894e-02
1.845000  7.233894e-02
1.846000  7.233894e-02
1.847000  7.233894e-02
1.848000  7.233894e-02
1.849000  7.233894e-02
1.850000  6.195787e-02
1.851000  6.195787e-02
1.852000  6.195787e-02
1.853000  6.195787e-02
1.854000  6.195787e-02
1.855000  6.195787e-02
1.856000  6.195787e-02
1.857000  6.195787e-02
1.858000  6.195787e-02
1.859000  6.195787e-02
1.860000  6.195787e-02
1.861000  6.195787e-02
1.862000  6.195787e-02
1.863000  6.195787e-02
1.864000  6.195787e-02
1.865000  6.195787e-02
1.866000  6.195787e-02
1.867000  6.195787e-02
1.868000  6.195787e-02
1.869000  6.195787e-02
1.870000  6.195787e-02
1.871000  6.195787e-02
1.872000  6.195787e-02
1.873000  6.195787e-02
1.874000  6.195787e-02
1.875000  6.195787e-02
1.876000  6.195787e-02
1.877000  6.195787e-02
1.878000  6.195787e-02
1.879000  6.195787e-02
1.880000  6.195787e-02
1.881000  6.195787e-02
1.882000  6.195787e-02
1.883000  6.195787e-02
1.884000  6.195787e-02
1.885000  6.195787e-02
1.886000  6.195787e-02
1.887000  6.195787e-02
1.888000  6.195787e-02
1.889000  6.195787e-02
1.890000  6.195787e-02
1.891000  6.195787e-02
1.892000  6.195787e-02
1.893000  6.195787e-02
1.894000  6.195787e-02
1.895000  6.195787e-02
1.896000  6.195787e-02
1.897000  6.195787e-02
1.898000  6.195787e-02
1.899000  6.195787e-02
1.900000  4.927916e-02
1.901000  4.927916e-02
1.902000  4.927916e-02
1.903000  4.927916e-02
1.904000  4.927916e-02
1.905000  4.927916e-02
1.906000  4.927916e-02
1.907000  4.927916e-02
1.908000  4.927916e-02
1.909000  4.927916e-02
1.910000  4.927916e-02
1.911000  4.927916e-02
1.912000  4.927916e-02
1.913000  4.927916e-02
1.914000  4.927916e-02
1.915000  4.927916e-02
1.916000  4.927916e-02
1.917000  4.927916e-02
1.918000  4.927916e-02
1.919000  4.927916e-02
1.920000  4.927916e-02
1.921000  4.927916e-02
1.922000  4.927916e-02
1.923000  4.927916e-02
1.924000  4.927916e-02
1.925000  4.927916e-02
1.926000  4.927916e-02
1.927000  4.927916e-02
1.928000  4.927916e-02
1.929000  4.927916e-02
1.930000  4.927916e-02
1.931000  4.927916e-02
1.932000  4.927916e-02
1.933000  4.927916e-02
1.934000  4.927916e-02
1.935000  4.927916e-02
1.936000  4.927916e-02
1.937000  4.927916e-02
1.938000  4.927916e-02
1.939000  4.927916e-02
1.940000  4.927916e-02
1.941000  4.927916e-02
1.942000  4.927916e-02
1.943000  4.927916e-02
1.944000  4.927916e-02
1.945000  4.927916e-02
1.946000  4.927916e-02
1.947000  4.927916e-02
1.948000  4.927916e-02
1.949000  4.927916e-02
1.950000  3.506812e-02
1.951000  3.506812e-02
1.952000  3.506812e-02
1.953000  3.506812e-02
1.954000  3.506812e-02
1.955000  3.506812e-02
1.956000  3.506812e-02
1.957000  3.506812e-02
1.958000  3.506812e-02
1.959000  3.506812e-02
1.960000  3.506812e-02
1.961000  3.506812e-02
1.962000  3.506812e-02
1.963000  3.506812e-02
1.964000  3.506812e-02
1.965000  3.506812e-02
1.966000  3.506812e-02
1.967000  3.506812e-02
1.968000  3.506812e-02
1.969000  3.506812e-02
1.970000  3.506812e-02
1.971000  3.506812e-02
1.972000  3.506812e-02
1.973000  3.506812e-02
1.974000  3.506812e-02
1.975000  3.506812e-02
1.976000  3.506812e-02
1.977000  3.506812e-02
1.978000  3.506812e-02
1.979000  3.506812e-02
1.980000  3.506812e-02
1.981000  3.506812e-02
1.982000  3.506812e-02
1.983000  3.506812e-02
1.984000  3.506812e-02
1.985000  3.506812e-02
1.986000  3.506812e-02
1.987000  3.506812e-02
1.988000  3.506812e-02
1.989000  3.506812e-02
1.990000  3.506812e-02
1.991000  3.506812e-02
1.992000  3.506812e-02
1.993000  3.506812e-02
1.994000  3.506812e-02
1.995000  3.506812e-02
1.996000  3.506812e-02
1.997000  3.506812e-02
1.998000  3.506812e-02
1.999000  3.506812e-02
2.000000  0.000000e+00
