# hist
0.000000  1.564273e-02
0.001000  1.564273e-02
0.002000  1.564273e-02
0.003000  1.564273e-02
0.004000  1.564273e-02
0.005000  1.564273e-02
0.006000  1.564273e-02
0.007000  1.564273e-02
0.008000  1.564273e-02
0.009000  1.564273e-02
0.010000  1.564273e-02
0.011000  1.564273e-02
0.012000  1.564273e-02
0.013000  1.564273e-02
0.014000  1.564273e-02
0.015000  1.564273e-02
0.016000  1.564273e-02
0.017000  1.564273e-02
0.018000  1.564273e-02
0.019000  1.564273e-02
0.020000  1.564273e-02
0.021000  1.564273e-02
0.022000  1.564273e-02
0.023000  1.564273e-02
0.024000  1.564273e-02
0.025000  1.564273e-02
0.026000  1.564273e-02
0.027000  1.564273e-02
0.028000  1.564273e-02
0.029000  1.564273e-02
0.030000  1.564273e-02
0.031000  1.564273e-02
0.032000  1.564273e-02
0.033000  1.564273e-02
0.034000  1.564273e-02
0.035000  1.564273e-02
0.036000  1.564273e-02
0.037000  1.564273e-02
0.038000  1.564273e-02
0.039000  1.564273e-02
0.040000  1.564273e-02
0.041000  1.564273e-02
0.042000  1.564273e-02
0.043000  1.564273e-02
0.044000  1.564273e-02
0.045000  1.564273e-02
0.046000  1.564273e-02
0.047000  1.564273e-02
0.048000  1.564273e-02
0.049000  1.564273e-02
0.050000  1.257571e-02
0.051000  1.257571e-02
0.052000  1.257571e-02
0.053000  1.257571e-02
0.054000  1.257571e-02
0.055000  1.257571e-02
0.056000  1.257571e-02
0.057000  1.257571e-02
0.058000  1.257571e-02
0.059000  1.257571e-02
0.060000  1.257571e-02
0.061000  1.257571e-02
0.062000  1.257571e-02
0.063000  1.257571e-02
0.064000  1.257571e-02
0.065000  1.257571e-02
0.066000  1.257571e-02
0.067000  1.257571e-02
0.068000  1.257571e-02
0.069000  1.257571e-02
0.070000  1.257571e-02
0.071000  1.257571e-02
0.072000  1.257571e-02
0.073000  1.257571e-02
0.074000  1.257571e-02
0.075000  1.257571e-02
0.076000  1.257571e-02
0.077000  1.257571e-02
0.078000  1.257571e-02
0.079000  1.257571e-02
0.080000  1.257571e-02
0.081000  1.257571e-02
0.082000  1.257571e-02
0.083000  1.257571e-02
0.084000  1.257571e-02
0.085000  1.257571e-02
0.086000  1.257571e-02
0.087000  1.257571e-02
0.088000  1.257571e-02
0.089000  1.257571e-02
0.090000  1.257571e-02
0.091000  1.257571e-02
0.092000  1.257571e-02
0.093000  1.257571e-02
0.094000  1.257571e-02
0.095000  1.257571e-02
0.096000  1.257571e-02
0.097000  1.257571e-02
0.098000  1.257571e-02
0.099000  1.257571e-02
0.100000  4.467362e-02
0.101000  4.467362e-02
0.102000  4.467362e-02
0.103000  4.467362e-02
0.104000  4.467362e-02
0.105000  4.467362e-02
0.106000  4.467362e-02
0.107000  4.467362e-02
0.108000  4.467362e-02
0.109000  4.467362e-02
0.110000  4.467362e-02
0.111000  4.467362e-02
0.112000  4.467362e-02
0.113000  4.467362e-02
0.114000  4.467362e-02
0.115000  4.467362e-02
0.116000  4.467362e-02
0.117000  4.467362e-02
0.118000  4.467362e-02
0.119000  4.467362e-02
0.120000  4.467362e-02
0.121000  4.467362e-02
0.122000  4.467362e-02
0.123000  4.467362e-02
0.124000  4.467362e-02
0.125000  4.467362e-02
0.126000  4.467362e-02
0.127000  4.467362e-02
0.128000  4.467362e-02
0.129000  4.467362e-02
0.130000  4.467362e-02
0.131000  4.467362e-02
0.132000  4.467362e-02
0.133000  4.467362e-02
0.134000  4.467362e-02
0.135000  4.467362e-02
0.136000  4.467362e-02
0.137000  4.467362e-02
0.138000  4.467362e-02
0.139000  4.467362e-02
0.140000  4.467362e-02
0.141000  4.467362e-02
0.142000  4.467362e-02
0.143000  4.467362e-02
0.144000  4.467362e-02
0.145000  4.467362e-02
0.146000  4.467362e-02
0.147000  4.467362e-02
0.148000  4.467362e-02
0.149000  4.467362e-02
0.150000  4.145042e-02
0.151000  4.145042e-02
0.152000  4.145042e-02
0.153000  4.145042e-02
0.154000  4.145042e-02
0.155000  4.145042e-02
0.156000  4.145042e-02
0.157000  4.145042e-02
0.158000  4.145042e-02
0.159000  4.145042e-02
0.160000  4.145042e-02
0.161000  4.145042e-02
0.162000  4.145042e-02
0.163000  4.145042e-02
0.164000  4.145042e-02
0.165000  4.145042e-02
0.166000  4.145042e-02
0.167000  4.145042e-02
0.168000  4.145042e-02
0.169000  4.145042e-02
0.170000  4.145042e-02
0.171000  4.145042e-02
0.172000  4.145042e-02
0.173000  4.145042e-02
0.174000  4.145042e-02
0.175000  4.145042e-02
0.176000  4.145042e-02
0.177000  4.145042e-02
0.178000  4.145042e-02
0.179000  4.145042e-02
0.180000  4.145042e-02
0.181000  4.145042e-02
0.182000  4.145042e-02
0.183000  4.145042e-02
0.184000  4.145042e-02
0.185000  4.145042e-02
0.186000  4.145042e-02
0.187000  4.145042e-02
0.188000  4.145042e-02
0.189000  4.145042e-02
0.190000  4.145042e-02
0.191000  4.145042e-02
0.192000  4.145042e-02
0.193000  4.145042e-02
0.194000  4.145042e-02
0.195000  4.145042e-02
0.196000  4.145042e-02
0.197000  4.145042e-02
0.198000  4.145042e-02
0.199000  4.145042e-02
0.200000  5.655502e-02
0.201000  5.655502e-02
0.202000  5.655502e-02
0.203000  5.655502e-02
0.204000  5.655502e-02
0.205000  5.655502e-02
0.206000  5.655502e-02
0.207000  5.655502e-02
0.208000  5.655502e-02
0.209000  5.655502e-02
0.210000  5.655502e-02
0.211000  5.655502e-02
0.212000  5.655502e-02
0.213000  5.655502e-02
0.214000  5.655502e-02
0.215000  5.655502e-02
0.216000  5.655502e-02
0.217000  5.655502e-02
0.218000  5.655502e-02
0.219000  5.655502e-02
0.220000  5.655502e-02
0.221000  5.655502e-02
0.222000  5.655502e-02
0.223000  5.655502e-02
0.224000  5.655502e-02
0.225000  5.655502e-02
0.226000  5.655502e-02
0.227000  5.655502e-02
0.228000  5.655502e-02
0.229000  5.655502e-02
0.230000  5.655502e-02
0.231000  5.655502e-02
0.232000  5.655502e-02
0.233000  5.655502e-02
0.234000  5.655502e-02
0.235000  5.655502e-02
0.236000  5.655502e-02
0.237000  5.655502e-02
0.238000  5.655502e-02
0.239000  5.655502e-02
0.240000  5.655502e-02
0.241000  5.655502e-02
0.242000  5.655502e-02
0.243000  5.655502e-02
0.244000  5.655502e-02
0.245000  5.655502e-02
0.246000  5.655502e-02
0.247000  5.655502e-02
0.248000  5.655502e-02
0.249000  5.655502e-02
0.250000  6.294788e-02
0.251000  6.294788e-02
0.252000  6.294788e-02
0.253000  6.294788e-02
0.254000  6.294788e-02
0.255000  6.294788e-02
0.256000  6.294788e-02
0.257000  6.294788e-02
0.258000  6.294788e-02
0.259000  6.294788e-02
0.260000  6.294788e-02
0.261000  6.294788e-02
0.262000  6.294788e-02
0.263000  6.294788e-02
0.264000  6.294788e-02
0.265000  6.294788e-02
0.266000  6.294788e-02
0.267000  6.294788e-02
0.268000  6.294788e-02
0.269000  6.294788e-02
0.270000  6.294788e-02
0.271000  6.294788e-02
0.272000  6.294788e-02
0.273000  6.294788e-02
0.274000  6.294788e-02
0.275000  6.294788e-02
0.276000  6.294788e-02
0.277000  6.294788e-02
0.278000  6.294788e-02
0.279000  6.294788e-02
0.280000  6.294788e-02
0.281000  6.294788e-02
0.282000  6.294788e-02
0.283000  6.294788e-02
0.284000  6.294788e-02
0.285000  6.294788e-02
0.286000  6.294788e-02
0.287000  6.294788e-02
0.288000  6.294788e-02
0.289000  6.294788e-02
0.290000  6.294788e-02
0.291000  6.294788e-02
0.292000  6.294788e-02
0.293000  6.294788e-02
0.294000  6.294788e-02
0.295000  6.294788e-02
0.296000  6.294788e-02
0.297000  6.294788e-02
0.298000  6.294788e-02
0.299000  6.294788e-02
0.300000  1.461071e-01
0.301000  1.461071e-01
0.302000  1.461071e-01
0.303000  1.461071e-01
0.304000  1.461071e-01
0.305000  1.461071e-01
0.306000  1.461071e-01
0.307000  1.461071e-01
0.308000  1.461071e-01
0.309000  1.461071e-01
0.310000  1.461071e-01
0.311000  1.461071e-01
0.312000  1.461071e-01
0.313000  1.461071e-01
0.314000  1.461071e-01
0.315000  1.461071e-01
0.316000  1.461071e-01
0.317000  1.461071e-01
0.318000  1.461071e-01
0.319000  1.461071e-01
0.320000  1.461071e-01
0.321000  1.461071e-01
0.322000  1.461071e-01
0.323000  1.461071e-01
0.324000  1.461071e-01
0.325000  1.461071e-01
0.326000  1.461071e-01
0.327000  1.461071e-01
0.328000  1.461071e-01
0.329000  1.461071e-01
0.330000  1.461071e-01
0.331000  1.461071e-01
0.332000  1.461071e-01
0.333000  1.461071e-01
0.334000  1.461071e-01
0.335000  1.461071e-01
0.336000  1.461071e-01
0.337000  1.461071e-01
0.338000  1.461071e-01
0.339000  1.461071e-01
0.340000  1.461071e-01
0.341000  1.461071e-01
0.342000  1.461071e-01
0.343000  1.461071e-01
0.344000  1.461071e-01
0.345000  1.461071e-01
0.346000  1.461071e-01
0.347000  1.461071e-01
0.348000  1.461071e-01
0.349000  1.461071e-01
0.350000  1.154098e-01
0.351000  1.154098e-01
0.352000  1.154098e-01
0.353000  1.154098e-01
0.354000  1.154098e-01
0.355000  1.154098e-01
0.356000  1.154098e-01
0.357000  1.154098e-01
0.358000  1.154098e-01
0.359000  1.154098e-01
0.360000  1.154098e-01
0.361000  1.154098e-01
0.362000  1.154098e-01
0.363000  1.154098e-01
0.364000  1.154098e-01
0.365000  1.154098e-01
0.366000  1.154098e-01
0.367000  1.154098e-01
0.368000  1.154098e-01
0.369000  1.154098e-01
0.370000  1.154098e-01
0.371000  1.154098e-01
0.372000  1.154098e-01
0.373000  1.154098e-01
0.374000  1.154098e-01
0.375000  1.154098e-01
0.376000  1.154098e-01
0.377000  1.154098e-01
0.378000  1.154098e-01
0.379000  1.154098e-01
0.380000  1.154098e-01
0.381000  1.154098e-01
0.382000  1.154098e-01
0.383000  1.154098e-01
0.384000  1.154098e-01
0.385000  1.154098e-01
0.386000  1.154098e-01
0.387000  1.154098e-01
0.388000  1.154098e-01
0.389000  1.154098e-01
0.390000  1.154098e-01
0.391000  1.154098e-01
0.392000  1.154098e-01
0.393000  1.154098e-01
0.394000  1.154098e-01
0.395000  1.154098e-01
0.396000  1.154098e-01
0.397000  1.154098e-01
0.398000  1.154098e-01
0.399000  1.154098e-01
0.400000  1.465979e-01
0.401000  1.465979e-01
0.402000  1.465979e-01
0.403000  1.465979e-01
0.404000  1.465979e-01
0.405000  1.465979e-01
0.406000  1.465979e-01
0.407000  1.465979e-01
0.408000  1.465979e-01
0.409000  1.465979e-01
0.410000  1.465979e-01
0.411000  1.465979e-01
0.412000  1.465979e-01
0.413000  1.465979e-01
0.414000  1.465979e-01
0.415000  1.465979e-01
0.416000  1.465979e-01
0.417000  1.465979e-01
0.418000  1.465979e-01
0.419000  1.465979e-01
0.420000  1.465979e-01
0.421000  1.465979e-01
0.422000  1.465979e-01
0.423000  1.465979e-01
0.424000  1.465979e-01
0.425000  1.465979e-01
0.426000  1.465979e-01
0.427000  1.465979e-01
0.428000  1.465979e-01
0.429000  1.465979e-01
0.430000  1.465979e-01
0.431000  1.465979e-01
0.432000  1.465979e-01
0.433000  1.465979e-01
0.434000  1.465979e-01
0.435000  1.465979e-01
0.436000  1.465979e-01
0.437000  1.465979e-01
0.438000  1.465979e-01
0.439000  1.465979e-01
0.440000  1.465979e-01
0.441000  1.465979e-01
0.442000  1.465979e-01
0.443000  1.465979e-01
0.444000  1.465979e-01
0.445000  1.465979e-01
0.446000  1.465979e-01
0.447000  1.465979e-01
0.448000  1.465979e-01
0.449000  1.465979e-01
0.450000  1.584446e-01
0.451000  1.584446e-01
0.452000  1.584446e-01
0.453000  1.584446e-01
0.454000  1.584446e-01
0.455000  1.584446e-01
0.456000  1.584446e-01
0.457000  1.584446e-01
0.458000  1.584446e-01
0.459000  1.584446e-01
0.460000  1.584446e-01
0.461000  1.584446e-01
0.462000  1.584446e-01
0.463000  1.584446e-01
0.464000  1.584446e-01
0.465000  1.584446e-01
0.466000  1.584446e-01
0.467000  1.584446e-01
0.468000  1.584446e-01
0.469000  1.584446e-01
0.470000  1.584446e-01
0.471000  1.584446e-01
0.472000  1.584446e-01
0.473000  1.584446e-01
0.474000  1.584446e-01
0.475000  1.584446e-01
0.476000  1.584446e-01
0.477000  1.584446e-01
0.478000  1.584446e-01
0.479000  1.584446e-01
0.480000  1.584446e-01
0.481000  1.584446e-01
0.482000  1.584446e-01
0.483000  1.584446e-01
0.484000  1.584446e-01
0.485000  1.584446e-01
0.486000  1.584446e-01
0.487000  1.584446e-01
0.488000  1.584446e-01
0.489000  1.584446e-01
0.490000  1.584446e-01
0.491000  1.584446e-01
0.492000  1.584446e-01
0.493000  1.584446e-01
0.494000  1.584446e-01
0.495000  1.584446e-01
0.496000  1.584446e-01
0.497000  1.584446e-01
0.498000  1.584446e-01
0.499000  1.584446e-01
0.500000  4.879974e-01
0.501000  4.879974e-01
0.502000  4.879974e-01
0.503000  4.879974e-01
0.504000  4.879974e-01
0.505000  4.879974e-01
0.506000  4.879974e-01
0.507000  4.879974e-01
0.508000  4.879974e-01
0.509000  4.879974e-01
0.510000  4.879974e-01
0.511000  4.879974e-01
0.512000  4.879974e-01
0.513000  4.879974e-01
0.514000  4.879974e-01
0.515000  4.879974e-01
0.516000  4.879974e-01
0.517000  4.879974e-01
0.518000  4.879974e-01
0.519000  4.879974e-01
0.520000  4.879974e-01
0.521000  4.879974e-01
0.522000  4.879974e-01
0.523000  4.879974e-01
0.524000  4.879974e-01
0.525000  4.879974e-01
0.526000  4.879974e-01
0.527000  4.879974e-01
0.528000  4.879974e-01
0.529000  4.879974e-01
0.530000  4.879974e-01
0.531000  4.879974e-01
0.532000  4.879974e-01
0.533000  4.879974e-01
0.534000  4.879974e-01
0.535000  4.879974e-01
0.536000  4.879974e-01
0.537000  4.879974e-01
0.538000  4.879974e-01
0.539000  4.879974e-01
0.540000  4.879974e-01
0.541000  4.879974e-01
0.542000  4.879974e-01
0.543000  4.879974e-01
0.544000  4.879974e-01
0.545000  4.879974e-01
0.546000  4.879974e-01
0.547000  4.879974e-01
0.548000  4.879974e-01
0.549000  4.879974e-01
0.550000  5.494661e-01
0.551000  5.494661e-01
0.552000  5.494661e-01
0.553000  5.494661e-01
0.554000  5.494661e-01
0.555000  5.494661e-01
0.556000  5.494661e-01
0.557000  5.494661e-01
0.558000  5.494661e-01
0.559000  5.494661e-01
0.560000  5.494661e-01
0.561000  5.494661e-01
0.562000  5.494661e-01
0.563000  5.494661e-01
0.564000  5.494661e-01
0.565000  5.494661e-01
0.566000  5.494661e-01
0.567000  5.494661e-01
0.568000  5.494661e-01
0.569000  5.494661e-01
0.570000  5.494661e-01
0.571000  5.494661e-01
0.572000  5.494661e-01
0.573000  5.494661e-01
0.574000  5.494661e-01
0.575000  5.494661e-01
0.576000  5.494661e-01
0.577000  5.494661e-01
0.578000  5.494661e-01
0.579000  5.494661e-01
0.580000  5.494661e-01
0.581000  5.494661e-01
0.582000  5.494661e-01
0.583000  5.494661e-01
0.584000  5.494661e-01
0.585000  5.494661e-01
0.586000  5.494661e-01
0.587000  5.494661e-01
0.588000  5.494661e-01
0.589000  5.494661e-01
0.590000  5.494661e-01
0.591000  5.494661e-01
0.592000  5.494661e-01
0.593000  5.494661e-01
0.594000  5.494661e-01
0.595000  5.494661e-01
0.596000  5.494661e-01
0.597000  5.494661e-01
0.598000  5.494661e-01
0.599000  5.494661e-01
0.600000  1.283298e+00
0.601000  1.283298e+00
0.602000  1.283298e+00
0.603000  1.283298e+00
0.604000  1.283298e+00
0.605000  1.283298e+00
0.606000  1.283298e+00
0.607000  1.283298e+00
0.608000  1.283298e+00
0.609000  1.283298e+00
0.610000  1.283298e+00
0.611000  1.283298e+00
0.612000  1.283298e+00
0.613000  1.283298e+00
0.614000  1.283298e+00
0.615000  1.283298e+00
0.616000  1.283298e+00
0.617000  1.283298e+00
0.618000  1.283298e+00
0.619000  1.283298e+00
0.620000  1.283298e+00
0.621000  1.283298e+00
0.622000  1.283298e+00
0.623000  1.283298e+00
0.624000  1.283298e+00
0.625000  1.283298e+00
0.626000  1.283298e+00
0.627000  1.283298e+00
0.628000  1.283298e+00
0.629000  1.283298e+00
0.630000  1.283298e+00
0.631000  1.283298e+00
0.632000  1.283298e+00
0.633000  1.283298e+00
0.634000  1.283298e+00
0.635000  1.283298e+00
0.636000  1.283298e+00
0.637000  1.283298e+00
0.638000  1.283298e+00
0.639000  1.283298e+00
0.640000  1.283298e+00
0.641000  1.283298e+00
0.642000  1.283298e+00
0.643000  1.283298e+00
0.644000  1.283298e+00
0.645000  1.283298e+00
0.646000  1.283298e+00
0.647000  1.283298e+00
0.648000  1.283298e+00
0.649000  1.283298e+00
0.650000  2.559444e+00
0.651000  2.559444e+00
0.652000  2.559444e+00
0.653000  2.559444e+00
0.654000  2.559444e+00
0.655000  2.559444e+00
0.656000  2.559444e+00
0.657000  2.559444e+00
0.658000  2.559444e+00
0.659000  2.559444e+00
0.660000  2.559444e+00
0.661000  2.559444e+00
0.662000  2.559444e+00
0.663000  2.559444e+00
0.664000  2.559444e+00
0.665000  2.559444e+00
0.666000  2.559444e+00
0.667000  2.559444e+00
0.668000  2.559444e+00
0.669000  2.559444e+00
0.670000  2.559444e+00
0.671000  2.559444e+00
0.672000  2.559444e+00
0.673000  2.559444e+00
0.674000  2.559444e+00
0.675000  2.559444e+00
0.676000  2.559444e+00
0.677000  2.559444e+00
0.678000  2.559444e+00
0.679000  2.559444e+00
0.680000  2.559444e+00
0.681000  2.559444e+00
0.682000  2.559444e+00
0.683000  2.559444e+00
0.684000  2.559444e+00
0.685000  2.559444e+00
0.686000  2.559444e+00
0.687000  2.559444e+00
0.688000  2.559444e+00
0.689000  2.559444e+00
0.690000  2.559444e+00
0.691000  2.559444e+00
0.692000  2.559444e+00
0.693000  2.559444e+00
0.694000  2.559444e+00
0.695000  2.559444e+00
0.696000  2.559444e+00
0.697000  2.559444e+00
0.698000  2.559444e+00
0.699000  2.559444e+00
0.700000  3.097581e+00
0.701000  3.097581e+00
0.702000  3.097581e+00
0.703000  3.097581e+00
0.704000  3.097581e+00
0.705000  3.097581e+00
0.706000  3.097581e+00
0.707000  3.097581e+00
0.708000  3.097581e+00
0.709000  3.097581e+00
0.710000  3.097581e+00
0.711000  3.097581e+00
0.712000  3.097581e+00
0.713000  3.097581e+00
0.714000  3.097581e+00
0.715000  3.097581e+00
0.716000  3.097581e+00
0.717000  3.097581e+00
0.718000  3.097581e+00
0.719000  3.097581e+00
0.720000  3.097581e+00
0.721000  3.097581e+00
0.722000  3.097581e+00
0.723000  3.097581e+00
0.724000  3.097581e+00
0.725000  3.097581e+00
0.726000  3.097581e+00
0.727000  3.097581e+00
0.728000  3.097581e+00
0.729000  3.097581e+00
0.730000  3.097581e+00
0.731000  3.097581e+00
0.732000  3.097581e+00
0.733000  3.097581e+00
0.734000  3.097581e+00
0.735000  3.097581e+00
0.736000  3.097581e+00
0.737000  3.097581e+00
0.738000  3.097581e+00
0.739000  3.097581e+00
0.740000  3.097581e+00
0.741000  3.097581e+00
0.742000  3.097581e+00
0.743000  3.097581e+00
0.744000  3.097581e+00
0.745000  3.097581e+00
0.746000  3.097581e+00
0.747000  3.097581e+00
0.748000  3.097581e+00
0.749000  3.097581e+00
0.750000  2.445174e+00
0.751000  2.445174e+00
0.752000  2.445174e+00
0.753000  2.445174e+00
0.754000  2.445174e+00
0.755000  2.445174e+00
0.756000  2.445174e+00
0.757000  2.445174e+00
0.758000  2.445174e+00
0.759000  2.445174e+00
0.760000  2.445174e+00
0.761000  2.445174e+00
0.762000  2.445174e+00
0.763000  2.445174e+00
0.764000  2.445174e+00
0.765000  2.445174e+00
0.766000  2.445174e+00
0.767000  2.445174e+00
0.768000  2.445174e+00
0.769000  2.445174e+00
0.770000  2.445174e+00
0.771000  2.445174e+00
0.772000  2.445174e+00
0.773000  2.445174e+00
0.774000  2.445174e+00
0.775000  2.445174e+00
0.776000  2.445174e+00
0.777000  2.445174e+00
0.778000  2.445174e+00
0.779000  2.445174e+00
0.780000  2.445174e+00
0.781000  2.445174e+00
0.782000  2.445174e+00
0.783000  2.445174e+00
0.784000  2.445174e+00
0.785000  2.445174e+00
0.786000  2.445174e+00
0.787000  2.445174e+00
0.788000  2.445174e+00
0.789000  2.445174e+00
0.790000  2.445174e+00
0.791000  2.445174e+00
0.792000  2.445174e+00
0.793000  2.445174e+00
0.794000  2.445174e+00
0.795000  2.445174e+00
0.796000  2.445174e+00
0.797000  2.445174e+00
0.798000  2.445174e+00
0.799000  2.445174e+00
0.800000  2.115353e+00
0.801000  2.115353e+00
0.802000  2.115353e+00
0.803000  2.115353e+00
0.804000  2.115353e+00
0.805000  2.115353e+00
0.806000  2.115353e+00
0.807000  2.115353e+00
0.808000  2.115353e+00
0.809000  2.115353e+00
0.810000  2.115353e+00
0.811000  2.115353e+00
0.812000  2.115353e+00
0.813000  2.115353e+00
0.814000  2.115353e+00
0.815000  2.115353e+00
0.816000  2.115353e+00
0.817000  2.115353e+00
0.818000  2.115353e+00
0.819000  2.115353e+00
0.820000  2.115353e+00
0.821000  2.115353e+00
0.822000  2.115353e+00
0.823000  2.115353e+00
0.824000  2.115353e+00
0.825000  2.115353e+00
0.826000  2.115353e+00
0.827000  2.115353e+00
0.828000  2.115353e+00
0.829000  2.115353e+00
0.830000  2.115353e+00
0.831000  2.115353e+00
0.832000  2.115353e+00
0.833000  2.115353e+00
0.834000  2.115353e+00
0.835000  2.115353e+00
0.836000  2.115353e+00
0.837000  2.115353e+00
0.838000  2.115353e+00
0.839000  2.115353e+00
0.840000  2.115353e+00
0.841000  2.115353e+00
0.842000  2.115353e+00
0.843000  2.115353e+00
0.844000  2.115353e+00
0.845000  2.115353e+00
0.846000  2.115353e+00
0.847000  2.115353e+00
0.848000  2.115353e+00
0.849000  2.115353e+00
0.850000  2.197888e+00
0.851000  2.197888e+00
0.852000  2.197888e+00
0.853000  2.197888e+00
0.854000  2.197888e+00
0.855000  2.197888e+00
0.856000  2.197888e+00
0.857000  2.197888e+00
0.858000  2.197888e+00
0.859000  2.197888e+00
0.860000  2.197888e+00
0.861000  2.197888e+00
0.862000  2.197888e+00
0.863000  2.197888e+00
0.864000  2.197888e+00
0.865000  2.197888e+00
0.866000  2.197888e+00
0.867000  2.197888e+00
0.868000  2.197888e+00
0.869000  2.197888e+00
0.870000  2.197888e+00
0.871000  2.197888e+00
0.872000  2.197888e+00
0.873000  2.197888e+00
0.874000  2.197888e+00
0.875000  2.197888e+00
0.876000  2.197888e+00
0.877000  2.197888e+00
0.878000  2.197888e+00
0.879000  2.197888e+00
0.880000  2.197888e+00
0.881000  2.197888e+00
0.882000  2.197888e+00
0.883000  2.197888e+00
0.884000  2.197888e+00
0.885000  2.197888e+00
0.886000  2.197888e+00
0.887000  2.197888e+00
0.888000  2.197888e+00
0.889000  2.197888e+00
0.890000  2.197888e+00
0.891000  2.197888e+00
0.892000  2.197888e+00
0.893000  2.197888e+00
0.894000  2.197888e+00
0.895000  2.197888e+00
0.896000  2.197888e+00
0.897000  2.197888e+00
0.898000  2.197888e+00
0.899000  2.197888e+00
0.900000  1.033473e+00
0.901000  1.033473e+00
0.902000  1.033473e+00
0.903000  1.033473e+00
0.904000  1.033473e+00
0.905000  1.033473e+00
0.906000  1.033473e+00
0.907000  1.033473e+00
0.908000  1.033473e+00
0.909000  1.033473e+00
0.910000  1.033473e+00
0.911000  1.033473e+00
0.912000  1.033473e+00
0.913000  1.033473e+00
0.914000  1.033473e+00
0.915000  1.033473e+00
0.916000  1.033473e+00
0.917000  1.033473e+00
0.918000  1.033473e+00
0.919000  1.033473e+00
0.920000  1.033473e+00
0.921000  1.033473e+00
0.922000  1.033473e+00
0.923000  1.033473e+00
0.924000  1.033473e+00
0.925000  1.033473e+00
0.926000  1.033473e+00
0.927000  1.033473e+00
0.928000  1.033473e+00
0.929000  1.033473e+00
0.930000  1.033473e+00
0.931000  1.033473e+00
0.932000  1.033473e+00
0.933000  1.033473e+00
0.934000  1.033473e+00
0.935000  1.033473e+00
0.936000  1.033473e+00
0.937000  1.033473e+00
0.938000  1.033473e+00
0.939000  1.033473e+00
0.940000  1.033473e+00
0.941000  1.033473e+00
0.942000  1.033473e+00
0.943000  1.033473e+00
0.944000  1.033473e+00
0.945000  1.033473e+00
0.946000  1.033473e+00
0.947000  1.033473e+00
0.948000  1.033473e+00
0.949000  1.033473e+00
0.950000  9.224117e-01
0.951000  9.224117e-01
0.952000  9.224117e-01
0.953000  9.224117e-01
0.954000  9.224117e-01
0.955000  9.224117e-01
0.956000  9.224117e-01
0.957000  9.224117e-01
0.958000  9.224117e-01
0.959000  9.224117e-01
0.960000  9.224117e-01
0.961000  9.224117e-01
0.962000  9.224117e-01
0.963000  9.224117e-01
0.964000  9.224117e-01
0.965000  9.224117e-01
0.966000  9.224117e-01
0.967000  9.224117e-01
0.968000  9.224117e-01
0.969000  9.224117e-01
0.970000  9.224117e-01
0.971000  9.224117e-01
0.972000  9.224117e-01
0.973000  9.224117e-01
0.974000  9.224117e-01
0.975000  9.224117e-01
0.976000  9.224117e-01
0.977000  9.224117e-01
0.978000  9.224117e-01
0.979000  9.224117e-01
0.980000  9.224117e-01
0.981000  9.224117e-01
0.982000  9.224117e-01
0.983000  9.224117e-01
0.984000  9.224117e-01
0.985000  9.224117e-01
0.986000  9.224117e-01
0.987000  9.224117e-01
0.988000  9.224117e-01
0.989000  9.224117e-01
0.990000  9.224117e-01
0.991000  9.224117e-01
0.992000  9.224117e-01
0.993000  9.224117e-01
0.994000  9.224117e-01
0.995000  9.224117e-01
0.996000  9.224117e-01
0.997000  9.224117e-01
0.998000  9.224117e-01
0.999000  9.224117e-01
1.000000  7.293026e-01
1.001000  7.293026e-01
1.002000  7.293026e-01
1.003000  7.293026e-01
1.004000  7.293026e-01
1.005000  7.293026e-01
1.006000  7.293026e-01
1.007000  7.293026e-01
1.008000  7.293026e-01
1.009000  7.293026e-01
1.010000  7.293026e-01
1.011000  7.293026e-01
1.012000  7.293026e-01
1.013000  7.293026e-01
1.014000  7.293026e-01
1.015000  7.293026e-01
1.016000  7.293026e-01
1.017000  7.293026e-01
1.018000  7.293026e-01
1.019000  7.293026e-01
1.020000  7.293026e-01
1.021000  7.293026e-01
1.022000  7.293026e-01
1.023000  7.293026e-01
1.024000  7.293026e-01
1.025000  7.293026e-01
1.026000  7.293026e-01
1.027000  7.293026e-01
1.028000  7.293026e-01
1.029000  7.293026e-01
1.030000  7.293026e-01
1.031000  7.293026e-01
1.032000  7.293026e-01
1.033000  7.293026e-01
1.034000  7.293026e-01
1.035000  7.293026e-01
1.036000  7.293026e-01
1.037000  7.293026e-01
1.038000  7.293026e-01
1.039000  7.293026e-01
1.040000  7.293026e-01
1.041000  7.293026e-01
1.042000  7.293026e-01
1.043000  7.293026e-01
1.044000  7.293026e-01
1.045000  7.293026e-01
1.046000  7.293026e-01
1.047000  7.293026e-01
1.048000  7.293026e-01
1.049000  7.293026e-01
1.050000  3.281519e-01
1.051000  3.281519e-01
1.052000  3.281519e-01
1.053000  3.281519e-01
1.054000  3.281519e-01
1.055000  3.281519e-01
1.056000  3.281519e-01
1.057000  3.281519e-01
1.058000  3.281519e-01
1.059000  3.281519e-01
1.060000  3.281519e-01
1.061000  3.281519e-01
1.062000  3.281519e-01
1.063000  3.281519e-01
1.064000  3.281519e-01
1.065000  3.281519e-01
1.066000  3.281519e-01
1.067000  3.281519e-01
1.068000  3.281519e-01
1.069000  3.281519e-01
1.070000  3.281519e-01
1.071000  3.281519e-01
1.072000  3.281519e-01
1.073000  3.281519e-01
1.074000  3.281519e-01
1.075000  3.281519e-01
1.076000  3.281519e-01
1.077000  3.281519e-01
1.078000  3.281519e-01
1.079000  3.281519e-01
1.080000  3.281519e-01
1.081000  3.281519e-01
1.082000  3.281519e-01
1.083000  3.281519e-01
1.084000  3.281519e-01
1.085000  3.281519e-01
1.086000  3.281519e-01
1.087000  3.281519e-01
1.088000  3.281519e-01
1.089000  3.281519e-01
1.090000  3.281519e-01
1.091000  3.281519e-01
1.092000  3.281519e-01
1.093000  3.281519e-01
1.094000  3.281519e-01
1.095000  3.281519e-01
1.096000  3.281519e-01
1.097000  3.281519e-01
1.098000  3.281519e-01
1.099000  3.281519e-01
1.100000  2.913258e-01
1.101000  2.913258e-01
1.102000  2.913258e-01
1.103000  2.913258e-01
1.104000  2.913258e-01
1.105000  2.913258e-01
1.106000  2.913258e-01
1.107000  2.913258e-01
1.108000  2.913258e-01
1.109000  2.913258e-01
1.110000  2.913258e-01
1.111000  2.913258e-01
1.112000  2.913258e-01
1.113000  2.913258e-01
1.114000  2.913258e-01
1.115000  2.913258e-01
1.116000  2.913258e-01
1.117000  2.913258e-01
1.118000  2.913258e-01
1.119000  2.913258e-01
1.120000  2.913258e-01
1.121000  2.913258e-01
1.122000  2.913258e-01
1.123000  2.913258e-01
1.124000  2.913258e-01
1.125000  2.913258e-01
1.126000  2.913258e-01
1.127000  2.913258e-01
1.128000  2.913258e-01
1.129000  2.913258e-01
1.130000  2.913258e-01
1.131000  2.913258e-01
1.132000  2.913258e-01
1.133000  2.913258e-01
1.134000  2.913258e-01
1.135000  2.913258e-01
1.136000  2.913258e-01
1.137000  2.913258e-01
1.138000  2.913258e-01
1.139000  2.913258e-01
1.140000  2.913258e-01
1.141000  2.913258e-01
1.142000  2.913258e-01
1.143000  2.913258e-01
1.144000  2.913258e-01
1.145000  2.913258e-01
1.146000  2.913258e-01
1.147000  2.913258e-01
1.148000  2.913258e-01
1.149000  2.913258e-01
1.150000  2.280962e-01
1.151000  2.280962e-01
1.152000  2.280962e-01
1.153000  2.280962e-01
1.154000  2.280962e-01
1.155000  2.280962e-01
1.156000  2.280962e-01
1.157000  2.280962e-01
1.158000  2.280962e-01
1.159000  2.280962e-01
1.160000  2.280962e-01
1.161000  2.280962e-01
1.162000  2.280962e-01
1.163000  2.280962e-01
1.164000  2.280962e-01
1.165000  2.280962e-01
1.166000  2.280962e-01
1.167000  2.280962e-01
1.168000  2.280962e-01
1.169000  2.280962e-01
1.170000  2.280962e-01
1.171000  2.280962e-01
1.172000  2.280962e-01
1.173000  2.280962e-01
1.174000  2.280962e-01
1.175000  2.280962e-01
1.176000  2.280962e-01
1.177000  2.280962e-01
1.178000  2.280962e-01
1.179000  2.280962e-01
1.180000  2.280962e-01
1.181000  2.280962e-01
1.182000  2.280962e-01
1.183000  2.280962e-01
1.184000  2.280962e-01
1.185000  2.280962e-01
1.186000  2.280962e-01
1.187000  2.280962e-01
1.188000  2.280962e-01
1.189000  2.280962e-01
1.190000  2.280962e-01
1.191000  2.280962e-01
1.192000  2.280962e-01
1.193000  2.280962e-01
1.194000  2.280962e-01
1.195000  2.280962e-01
1.196000  2.280962e-01
1.197000  2.280962e-01
1.198000  2.280962e-01
1.199000  2.280962e-01
1.200000  2.828135e-01
1.201000  2.828135e-01
1.202000  2.828135e-01
1.203000  2.828135e-01
1.204000  2.828135e-01
1.205000  2.828135e-01
1.206000  2.828135e-01
1.207000  2.828135e-01
1.208000  2.828135e-01
1.209000  2.828135e-01
1.210000  2.828135e-01
1.211000  2.828135e-01
1.212000  2.828135e-01
1.213000  2.828135e-01
1.214000  2.828135e-01
1.215000  2.828135e-01
1.216000  2.828135e-01
1.217000  2.828135e-01
1.218000  2.828135e-01
1.219000  2.828135e-01
1.220000  2.828135e-01
1.221000  2.828135e-01
1.222000  2.828135e-01
1.223000  2.828135e-01
1.224000  2.828135e-01
1.225000  2.828135e-01
1.226000  2.828135e-01
1.227000  2.828135e-01
1.228000  2.828135e-01
1.229000  2.828135e-01
1.230000  2.828135e-01
1.231000  2.828135e-01
1.232000  2.828135e-01
1.233000  2.828135e-01
1.234000  2.828135e-01
1.235000  2.828135e-01
1.236000  2.828135e-01
1.237000  2.828135e-01
1.238000  2.828135e-01
1.239000  2.828135e-01
1.240000  2.828135e-01
1.241000  2.828135e-01
1.242000  2.828135e-01
1.243000  2.828135e-01
1.244000  2.828135e-01
1.245000  2.828135e-01
1.246000  2.828135e-01
1.247000  2.828135e-01
1.248000  2.828135e-01
1.249000  2.828135e-01
1.250000  1.311909e-01
1.251000  1.311909e-01
1.252000  1.311909e-01
1.253000  1.311909e-01
1.254000  1.311909e-01
1.255000  1.311909e-01
1.256000  1.311909e-01
1.257000  1.311909e-01
1.258000  1.311909e-01
1.259000  1.311909e-01
1.260000  1.311909e-01
1.261000  1.311909e-01
1.262000  1.311909e-01
1.263000  1.311909e-01
1.264000  1.311909e-01
1.265000  1.311909e-01
1.266000  1.311909e-01
1.267000  1.311909e-01
1.268000  1.311909e-01
1.269000  1.311909e-01
1.270000  1.311909e-01
1.271000  1.311909e-01
1.272000  1.311909e-01
1.273000  1.311909e-01
1.274000  1.311909e-01
1.275000  1.311909e-01
1.276000  1.311909e-01
1.277000  1.311909e-01
1.278000  1.311909e-01
1.279000  1.311909e-01
1.280000  1.311909e-01
1.281000  1.311909e-01
1.282000  1.311909e-01
1.283000  1.311909e-01
1.284000  1.311909e-01
1.285000  1.311909e-01
1.286000  1.311909e-01
1.287000  1.311909e-01
1.288000  1.311909e-01
1.289000  1.311909e-01
1.290000  1.311909e-01
1.291000  1.311909e-01
1.292000  1.311909e-01
1.293000  1.311909e-01
1.294000  1.311909e-01
1.295000  1.311909e-01
1.296000  1.311909e-01
1.297000  1.311909e-01
1.298000  1.311909e-01
1.299000  1.311909e-01
1.300000  1.440374e-01
1.301000  1.440374e-01
1.302000  1.440374e-01
1.303000  1.440374e-01
1.304000  1.440374e-01
1.305000  1.440374e-01
1.306000  1.440374e-01
1.307000  1.440374e-01
1.308000  1.440374e-01
1.309000  1.440374e-01
1.310000  1.440374e-01
1.311000  1.440374e-01
1.312000  1.440374e-01
1.313000  1.440374e-01
1.314000  1.440374e-01
1.315000  1.440374e-01
1.316000  1.440374e-01
1.317000  1.440374e-01
1.318000  1.440374e-01
1.319000  1.440374e-01
1.320000  1.440374e-01
1.321000  1.440374e-01
1.322000  1.440374e-01
1.323000  1.440374e-01
1.324000  1.440374e-01
1.325000  1.440374e-01
1.326000  1.440374e-01
1.327000  1.440374e-01
1.328000  1.440374e-01
1.329000  1.440374e-01
1.330000  1.440374e-01
1.331000  1.440374e-01
1.332000  1.440374e-01
1.333000  1.440374e-01
1.334000  1.440374e-01
1.335000  1.440374e-01
1.336000  1.440374e-01
1.337000  1.440374e-01
1.338000  1.440374e-01
1.339000  1.440374e-01
1.340000  1.440374e-01
1.341000  1.440374e-01
1.342000  1.440374e-01
1.343000  1.440374e-01
1.344000  1.440374e-01
1.345000  1.440374e-01
1.346000  1.440374e-01
1.347000  1.440374e-01
1.348000  1.440374e-01
1.349000  1.440374e-01
1.350000  1.157498e-01
1.351000  1.157498e-01
1.352000  1.157498e-01
1.353000  1.157498e-01
1.354000  1.157498e-01
1.355000  1.157498e-01
1.356000  1.157498e-01
1.357000  1.157498e-01
1.358000  1.157498e-01
1.359000  1.157498e-01
1.360000  1.157498e-01
1.361000  1.157498e-01
1.362000  1.157498e-01
1.363000  1.157498e-01
1.364000  1.157498e-01
1.365000  1.157498e-01
1.366000  1.157498e-01
1.367000  1.157498e-01
1.368000  1.157498e-01
1.369000  1.157498e-01
1.370000  1.157498e-01
1.371000  1.157498e-01
1.372000  1.157498e-01
1.373000  1.157498e-01
1.374000  1.157498e-01
1.375000  1.157498e-01
1.376000  1.157498e-01
1.377000  1.157498e-01
1.378000  1.157498e-01
1.379000  1.157498e-01
1.380000  1.157498e-01
1.381000  1.157498e-01
1.382000  1.157498e-01
1.383000  1.157498e-01
1.384000  1.157498e-01
1.385000  1.157498e-01
1.386000  1.157498e-01
1.387000  1.157498e-01
1.388000  1.157498e-01
1.389000  1.157498e-01
1.390000  1.157498e-01
1.391000  1.157498e-01
1.392000  1.157498e-01
1.393000  1.157498e-01
1.394000  1.157498e-01
1.395000  1.157498e-01
1.396000  1.157498e-01
1.397000  1.157498e-01
1.398000  1.157498e-01
1.399000  1.157498e-01
1.400000  6.884628e-02
1.401000  6.884628e-02
1.402000  6.884628e-02
1.403000  6.884628e-02
1.404000  6.884628e-02
1.405000  6.884628e-02
1.406000  6.884628e-02
1.407000  6.884628e-02
1.408000  6.884628e-02
1.409000  6.884628e-02
1.410000  6.884628e-02
1.411000  6.884628e-02
1.412000  6.884628e-02
1.413000  6.884628e-02
1.414000  6.884628e-02
1.415000  6.884628e-02
1.416000  6.884628e-02
1.417000  6.884628e-02
1.418000  6.884628e-02
1.419000  6.884628e-02
1.420000  6.884628e-02
1.421000  6.884628e-02
1.422000  6.884628e-02
1.423000  6.884628e-02
1.424000  6.884628e-02
1.425000  6.884628e-02
1.426000  6.884628e-02
1.427000  6.884628e-02
1.428000  6.884628e-02
1.429000  6.884628e-02
1.430000  6.884628e-02
1.431000  6.884628e-02
1.432000  6.884628e-02
1.433000  6.884628e-02
1.434000  6.884628e-02
1.435000  6.884628e-02
1.436000  6.884628e-02
1.437000  6.884628e-02
1.438000  6.884628e-02
1.439000  6.884628e-02
1.440000  6.884628e-02
1.441000  6.884628e-02
1.442000  6.884628e-02
1.443000  6.884628e-02
1.444000  6.884628e-02
1.445000  6.884628e-02
1.446000  6.884628e-02
1.447000  6.884628e-02
1.448000  6.884628e-02
1.449000  6.884628e-02
1.450000  2.583599e-02
1.451000  2.583599e-02
1.452000  2.583599e-02
1.453000  2.583599e-02
1.454000  2.583599e-02
1.455000  2.583599e-02
1.456000  2.583599e-02
1.457000  2.583599e-02
1.458000  2.583599e-02
1.459000  2.583599e-02
1.460000  2.583599e-02
1.461000  2.583599e-02
1.462000  2.583599e-02
1.463000  2.583599e-02
1.464000  2.583599e-02
1.465000  2.583599e-02
1.466000  2.583599e-02
1.467000  2.583599e-02
1.468000  2.583599e-02
1.469000  2.583599e-02
1.470000  2.583599e-02
1.471000  2.583599e-02
1.472000  2.583599e-02
1.473000  2.583599e-02
1.474000  2.583599e-02
1.475000  2.583599e-02
1.476000  2.583599e-02
1.477000  2.583599e-02
1.478000  2.583599e-02
1.479000  2.583599e-02
1.480000  2.583599e-02
1.481000  2.583599e-02
1.482000  2.583599e-02
1.483000  2.583599e-02
1.484000  2.583599e-02
1.485000  2.583599e-02
1.486000  2.583599e-02
1.487000  2.583599e-02
1.488000  2.583599e-02
1.489000  2.583599e-02
1.490000  2.583599e-02
1.491000  2.583599e-02
1.492000  2.583599e-02
1.493000  2.583599e-02
1.494000  2.583599e-02
1.495000  2.583599e-02
1.496000  2.583599e-02
1.497000  2.583599e-02
1.498000  2.583599e-02
1.499000  2.583599e-02
1.500000  3.201753e-02
1.501000  3.201753e-02
1.502000  3.201753e-02
1.503000  3.201753e-02
1.504000  3.201753e-02
1.505000  3.201753e-02
1.506000  3.201753e-02
1.507000  3.201753e-02
1.508000  3.201753e-02
1.509000  3.201753e-02
1.510000  3.201753e-02
1.511000  3.201753e-02
1.512000  3.201753e-02
1.513000  3.201753e-02
1.514000  3.201753e-02
1.515000  3.201753e-02
1.516000  3.201753e-02
1.517000  3.201753e-02
1.518000  3.201753e-02
1.519000  3.201753e-02
1.520000  3.201753e-02
1.521000  3.201753e-02
1.522000  3.201753e-02
1.523000  3.201753e-02
1.524000  3.201753e-02
1.525000  3.201753e-02
1.526000  3.201753e-02
1.527000  3.201753e-02
1.528000  3.201753e-02
1.529000  3.201753e-02
1.530000  3.201753e-02
1.531000  3.201753e-02
1.532000  3.201753e-02
1.533000  3.201753e-02
1.534000  3.201753e-02
1.535000  3.201753e-02
1.536000  3.201753e-02
1.537000  3.201753e-02
1.538000  3.201753e-02
1.539000  3.201753e-02
1.540000  3.201753e-02
1.541000  3.201753e-02
1.542000  3.201753e-02
1.543000  3.201753e-02
1.544000  3.201753e-02
1.545000  3.201753e-02
1.546000  3.201753e-02
1.547000  3.201753e-02
1.548000  3.201753e-02
1.549000  3.201753e-02
1.550000  6.959469e-03
1.551000  6.959469e-03
1.552000  6.959469e-03
1.553000  6.959469e-03
1.554000  6.959469e-03
1.555000  6.959469e-03
1.556000  6.959469e-03
1.557000  6.959469e-03
1.558000  6.959469e-03
1.559000  6.959469e-03
1.560000  6.959469e-03
1.561000  6.959469e-03
1.562000  6.959469e-03
1.563000  6.959469e-03
1.564000  6.959469e-03
1.565000  6.959469e-03
1.566000  6.959469e-03
1.567000  6.959469e-03
1.568000  6.959469e-03
1.569000  6.959469e-03
1.570000  6.959469e-03
1.571000  6.959469e-03
1.572000  6.959469e-03
1.573000  6.959469e-03
1.574000  6.959469e-03
1.575000  6.959469e-03
1.576000  6.959469e-03
1.577000  6.959469e-03
1.578000  6.959469e-03
1.579000  6.959469e-03
1.580000  6.959469e-03
1.581000  6.959469e-03
1.582000  6.959469e-03
1.583000  6.959469e-03
1.584000  6.959469e-03
1.585000  6.959469e-03
1.586000  6.959469e-03
1.587000  6.959469e-03
1.588000  6.959469e-03
1.589000  6.959469e-03
1.590000  6.959469e-03
1.591000  6.959469e-03
1.592000  6.959469e-03
1.593000  6.959469e-03
1.594000  6.959469e-03
1.595000  6.959469e-03
1.596000  6.959469e-03
1.597000  6.959469e-03
1.598000  6.959469e-03
1.599000  6.959469e-03
1.600000  2.650850e-02
1.601000  2.650850e-02
1.602000  2.650850e-02
1.603000  2.650850e-02
1.604000  2.650850e-02
1.605000  2.650850e-02
1.606000  2.650850e-02
1.607000  2.650850e-02
1.608000  2.650850e-02
1.609000  2.650850e-02
1.610000  2.650850e-02
1.611000  2.650850e-02
1.612000  2.650850e-02
1.613000  2.650850e-02
1.614000  2.650850e-02
1.615000  2.650850e-02
1.616000  2.650850e-02
1.617000  2.650850e-02
1.618000  2.650850e-02
1.619000  2.650850e-02
1.620000  2.650850e-02
1.621000  2.650850e-02
1.622000  2.650850e-02
1.623000  2.650850e-02
1.624000  2.650850e-02
1.625000  2.650850e-02
1.626000  2.650850e-02
1.627000  2.650850e-02
1.628000  2.650850e-02
1.629000  2.650850e-02
1.630000  2.650850e-02
1.631000  2.650850e-02
1.632000  2.650850e-02
1.633000  2.650850e-02
1.634000  2.650850e-02
1.635000  2.650850e-02
1.636000  2.650850e-02
1.637000  2.650850e-02
1.638000  2.650850e-02
1.639000  2.650850e-02
1.640000  2.650850e-02
1.641000  2.650850e-02
1.642000  2.650850e-02
1.643000  2.650850e-02
1.644000  2.650850e-02
1.645000  2.650850e-02
1.646000  2.650850e-02
1.647000  2.650850e-02
1.648000  2.650850e-02
1.649000  2.650850e-02
1.650000  3.514331e-03
1.651000  3.514331e-03
1.652000  3.514331e-03
1.653000  3.514331e-03
1.654000  3.514331e-03
1.655000  3.514331e-03
1.656000  3.514331e-03
1.657000  3.514331e-03
1.658000  3.514331e-03
1.659000  3.514331e-03
1.660000  3.514331e-03
1.661000  3.514331e-03
1.662000  3.514331e-03
1.663000  3.514331e-03
1.664000  3.514331e-03
1.665000  3.514331e-03
1.666000  3.514331e-03
1.667000  3.514331e-03
1.668000  3.514331e-03
1.669000  3.514331e-03
1.670000  3.514331e-03
1.671000  3.514331e-03
1.672000  3.514331e-03
1.673000  3.514331e-03
1.674000  3.514331e-03
1.675000  3.514331e-03
1.676000  3.514331e-03
1.677000  3.514331e-03
1.678000  3.514331e-03
1.679000  3.514331e-03
1.680000  3.514331e-03
1.681000  3.514331e-03
1.682000  3.514331e-03
1.683000  3.514331e-03
1.684000  3.514331e-03
1.685000  3.514331e-03
1.686000  3.514331e-03
1.687000  3.514331e-03
1.688000  3.514331e-03
1.689000  3.514331e-03
1.690000  3.514331e-03
1.691000  3.514331e-03
1.692000  3.514331e-03
1.693000  3.514331e-03
1.694000  3.514331e-03
1.695000  3.514331e-03
1.696000  3.514331e-03
1.697000  3.514331e-03
1.698000  3.514331e-03
1.699000  3.514331e-03
1.700000  8.573338e-03
1.701000  8.573338e-03
1.702000  8.573338e-03
1.703000  8.573338e-03
1.704000  8.573338e-03
1.705000  8.573338e-03
1.706000  8.573338e-03
1.707000  8.573338e-03
1.708000  8.573338e-03
1.709000  8.573338e-03
1.710000  8.573338e-03
1.711000  8.573338e-03
1.712000  8.573338e-03
1.713000  8.573338e-03
1.714000  8.573338e-03
1.715000  8.573338e-03
1.716000  8.573338e-03
1.717000  8.573338e-03
1.718000  8.573338e-03
1.719000  8.573338e-03
1.720000  8.573338e-03
1.721000  8.573338e-03
1.722000  8.573338e-03
1.723000  8.573338e-03
1.724000  8.573338e-03
1.725000  8.573338e-03
1.726000  8.573338e-03
1.727000  8.573338e-03
1.728000  8.573338e-03
1.729000  8.573338e-03
1.730000  8.573338e-03
1.731000  8.573338e-03
1.732000  8.573338e-03
1.733000  8.573338e-03
1.734000  8.573338e-03
1.735000  8.573338e-03
1.736000  8.573338e-03
1.737000  8.573338e-03
1.738000  8.573338e-03
1.739000  8.573338e-03
1.740000  8.573338e-03
1.741000  8.573338e-03
1.742000  8.573338e-03
1.743000  8.573338e-03
1.744000  8.573338e-03
1.745000  8.573338e-03
1.746000  8.573338e-03
1.747000  8.573338e-03
1.748000  8.573338e-03
1.749000  8.573338e-03
1.750000  1.204009e-02
1.751000  1.204009e-02
1.752000  1.204009e-02
1.753000  1.204009e-02
1.754000  1.204009e-02
1.755000  1.204009e-02
1.756000  1.204009e-02
1.757000  1.204009e-02
1.758000  1.204009e-02
1.759000  1.204009e-02
1.760000  1.204009e-02
1.761000  1.204009e-02
1.762000  1.204009e-02
1.763000  1.204009e-02
1.764000  1.204009e-02
1.765000  1.204009e-02
1.766000  1.204009e-02
1.767000  1.204009e-02
1.768000  1.204009e-02
1.769000  1.204009e-02
1.770000  1.204009e-02
1.771000  1.204009e-02
1.772000  1.204009e-02
1.773000  1.204009e-02
1.774000  1.204009e-02
1.775000  1.204009e-02
1.776000  1.204009e-02
1.777000  1.204009e-02
1.778000  1.204009e-02
1.779000  1.204009e-02
1.780000  1.204009e-02
1.781000  1.204009e-02
1.782000  1.204009e-02
1.783000  1.204009e-02
1.784000  1.204009e-02
1.785000  1.204009e-02
1.786000  1.204009e-02
1.787000  1.204009e-02
1.788000  1.204009e-02
1.789000  1.204009e-02
1.790000  1.204009e-02
1.791000  1.204009e-02
1.792000  1.204009e-02
1.793000  1.204009e-02
1.794000  1.204009e-02
1.795000  1.204009e-02
1.796000  1.204009e-02
1.797000  1.204009e-02
1.798000  1.204009e-02
1.799000  1.204009e-02
1.800000  2.497007e-02
1.801000  2.497007e-02
1.802000  2.497007e-02
1.803000  2.497007e-02
1.804000  2.497007e-02
1.805000  2.497007e-02
1.806000  2.497007e-02
1.807000  2.497007e-02
1.808000  2.497007e-02
1.809000  2.497007e-02
1.810000  2.497007e-02
1.811000  2.497007e-02
1.812000  2.497007e-02
1.813000  2.497007e-02
1.814000  2.497007e-02
1.815000  2.497007e-02
1.816000  2.497007e-02
1.817000  2.497007e-02
1.818000  2.497007e-02
1.819000  2.497007e-02
1.820000  2.497007e-02
1.821000  2.497007e-02
1.822000  2.497007e-02
1.823000  2.497007e-02
1.824000  2.497007e-02
1.825000  2.497007e-02
1.826000  2.497007e-02
1.827000  2.497007e-02
1.828000  2.497007e-02
1.829000  2.497007e-02
1.830000  2.497007e-02
1.831000  2.497007e-02
1.832000  2.497007e-02
1.833000  2.497007e-02
1.834000  2.497007e-02
1.835000  2.497007e-02
1.836000  2.497007e-02
1.837000  2.497007e-02
1.838000  2.497007e-02
1.839000  2.497007e-02
1.840000  2.497007e-02
1.841000  2.497007e-02
1.842000  2.497007e-02
1.843000  2.497007e-02
1.844000  2.497007e-02
1.845000  2.497007e-02
1.846000  2.497007e-02
1.847000  2.497007e-02
1.848000  2.497007e-02
1.849000  2.497007e-02
1.850000  1.832043e-02
1.851000  1.832043e-02
1.852000  1.832043e-02
1.853000  1.832043e-02
1.854000  1.832043e-02
1.855000  1.832043e-02
1.856000  1.832043e-02
1.857000  1.832043e-02
1.858000  1.832043e-02
1.859000  1.832043e-02
1.860000  1.832043e-02
1.861000  1.832043e-02
1.862000  1.832043e-02
1.863000  1.832043e-02
1.864000  1.832043e-02
1.865000  1.832043e-02
1.866000  1.832043e-02
1.867000  1.832043e-02
1.868000  1.832043e-02
1.869000  1.832043e-02
1.870000  1.832043e-02
1.871000  1.832043e-02
1.872000  1.832043e-02
1.873000  1.832043e-02
1.874000  1.832043e-02
1.875000  1.832043e-02
1.876000  1.832043e-02
1.877000  1.832043e-02
1.878000  1.832043e-02
1.879000  1.832043e-02
1.880000  1.832043e-02
1.881000  1.832043e-02
1.882000  1.832043e-02
1.883000  1.832043e-02
1.884000  1.832043e-02
1.885000  1.832043e-02
1.886000  1.832043e-02
1.887000  1.832043e-02
1.888000  1.832043e-02
1.889000  1.832043e-02
1.890000  1.832043e-02
1.891000  1.832043e-02
1.892000  1.832043e-02
1.893000  1.832043e-02
1.894000  1.832043e-02
1.895000  1.832043e-02
1.896000  1.832043e-02
1.897000  1.832043e-02
1.898000  1.832043e-02
1.899000  1.832043e-02
1.900000  2.117623e-02
1.901000  2.117623e-02
1.902000  2.117623e-02
1.903000  2.117623e-02
1.904000  2.117623e-02
1.905000  2.117623e-02
1.906000  2.117623e-02
1.907000  2.117623e-02
1.908000  2.117623e-02
1.909000  2.117623e-02
1.910000  2.117623e-02
1.911000  2.117623e-02
1.912000  2.117623e-02
1.913000  2.117623e-02
1.914000  2.117623e-02
1.915000  2.117623e-02
1.916000  2.117623e-02
1.917000  2.117623e-02
1.918000  2.117623e-02
1.919000  2.117623e-02
1.920000  2.117623e-02
1.921000  2.117623e-02
1.922000  2.117623e-02
1.923000  2.117623e-02
1.924000  2.117623e-02
1.925000  2.117623e-02
1.926000  2.117623e-02
1.927000  2.117623e-02
1.928000  2.117623e-02
1.929000  2.117623e-02
1.930000  2.117623e-02
1.931000  2.117623e-02
1.932000  2.117623e-02
1.933000  2.117623e-02
1.934000  2.117623e-02
1.935000  2.117623e-02
1.936000  2.117623e-02
1.937000  2.117623e-02
1.938000  2.117623e-02
1.939000  2.117623e-02
1.940000  2.117623e-02
1.941000  2.117623e-02
1.942000  2.117623e-02
1.943000  2.117623e-02
1.944000  2.117623e-02
1.945000  2.117623e-02
1.946000  2.117623e-02
1.947000  2.117623e-02
1.948000  2.117623e-02
1.949000  2.117623e-02
1.950000  8.079734e-03
1.951000  8.079734e-03
1.952000  8.079734e-03
1.953000  8.079734e-03
1.954000  8.079734e-03
1.955000  8.079734e-03
1.956000  8.079734e-03
1.957000  8.079734e-03
1.958000  8.079734e-03
1.959000  8.079734e-03
1.960000  8.079734e-03
1.961000  8.079734e-03
1.962000  8.079734e-03
1.963000  8.079734e-03
1.964000  8.079734e-03
1.965000  8.079734e-03
1.966000  8.079734e-03
1.967000  8.079734e-03
1.968000  8.079734e-03
1.969000  8.079734e-03
1.970000  8.079734e-03
1.971000  8.079734e-03
1.972000  8.079734e-03
1.973000  8.079734e-03
1.974000  8.079734e-03
1.975000  8.079734e-03
1.976000  8.079734e-03
1.977000  8.079734e-03
1.978000  8.079734e-03
1.979000  8.079734e-03
1.980000  8.079734e-03
1.981000  8.079734e-03
1.982000  8.079734e-03
1.983000  8.079734e-03
1.984000  8.079734e-03
1.985000  8.079734e-03
1.986000  8.079734e-03
1.987000  8.079734e-03
1.988000  8.079734e-03
1.989000  8.079734e-03
1.990000  8.079734e-03
1.991000  8.079734e-03
1.992000  8.079734e-03
1.993000  8.079734e-03
1.994000  8.079734e-03
1.995000  8.079734e-03
1.996000  8.079734e-03
1.997000  8.079734e-03
1.998000  8.079734e-03
1.999000  8.079734e-03
2.000000  0.000000e+00
