# bin_3
1.759616874665640221e-02
1.220748783623203278e-02
4.419674400860065105e-02
1.451329684953377441e-01
3.053246420200369515e-01
4.162681634444386769e-01
8.094185903699697704e-01
1.058012017182182296e+00
8.939921607728532615e-01
1.081661627226523370e+00
2.445090513022350365e+00
3.134476787653807772e+00
2.728278505100277140e+00
3.158039902512055797e+00
2.031606592786722842e+00
6.755466661528040095e-01
2.818692638655254656e-01
1.874376523112563919e-01
1.204304186678353539e-01
4.137060366024532254e-02
8.785608124794383467e-02
6.447371443659605239e-02
3.538681746590218585e-02
7.837093151627239074e-02
4.574376115243489194e-02
1.546491319526411071e-02
1.570515276194345972e-02
1.743937198463772070e-02
4.750365608525783899e-03
3.129134569611784385e-03
-2.100108994114411882e-04
7.042551021295460163e-04
-1.511684309892312016e-04
3.956750497410820575e-05
-7.101588907199351327e-06
-1.116114934531018719e-05
5.174618628844035082e-05
-1.958235958084504538e-04
8.728791823004529611e-04
1.083242684096547524e-03
-8.977260230693823184e-05
-4.342734015940702213e-04
2.295207265168059882e-03
6.224843337926596297e-03
4.258239174206986978e-03
1.691894581238477697e-03
4.370622634623669810e-03
3.808506485894934662e-03
-5.747179630231546901e-04
-4.523859834049251730e-04
2.874957534371903965e-03
4.156049249287084232e-03
-1.736334756898419126e-03
4.510944835502440041e-03
5.852207453258935488e-03
-2.029810086929025991e-03
4.406632827167974477e-03
5.244821827030466885e-03
-1.035952454945538196e-03
2.786663593892300776e-04
-7.871298261139725229e-05
3.618557105635471672e-05
-6.602930161402267167e-05
2.279316353997371219e-04
-8.456972399849223060e-04
3.770270855733076892e-03
4.832310455116832493e-03
-8.219972451727707409e-04
-2.820690350750979089e-04
2.329691812467160443e-03
2.719032035054767815e-03
7.500154241997714815e-04
1.911702229254072039e-03
-3.906891030240802602e-04
1.046848296469405330e-04
-2.805021556368775707e-05
7.516032607808935871e-06
-2.013914867548390874e-06
5.396268623846301647e-07
-1.445925819901001657e-07
3.874346557577877632e-08
-1.038128031301277572e-08
2.781655676272890295e-09
-7.453423920787886620e-10
1.997138920421816089e-10
-5.351317608998202787e-11
1.433881231773473465e-11
-3.842073180958464903e-12
1.029480406099120927e-12
-2.758484434379087446e-13
7.391336765257401711e-14
-1.980502717237131628e-14
5.306741036913342422e-15
-1.421936975282064849e-15
3.810068642147619138e-16
-1.020904815770658092e-16
2.735506209347910227e-17
-7.329766796850539821e-18
1.964005093924667089e-18
-5.262535788476970294e-19
1.410092214662368015e-19
-3.778330701721934964e-20
1.012400660264053987e-20
-2.712719393345036710e-21
7.268709707390078423e-22
-1.947644896111555137e-22
5.218698770557167729e-23
-1.398346121113112196e-23
3.746857138955878612e-24
-1.003967344691563759e-24
2.690122398105995392e-25
-7.208161455077556567e-26
1.931421839250259142e-26
-5.175259019239023718e-27
1.386817684452369323e-27
-3.720117185707587660e-28
1.012291898305847120e-28
-3.290504075157948782e-29
3.039097317573970769e-29
0.000000000000000000e+00
