# bin_1
0.000000000000000000e+00
1.481013000743591768e-01
4.085072530539165525e-01
3.232525179237705437e+00
2.430264179123880375e+00
5.575720209531478844e+00
3.205896127820949904e+00
2.209766799348009236e+00
9.351044691950436416e-01
6.136933360199533505e-01
2.659265149077260637e-01
3.953376831903717692e-01
7.670230436014900677e-02
1.705105626616184311e-01
8.611708285478753000e-02
4.713613613776806294e-02
8.078596453120508170e-02
3.570885350880754344e-02
2.413647550788013661e-04
8.826006556382083590e-03
3.256983733443005410e-04
5.421994548713760160e-05
-5.418894951132600035e-04
1.803515314466231506e-02
7.518228447127971864e-04
-5.022462681421656187e-04
1.027419317054718492e-02
3.735795986878166297e-04
-1.377351993100400926e-04
1.781477680125629975e-04
-5.748558727402108132e-04
1.761378406656832762e-02
5.194465682650227251e-04
7.062761777469643218e-03
1.465052057282796930e-02
6.185935376339239981e-04
-7.853003989074253816e-04
2.103487916027800553e-02
7.626363637527376962e-04
-2.047916915556721414e-04
5.814540872211505155e-05
-2.778994333278667905e-05
5.301436460903178661e-05
-1.842675151033400845e-04
5.760202499808057645e-03
2.100482249882825131e-04
-5.182910821390769818e-05
-2.288923824374777602e-06
6.098480351140659174e-05
-2.416502902212523229e-04
7.148200371941676630e-03
1.586338874381720379e-05
7.609661869058112135e-03
3.004535588684999854e-04
-8.034807217639764105e-05
2.152920105306332414e-05
-5.768732035855552177e-06
1.545727090359049951e-06
-4.141763255806171337e-07
1.109782119634156851e-07
-2.973652227304730420e-08
7.967877128773076734e-09
-2.134986242045157833e-09
5.720678394075601805e-10
-1.532851155850723167e-10
4.107262293273163255e-11
-1.100537614585337984e-11
2.948881650682159448e-12
-7.901504568752444200e-13
2.117201768188037924e-13
-5.673025039997323624e-14
1.520082478108808915e-14
-4.073048724379550270e-15
1.091370116430120809e-15
-2.924317413409106805e-16
7.835684893352398387e-17
-2.099565439318514403e-17
5.625768639216921965e-18
-1.507420163682518795e-18
4.039120155131198962e-19
-1.082278983699680239e-19
2.899957796675038803e-20
-7.770413497034134545e-21
2.082076021386205443e-21
-5.578905885106314637e-22
1.494863326563495638e-22
-4.005474211475882750e-23
1.073263580268648677e-23
-2.875801095987222072e-24
7.705685812623018747e-25
-2.064732290620331353e-25
5.532433498581755705e-26
-1.482411088123872585e-26
3.972108539137354942e-27
-1.064323275310606750e-27
2.851845621051283343e-28
-7.641497310989268615e-29
2.047533033444142100e-29
-5.486348227874102078e-30
1.470062577054772388e-30
-3.939020803450452763e-31
1.055457443253941352e-31
-2.828089695653081001e-32
7.577843500730307750e-33
-2.030477046390097010e-33
5.440646848301640206e-34
-1.457816929305378832e-34
3.906208689198729851e-35
-1.046665463741317907e-35
2.804531657664861498e-36
-7.514719932463940467e-37
2.013563153206802768e-37
-5.395326803632883547e-38
1.445675682463719753e-38
-3.873759262219293646e-39
1.038280224240206906e-39
-2.793616347414747194e-40
7.916631472569108472e-41
-3.730362416129319308e-41
7.004818191948196288e-41
