# bin_2
0.000000000000000000e+00
2.357658545041606615e-02
1.097926913357979116e-02
1.171703728535658934e-01
2.221017422036401234e-01
7.889705126407198232e-01
1.199616684784505782e+00
3.825420448832753895e+00
4.411932012668878578e+00
3.495929989244533687e+00
2.183073036963857128e+00
1.954662236160773503e+00
7.181572134180969069e-01
4.539408506576648739e-01
2.691394287369204830e-01
8.281174620733124103e-02
7.442196282518365180e-02
8.433192538326630613e-03
1.614125008225043845e-02
1.993309080272052600e-02
1.052981421510628020e-02
3.555993295654601627e-04
1.288975629664496775e-02
4.092634736948502772e-02
1.011914925161514801e-02
-1.611001037395852833e-03
3.214944393732540023e-03
5.678275757914949106e-05
3.829424368249144828e-03
1.078364465272007395e-03
-8.032785136120130978e-04
6.165473019544044642e-03
1.058975005582418402e-02
1.594900040171061796e-03
-3.909459322335871647e-04
4.563971097506438633e-05
2.083870883333294839e-04
-8.791880643083889489e-04
7.477538683352108993e-03
1.666365914050954881e-03
-4.294194823329124371e-04
1.150390848969788183e-04
-3.073685725501428104e-05
7.908344123078300805e-06
-8.965192372989427245e-07
-4.322267173882590894e-06
1.818558793282928576e-05
-6.842008455743410576e-05
2.554947502969070051e-04
-9.535589166302012873e-04
8.040588287495041217e-03
1.790734058270419512e-03
-4.614695146380504327e-04
1.236503837288872041e-04
-3.313202027749762458e-05
8.877697381103416227e-06
-2.378769246916053456e-06
6.373796065608029987e-07
-1.707491793271594912e-07
4.561711074783401319e-08
-1.171926366417665586e-08
1.259943908872596603e-09
6.679488028686204100e-09
-2.797789602361740349e-08
1.052320960657842478e-07
-3.929504882395165701e-07
1.466569856892293931e-06
-5.473328939329616749e-06
2.042674590042616904e-05
-7.623365466237566081e-05
2.845078727490743227e-04
-1.061797836333929802e-03
8.952425616894977775e-03
1.991217301925310261e-03
-5.046312367281097309e-04
1.035773526151329081e-04
9.032182626757949450e-05
-4.648646576854467390e-04
4.000507098930658305e-03
8.922594576287526651e-04
-2.299412137205850116e-04
6.161256252306594825e-05
-1.650903637166754639e-05
4.423582963604372001e-06
-1.185295482749856697e-06
3.175989673950835860e-07
-8.510038683047104272e-08
2.280257992680081979e-08
-6.109932876732430014e-09
1.637151580128810927e-09
-4.386734437828536573e-10
1.175421950025950943e-10
-3.149533622752682958e-11
8.439149907512532664e-12
-2.261263402523152035e-12
6.059037025801346464e-13
-1.623514077973747114e-13
4.350192860936207254e-14
-1.165630664007497501e-14
3.123297950937610551e-15
-8.368851636755158125e-16
2.242427037644432815e-16
-6.008565138225360334e-17
1.609990176457288832e-17
-4.313955676037696479e-18
1.155920939577964235e-18
-3.097280822741443329e-19
8.299138951860771564e-20
-2.223747580028938246e-20
5.958513682549383134e-21
-1.596578929908245429e-21
4.278020370835762947e-22
-1.146292184260533786e-22
3.071483662064084613e-23
-8.230128056509450488e-24
2.205675605397079251e-24
-5.925743650788402513e-25
1.646218549182713765e-25
-6.591305459424949069e-26
9.903036345872858367e-26
