# bin_4
7.048328090519988612e-03
1.071397981583984554e-02
6.821740558601414872e-03
1.411765224382594691e-02
2.705442799423263267e-02
2.677987123908088379e-02
3.746314274841412717e-02
5.311611089694802390e-02
2.968990865686891786e-02
4.404924624898226559e-02
1.066907482406818097e-01
2.226098037084378034e-01
4.307488278336276677e-01
1.541742537888687981e+00
3.491047212868700900e+00
3.728905810556968792e+00
2.637124186466329512e+00
2.667059753596155769e+00
2.044465853026889324e+00
9.006066132652210676e-01
7.774342719631178733e-01
3.157922396187721747e-01
1.786428247465752794e-01
1.959232760409344298e-01
1.594856408570286543e-01
1.699420035403962359e-01
4.584775649072694165e-02
3.761347193642087389e-02
3.631423758227386722e-02
1.686374872494577487e-02
7.718615307737113204e-04
8.860968102120265685e-03
-1.397939758105030093e-03
6.492470386644447330e-04
-6.637325766694020029e-04
2.226764554736363616e-03
7.029964253863698817e-03
3.653255716496618764e-03
4.237737448475453923e-03
6.946365606694323170e-04
3.966517809735215644e-03
-6.032598411808696211e-04
1.257378532241344173e-04
2.040362940558793602e-03
3.346403887113920048e-03
-1.484290884143414657e-04
1.301394323312996806e-03
-5.705528431542261202e-04
1.553982416596567332e-03
4.158975729309302705e-03
-6.250606468288841646e-04
1.674741002601706655e-04
-4.483575421180431819e-05
1.186891658704655983e-05
-2.639912136381514120e-06
-1.309268041520385608e-06
7.876984302463087468e-06
-3.019866916833188549e-05
1.129176923708647052e-04
-4.214721003151270743e-04
1.693319363535334202e-03
4.707098619275332241e-03
-7.093184298249255578e-04
1.900613004481024003e-04
-5.092677196747757209e-05
1.364578742180967358e-05
-3.656377719760638987e-06
9.797234572330138745e-07
-2.625161091714158224e-07
7.034097945264069329e-08
-1.884780863914943563e-08
5.050255103956381689e-09
-1.353211776676268350e-09
3.625920027486940364e-10
-9.715623431849512959e-11
2.603293452528992318e-11
-6.975503782663664870e-12
1.869080605364972578e-12
-5.008186387962223138e-13
1.341939498199007228e-13
-3.595716048338532304e-14
9.634692113639174695e-15
-2.581607971172127917e-15
6.917397710493318475e-16
-1.853511130251517217e-16
4.966468105130096096e-17
-1.330761118004512096e-17
3.565763668880475838e-18
-9.554434954767758429e-19
2.560103130265621480e-19
-6.859775662950876383e-20
1.838071349146322052e-20
-4.925097336345417496e-21
1.319675853918450029e-21
-3.536060793282884857e-22
9.474846339475394298e-23
-2.538777425071405608e-23
6.802633608102241647e-24
-1.822760181695875152e-24
4.884071186809986058e-25
-1.308682930281900998e-25
3.506605343174298442e-26
-9.395920698781791939e-27
2.517629363385541857e-27
-6.745967547600133497e-28
1.807576556546092063e-28
-4.843386785839726018e-29
1.297781577897976430e-29
-3.477395257523685985e-30
9.317652511144777974e-31
-2.496657469343610867e-31
6.689773662293066301e-32
-1.792519955736139292e-32
4.803061606517488901e-33
-1.287046868707885980e-33
3.451258683142388643e-34
-9.345660454901964554e-35
2.870054988183986223e-35
-2.134559497834328868e-35
0.000000000000000000e+00
