# k_h
7.087839185260230842e-05
9.891876106848937543e-05
1.380522589897736636e-04
1.926674449350683797e-04
2.688890672288836675e-04
3.752649354282768207e-04
5.237244185991587423e-04
7.309162756428123605e-04
1.020075869746505997e-03
1.423630514182150364e-03
1.986836548894643350e-03
2.772853709757327600e-03
3.869829000905155702e-03
4.000997170805931091e-03
4.136611707508563128e-03
4.276822321116925153e-03
4.421785939484834671e-03
4.571662750095130748e-03
4.726619925349949923e-03
4.886829294264314824e-03
5.052468739449977875e-03
5.223722662776706868e-03
5.400781519711017609e-03
5.583841819316147023e-03
5.773106589913369960e-03
5.968786776065827283e-03
6.171099375933407870e-03
6.380269303917886561e-03
6.596529390662911156e-03
6.820119451731443405e-03
7.051288150250913447e-03
7.290292531251904747e-03
7.537398021668193990e-03
7.792878895998000231e-03
8.057019673287868500e-03
8.330113254487516231e-03
8.612463250756261998e-03
8.904383517801761627e-03
9.206198155879970896e-03
9.518243372440341604e-03
9.840865619480606424e-03
1.017442252486944199e-02
1.051928568631410425e-02
1.087583880871534348e-02
1.124447584152222027e-02
1.162560936063528408e-02
1.201966032385826111e-02
1.242706831544637680e-02
1.284828502684831099e-02
1.328377891331911261e-02
1.373403426259756088e-02
1.419955119490623474e-02
1.468084659427404230e-02
1.517845503985881979e-02
1.569293066859245647e-02
1.622484438121319164e-02
1.677478663623333671e-02
1.734337024390697132e-02
1.793122664093971946e-02
1.853900775313377033e-02
1.916738972067832947e-02
1.981706917285918843e-02
2.048877067863941193e-02
2.118324115872383465e-02
2.190124988555908203e-02
2.264359407126903881e-02
2.341110073029994618e-02
2.420462295413017620e-02
2.502504177391528736e-02
2.587326802313327442e-02
2.675024606287479401e-02
2.765694819390774467e-02
2.859438396990299572e-02
2.956359460949898113e-02
3.056565485894680370e-02
3.160168230533599854e-02
3.267282247543334267e-02
3.378027305006980202e-02
3.492525964975357056e-02
3.610905632376670837e-02
3.733297437429427407e-02
3.859838098287581704e-02
3.990667685866356590e-02
4.125931859016419151e-02
4.265780746936797402e-02
4.410370066761971214e-02
4.559860005974770980e-02
4.714417085051535866e-02
4.874212667345999977e-02
5.039424449205398560e-02
5.210236459970474937e-02
5.386837944388388894e-02
5.569425597786903381e-02
5.758201703429220719e-02
6.020714342594145341e-02
6.283226609230042892e-02
6.545739620923994584e-02
6.808251887559890747e-02
7.070764899253843827e-02
7.333277165889739990e-02
7.595790177583693070e-02
7.858302444219590621e-02
8.120814710855485397e-02
8.383327722549437089e-02
8.645839989185334640e-02
8.908353000879287720e-02
9.170865267515181107e-02
9.433377534151075883e-02
9.695890545845033126e-02
9.958402812480927901e-02
1.022091582417488098e-01
1.048342809081077714e-01
1.074594035744667053e-01
1.100845336914062222e-01
1.127096563577652255e-01
1.153347864747047424e-01
1.179599091410636763e-01
1.205850318074226379e-01
1.232101619243621965e-01
1.258352845907211026e-01
1.284604072570800781e-01
1.310855448246001920e-01
1.337106674909591675e-01
1.363357901573181152e-01
1.389609128236770630e-01
1.415860354900360107e-01
1.442111730575561523e-01
1.468362957239151001e-01
1.494614183902740756e-01
1.520865410566329956e-01
1.547116637229919434e-01
1.573368012905121127e-01
1.599619239568710050e-01
1.625870466232299805e-01
1.652121692895889282e-01
1.678372919559479037e-01
1.704624295234680176e-01
1.730875521898269653e-01
1.757126748561859131e-01
1.783377975225448886e-01
1.809629201889037808e-01
1.835880577564239502e-01
1.862131804227828979e-01
1.888383030891418457e-01
1.914634257555007935e-01
1.940885484218597135e-01
1.967136859893798828e-01
1.993388086557388583e-01
2.019639313220978061e-01
2.045890539884567261e-01
2.072141766548156461e-01
2.098393142223358154e-01
2.124644368886947632e-01
2.209618985652923306e-01
2.297992259263992032e-01
2.389899939298630038e-01
2.485483437776565829e-01
2.584889829158782959e-01
2.688271701335906982e-01
2.795788645744323730e-01
2.907605469226837158e-01
3.023894727230072021e-01
3.144834637641906183e-01
3.270611464977264404e-01
3.401418924331665039e-01
3.537457883358001709e-01
3.678937554359436035e-01
3.826075792312622070e-01
3.979099094867706299e-01
4.138242006301880438e-01
4.303750097751617432e-01
4.475877583026885431e-01
4.654889404773712158e-01
4.841060638427734375e-01
5.034677982330322266e-01
5.236038565635681152e-01
5.445452928543090820e-01
5.663242340087890625e-01
5.889742374420166016e-01
6.125301122665405273e-01
6.370281577110290527e-01
7.887046933174133301e-01
9.764954447746276855e-01
1.208999276161193848e+00
1.496862292289733887e+00
1.853265523910522461e+00
2.294528484344482422e+00
2.840856313705444780e+00
3.517264842987060547e+00
4.354726314544677734e+00
5.391587734222412109e+00
6.675325870513915127e+00
8.264722824096681464e+00
1.023255538940429510e+01
1.266892910003662287e+01
1.568540382385253551e+01
1.942010307312011363e+01
2.404403305053710938e+01
2.976892280578612571e+01
3.019395047814391830e+01
3.062504650989274424e+01
3.106229754241645935e+01
3.150579145412669035e+01
3.195561737812467840e+01
3.241186572011508815e+01
3.287462817657574732e+01
3.334399775318676262e+01
3.382006878352265034e+01
3.430293694801152782e+01
3.479269929316483001e+01
3.528945425108166489e+01
3.579330165923170881e+01
3.630434278052031516e+01
3.682268032364044785e+01
3.734841846371482887e+01
3.788166286323309606e+01
3.842252069328776543e+01
3.897110065511333943e+01
3.952751300193310868e+01
4.009186956111766165e+01
4.066428375665991268e+01
4.124487063197105385e+01
4.183374687300175054e+01
4.243103083169376788e+01
4.303684254976612067e+01
4.365130378284103330e+01
4.427453802491436363e+01
4.490667053317523738e+01
4.554782835318017931e+01
4.619814034438670802e+01
4.685773720605131842e+01
4.752675150349745081e+01
4.820531769475821449e+01
4.889357215759986985e+01
4.959165321693075157e+01
5.029970117260180018e+01
5.101785832760399586e+01
5.174626901666817957e+01
5.248507963527339371e+01
5.323443866906946198e+01
5.399449672371931541e+01
5.476540655516784284e+01
5.554732310034246723e+01
5.634040350829248212e+01
5.714480717177247726e+01
5.796069575927728579e+01
5.878823324753382451e+01
5.962758595445711052e+01
6.047892257257653625e+01
6.134241420293987090e+01
6.221823438950087848e+01
6.310655915399790672e+01
6.400756703133093595e+01
6.492143910544318430e+01
6.584835904571532694e+01
6.678851314387905802e+01
6.774209035145823066e+01
6.870928231774377082e+01
6.969028342831158795e+01
7.068529084408989149e+01
7.169450454098451075e+01
7.271812735006969319e+01
7.375636499835333382e+01
7.480942615012365593e+01
7.587752244888619657e+01
7.696086855990022002e+01
7.805968221332167900e+01
7.917418424796264276e+01
8.030459865567497957e+01
8.145115262636863918e+01
8.261407659367178269e+01
8.379360428124302018e+01
8.498997274974544780e+01
8.620342244449066982e+01
8.743419724376344959e+01
8.868254450783592802e+01
8.994871512868239449e+01
9.123296358040285270e+01
9.253554797036753143e+01
9.385673009109083864e+01
9.519677547284638308e+01
9.655595343703275546e+01
9.793453715030206297e+01
9.933280367946049694e+01
1.007510340471527712e+02
1.021895132883424253e+02
1.036485305075975418e+02
1.051283789371950235e+02
1.066293559960537891e+02
1.081517633495104178e+02
1.096959069699473588e+02
1.112620971982867530e+02
1.128506488063631252e+02
1.144618810601855756e+02
1.160961177841039387e+02
1.177536874258902770e+02
1.194349231227508596e+02
1.211401627682789837e+02
1.228697490803653665e+02
1.246240296700769221e+02
1.264033571115195542e+02
1.282080890126979114e+02
1.300385880873877795e+02
1.318952222280337878e+02
1.337783645796877181e+02
1.356883936150038323e+02
1.376256932103032966e+02
1.395906527227259346e+02
1.415836670684822138e+02
1.436051368022242514e+02
1.456554681975478900e+02
1.477350733286463367e+02
1.498443701531278407e+02
1.519837825960168516e+02
1.541537406349541754e+02
1.563546803866130404e+02
1.585870441943505966e+02
1.608512807171086081e+02
1.631478450195855601e+02
1.654771986636947076e+02
1.678398098013288120e+02
1.702361532684483336e+02
1.726667106805145693e+02
1.751319705292838762e+02
1.776324282809840440e+02
1.801685864758936759e+02
1.827409548293416606e+02
1.853500503341498131e+02
1.879963973645371027e+02
1.906805277815091131e+02
1.934029810397497897e+02
1.961643042960418484e+02
1.989650525192333248e+02
2.018057886017749354e+02
2.046870834728500768e+02
2.076095162131190079e+02
2.105736741711033346e+02
2.135801530812294686e+02
2.166295571835602516e+02
2.197224993452339277e+02
2.228596011836379205e+02
2.260414931913413170e+02
2.292688148628102169e+02
2.325422148229332606e+02
2.358623509573822616e+02
2.392298905448329833e+02
2.426455103910745663e+02
2.461098969650336414e+02
2.496237465367396453e+02
2.531877653172620910e+02
2.568026696006427301e+02
2.604691859078571952e+02
2.641880511328301395e+02
2.679600126905355637e+02
2.717858286672120585e+02
2.756662679727216982e+02
2.796021104950864924e+02
2.835941472572279167e+02
2.876431805759478380e+02
2.917500242231764673e+02
2.959155035895242918e+02
3.001404558501682800e+02
3.044257301331064696e+02
3.087721876898153255e+02
3.131807020683440896e+02
3.176521592888790906e+02
3.221874580218158712e+02
3.267875097683733543e+02
3.314532390437856861e+02
3.361855835631128002e+02
3.409854944296994290e+02
3.458539363263290056e+02
3.507918877091040599e+02
3.558003410040956851e+02
3.608803028068012395e+02
3.660327940844477439e+02
3.712588503811874148e+02
3.765595220262181897e+02
3.819358743448802898e+02
3.873889878727633231e+02
3.929199585728718489e+02
3.985298980558918061e+02
4.042199338035999858e+02
4.099912093954653756e+02
4.158448847384856890e+02
4.217821363003034776e+02
4.278041573456522997e+02
4.339121581761785933e+02
4.401073663736856929e+02
4.463910270468549584e+02
4.527644030814841472e+02
4.592287753943035113e+02
4.657854431904125363e+02
4.724357242243933115e+02
4.791809550651524887e+02
4.860224913645427023e+02
4.929617081298214885e+02
4.999999999999998295e+02
