# z
0.000000000000000000e+00
1.378976932639619513e-02
2.796517192278069608e-02
4.254261363636357984e-02
5.753944429768753643e-02
7.297402660689056297e-02
8.886581114160674311e-02
1.052354181307098013e-01
1.221047267167791883e-01
1.394969725197952037e-01
1.574368544169053585e-01
1.759506515701774187e-01
1.950663518684359055e-01
2.148137931034481696e-01
2.352248183781660007e-01
2.563334474495035931e-01
2.781760659449104001e-01
3.007916346665091556e-01
3.242219215155617285e-01
3.485117589416952821e-01
3.737093302554825858e-01
3.998664886515352901e-01
4.270391133866946465e-01
4.552875082617315883e-01
4.846768483867704980e-01
5.152776821966829068e-01
5.471664968555667308e-01
5.804263565891472076e-01
6.151476251604621748e-01
6.514287857196430220e-01
6.893773736908734850e-01
7.291110413067378726e-01
7.707587759861675991e-01
8.144622991347343355e-01
8.603776773266869071e-01
9.086771844660197495e-01
9.595514617541052171e-01
1.013212032550059316e+00
1.069894242068155421e+00
1.129860708067324637e+00
1.193405389251382509e+00
1.260858404353629947e+00
1.332591768631813167e+00
1.409026258205690052e+00
1.490639669701940839e+00
1.577976817702845036e+00
1.671661712066978556e+00
1.772412490556535047e+00
1.881059862610402700e+00
1.998570066730219974e+00
2.126073684957762389e+00
2.264902135231317892e+00
2.416634339359143624e+00
2.583157038242474002e+00
2.766743648960739765e+00
2.970158672917418752e+00
3.196797865243497405e+00
3.450879320800487093e+00
3.737708445400753199e+00
4.064052437902486936e+00
4.438680992960359895e+00
4.873166177647373587e+00
5.383098999855053357e+00
5.990000000000003766e+00
