# k_h
7.194021600298587573e-05
1.004006553557700867e-04
1.401204062858596715e-04
1.955537736648692326e-04
2.729172701947389407e-04
3.808867477346213298e-04
5.315702874213457108e-04
7.418660679832098700e-04
1.035357476212083860e-03
1.444957801140844388e-03
2.016601152718067603e-03
2.814393490552901354e-03
3.927802667021750536e-03
4.060935694724321365e-03
4.198581911623478803e-03
4.340893123298882571e-03
4.488028120249511546e-03
4.640150349587203807e-03
4.797428846359252062e-03
4.960038233548403654e-03
5.128159187734125310e-03
5.301978904753924283e-03
5.481690168380738172e-03
5.667492281645537290e-03
5.859592929482460889e-03
6.058204453438519564e-03
6.263548042625187960e-03
6.475851405411960429e-03
6.695351097732780629e-03
6.922291126102207356e-03
7.156922947615384188e-03
7.399507332593204326e-03
7.650314830243586627e-03
7.909622974693775177e-03
8.177720941603183746e-03
8.454904891550537455e-03
8.741484954953197134e-03
9.037778712809084111e-03
9.344115853309633082e-03
9.660835377871991939e-03
9.988290257751941681e-03
1.032684464007616217e-02
1.067687384784221996e-02
1.103876810520887375e-02
1.141292881220579321e-02
1.179977133870124643e-02
1.219972502440213810e-02
1.261323690414429058e-02
1.304076332598925331e-02
1.348278205841779709e-02
1.393978204578161760e-02
1.441227272152900175e-02
1.490077842026948235e-02
1.540584210306406195e-02
1.592802442610263824e-02
1.646790653467178692e-02
1.702608913183212280e-02
1.760318875312805523e-02
1.819985173642634999e-02
1.881673745810985912e-02
1.945453323423862804e-02
2.011394686996936451e-02
2.079571224749087940e-02
2.150058373808861126e-02
2.222934924066067089e-02
2.298281528055667530e-02
2.376182004809379578e-02
2.456722967326640389e-02
2.539994008839130055e-02
2.626087330281734467e-02
2.715098857879637978e-02
2.807127498090267181e-02
2.902275323867797852e-02
3.000648319721222271e-02
3.102355636656285026e-02
3.207510337233542702e-02
3.316229209303856590e-02
3.428633138537406921e-02
3.544846922159194946e-02
3.665000200271607139e-02
3.789225593209266663e-02
3.917662054300308228e-02
4.050451517105101845e-02
4.187741875648498535e-02
4.329685866832733154e-02
4.476441070437432029e-02
4.628170654177665017e-02
4.785043001174926758e-02
4.947232455015183189e-02
5.114919692277907631e-02
5.288290604948996804e-02
5.467537790536882575e-02
5.652860552072527106e-02
5.919305607676506042e-02
6.185751035809518295e-02
6.452196091413497925e-02
6.718641519546508789e-02
6.985086947679519653e-02
7.251531630754469437e-02
7.517977058887483077e-02
7.784422487020492554e-02
8.050867915153503418e-02
8.317312598228453202e-02
8.583758026361465454e-02
8.850203454494477706e-02
9.116648882627485795e-02
9.383093565702436967e-02
9.649538993835451994e-02
9.915984421968461471e-02
1.018242985010146956e-01
1.044887453317642351e-01
1.071531996130943298e-01
1.098176538944244385e-01
1.124821081757545471e-01
1.151465550065040588e-01
1.178110092878341675e-01
1.204754635691642900e-01
1.231399103999138156e-01
1.258043646812438687e-01
1.284688115119934082e-01
1.311332732439041138e-01
1.337977200746536255e-01
1.364621818065643311e-01
1.391266286373138428e-01
1.417910754680633545e-01
1.444555371999740601e-01
1.471199840307235718e-01
1.497844308614730835e-01
1.524488925933837891e-01
1.551133394241333008e-01
1.577778011560440063e-01
1.604422479867935181e-01
1.631066948175430298e-01
1.657711565494537354e-01
1.684356033802032471e-01
1.711000502109527865e-01
1.737645119428634644e-01
1.764289587736129761e-01
1.790934205055237094e-01
1.817578673362731378e-01
1.844223141670227051e-01
1.870867758989333551e-01
1.897512227296829224e-01
1.924156695604324063e-01
1.950801312923431396e-01
1.977445781230926514e-01
2.004090398550033569e-01
2.030734866857528409e-01
2.057379335165024081e-01
2.084023952484130859e-01
2.110668420791625699e-01
2.195084095001220981e-01
2.282876074314117432e-01
2.374179065227508822e-01
2.469133883714675903e-01
2.567886412143707275e-01
2.670588493347167969e-01
2.777397930622100830e-01
2.888479232788085938e-01
3.004003465175628662e-01
3.124147951602935791e-01
3.249097466468811035e-01
3.379044234752655029e-01
3.514188528060913086e-01
3.654737472534179688e-01
3.800908029079437256e-01
3.952924311161041260e-01
4.111020863056183416e-01
4.275439977645874579e-01
4.446435272693634033e-01
4.624269604682922918e-01
4.809216260910033625e-01
5.001559853553771973e-01
5.201596021652221680e-01
5.409632325172424316e-01
5.625989437103271484e-01
5.850999951362609863e-01
6.085008978843688965e-01
6.328377723693847656e-01
6.581479907035827637e-01
8.140501976013183594e-01
1.006882548332214355e+00
1.245393037796020508e+00
1.540402054786682129e+00
1.905292749404907227e+00
2.356618881225585938e+00
2.914855241775512695e+00
3.605326652526855913e+00
4.459357261657714844e+00
5.515690803527832031e+00
6.822248458862302911e+00
8.438303947448732245e+00
1.043717098236084162e+01
1.290953063964843928e+01
1.596754264831543324e+01
1.974993705749511363e+01
2.442830657958984730e+01
3.021488761901855113e+01
3.064399270044427936e+01
3.107919183633835658e+01
3.152057157310042257e+01
3.196821968624273680e+01
3.242222519784577628e+01
3.288267839426168138e+01
3.334967084406924442e+01
3.382329541628369896e+01
3.430364629882529925e+01
3.479081901725009374e+01
3.528491045374671131e+01
3.578601886640300478e+01
3.629424390874619633e+01
3.680968664956065339e+01
3.733244959298702526e+01
3.786263669890686145e+01
3.840035340361669824e+01
3.894570664079584077e+01
3.949880486277175606e+01
4.005975806208764567e+01
4.062867779337624086e+01
4.120567719554421870e+01
4.179087101427173678e+01
4.238437562483145626e+01
4.298630905523163648e+01
4.359679100968796206e+01
4.421594289242862175e+01
4.484388783183748473e+01
4.548075070494029859e+01
4.612665816223834980e+01
4.678173865289506494e+01
4.744612245028016417e+01
4.811994167787667465e+01
4.880333033555579902e+01
4.949642432622494681e+01
5.019936148285425759e+01
5.091228159588691682e+01
5.163532644103872826e+01
5.236863980749251368e+01
5.311236752649301707e+01
5.386665750034759270e+01
5.463165973183925672e+01
5.540752635405687698e+01
5.619441166064961379e+01
5.699247213651036503e+01
5.780186648889566214e+01
5.862275567898701922e+01
5.945530295390051378e+01
6.029967387915151278e+01
6.115603637157960293e+01
6.202456073274201742e+01
6.290541968278043328e+01
6.379878839476960195e+01
6.470484452955288646e+01
6.562376827107345889e+01
6.655574236220654427e+01
6.750095214110072561e+01
6.845958557803558620e+01
6.943183331280269499e+01
7.041788869261736750e+01
7.141794781056863428e+01
7.243220954461604322e+01
7.346087559713920712e+01
7.450415053505012963e+01
7.556224183047407905e+01
7.663535990200938386e+01
7.772371815657199079e+01
7.882753303183541504e+01
7.994702403927259127e+01
8.108241380780914653e+01
8.223392812809724717e+01
8.340179599741715322e+01
8.458624966521759347e+01
8.578752467930179648e+01
8.700585993267051776e+01
8.824149771102925399e+01
8.949468374097114065e+01
9.076566723884350552e+01
9.205470096030835236e+01
9.336204125060714887e+01
9.468794809553929781e+01
9.603268517316449504e+01
9.739651990623902122e+01
9.877972351539770557e+01
1.001825710730899033e+02
1.016053415582827455e+02
1.030483179119399750e+02
1.045117870932900246e+02
1.059960401368917786e+02
1.075013722105121730e+02
1.090280826738247981e+02
1.105764751379421540e+02
1.121468575257942888e+02
1.137395421333634857e+02
1.153548456917901746e+02
1.169930894303592908e+02
1.186545991403826292e+02
1.203397052399870262e+02
1.220487428398239871e+02
1.237820518097116320e+02
1.255399768462230554e+02
1.273228675412350412e+02
1.291310784514502927e+02
1.309649691689065776e+02
1.328249043924871273e+02
1.347112540004475534e+02
1.366243931239714584e+02
1.385647022217720519e+02
1.405325671557517353e+02
1.425283792677378756e+02
1.445525354573065329e+02
1.466054382607132140e+02
1.486874959309433848e+02
1.507991225188998783e+02
1.529407379557439413e+02
1.551127681364055775e+02
1.573156450042794461e+02
1.595498066371233108e+02
1.618156973341779121e+02
1.641137677045219334e+02
1.664444747566839737e+02
1.688082819895255398e+02
1.712056594844151789e+02
1.736370839987119439e+02
1.761030390605766058e+02
1.786040150651288911e+02
1.811405093719698982e+02
1.837130264040913232e+02
1.863220777481867287e+02
1.889681822563902927e+02
1.916518661494575611e+02
1.943736631214142960e+02
1.971341144456889367e+02
1.999337690827546226e+02
2.027731837892984572e+02
2.056529232289412903e+02
2.085735600845304702e+02
2.115356751720275668e+02
2.145398575560125778e+02
2.175867046668284672e+02
2.206768224193912431e+02
2.238108253336842779e+02
2.269893366569670548e+02
2.302129884877173254e+02
2.334824219013337938e+02
2.367982870776246216e+02
2.401612434301067935e+02
2.435719597371407019e+02
2.470311142749270914e+02
2.505393949523936783e+02
2.540974994479975635e+02
2.577061353484691040e+02
2.613660202895275120e+02
2.650778820985936477e+02
2.688424589395306725e+02
2.726604994594405866e+02
2.765327629375440779e+02
2.804600194361751733e+02
2.844430499539212178e+02
2.884826465809372849e+02
2.925796126564658266e+02
2.967347629285929997e+02
3.009489237162761697e+02
3.052229330736688553e+02
3.095576409567831320e+02
3.139539093925164366e+02
3.184126126500790406e+02
3.229346374148570931e+02
3.275208829647449420e+02
3.321722613489807827e+02
3.368896975695215588e+02
3.416741297649953140e+02
3.465265093972658406e+02
3.514478014406453781e+02
3.564389845737959490e+02
3.615010513743546881e+02
3.666350085163244330e+02
3.718418769702679469e+02
3.771226922063435723e+02
3.824785044002250629e+02
3.879103786419461244e+02
3.934193951477119526e+02
3.990066494747167667e+02
4.046732527390121845e+02
4.104203318364731103e+02
4.162490296668964902e+02
4.221605053612876191e+02
4.281559345123715161e+02
4.342365094083774579e+02
4.404034392701458387e+02
4.466579504916016958e+02
4.530012868836428765e+02
4.594347099214904802e+02
4.659594989955550659e+02
4.725769516658644420e+02
4.792883839201037404e+02
4.860951304353214368e+02
4.929985448433502597e+02
4.999999999999998295e+02
