# bin_2_5
-1.441881964106593606e-09
-1.463376037209885989e-09
-1.485356632223098776e-09
-1.507833227593827829e-09
-1.530815407208595600e-09
-1.554312858942705086e-09
-1.578335373167436076e-09
-1.602892841044794119e-09
-1.627995252644553389e-09
-1.653652695007460221e-09
-1.679875350247504392e-09
-1.706673493464157853e-09
-1.734057490411710014e-09
-1.762037794856553489e-09
-1.790624938247806933e-09
-1.819829508617386631e-09
-1.849662134827548040e-09
-1.880133474367633730e-09
-1.911254203749571342e-09
-1.943035007142351798e-09
-1.975486570521739200e-09
-2.008619572502633687e-09
-2.042444661613285408e-09
-2.076972426995394621e-09
-2.112213374225188119e-09
-2.148177911090529189e-09
-2.184876336990887164e-09
-2.222318832478699018e-09
-2.260515456046707818e-09
-2.299476147295817969e-09
-2.339210729331139250e-09
-2.379728913650135370e-09
-2.421040283825124433e-09
-2.463154256675193924e-09
-2.506080052094183196e-09
-2.549826662447002170e-09
-2.594402835155634001e-09
-2.639817055535180792e-09
-2.686077477111636919e-09
-2.733191825659979609e-09
-2.781167327198158236e-09
-2.830010673648910112e-09
-2.879727999983724523e-09
-2.930324869420204553e-09
-2.981806292024480172e-09
-3.034176746973644088e-09
-3.087440232773011987e-09
-3.141600307598870792e-09
-3.196660023266991693e-09
-3.252621843845450802e-09
-3.309487577814928263e-09
-3.367258333362365958e-09
-3.425934488504861863e-09
-3.485515525088653078e-09
-3.545999790835266357e-09
-3.607384334500694739e-09
-3.669664841934629015e-09
-3.732835596471406272e-09
-3.796889473900036671e-09
-3.861818019541414044e-09
-3.927611532972175992e-09
-3.994259226184431212e-09
-4.061749318650693297e-09
-4.130069104528789979e-09
-4.199204946466130631e-09
-4.269142273040159636e-09
-4.339865473953131830e-09
-4.411357365659871859e-09
-4.483598877432408714e-09
-4.556568974458874364e-09
-4.630244217196897189e-09
-4.704598628308221638e-09
-4.779604092581658959e-09
-4.855230016335789733e-09
-4.931443079982768744e-09
-5.008207849649202788e-09
-5.085487413385662059e-09
-5.163245732205648705e-09
-5.241443257385163065e-09
-5.320033138060400233e-09
-5.398967836762461315e-09
-5.478197730579274567e-09
-5.557668810863217742e-09
-5.637328872200838659e-09
-5.717122527338421167e-09
-5.796985923237067804e-09
-5.876852383156722100e-09
-5.956654139500042874e-09
-6.036315704977718124e-09
-6.115761756742789359e-09
-6.194914566596489220e-09
-6.273684247780647845e-09
-6.351993417474383123e-09
-6.429763997429955180e-09
-6.506899554856825915e-09
-6.583301953850907500e-09
-6.658881935436221246e-09
-6.733528197537082398e-09
-6.807143328566079797e-09
-6.879741716238081294e-09
-6.951222253094950240e-09
-7.021392176769408149e-09
-7.090147510077006212e-09
-7.157326999329427022e-09
-7.222792877549484924e-09
-7.286536319459060371e-09
-7.348450327553644580e-09
-7.408305714948600310e-09
-7.465930017449151357e-09
-7.521170557572779532e-09
-7.573836487374057093e-09
-7.623793587225143083e-09
-7.670693231199940275e-09
-7.714331316460025832e-09
-7.754800984125441258e-09
-7.791965408145085478e-09
-7.825641774006957705e-09
-7.855681877551741436e-09
-7.881922169379700114e-09
-7.904203368496536351e-09
-7.922369726966223751e-09
-7.936264653221143758e-09
-7.945734090890207063e-09
-7.950628989791643672e-09
-7.950805437579546819e-09
-7.946124489920111519e-09
-7.936453322945313193e-09
-7.937630776391154689e-09
-7.901655129126039643e-09
-7.876309055213322949e-09
-7.845538648747051911e-09
-7.809265845552056473e-09
-7.767427090369251761e-09
-7.719976210663239539e-09
-7.666886277268673352e-09
-7.608149736042175808e-09
-7.543780881550331239e-09
-7.473818102738916975e-09
-7.398325489520801036e-09
-7.317393596605658575e-09
-7.231141406574488525e-09
-7.139717690233041676e-09
-7.043302580314464893e-09
-6.942108615012117225e-09
-6.836380205801617739e-09
-6.726395879818343802e-09
-6.612467448513893134e-09
-6.494938924615658365e-09
-6.374187371520675973e-09
-6.250622722042936958e-09
-6.124668749650096522e-09
-5.996758085500903283e-09
-5.867350095253153373e-09
-5.736932793466073481e-09
-5.606020076791097558e-09
-5.475145990435244016e-09
-5.344834708301362413e-09
-5.215592446780958128e-09
-5.087925184249796176e-09
-4.962336368499988413e-09
-4.839314178256839199e-09
-4.719322657392667209e-09
-4.602781664194584552e-09
-4.490101881414798691e-09
-4.381653243583312106e-09
-4.277690122962965563e-09
-4.178341409291043910e-09
-4.083699876940658602e-09
-3.993767377531534921e-09
-3.908355974599705685e-09
-3.827194050979736648e-09
-3.749935797248939437e-09
-3.676146827122951793e-09
-3.605413476348048524e-09
-3.537248487157601919e-09
-3.470993035719726336e-09
-3.405943536713127917e-09
-3.341392293607050353e-09
-3.276585527031771866e-09
-3.210803789154959571e-09
-3.143193924746466030e-09
-3.073057052099039900e-09
-3.000020154062617955e-09
-2.923715861124310170e-09
-2.843862269419412805e-09
-2.760407703420066001e-09
-2.673512583938185513e-09
-2.583564354989750180e-09
-2.491218763420996775e-09
-2.397356846447771201e-09
-2.303028578458634066e-09
-2.209397394382282113e-09
-2.117663804002433621e-09
-2.028989200611611755e-09
-1.944424619024752503e-09
-1.864845993839500210e-09
-1.790903807316698785e-09
-1.722981603245353253e-09
-1.661165152360555783e-09
-1.605230827230249023e-09
-1.554656844919314314e-09
-1.508660994355294424e-09
-1.466263792674865930e-09
-1.426363111397015021e-09
-1.387811838280277150e-09
-1.349502347475289330e-09
-1.310461379887364664e-09
-1.269949818728303867e-09
-1.227556718063928476e-09
-1.183250320889487581e-09
-1.137378520808176840e-09
-1.090608977422725062e-09
-1.043833839753512220e-09
-9.980438326472826724e-10
-9.541844327069975578e-10
-9.130179993470081150e-10
-8.750218487971128303e-10
-8.403582880071688906e-10
-8.088820261200530352e-10
-7.801824316086971925e-10
-7.536424862544856780e-10
-7.285198912054472141e-10
-7.040712437270165933e-10
-6.796720411572657745e-10
-6.549305658744072136e-10
-6.297314352215963490e-10
-6.042409823046616674e-10
-5.788513869289121782e-10
-5.541001661843713565e-10
-5.305301530297753033e-10
-5.085422525294530458e-10
-4.882954476726647460e-10
-4.696701517787914597e-10
-4.523084878078498400e-10
-4.357211269532828100e-10
-4.194562166756321334e-10
-4.032517181298259970e-10
-3.871037338214729009e-10
-3.712164787942770039e-10
-3.558941264701272372e-10
-3.414042558501773830e-10
-3.278575218575580996e-10
-3.151761139415881854e-10
-3.031510856701087409e-10
-2.915713089260177485e-10
-2.803096841365696754e-10
-2.693463258970602852e-10
-2.587590253461418370e-10
-2.486461598250223705e-10
-2.390563186433519290e-10
-2.299738233816167756e-10
-2.213339554945103241e-10
-2.130602957163617601e-10
-2.051069131069683584e-10
-1.974592658819849387e-10
-1.901337999805101416e-10
-1.831549167175396865e-10
-1.765246273283080275e-10
-1.702062708558311293e-10
-1.641578237487688231e-10
-1.583575366216442820e-10
-1.528077032927773068e-10
-1.475132606074076784e-10
-1.424659211060556870e-10
-1.376427687471996637e-10
-1.330240527549279980e-10
-1.286021830028595122e-10
-1.243743538402155879e-10
-1.203328040397185015e-10
-1.164639617661793606e-10
-1.127568944319008899e-10
-1.092043518407225473e-10
-1.058003779584458816e-10
-1.025365562717250616e-10
-9.940411219929069532e-11
-9.639608797438716813e-11
-9.350612306043651674e-11
-9.072801001824540192e-11
-8.805572078589475059e-11
-8.548344547834730696e-11
-8.300563967464287479e-11
-8.061704495135016919e-11
-7.831268566158576622e-11
-7.608784462023543128e-11
-7.393798291992819057e-11
-7.185873266475262548e-11
-6.984594235976741501e-11
-6.789570899283130780e-11
-6.600441090791787781e-11
-6.416872472168385508e-11
-6.238561546917423188e-11
-6.065231339508196174e-11
-5.896622117383819718e-11
-5.732485135356241447e-11
-5.572584949036106728e-11
-5.416701704989820576e-11
-5.264633317132081788e-11
-5.116197041828544881e-11
-4.971229278717794523e-11
-4.829584513146004355e-11
-4.691130668936757962e-11
-4.555743457061593498e-11
-4.423307208587260641e-11
-4.293716659667095523e-11
-4.166877964491180676e-11
-4.042709465811856871e-11
-3.921141665710498530e-11
-3.802116472361463507e-11
-3.685584916622435187e-11
-3.571502310063812460e-11
-3.459827244520790195e-11
-3.350522465080693765e-11
-3.243555247804963930e-11
-3.138897509098947050e-11
-3.036525830174785246e-11
-2.936421172551107799e-11
-2.838568234871346799e-11
-2.742953262688992681e-11
-2.649562744088359401e-11
-2.558383481659605824e-11
-2.469402628320384748e-11
-2.382607438066777994e-11
-2.297985141764486679e-11
-2.215522912572186271e-11
-2.135207809117881685e-11
-2.057026423916773592e-11
-1.980964276148691779e-11
-1.907005450277116257e-11
-1.835132408015493397e-11
-1.765325775885030280e-11
-1.697564199704282658e-11
-1.631824407427738349e-11
-1.568081356230456418e-11
-1.506308611874257372e-11
-1.446478750899054729e-11
-1.388563199762061054e-11
-1.332532013759076458e-11
-1.278353778065532661e-11
-1.225995546435903794e-11
-1.175422873883762069e-11
-1.126599937016526372e-11
-1.079489796031606912e-11
-1.034054952241860491e-11
-9.902574751066634250e-12
-9.480588846695747716e-12
-9.074201399783478455e-12
-8.683017175558828638e-12
-8.306636671201403595e-12
-7.944656741440548620e-12
-7.596671506700199554e-12
-7.262275068006211361e-12
-6.941063800282968555e-12
-6.632636922226789897e-12
-6.336596920855261414e-12
-6.052550792614054380e-12
-5.780110893426199590e-12
-5.518895009715162969e-12
-5.268526247886215700e-12
-5.028632464346626957e-12
-4.798846574248829870e-12
-4.578807980348371719e-12
-4.368163654843223998e-12
-4.166569414849063845e-12
-3.973691017922501305e-12
-3.789204182886285067e-12
-3.612794049521841454e-12
-3.444153460342732754e-12
-3.282980706747905795e-12
-3.128980325262146832e-12
-2.981864512944617817e-12
-2.841354463731194885e-12
-2.707181821257802219e-12
-2.579089145598977860e-12
-2.456829484425744732e-12
-2.340165054758830733e-12
-2.228863931992847675e-12
-2.122699620236480532e-12
-2.021452387775442056e-12
-1.924910167743697647e-12
-1.832869470665607663e-12
-1.745135818987339023e-12
-1.661523371673053628e-12
-1.581854122436730585e-12
-1.505954992544258357e-12
-1.433656126605195230e-12
-1.364791573628572899e-12
-1.299200208060489420e-12
-1.236727602716189663e-12
-1.177227481059600010e-12
-1.120562104905714604e-12
-1.066602287772602689e-12
-1.015226118599818946e-12
-9.663182652652295204e-13
-9.197717793647475900e-13
-8.754892103550679513e-13
-8.333801276862276405e-13
-7.933579085609007651e-13
-7.553375615096047952e-13
-7.192336063682108118e-13
-6.849571837973398852e-13
