# bin_1_3
-2.538019425052590440e-08
-2.574367622356658885e-08
-2.611481984193129871e-08
-2.649374471097886574e-08
-2.688057031479006344e-08
-2.727541577940917292e-08
-2.767839959574003283e-08
-2.808963935653355762e-08
-2.850925145408245624e-08
-2.893735067440059367e-08
-2.937404973976857719e-08
-2.981945887125099990e-08
-3.027368543312167420e-08
-3.073683368136762516e-08
-3.120900490110339440e-08
-3.169029805811254517e-08
-3.218080986723219896e-08
-3.268063462542212486e-08
-3.318986405255383271e-08
-3.370858711234167373e-08
-3.423688981780975981e-08
-3.477485501459695399e-08
-3.532256192046840793e-08
-3.588008534673399407e-08
-3.644749504003606213e-08
-3.702485517426876282e-08
-3.761222329763089478e-08
-3.820964882821002525e-08
-3.881717155127396438e-08
-3.943482043443706190e-08
-4.006261303024401799e-08
-4.070055726570570835e-08
-4.134865380900773948e-08
-4.200689609215418711e-08
-4.267526997240222068e-08
-4.335375341076846529e-08
-4.404231598416950319e-08
-4.474091856706744564e-08
-4.544951245569801803e-08
-4.616803779432883883e-08
-4.689642547236187096e-08
-4.763459789463825357e-08
-4.838245780083157434e-08
-4.913988161407629521e-08
-4.990672334824402970e-08
-5.068281337824245794e-08
-5.146795804010296799e-08
-5.226194715127951664e-08
-5.306455644996975903e-08
-5.387554711901431972e-08
-5.469466714805272752e-08
-5.552164895835299446e-08
-5.635620170281801075e-08
-5.719801260578806839e-08
-5.804675737482781102e-08
-5.890209897020850997e-08
-5.976367141767760025e-08
-6.063107282173075480e-08
-6.150386960498419745e-08
-6.238159441194978077e-08
-6.326373385805426286e-08
-6.414973843620557434e-08
-6.503904396969438377e-08
-6.593107288175010769e-08
-6.682528580587449736e-08
-6.772111415063617191e-08
-6.861783816630608562e-08
-6.951469294281328079e-08
-7.041091450188217523e-08
-7.130570877918308324e-08
-7.219825607176012630e-08
-7.308770388561717109e-08
-7.397319123095387090e-08
-7.485388116210907792e-08
-7.572883526222480362e-08
-7.659701868109166889e-08
-7.745736443999396461e-08
-7.830860135077984713e-08
-7.914961067798664337e-08
-7.997941882055955314e-08
-8.079680251676207103e-08
-8.160055035162820448e-08
-8.238948618820582415e-08
-8.316214980287680042e-08
-8.391696650379394712e-08
-8.465268566677202025e-08
-8.536794514867184446e-08
-8.606116379580800890e-08
-8.673106401231675052e-08
-8.737627301853360899e-08
-8.799510433473398225e-08
-8.858597332739236031e-08
-8.914737652373838956e-08
-8.967771908383148985e-08
-9.017570640963918067e-08
-9.064044633282967156e-08
-9.106947035892868013e-08
-9.146210164772314119e-08
-9.181949587024480534e-08
-9.213341981385962294e-08
-9.240080224623420271e-08
-9.262488536692043563e-08
-9.280371781085357026e-08
-9.293557509093983887e-08
-9.301925448264110933e-08
-9.305331843830079345e-08
-9.303650205851858932e-08
-9.296762079753931697e-08
-9.284556551468287459e-08
-9.266934139418805082e-08
-9.243807909327777516e-08
-9.215103292501682164e-08
-9.180759679572417880e-08
-9.140732290001347764e-08
-9.094993043103242327e-08
-9.043530318442895977e-08
-8.986351986225585521e-08
-8.923483180212978558e-08
-8.854965283418410965e-08
-8.780861560819479781e-08
-8.701260678859486026e-08
-8.616276361582588361e-08
-8.526046937928192935e-08
-8.430736205250323605e-08
-8.330532178690605236e-08
-8.225644418311884991e-08
-8.116302704509034534e-08
-8.002758913144679305e-08
-7.885286249573267671e-08
-7.764176684444000689e-08
-7.639737736482897219e-08
-7.512292711902349842e-08
-7.382181217755086800e-08
-7.249752761889287802e-08
-7.115373809214279067e-08
-6.979430896815813103e-08
-6.842307365757980450e-08
-6.704378877243185708e-08
-6.566021750337279438e-08
-6.427611138489267612e-08
-6.289512939935210576e-08
-6.152074405731737942e-08
-6.015624715373356375e-08
-5.880473058120766711e-08
-5.746892277516506530e-08
-5.615118255079453887e-08
-5.485345729596122458e-08
-5.357733571933011910e-08
-5.232394138339345955e-08
-5.109403589790678702e-08
-4.988953884947194259e-08
-4.871312274735598940e-08
-4.756634780162778450e-08
-4.644979102155845617e-08
-4.536395826567608097e-08
-4.430876521895862347e-08
-4.328331330589242454e-08
-4.228645202361961044e-08
-4.131675028922510908e-08
-4.037224001978268895e-08
-3.945072949212942791e-08
-3.855003107906552719e-08
-3.766810194151510432e-08
-3.680338525076137339e-08
-3.595438019020239403e-08
-3.511930477639673497e-08
-3.429623868654714464e-08
-3.347841544668778816e-08
-3.266056147186973269e-08
-3.184320381341999109e-08
-3.102461402760116838e-08
-3.020142127522825399e-08
-2.937122518242396485e-08
-2.853183110187361479e-08
-2.768150629269008162e-08
-2.682036770060083524e-08
-2.595023965074601622e-08
-2.507439907403807279e-08
-2.419751701387439397e-08
-2.332522296003669474e-08
-2.246363362455961527e-08
-2.161892947562315171e-08
-2.079700258099473965e-08
-2.000333536422339450e-08
-1.924296979198450336e-08
-1.852045500693482337e-08
-1.783987068970810938e-08
-1.720446763989468261e-08
-1.661626713828285062e-08
-1.607558658781548571e-08
-1.558055496195194452e-08
-1.512680316346034252e-08
-1.470746256439691476e-08
-1.431340146314305979e-08
-1.393380166457398738e-08
-1.355711676642638775e-08
-1.317247951575087651e-08
-1.277141525785948623e-08
-1.234944826336865819e-08
-1.190706172395116038e-08
-1.144965689370390296e-08
-1.098633088164357793e-08
-1.052799822650904864e-08
-1.008562258797139654e-08
-9.669255680079805923e-09
-9.286928655542135216e-09
-8.943466527039027983e-09
-8.639218240967943478e-09
-8.369325953672596760e-09
-8.124667971931933757e-09
-7.893493340891580960e-09
-7.664306418191630724e-09
-7.427939898588510029e-09
-7.179363796697859718e-09
-6.918464260768984388e-09
-6.650195714192566762e-09
-6.383180203741688157e-09
-6.127113983168048286e-09
-5.890171762825874919e-09
-5.676795611309897749e-09
-5.486532996705421304e-09
-5.314019818191439739e-09
-5.150986303913205231e-09
-4.989257585886322879e-09
-4.823629730618466045e-09
-4.653115711636096946e-09
-4.481056696676775848e-09
-4.313662258481821974e-09
-4.156807248341182952e-09
-4.013407229547157870e-09
-3.882219524597632584e-09
-3.759106569288862571e-09
-3.639145915432638923e-09
-3.519069986867870772e-09
-3.398951720587399506e-09
-3.281586989528151848e-09
-3.170121698307840687e-09
-3.066055426331551766e-09
-2.968534218245140948e-09
-2.875172904124264841e-09
-2.783897583698969974e-09
-2.694210974690808413e-09
-2.607159976557461889e-09
-2.524098386281148647e-09
-2.445449749652380233e-09
-2.370345836187974818e-09
-2.297660141318273924e-09
-2.226964391090766516e-09
-2.158606921631140388e-09
-2.093034016558027726e-09
-2.030231134067011943e-09
-1.969728746474651350e-09
-1.911143505382834366e-09
-1.854469544547228058e-09
-1.799840698712960399e-09
-1.747216382694049805e-09
-1.696369516996239745e-09
-1.647147175439245492e-09
-1.599525491835648947e-09
-1.553501218976843672e-09
-1.508978942622222024e-09
-1.465843544405550323e-09
-1.424025313935815814e-09
-1.383469029547455692e-09
-1.344121146462756768e-09
-1.305929485461811150e-09
-1.268843347641511998e-09
-1.232813818265614700e-09
-1.197794044952655267e-09
-1.163739577880504721e-09
-1.130608969091910421e-09
-1.098362979802063701e-09
-1.066963663095688466e-09
-1.036374307327766746e-09
-1.006559596681051491e-09
-9.774861405852986006e-10
-9.491232074684664223e-10
-9.214434697441757058e-10
-8.944235425323579728e-10
-8.680427825286536096e-10
-8.422814378054273982e-10
-8.171203844699158067e-10
-7.925411706460473687e-10
-7.685262610524509680e-10
-7.450594408483710122e-10
-7.221262375256115873e-10
-6.997143462836208140e-10
-6.778133522923173367e-10
-6.564134100440028054e-10
-6.355048758384214083e-10
-6.150783303792637739e-10
-5.951246995238864793e-10
-5.756355088838428533e-10
-5.566031829547853300e-10
-5.380213474787397259e-10
-5.198848430194363175e-10
-5.021888701704646893e-10
-4.849285548814820519e-10
-4.680989496330545563e-10
-4.516950621069263364e-10
-4.357119175009822759e-10
-4.201446500014114725e-10
-4.049886074422561914e-10
-3.902394227372616633e-10
-3.758928023567946725e-10
-3.619449776455264929e-10
-3.483900279653607924e-10
-3.352239069212781713e-10
-3.224417286007018074e-10
-3.100384199666854967e-10
-2.980087065090480375e-10
-2.863471099442307569e-10
-2.750479925195651453e-10
-2.641056172050406283e-10
-2.535141633870476746e-10
-2.432677230351568702e-10
-2.333602651261156788e-10
-2.237855728277764023e-10
-2.145371787850492304e-10
-2.056083081877581928e-10
-1.969919244364534836e-10
-1.886809377620193882e-10
-1.806682749913980721e-10
-1.729468782200662082e-10
-1.655096908079975390e-10
-1.583496254385365593e-10
-1.514595251766107543e-10
-1.448321219347516340e-10
-1.384600226182186395e-10
-1.323358320809432967e-10
-1.264522354655836140e-10
-1.208020013952393276e-10
-1.153779829993621521e-10
-1.101731212795318371e-10
-1.051804456894452022e-10
-1.003930703119033942e-10
-9.580417500444369923e-11
-9.140701088715830614e-11
-8.719493124384779880e-11
-8.316139744992403266e-11
-7.929998446332331661e-11
-7.560440359485730029e-11
-7.206853454252360425e-11
-6.868645699250079431e-11
-6.545246064267943981e-11
-6.236099797365406424e-11
-5.940662916847184053e-11
-5.658401555504228593e-11
-5.388792234539519398e-11
-5.131323896175008664e-11
-4.885501550108148836e-11
-4.650850276201049403e-11
-4.426918136059999660e-11
-4.213273200306187476e-11
-4.009494868245970395e-11
-3.815171566004553222e-11
-3.629900989669192417e-11
-3.453291452177403833e-11
-3.284964852142835512e-11
-3.124560119820590579e-11
-2.971736308217743877e-11
-2.826172013118646253e-11
-2.687557045432433446e-11
-2.555587073152965415e-11
-2.429962807547220262e-11
-2.310390520900417955e-11
-2.196584517375159967e-11
-2.088270618849627140e-11
-1.985154325250976807e-11
-1.885773349241284119e-11
-1.788442867879240541e-11
-1.694548499713834107e-11
-1.604683499023067451e-11
-1.519144564247855066e-11
-1.437809370234869806e-11
-1.360464438171596358e-11
-1.286737918769261311e-11
-1.216006705780972379e-11
-1.147203594886090862e-11
-1.081178873522632768e-11
-1.017926894905171690e-11
-9.568509820297530612e-12
-8.967565018984345032e-12
-8.387289000814889354e-12
-7.826784148110315857e-12
-7.274605650084989326e-12
-6.728195040546324756e-12
-6.223575150689840813e-12
-5.770985694995336940e-12
-5.329743168921420942e-12
-4.923589720854431151e-12
-4.557352605080651617e-12
-4.214263572899820637e-12
-3.884726656102605983e-12
-3.574614477880530074e-12
-3.279650023142727573e-12
-2.979939880721371463e-12
-2.639827130145210860e-12
-2.171271718384411493e-12
-1.575180809349025521e-12
