# bin_2_4
-6.382497988335010098e-09
-6.477677586466564142e-09
-6.575013100962246158e-09
-6.674546604582312200e-09
-6.776320639778057083e-09
-6.880378212702944032e-09
-6.986762787135023339e-09
-7.095518277624474705e-09
-7.206689042109535475e-09
-7.320319874106621125e-09
-7.436455994298817428e-09
-7.555143039920338295e-09
-7.676427052394441396e-09
-7.800354464187877994e-09
-7.926972059213968781e-09
-8.056326898486331730e-09
-8.188466267675131633e-09
-8.323437634785828324e-09
-8.461288611823562322e-09
-8.602066905787401929e-09
-8.745820285664299883e-09
-8.892596528267032350e-09
-9.042443295134735261e-09
-9.195407970522685965e-09
-9.351537516804666915e-09
-9.510878358605894481e-09
-9.673476285592619355e-09
-9.839376404494215042e-09
-1.000862320176809970e-08
-1.018126066836403976e-08
-1.035733239006960885e-08
-1.053688158220322795e-08
-1.071995102209142193e-08
-1.090658292485424859e-08
-1.109681883562408009e-08
-1.129069949906644742e-08
-1.148826475999678630e-08
-1.168955343400195130e-08
-1.189460291312020033e-08
-1.210344861796268193e-08
-1.231612353331802003e-08
-1.253265785732624745e-08
-1.275307875343281566e-08
-1.297741038068418073e-08
-1.320567433648719126e-08
-1.343789012600606777e-08
-1.367407552750006594e-08
-1.391424670952558589e-08
-1.415841801268775386e-08
-1.440660167920295885e-08
-1.465880756742867546e-08
-1.491504290122176594e-08
-1.517531199378213173e-08
-1.543961528165994609e-08
-1.570794794326635266e-08
-1.598029877513704929e-08
-1.625664939646199830e-08
-1.653697379477009039e-08
-1.682123875019037534e-08
-1.710940518523352375e-08
-1.740142934552841231e-08
-1.769726359902432151e-08
-1.799685671003720272e-08
-1.830015412640886891e-08
-1.860709782714726752e-08
-1.891762611204102927e-08
-1.923167305900036920e-08
-1.954916608238657213e-08
-1.987002383038574152e-08
-2.019415535291065445e-08
-2.052145774722602178e-08
-2.085181520425028662e-08
-2.118510212717009245e-08
-2.152118344526564271e-08
-2.185991391168692308e-08
-2.220113975788461822e-08
-2.254469961475100391e-08
-2.289043279224493772e-08
-2.323816336073948209e-08
-2.358768769504583058e-08
-2.393879958531307649e-08
-2.429128276081263918e-08
-2.464490198878034239e-08
-2.499942985042890962e-08
-2.535462439424084145e-08
-2.571020562343937956e-08
-2.606588354335972662e-08
-2.642135451943476499e-08
-2.677626867284975745e-08
-2.713028371233329091e-08
-2.748306873178357038e-08
-2.783425078272871713e-08
-2.818348446552800127e-08
-2.853039726175653916e-08
-2.887459203424399800e-08
-2.921562108892852004e-08
-2.955308296564029046e-08
-2.988649062895974011e-08
-3.021541832404296626e-08
-3.053983318300618372e-08
-3.085924817354855895e-08
-3.117288296925987373e-08
-3.148031365844995391e-08
-3.178088162951776858e-08
-3.207404787483878068e-08
-3.235983919171854724e-08
-3.263781625937240565e-08
-3.290703985511763915e-08
-3.316679686843051121e-08
-3.341606173704465613e-08
-3.365348438107312081e-08
-3.387844011875187051e-08
-3.408999746544081130e-08
-3.428754759340913449e-08
-3.447117111232817218e-08
-3.464020957345217273e-08
-3.479388876397610370e-08
-3.493153000197163507e-08
-3.505240747135349561e-08
-3.515580897818056622e-08
-3.524103603519522078e-08
-3.530738752207432303e-08
-3.535417201220295423e-08
-3.538071793896667744e-08
-3.538637639119677754e-08
-3.537051999060111602e-08
-3.533254614069484302e-08
-3.527189182048667805e-08
-3.518803362043988568e-08
-3.508048961445629578e-08
-3.494883539350425780e-08
-3.479270434078221043e-08
-3.461179263817980750e-08
-3.440587199091291415e-08
-3.417479792084301258e-08
-3.391851115581024205e-08
-3.363704803341431235e-08
-3.333054987586726001e-08
-3.303438917930551092e-08
-3.264358472037712056e-08
-3.226398547057935342e-08
-3.186110323282583182e-08
-3.143570654272839021e-08
-3.098870793903088607e-08
-3.052116249310376842e-08
-3.003427828072809844e-08
-2.952941265532279402e-08
-2.900806938009594967e-08
-2.847190218400011710e-08
-2.792271210382844715e-08
-2.736237991653809407e-08
-2.679285305526421455e-08
-2.621620483254357864e-08
-2.563462547839360795e-08
-2.505040656292073558e-08
-2.446591592450003443e-08
-2.388346132691376647e-08
-2.330526273205446496e-08
-2.273352920162426088e-08
-2.217045244916175714e-08
-2.161823532294813357e-08
-2.107913476017508796e-08
-2.055531321004711275e-08
-2.004880128561608445e-08
-1.956132904626560256e-08
-1.909411064189034955e-08
-1.864782554909522895e-08
-1.822291823377558190e-08
-1.781937213182676679e-08
-1.743640584876570352e-08
-1.707289498557030706e-08
-1.672736185694570180e-08
-1.639795251330393166e-08
-1.608293113902236321e-08
-1.578022529803747466e-08
-1.548704207765972455e-08
-1.520039769775788047e-08
-1.491695830948975557e-08
-1.463290033416599778e-08
-1.434480023544392782e-08
-1.404915981959092603e-08
-1.374289396034271349e-08
-1.342375762785797441e-08
-1.308958262619182313e-08
-1.273865449473586377e-08
-1.237027807694537806e-08
-1.198486110044396257e-08
-1.158401126503133334e-08
-1.117064130762061088e-08
-1.074878226101058797e-08
-1.032332260039358027e-08
-9.899718496307555651e-09
-9.483629692223741405e-09
-9.080571536787249153e-09
-8.695600176073002243e-09
-8.333031770039610313e-09
-7.996218629056237191e-09
-7.687351340169790509e-09
-7.407287224842335149e-09
-7.155446107885402077e-09
-6.929795571557126672e-09
-6.726947059043776681e-09
-6.542376857750227528e-09
-6.370726524548345852e-09
-6.206160161418416941e-09
-6.042802647575052077e-09
-5.875275263743045605e-09
-5.699300341017322366e-09
-5.512301296125162667e-09
-5.313795797034806380e-09
-5.105481685535269394e-09
-4.890939781015862081e-09
-4.675064392916029722e-09
-4.463319131350196472e-09
-4.260959913373161009e-09
-4.072327499545428031e-09
-3.900288051067719957e-09
-3.745918891814945978e-09
-3.608384774395907284e-09
-3.485088713722958629e-09
-3.372095544784907682e-09
-3.264802898372360256e-09
-3.158801503893190851e-09
-3.050661286671703610e-09
-2.938557085326608517e-09
-2.822507807710394640e-09
-2.704277763995732388e-09
-2.586848586865596497e-09
-2.473667300828914142e-09
-2.367715391293060011e-09
-2.270713651142737024e-09
-2.182713487724775039e-09
-2.102163899383111560e-09
-2.026469393509579176e-09
-1.952860633343151703e-09
-1.879312651340964632e-09
-1.805152173013733574e-09
-1.731122477282231302e-09
-1.658863114719450030e-09
-1.590112111066026422e-09
-1.525940478728283503e-09
-1.466349579783019150e-09
-1.410419791304957106e-09
-1.356850229259708212e-09
-1.304667855736437930e-09
-1.253597156337668858e-09
-1.203965263435814107e-09
-1.156398010281450772e-09
-1.111335840648870549e-09
-1.068768872955578526e-09
-1.028345518081645292e-09
-9.896334656888150635e-10
-9.523724988381595455e-10
-9.165538220550327917e-10
-8.822560312020134824e-10
-8.495490634375579791e-10
-8.184201431542551105e-10
-7.887629188167314244e-10
-7.604155323998966176e-10
-7.332705713117445124e-10
-7.072936438602379137e-10
-6.824845263975740672e-10
-6.588136941520798414e-10
-6.362153508920082746e-10
-6.146067155942940711e-10
-5.939294308142867070e-10
-5.741514387343000613e-10
-5.552422470685371853e-10
-5.371576477869874688e-10
-5.198459189622014615e-10
-5.032660155191986178e-10
-4.873831369510257600e-10
-4.721643527188731822e-10
-4.575715310532829827e-10
-4.435679322731881019e-10
-4.301229808556180979e-10
-4.172080113439095115e-10
-4.047950398874465359e-10
-3.928569612679933591e-10
-3.813677801801051707e-10
-3.703028230279955511e-10
-3.596387180963312390e-10
-3.493532028041666006e-10
-3.394249272223026797e-10
-3.298332049587704702e-10
-3.205581061571732680e-10
-3.115807432776602275e-10
-3.028835040705443912e-10
-2.944502566214954784e-10
-2.862663507167314863e-10
-2.783183628078712180e-10
-2.705938246126592081e-10
-2.630808669160381700e-10
-2.557680826885836611e-10
-2.486446936734662291e-10
-2.417007093897390883e-10
-2.349270731665982534e-10
-2.283157124060916550e-10
-2.218594077905563609e-10
-2.155516153729039317e-10
-2.093862539102037892e-10
-2.033575516589965421e-10
-1.974601361259771355e-10
-1.916891526381229139e-10
-1.860403539309605808e-10
-1.805101465811016690e-10
-1.750955242718602457e-10
-1.697939331011720259e-10
-1.646031311529791543e-10
-1.595210303316044765e-10
-1.545456903984436264e-10
-1.496753742323554207e-10
-1.449085860839390234e-10
-1.402440932284687870e-10
-1.356809111496530053e-10
-1.312182458261980788e-10
-1.268554334231239850e-10
-1.225918581164240038e-10
-1.184269135026404287e-10
-1.143600084471339256e-10
-1.103905725258378625e-10
-1.065180528538062875e-10
-1.027419123282458084e-10
-9.906162222601205568e-11
-9.547665049060312948e-11
-9.198644376940046237e-11
-8.859040189339620734e-11
-8.528785731184488802e-11
-8.207806121989492928e-11
-7.896017056288317113e-11
-7.593324468356819159e-11
-7.299625937115782668e-11
-7.014812424906304934e-11
-6.738769984996885273e-11
-6.471380695763912034e-11
-6.212521342296892420e-11
-5.962061924202207284e-11
-5.719864651668875421e-11
-5.485783495003028009e-11
-5.259665102941183831e-11
-5.041350576536440136e-11
-4.830677161849900570e-11
-4.627480100625515722e-11
-4.431592702640084215e-11
-4.242845601844413367e-11
-4.061066383341006841e-11
-3.886079593364427837e-11
-3.717707091505437064e-11
-3.555768906987561852e-11
-3.400084116712426861e-11
-3.250471961637597391e-11
-3.106752698893164777e-11
-2.968747937519668105e-11
-2.836280887661228785e-11
-2.709176822872904892e-11
-2.587263244718613471e-11
-2.470369699376517554e-11
-2.358327641632302846e-11
-2.250970302965628431e-11
-2.148133058734483664e-11
-2.049654317690930334e-11
-1.955376264418213703e-11
-1.865145610688679432e-11
-1.778813957303308439e-11
-1.696237261791141198e-11
-1.617275022829260642e-11
-1.541789451765706160e-11
-1.469644921632138540e-11
-1.400708663866608952e-11
-1.334851676392667078e-11
-1.271949580916116632e-11
-1.211883293490356371e-11
-1.154538766341134887e-11
-1.099806078019493349e-11
-1.047578528555663552e-11
-9.977515959704912455e-12
-9.502231735133632345e-12
-9.048944246332376526e-12
-8.616704602639057603e-12
-8.204609077571149152e-12
-7.811798441585561167e-12
-7.437449811019125239e-12
-7.080768335306746942e-12
-6.740976369131631512e-12
-6.417309975932165738e-12
-6.109023744634681070e-12
-5.815396202432501364e-12
-5.535738049917616045e-12
-5.269396402174020164e-12
-5.015752514735009042e-12
-4.774218643505132781e-12
-4.544233412719843711e-12
-4.325262854021472762e-12
-4.116812028306093953e-12
-3.918434149600392871e-12
-3.729726996780194202e-12
-3.550323996827719587e-12
-3.379880298982899148e-12
-3.218054022330316484e-12
-3.064488448202632167e-12
