# bin_1_1
-6.554176874370294574e-08
-6.644545544780140439e-08
-6.736688255248097780e-08
-6.830625865109128968e-08
-6.926378894893902052e-08
-7.023967373091798224e-08
-7.123410625612330980e-08
-7.224727095035488483e-08
-7.327934188457605154e-08
-7.433048152143067886e-08
-7.540083978570692771e-08
-7.649055356648989080e-08
-7.759974669545621453e-08
-7.872853015245925233e-08
-7.987700219454541740e-08
-8.104524854908713119e-08
-8.223334241269495512e-08
-8.344134420156697760e-08
-8.466930160641072141e-08
-8.591724981148366694e-08
-8.718521162343016626e-08
-8.847319728156121693e-08
-8.978120215964582506e-08
-9.110920080703782132e-08
-9.245714238146597718e-08
-9.382495015130172211e-08
-9.521252080005001442e-08
-9.661972304005274898e-08
-9.804639678832846572e-08
-9.949235324575276445e-08
-1.009573749992305557e-07
-1.024412153852152283e-07
-1.039435980282877159e-07
-1.054642154622268153e-07
-1.070027273401929933e-07
-1.085587591233493306e-07
-1.101319000275224076e-07
-1.117217032372574034e-07
-1.133276821844861899e-07
-1.149492983945542614e-07
-1.165859897587722951e-07
-1.182372040550725742e-07
-1.199023094804095788e-07
-1.215805466834804435e-07
-1.232711031532926038e-07
-1.249731300270678231e-07
-1.266857274322779865e-07
-1.284079478329929398e-07
-1.301387954799143317e-07
-1.318772194756228806e-07
-1.336221249213889174e-07
-1.353723606838995749e-07
-1.371266598376504574e-07
-1.388836444233382729e-07
-1.406419301630248121e-07
-1.424001343675847583e-07
-1.441567793050849133e-07
-1.459102885361925286e-07
-1.476590279128309208e-07
-1.494012945234057820e-07
-1.511352789252361763e-07
-1.528591151583872196e-07
-1.545708058408042861e-07
-1.562682388325447100e-07
-1.579501602745847414e-07
-1.596155654593556304e-07
-1.612619213490407937e-07
-1.628861695858551798e-07
-1.644854750823723223e-07
-1.660569605409409718e-07
-1.675977798928114338e-07
-1.691051385311605461e-07
-1.705762793580651901e-07
-1.720086877591877606e-07
-1.733995544505728510e-07
-1.747455575930735467e-07
-1.760436051490237287e-07
-1.772908330031695697e-07
-1.784842684870672825e-07
-1.796205417669737688e-07
-1.806961973387316442e-07
-1.817080209047097182e-07
-1.826527880051980424e-07
-1.835267311097088487e-07
-1.843260134299227954e-07
-1.850474704832639942e-07
-1.856877892931912602e-07
-1.862433155555838523e-07
-1.867107128911635203e-07
-1.870867985694895208e-07
-1.873682714908209086e-07
-1.875518573174602409e-07
-1.876344403799334579e-07
-1.876130279796641645e-07
-1.874849832841073497e-07
-1.872474219447848384e-07
-1.868978170030218248e-07
-1.864339489600522196e-07
-1.858542066027975058e-07
-1.851563103772008775e-07
-1.843386763930105123e-07
-1.834007251519515671e-07
-1.823417551205518372e-07
-1.811614839649167941e-07
-1.798601282516923049e-07
-1.784383504443482681e-07
-1.768973287531937911e-07
-1.752387806156558072e-07
-1.734649862791951891e-07
-1.715788131062443358e-07
-1.695837376939592348e-07
-1.674838620817936523e-07
-1.652839213072524311e-07
-1.629892890999636991e-07
-1.606059601286694558e-07
-1.581405596585354807e-07
-1.556003460879109305e-07
-1.529927796502269509e-07
-1.503253397923987166e-07
-1.476059407922777456e-07
-1.448432311986777316e-07
-1.420466040582744316e-07
-1.392260611058717218e-07
-1.363920353142235900e-07
-1.335551772392498432e-07
-1.307260292506406239e-07
-1.279147501593319637e-07
-1.251310703843415702e-07
-1.223841323874499116e-07
-1.196821997192789977e-07
-1.170324017443041139e-07
-1.144407973657586108e-07
-1.119123549918939680e-07
-1.094506501966796270e-07
-1.070592202421673913e-07
-1.047415591499464716e-07
-1.024982333422951664e-07
-1.003273847311978952e-07
-9.822605792748672124e-08
-9.619003779699957624e-08
-9.421374747805452416e-08
-9.229032631491577806e-08
-9.041169720240724643e-08
-8.856856909594985619e-08
-8.674986323643610357e-08
-8.494376672005848091e-08
-8.313917717977244073e-08
-8.132617973828145800e-08
-7.949602318597875266e-08
-7.764203754590617321e-08
-7.576072301841914201e-08
-7.385158240361711297e-08
-7.191608040847842861e-08
-6.995813739409994994e-08
-6.798491985939792788e-08
-6.600524573157633776e-08
-6.402898185617324774e-08
-6.206748484276480575e-08
-6.013279694664406257e-08
-5.823655275374141020e-08
-5.638966181224936573e-08
-5.460176536215071275e-08
-5.288040483542927494e-08
-5.123043766925116716e-08
-4.965325886611291779e-08
-4.814635412945362704e-08
-4.670354117696900064e-08
-4.531495931822146645e-08
-4.396850182400910077e-08
-4.265209066391327086e-08
-4.135496855850543945e-08
-4.006929097945507999e-08
-3.879127561381377883e-08
-3.752140304540812774e-08
-3.626410983656758190e-08
-3.502726690401494341e-08
-3.382102977691657389e-08
-3.265612848925142420e-08
-3.154181358694687051e-08
-3.048093613978781884e-08
-2.948020633003193152e-08
-2.853242427610239964e-08
-2.762890240548124692e-08
-2.675813148188399451e-08
-2.590818168681157075e-08
-2.507170563387873368e-08
-2.423854621442595093e-08
-2.341117917779797063e-08
-2.259484031486835831e-08
-2.179842396524676480e-08
-2.103182329578411610e-08
-2.030277111311104900e-08
-1.961461136632138022e-08
-1.896360662645813019e-08
-1.834683733274351924e-08
-1.775308139078245150e-08
-1.717331985061794813e-08
-1.660321713611541483e-08
-1.603809744680507763e-08
-1.548192799106873519e-08
-1.493933490634989649e-08
-1.441506670952334872e-08
-1.391206386592723740e-08
-1.342966306498471373e-08
-1.296969675362614452e-08
-1.253086893943600221e-08
-1.210988258157223860e-08
-1.170718275931577231e-08
-1.132148466675575007e-08
-1.095069773908784529e-08
-1.059204267477617297e-08
-1.024308988770832937e-08
-9.902883657000687145e-09
-9.572214386066698582e-09
-9.252664654893104206e-09
-8.945565156569963761e-09
-8.651327788342371023e-09
-8.369527511747567543e-09
-8.099348066420990536e-09
-7.840059458702586222e-09
-7.591052906132067163e-09
-7.351673768976954754e-09
-7.121125624110303194e-09
-6.898605551256189825e-09
-6.683545525276812646e-09
-6.475710348397175305e-09
-6.275159418783815341e-09
-6.082097704848175889e-09
-5.896655724217488450e-09
-5.718701370394711784e-09
-5.547735596043490448e-09
-5.383060342711596984e-09
-5.224016372701350279e-09
-5.070166913933406938e-09
-4.921401257389047629e-09
-4.777808956880424790e-09
-4.639420188055043929e-09
-4.506049645841175822e-09
-4.377335877819091944e-09
-4.252875605595303757e-09
-4.132367893482098865e-09
-4.015653070649731460e-09
-3.902669269752939744e-09
-3.793349417036393677e-09
-3.687540247150455376e-09
-3.584999754712358873e-09
-3.485498740625100162e-09
-3.388893807529658274e-09
-3.295092908367636381e-09
-3.203992145470840880e-09
-3.115460406229218057e-09
-3.029356355759080039e-09
-2.945557448159394846e-09
-2.863969576414934474e-09
-2.784507366013487826e-09
-2.707079283606812515e-09
-2.631588684340785279e-09
-2.557950758775226254e-09
-2.486093105777524259e-09
-2.415949441912756426e-09
-2.347452048329312326e-09
-2.280536039375570666e-09
-2.215144494573849917e-09
-2.151225764110753833e-09
-2.088732380137781341e-09
-2.027620771378481179e-09
-1.967851070104595327e-09
-1.909386983052332804e-09
-1.852195518420219212e-09
-1.796246664844885445e-09
-1.741513228441907536e-09
-1.687970660457103271e-09
-1.635596810317159115e-09
-1.584371559755180492e-09
-1.534276550817045930e-09
-1.485295114011099874e-09
-1.437412181921520395e-09
-1.390614135980437466e-09
-1.344888719313798241e-09
-1.300224873758686023e-09
-1.256612366541362103e-09
-1.214041441071532952e-09
-1.172502572460911650e-09
-1.131986396938312379e-09
-1.092483677946362819e-09
-1.053985262999722283e-09
-1.016482091754276365e-09
-9.799651849537666356e-10
-9.444254061255485040e-10
-9.098532330071926095e-10
-8.762386459147409145e-10
-8.435710994315497503e-10
-8.118395335882083080e-10
-7.810323921567668830e-10
-7.511376648264111786e-10
-7.221429294583482523e-10
-6.940352747904557714e-10
-6.668012401648793838e-10
-6.404268539691869392e-10
-6.148976731843312138e-10
-5.901988072546939037e-10
-5.663149413322676046e-10
-5.432303692184260823e-10
-5.209290218195177162e-10
-4.993944720533807731e-10
-4.786099750294242173e-10
-4.585585670844134948e-10
-4.392231401219038166e-10
-4.205864690470068541e-10
-4.026312305825557846e-10
-3.853400186489939482e-10
-3.686953463505211117e-10
-3.526796563920855998e-10
-3.372753907909280122e-10
-3.224650822037962262e-10
-3.082314124026730658e-10
-2.945572312350571483e-10
-2.814255613826090780e-10
-2.688195957845559577e-10
-2.567226828177656464e-10
-2.451183196246416088e-10
-2.339902152884578475e-10
-2.233223702205441572e-10
-2.130991092412939248e-10
-2.033050899062030851e-10
-1.939252970727599589e-10
-1.849450263217155654e-10
-1.763498568108969787e-10
-1.681256286164527860e-10
-1.602584763823385924e-10
-1.527349023946365205e-10
-1.455418034229128735e-10
-1.386664735892408919e-10
-1.320965979861566951e-10
-1.258202311199500510e-10
-1.198257623396263080e-10
-1.140930406679362349e-10
-1.086291872997340452e-10
-1.034142470693336042e-10
-9.843794362875375468e-11
-9.369037165035331084e-11
-8.916199364398633022e-11
-8.484362418321485699e-11
-8.072640117373272991e-11
-7.680175392617488023e-11
-7.306138634121064848e-11
-6.949729038017702259e-11
-6.610175550768247091e-11
-6.286735445452889266e-11
-5.978693549489447276e-11
-5.685361360511363194e-11
-5.406074958877799446e-11
-5.140192744642847101e-11
-4.887094064169590166e-11
-4.646182158991577506e-11
-4.417226053776339013e-11
-4.199002093828099883e-11
-3.991362545405793325e-11
-3.793838729000204557e-11
-3.605992402687823636e-11
-3.427412565305036765e-11
-3.257712346281701900e-11
-3.096522017655289761e-11
-2.943248941931368299e-11
-2.797978150363919707e-11
-2.660076719289345948e-11
-2.529128300003222265e-11
-2.404697307565488656e-11
-2.286414682829139796e-11
-2.158434264755966776e-11
-2.000591417490484344e-11
-1.828881281325861823e-11
-1.655086278727462197e-11
-1.489057187540702244e-11
-1.336734056878271038e-11
-1.200362425744437078e-11
-1.079374581363810776e-11
-9.698695828608026401e-12
-8.658054601728326518e-12
-7.739330969108995432e-12
-6.926289524357651535e-12
-6.172569957717736674e-12
-5.427601311365150575e-12
-4.735772391667629043e-12
-4.095884345671313568e-12
-3.479208796383493044e-12
-2.885391667052142364e-12
-2.394928356291851618e-12
-2.017544443087165236e-12
-1.674165562221611504e-12
-1.399120200897282871e-12
-1.186559842581566445e-12
-1.002428295439692930e-12
-8.327120267999092183e-13
-6.864149729970655964e-13
-5.632168229611870791e-13
-4.544928566087439988e-13
-3.540140203471790034e-13
-2.486672942716358185e-13
-1.564401355110231806e-13
