# bin_2_1
-1.609321283070315862e-09
-1.633155110864574663e-09
-1.657521931781685203e-09
-1.682431769988047008e-09
-1.707894750620633042e-09
-1.733921097996070474e-09
-1.760521133629561723e-09
-1.787705273913779885e-09
-1.815484027628114377e-09
-1.843867993434537349e-09
-1.872867857404752205e-09
-1.902494390530627291e-09
-1.932758446214911034e-09
-1.963670955626123939e-09
-1.995242875100732726e-09
-2.027485067393230623e-09
-2.060408232195664181e-09
-2.094022894212226629e-09
-2.128339445565641429e-09
-2.163368199168785632e-09
-2.199119434575727708e-09
-2.235603409907998186e-09
-2.272830346705468667e-09
-2.310810412559825975e-09
-2.349553719443160670e-09
-2.389070336415180137e-09
-2.429370302389814073e-09
-2.470463634239877604e-09
-2.512360332002074267e-09
-2.555070382040868795e-09
-2.598603728832803872e-09
-2.642969972135018606e-09
-2.688177949206554588e-09
-2.734235579705753676e-09
-2.781149978497410670e-09
-2.828927690319652697e-09
-2.877574904906698011e-09
-2.927097546464221020e-09
-2.977501236365294199e-09
-3.028791241990541885e-09
-3.080972489166004338e-09
-3.134049623637772324e-09
-3.188027065988376046e-09
-3.242909047706999124e-09
-3.298699636829945117e-09
-3.355402742206341762e-09
-3.413021708837539339e-09
-3.471558137066699613e-09
-3.531011218589579555e-09
-3.591377890711175531e-09
-3.652653481853308491e-09
-3.714832339223816482e-09
-3.777908126623062425e-09
-3.841873750830787995e-09
-3.906721242863965292e-09
-3.972441815322879927e-09
-4.039026036093220175e-09
-4.106463970937924388e-09
-4.174745275516092486e-09
-4.243859259483473970e-09
-4.313794742937268591e-09
-4.384538087991123443e-09
-4.456071119859873458e-09
-4.528372349976902296e-09
-4.601418836970875165e-09
-4.675187461006521352e-09
-4.749653879078917377e-09
-4.824790935056734634e-09
-4.900569457610347421e-09
-4.976958261482901004e-09
-5.053923422949856957e-09
-5.131428585856775620e-09
-5.209435585066553952e-09
-5.287904229341731668e-09
-5.366792633919708412e-09
-5.446053168844068534e-09
-5.525635560290320159e-09
-5.605509936039485028e-09
-5.685632600769968605e-09
-5.765920013728143679e-09
-5.846291966800841726e-09
-5.926683259607595129e-09
-6.007035334350505612e-09
-6.087289663178863895e-09
-6.167375894001134609e-09
-6.247211537773668418e-09
-6.326714914341759487e-09
-6.405805104439271882e-09
-6.484377808386857043e-09
-6.562334353473774103e-09
-6.639603153926815251e-09
-6.716103152131847275e-09
-6.791735343120881192e-09
-6.866390854639390290e-09
-6.939949867153545623e-09
-7.012292310265408075e-09
-7.083350777087933927e-09
-7.152926975558208668e-09
-7.220952542056395520e-09
-7.288138142233497677e-09
-7.354326471961138080e-09
-7.418480004019672408e-09
-7.480096200449914161e-09
-7.539067633423682452e-09
-7.595540290141758764e-09
-7.649634234766804681e-09
-7.701145733640693427e-09
-7.749769956125702770e-09
-7.795339856889323907e-09
-7.837745587050046202e-09
-7.876843718742746155e-09
-7.912491157403865563e-09
-7.944532651183784878e-09
-7.972802707001971022e-09
-7.997149295274065719e-09
-8.017413627851718236e-09
-8.033434249175565782e-09
-8.045054017195502621e-09
-8.052118231841910241e-09
-8.054476008816933091e-09
-8.051982614124688962e-09
-8.044499301871761937e-09
-8.031893183429242420e-09
-8.014041018011293365e-09
-7.990830680503011354e-09
-7.962159307583194727e-09
-7.927937821728719419e-09
-7.888092643365040191e-09
-7.842565864364769775e-09
-7.791317199059616693e-09
-7.734325776373262925e-09
-7.671592733973378138e-09
-7.603141769466769283e-09
-7.529021773760796452e-09
-7.449309183558146213e-09
-7.364108068394274517e-09
-7.273552542392138623e-09
-7.177808279146517774e-09
-7.077073370631577383e-09
-6.971579917705871735e-09
-6.861594209640047413e-09
-6.747417395416031242e-09
-6.629385036207913553e-09
-6.507867341279783575e-09
-6.383268011873773415e-09
-6.256021658275816484e-09
-6.126594184553554044e-09
-5.995475435040299095e-09
-5.863179389805099274e-09
-5.730256899890742536e-09
-5.597165296147730726e-09
-5.464256884349316971e-09
-5.331960583687217509e-09
-5.200886802964612866e-09
-5.071725161465230275e-09
-4.945136646137974281e-09
-4.821681397024944293e-09
-4.701838584889650563e-09
-4.586040565023122955e-09
-4.474657147027022152e-09
-4.367962565330567047e-09
-4.266121639657031080e-09
-4.169188900550586940e-09
-4.077106413021118089e-09
-3.989732806062228553e-09
-3.906825179736723998e-09
-3.828008386713651919e-09
-3.753294195380031739e-09
-3.682639900890910724e-09
-3.615128728819090936e-09
-3.549666315383661288e-09
-3.485496900287020768e-09
-3.422057011289632258e-09
-3.358791454500692387e-09
-3.294932370497002708e-09
-3.229474774729129666e-09
-3.161435823238190191e-09
-3.089985301319079433e-09
-3.014464944907604706e-09
-2.934478548778177655e-09
-2.849923727628832064e-09
-2.761008502349714993e-09
-2.668256834429891520e-09
-2.572476249548478330e-09
-2.474695570502816686e-09
-2.376104193093100811e-09
-2.277985031221950385e-09
-2.181658292575428207e-09
-2.088431879964345304e-09
-1.999542898124422139e-09
-1.916094278477394364e-09
-1.838981002280738885e-09
-1.768812661835308096e-09
-1.705849323803927078e-09
-1.649960666579714092e-09
-1.600609437905801929e-09
-1.556855499133052836e-09
-1.517381539226580772e-09
-1.480556215680543717e-09
-1.444568073421824294e-09
-1.407647526538180845e-09
-1.368346263953311651e-09
-1.325788780485409822e-09
-1.279798689415704453e-09
-1.230827554756920926e-09
-1.179794442564153447e-09
-1.127932665219143960e-09
-1.076677716261892876e-09
-1.027565722585756627e-09
-9.819984197449654450e-10
-9.409711639370704598e-10
-9.048004410056178572e-10
-8.730822931064259334e-10
-8.448309481827189982e-10
-8.187257266338722784e-10
-7.933578277217853498e-10
-7.674936386704335026e-10
-7.403620489469983020e-10
-7.118306410388190829e-10
-6.824017398115022241e-10
-6.530137166176097016e-10
-6.247642370412396640e-10
-5.985721498094451886e-10
-5.748784075776942554e-10
-5.535007960349379076e-10
-5.337719641952398844e-10
-5.148362121464626804e-10
-4.959400230962906111e-10
-4.767113453776026718e-10
-4.572757004140187043e-10
-4.381717758351791852e-10
-4.200382972888593510e-10
-4.032837954981799951e-10
-3.879144561223774893e-10
-3.735552535698131556e-10
-3.596682347322124317e-10
-3.458628203845120460e-10
-3.321027319363655860e-10
-3.186718079935703314e-10
-3.059390057266476074e-10
-2.941046922980569482e-10
-2.830989980340968373e-10
-2.726327191814581899e-10
-2.624207805047624843e-10
-2.523883967205767015e-10
-2.426796306165285638e-10
-2.334824984352296472e-10
-2.248606664108226337e-10
-2.167115869978846526e-10
-2.088770876688267446e-10
-2.012855755231462120e-10
-1.939826600642968227e-10
-1.870405113158127746e-10
-1.804641338092782698e-10
-1.741933703464705596e-10
-1.681714506169545173e-10
-1.623917501940114481e-10
-1.568724835162641924e-10
-1.516131198073655829e-10
-1.465878963167720806e-10
-1.417728425119670430e-10
-1.371609457401886551e-10
-1.327501662212773143e-10
-1.285321460586190385e-10
-1.244931718498483111e-10
-1.206208432215526447e-10
-1.169068758645396295e-10
-1.133444962008132581e-10
-1.099261421777706887e-10
-1.066437281549131828e-10
-1.034896436629710472e-10
-1.004566248080038494e-10
-9.753830372744202037e-11
-9.472863358763742878e-11
-9.202180905678028791e-11
-8.941221485145883188e-11
-8.689433417034064848e-11
-8.446274422633383686e-11
-8.211213238423395488e-11
-7.983745412037128027e-11
-7.763418071964502973e-11
-7.549831532740719926e-11
-7.342622298761372908e-11
-7.141445000586613115e-11
-6.945963981498010252e-11
-6.755854726649094772e-11
-6.570805585660899119e-11
-6.390522563506885097e-11
-6.214744603011067870e-11
-6.043247809599593926e-11
-5.875835917441279182e-11
-5.712327591738053786e-11
-5.552548639653813914e-11
-5.396331603438420658e-11
-5.243517259921520644e-11
-5.093956157291988349e-11
-4.947517997264745352e-11
-4.804097476990239057e-11
-4.663610042602642149e-11
-4.525983317603920263e-11
-4.391150651935340965e-11
-4.259049755328833669e-11
-4.129623856239283661e-11
-4.002821857085317521e-11
-3.878599984385002083e-11
-3.756924035762552136e-11
-3.637768486490383101e-11
-3.521113417709332273e-11
-3.406941725579029950e-11
-3.295238029589737234e-11
-3.185989066195020746e-11
-3.079183843165086987e-11
-2.974812650315009924e-11
-2.872865890410308914e-11
-2.773333773919770314e-11
-2.676204308763298089e-11
-2.581472104761457175e-11
-2.489125277117849118e-11
-2.399154265193748286e-11
-2.311549666611388858e-11
-2.226301294303804907e-11
-2.143395474305663047e-11
-2.062813996663926285e-11
-1.984535177897943089e-11
-1.908535492854785365e-11
-1.834790590908571588e-11
-1.763275368224003611e-11
-1.693963819651785687e-11
-1.626828839585731776e-11
-1.561840771137888571e-11
-1.498966378194768255e-11
-1.438169377882224736e-11
-1.379411683501959754e-11
-1.322654376251099291e-11
-1.267857942480111633e-11
-1.214982125917888231e-11
-1.163985917184602330e-11
-1.114827396433193039e-11
-1.067463449092405668e-11
-1.021849856199816320e-11
-9.779416557794868621e-12
-9.356935025673786540e-12
-8.950598225096011955e-12
-8.559947625139711467e-12
-8.184521758602993962e-12
-7.823860422170976055e-12
-7.477511997628621470e-12
-7.145035391300117595e-12
-6.825996793382495288e-12
-6.519965850953770107e-12
-6.226513781932143149e-12
-5.945213406428822490e-12
-5.675639327409595554e-12
-5.417370646530986204e-12
-5.170000786069173868e-12
-4.933142459082359036e-12
-4.706423770086019886e-12
-4.489481316161302048e-12
-4.281955571369424252e-12
-4.083490345018638179e-12
-3.893733549553156709e-12
-3.712338185691258596e-12
-3.538969700027990091e-12
-3.373312322213328300e-12
-3.215067027683275610e-12
-3.063944924681660656e-12
-2.919661854685317353e-12
-2.781936882880084378e-12
-2.650493123055168057e-12
-2.525058313418975832e-12
-2.405370088312930658e-12
-2.291183549508432540e-12
-2.182271191103278749e-12
-2.078416940980192581e-12
-1.979410315326729520e-12
-1.885043886200225048e-12
-1.795113760166805374e-12
-1.709420033748249652e-12
-1.627768327623333118e-12
-1.549974233391902939e-12
-1.475864424406844922e-12
-1.405273621440389996e-12
-1.338040802592714305e-12
-1.274007002929719467e-12
-1.213015261993627440e-12
-1.154911047384745076e-12
-1.099545083909544687e-12
-1.046784812516641214e-12
-9.965208846231395267e-13
-9.486631212980667698e-13
-9.031323097295092240e-13
-8.598543218547422411e-13
-8.187592392079832699e-13
-7.797824699510644791e-13
-7.428615128768799175e-13
-7.079150723313456679e-13
-6.748238994166170152e-13
-6.434322916456682000e-13
-6.135616450473042532e-13
-5.850226292864645411e-13
