# bin_1_5
-6.642727521991984907e-10
-6.737247837419161301e-10
-6.833736875069183583e-10
-6.932223934981245879e-10
-7.032738177901144601e-10
-7.135308560357944252e-10
-7.239963759369313130e-10
-7.346732103286848042e-10
-7.455641499330604476e-10
-7.566719346210570537e-10
-7.679992445683817910e-10
-7.795486930995738830e-10
-7.913228218265716079e-10
-8.033240957753916777e-10
-8.155549000405931151e-10
-8.280175440796996579e-10
-8.407142585192185304e-10
-8.536471882280024604e-10
-8.668183861786283065e-10
-8.802298070760225695e-10
-8.938833011268224840e-10
-9.077806081776737237e-10
-9.219233455646138078e-10
-9.363129875958656494e-10
-9.509508490992507411e-10
-9.658380760015509607e-10
-9.809756269908288392e-10
-9.963642492546256585e-10
-1.012004459064929429e-09
-1.027896529948346900e-09
-1.044040480105308481e-09
-1.060436080999068973e-09
-1.077082879105175840e-09
-1.093980185438836145e-09
-1.111127060718028756e-09
-1.128522302908313945e-09
-1.146164430389122082e-09
-1.164051672573521139e-09
-1.182181947304015256e-09
-1.200552820522954238e-09
-1.219161567846615518e-09
-1.238005219519695049e-09
-1.257080287661588962e-09
-1.276382628576140740e-09
-1.295907613575222288e-09
-1.315650140199915807e-09
-1.335604569202816791e-09
-1.355764792626713190e-09
-1.376124256436366907e-09
-1.396675943288001667e-09
-1.417412418890449080e-09
-1.438325745005806295e-09
-1.459407234571490888e-09
-1.480647515703568442e-09
-1.502036847799609971e-09
-1.523565099479372762e-09
-1.545221312837159614e-09
-1.566993598035771637e-09
-1.588869392029301400e-09
-1.610835463895114129e-09
-1.632877497320532122e-09
-1.654980072356830203e-09
-1.677127212200509042e-09
-1.699302682443034575e-09
-1.721491343886674362e-09
-1.743677341048059612e-09
-1.765840710733896801e-09
-1.787960182378741767e-09
-1.810014440887280420e-09
-1.831981299761810568e-09
-1.853837961714301309e-09
-1.875560817723644467e-09
-1.897125913969919163e-09
-1.918510003011559703e-09
-1.939687034528414898e-09
-1.960627979366814105e-09
-1.981304446500075935e-09
-2.001685593566485518e-09
-2.021741478820068284e-09
-2.041442754633288401e-09
-2.060756313932998272e-09
-2.079650340841573363e-09
-2.098093691842867247e-09
-2.116047279141929805e-09
-2.133469393654084054e-09
-2.150328811217452109e-09
-2.166591109213162478e-09
-2.182213063794665871e-09
-2.197157578449329033e-09
-2.211388990960099438e-09
-2.224864749268224716e-09
-2.237542169823260928e-09
-2.249381118853712512e-09
-2.260340757223459238e-09
-2.270384728649516756e-09
-2.279481034736309534e-09
-2.287572564515540107e-09
-2.294630169424235246e-09
-2.300662408208215514e-09
-2.305543112626684615e-09
-2.309205595580033989e-09
-2.311680430447409664e-09
-2.312927370248766156e-09
-2.312908519850446626e-09
-2.311595366908161424e-09
-2.308957280306447399e-09
-2.304967499905951821e-09
-2.299602180454242089e-09
-2.292840374071549144e-09
-2.284664693040596253e-09
-2.275061681810837159e-09
-2.264021961636441442e-09
-2.251540608049309065e-09
-2.237617545724933743e-09
-2.222257767292453320e-09
-2.205471463703883302e-09
-2.187274603589175405e-09
-2.167688220896676935e-09
-2.146738194416584030e-09
-2.124456607977487482e-09
-2.100882601445881404e-09
-2.076062368919931637e-09
-2.050048964747071960e-09
-2.022902221729414298e-09
-1.994688385465713859e-09
-1.965479227305981728e-09
-1.935351355787300869e-09
-1.904386605285907896e-09
-1.872671795539426956e-09
-1.840297651170858874e-09
-1.807357425017237677e-09
-1.773946921303966474e-09
-1.740164330227526337e-09
-1.706108050422726117e-09
-1.671878429748500756e-09
-1.637578713559497232e-09
-1.603308120175887776e-09
-1.569160658215899457e-09
-1.535223436205610467e-09
-1.501582799703385608e-09
-1.468318166391197380e-09
-1.435500416997687650e-09
-1.403192590818460422e-09
-1.371449909099087058e-09
-1.340314111721223892e-09
-1.309813787008778603e-09
-1.279966851444060589e-09
-1.250783517476559460e-09
-1.222262855653345170e-09
-1.194391060782909301e-09
-1.167164529481552812e-09
-1.140587324431670736e-09
-1.114643229374596558e-09
-1.089297934581416579e-09
-1.064525777892270659e-09
-1.040291780012483811e-09
-1.016545333506465404e-09
-9.932389897173069140e-10
-9.703281141892596819e-10
-9.477604602147414890e-10
-9.254845826781486332e-10
-9.034568516371514528e-10
-8.816400518026956810e-10
-8.600084910902074058e-10
-8.385334403207811782e-10
-8.171849745374878527e-10
-7.959527086623922899e-10
-7.747694797894865285e-10
-7.535732938711799225e-10
-7.323929293449003700e-10
-7.112395914314334136e-10
-6.901079514804236258e-10
-6.690142632486121678e-10
-6.479853781282302209e-10
-6.270558799673183562e-10
-6.062836066285379188e-10
-5.857451780314734097e-10
-5.655283155788517394e-10
-5.457274691431452512e-10
-5.264349629781415589e-10
-5.077328985324608843e-10
-4.896874593025733666e-10
-4.723455587438016443e-10
-4.557360613532907417e-10
-4.398731208829814865e-10
-4.247604276928282925e-10
-4.103947743534082578e-10
-3.967653042261224289e-10
-3.838525503100609073e-10
-3.716233826045273271e-10
-3.600274879431006178e-10
-3.489932558627535923e-10
-3.384267998222904323e-10
-3.282165240139976167e-10
-3.182393434684968168e-10
-3.083731092280928263e-10
-2.985137010616826216e-10
-2.885938370241326264e-10
-2.785967996215755848e-10
-2.685615005266900533e-10
-2.585755137423997067e-10
-2.487574063689833939e-10
-2.392320297340438098e-10
-2.301101216756509272e-10
-2.214817991455217802e-10
-2.134088958719289688e-10
-2.059158802983266668e-10
-1.989796352605623292e-10
-1.925240837511638090e-10
-1.864332538717995426e-10
-1.805681244386155499e-10
-1.748008500162763225e-10
-1.690382212016413454e-10
-1.632390114015527097e-10
-1.574150975494318366e-10
-1.516294459164249546e-10
-1.459797382563819298e-10
-1.405697085760550394e-10
-1.354811841213706268e-10
-1.307525899120922560e-10
-1.263695021449067233e-10
-1.222644509211105607e-10
-1.183392161212104862e-10
-1.144976197475661790e-10
-1.106805444287566918e-10
-1.068785222287841568e-10
-1.031313692364720336e-10
-9.951010357284649979e-11
-9.607965428914718692e-11
-9.286925148022779436e-11
-8.985858204796220276e-11
-8.699494665572004349e-11
-8.421925307712780296e-11
-8.149358875901761930e-11
-7.881875237892395108e-11
-7.622620635517955347e-11
-7.374942428451593932e-11
-7.140246292807053275e-11
-6.917303045413123887e-11
-6.703201402673040565e-11
-6.495443622538388641e-11
-6.293308749472793665e-11
-6.097793358829418114e-11
-5.910244488269290725e-11
-5.731024844976787890e-11
-5.559026233463841915e-11
-5.392823214976957562e-11
-5.231773694661307731e-11
-5.076106822430373334e-11
-4.926185846698627484e-11
-4.781908537813505543e-11
-4.642661559784558166e-11
-4.507878990538054852e-11
-4.377415602254518510e-11
-4.251313346769352395e-11
-4.129458631958159615e-11
-4.011508780133848891e-11
-3.897191361508765981e-11
-3.786381935140258342e-11
-3.679005674667400227e-11
-3.574887593319729758e-11
-3.473820563406996591e-11
-3.375657951735683545e-11
-3.280276094404660504e-11
-3.187556264119437143e-11
-3.097384084440791303e-11
-3.009649759139080018e-11
-2.924248615238887452e-11
-2.841081330749393613e-11
-2.760054178355984962e-11
-2.681079971136418717e-11
-2.604077201840580368e-11
-2.528968690121008858e-11
-2.455681293226346803e-11
-2.384145999091823347e-11
-2.314298576837355558e-11
-2.246080174575544060e-11
-2.179437723756351549e-11
-2.114324573908307260e-11
-2.050699238332044035e-11
-1.988522835949374771e-11
-1.927758571221421920e-11
-1.868371684493910755e-11
-1.810329752272001276e-11
-1.753603056747637094e-11
-1.698164793858066711e-11
-1.643991470696068230e-11
-1.591062727250044525e-11
-1.539359544293025609e-11
-1.488863626196049459e-11
-1.439557361983237642e-11
-1.391423936675423142e-11
-1.344447565655322652e-11
-1.298613663062827291e-11
-1.253909060535512324e-11
-1.210322101383872879e-11
-1.167841537697614982e-11
-1.126455888006353197e-11
-1.086153435910399400e-11
-1.046922254345771459e-11
-1.008750250676345542e-11
-9.716252250622679199e-12
-9.355349456227418944e-12
-9.004672397453175934e-12
-8.664097355635473969e-12
-8.333495706252631113e-12
-8.012734151560985035e-12
-7.701674945290640112e-12
-7.400175528981873308e-12
-7.108088367936275133e-12
-6.825261048812093657e-12
-6.551536278259969727e-12
-6.286756365564967190e-12
-6.030748057012254421e-12
-5.783347574672540888e-12
-5.544384372568268683e-12
-5.313684945225470754e-12
-5.091072330179353201e-12
-4.876365876828109738e-12
-4.669380835298746496e-12
-4.469928732873634366e-12
-4.277820277817034459e-12
-4.092866588331559416e-12
-3.914879302210568269e-12
-3.743670531433943930e-12
-3.579052653235805446e-12
-3.420838147131840421e-12
-3.268839332366116508e-12
-3.122868144991573401e-12
-2.982737817963210706e-12
-2.848264191199464130e-12
-2.719265768751455407e-12
-2.595563783625312804e-12
-2.476982370424551791e-12
-2.363348633883543383e-12
-2.254492612697685173e-12
-2.150247086680263595e-12
-2.050447746343659669e-12
-1.954933737617929953e-12
-1.863547709518834573e-12
-1.776135847933267803e-12
-1.692548236457069726e-12
-1.612639203465200774e-12
-1.536267503243906959e-12
-1.463296399900242924e-12
-1.393593240403269829e-12
-1.327028822613465166e-12
-1.263477264012172411e-12
-1.202815952210685224e-12
-1.144925842776923663e-12
-1.089691887331220676e-12
-1.037003291197152212e-12
-9.867537178426819611e-13
-9.388410785295238156e-13
-8.931665270970082025e-13
-8.496341734088233502e-13
-8.081510579755184968e-13
-7.686273546945709858e-13
-7.309767609360686701e-13
-6.951167413522717018e-13
-6.609687148025315760e-13
-6.284580664194567175e-13
-5.975131208699182330e-13
-5.680642480351569909e-13
-5.400435388449629719e-13
-5.133847468017255437e-13
-4.880235560577806817e-13
-4.638978762891613457e-13
-4.409399733896695555e-13
-4.187435050522690247e-13
-3.968123897844641053e-13
-3.755155777342249863e-13
-3.550232374614266826e-13
-3.354396800842034316e-13
-3.167645055607404268e-13
-2.989567612904491611e-13
-2.819434038809560944e-13
-2.655422352509444594e-13
-2.494259340440247150e-13
-2.339306016072161073e-13
-2.190923789134937510e-13
-2.047576586397340672e-13
-1.905643270820112495e-13
-1.768793956955604844e-13
-1.636718248422691847e-13
-1.505761575647476218e-13
-1.374897872453163010e-13
-1.254581351510097032e-13
-1.146646893130474680e-13
-1.036954859871566828e-13
-9.329156579201956894e-14
-8.376371819517828708e-14
-7.469956783889226443e-14
-6.592745046253759312e-14
-5.789789390370922581e-14
-5.066082121069996977e-14
-4.378134525134707133e-14
-3.684073743444013717e-14
-2.879619347939054342e-14
-2.043769119792077878e-14
