# bin_1_2
-5.687833632421393350e-08
-5.769142944413802476e-08
-5.852159393794712314e-08
-5.936909095559759289e-08
-6.023418106776940215e-08
-6.111712384267160119e-08
-6.201817728524449926e-08
-6.293759721877137655e-08
-6.387563655619358248e-08
-6.483254437742145265e-08
-6.580856497308204816e-08
-6.680393711038265059e-08
-6.781889368565561039e-08
-6.885366156808059603e-08
-6.990846132079203456e-08
-7.098350716625192829e-08
-7.207900670745416150e-08
-7.319516059676319218e-08
-7.433216224709191066e-08
-7.549019743293364988e-08
-7.666944389607912160e-08
-7.787007103988387107e-08
-7.909223924452849680e-08
-8.033609853606431914e-08
-8.160178706459339584e-08
-8.288942961284266052e-08
-8.419913528769319052e-08
-8.553099480095819779e-08
-8.688507851158668975e-08
-8.826143588451038492e-08
-8.966009546538611690e-08
-9.108106509699724109e-08
-9.252433248005793637e-08
-9.398986463500133673e-08
-9.547760739605704869e-08
-9.698748476233885305e-08
-9.851939785265638024e-08
-1.000732244684585371e-07
-1.016488179536268395e-07
-1.032460045765751004e-07
-1.048645848888891261e-07
-1.065043346361052851e-07
-1.081649901272437572e-07
-1.098462382691769124e-07
-1.115477238881710496e-07
-1.132690534111800082e-07
-1.150097919359803718e-07
-1.167694638712483522e-07
-1.185475547584413418e-07
-1.203435112121397541e-07
-1.221567411762472408e-07
-1.239866073963601350e-07
-1.258324163864286182e-07
-1.276934207645830436e-07
-1.295688317810620602e-07
-1.314578207390951091e-07
-1.333594983182890443e-07
-1.352728999016175509e-07
-1.371969967549805760e-07
-1.391307076192665019e-07
-1.410728623608817333e-07
-1.430221710325831407e-07
-1.449773030765032241e-07
-1.469369348297820489e-07
-1.488997244091884030e-07
-1.508642481961356602e-07
-1.528288975283324550e-07
-1.547919601302024780e-07
-1.567516458525061919e-07
-1.587060755701553461e-07
-1.606533072604403747e-07
-1.625913261785082707e-07
-1.645181091505476287e-07
-1.664316430363131955e-07
-1.683296675278102464e-07
-1.702097593799057774e-07
-1.720695245553331690e-07
-1.739064238400884366e-07
-1.757180354900245280e-07
-1.775019722360475695e-07
-1.792555391145750192e-07
-1.809761043228679148e-07
-1.826611012005386958e-07
-1.843070088936863968e-07
-1.859099149321788506e-07
-1.874672255535075654e-07
-1.889760487926625638e-07
-1.904324412812436639e-07
-1.918329924222227288e-07
-1.931745635502509831e-07
-1.944534531406684322e-07
-1.956658179801325525e-07
-1.968080502548577553e-07
-1.978765073324897114e-07
-1.988679148261016085e-07
-1.997791583132132186e-07
-2.006052862301986674e-07
-2.013430999281027289e-07
-2.019912110755951459e-07
-2.025413789137518350e-07
-2.029891055149830112e-07
-2.033342947949400444e-07
-2.035731708192641901e-07
-2.037022209071936581e-07
-2.037183946505318894e-07
-2.036185912883882392e-07
-2.033999596249888900e-07
-2.030598575410300964e-07
-2.025958725160622962e-07
-2.020058646050947400e-07
-2.012879915695582310e-07
-2.004407359137843642e-07
-1.994629449268610374e-07
-1.983538623968779289e-07
-1.971131477697419354e-07
-1.957409028235038220e-07
-1.942377253280410940e-07
-1.926046906773441472e-07
-1.908433501846530595e-07
-1.889558083850443494e-07
-1.869447833744447227e-07
-1.848136300424138357e-07
-1.825663555783505618e-07
-1.802076352076611327e-07
-1.777428004284602555e-07
-1.751777959266320276e-07
-1.725191504828427400e-07
-1.697739937843824430e-07
-1.669500324921615652e-07
-1.640554812225035314e-07
-1.610989474863777253e-07
-1.580893769154850094e-07
-1.550360359549746775e-07
-1.519483642329480650e-07
-1.488360133712981805e-07
-1.457091320393574127e-07
-1.425781084402520870e-07
-1.394530941630729220e-07
-1.363440497901422297e-07
-1.332608270630453231e-07
-1.302129254525421176e-07
-1.272091633282524715e-07
-1.242576694915064488e-07
-1.213657964059430322e-07
-1.185397138460462391e-07
-1.157842814032232582e-07
-1.131030296818629020e-07
-1.104984815478541463e-07
-1.079720990876931729e-07
-1.055241082704291324e-07
-1.031546425173615282e-07
-1.008634332270576275e-07
-9.864733890737894109e-08
-9.650116854938805672e-08
-9.442044740137954679e-08
-9.239916180501137220e-08
-9.042885457991222184e-08
-8.850088884945889945e-08
-8.660647280349033814e-08
-8.473551091926809684e-08
-8.287777599208236361e-08
-8.102397048268213047e-08
-7.916582841836470714e-08
-7.729679114819765550e-08
-7.541108552689846286e-08
-7.350409827159519102e-08
-7.157361224312585037e-08
-6.961661494514909803e-08
-6.763323055282709892e-08
-6.562945421852460471e-08
-6.361157002481911358e-08
-6.158652776682129515e-08
-5.956352737583426393e-08
-5.755307443130221157e-08
-5.556655251852907253e-08
-5.361641053462554417e-08
-5.171523663802294786e-08
-4.987475832074077529e-08
-4.810500891302462461e-08
-4.641335082571640278e-08
-4.480375233288680939e-08
-4.327647511189739907e-08
-4.182824388681543493e-08
-4.045299550868795925e-08
-3.914295852021009712e-08
-3.788984962081390454e-08
-3.668593346117165771e-08
-3.552466938977680133e-08
-3.440105054344773713e-08
-3.331167483104632807e-08
-3.225446214785044851e-08
-3.122802672464918851e-08
-3.023095615845461264e-08
-2.926106324924870253e-08
-2.831495660142497924e-08
-2.738816850392139784e-08
-2.647591561433910763e-08
-2.557434033666259245e-08
-2.468164974523640808e-08
-2.379889867855821727e-08
-2.293005154317833404e-08
-2.208134671762951908e-08
-2.125999580797183911e-08
-2.047297128128347349e-08
-1.972629542761268408e-08
-1.902397956411215926e-08
-1.836690327438021356e-08
-1.775197178152611218e-08
-1.717225640508486999e-08
-1.661842075276733069e-08
-1.608040882551417127e-08
-1.554987010143044366e-08
-1.502186661529534801e-08
-1.449570442043243776e-08
-1.397436761594587961e-08
-1.346360168821963559e-08
-1.297027423958965595e-08
-1.250043068387548153e-08
-1.205773680899443937e-08
-1.164268840553117845e-08
-1.125262675047569425e-08
-1.088225202359511061e-08
-1.052518973712428034e-08
-1.017587535936746680e-08
-9.831381593654538405e-09
-9.492030420801065856e-09
-9.161129123521646589e-09
-8.843343153299045635e-09
-8.542274761055674594e-09
-8.258792767437618120e-09
-7.990588253266133062e-09
-7.733608713522340992e-09
-7.484051417196958430e-09
-7.240086072673487067e-09
-7.002519234056171963e-09
-6.773639481490527713e-09
-6.555255932371831870e-09
-6.347579625189660519e-09
-6.149232646870701182e-09
-5.958175910832516728e-09
-5.773010439603425624e-09
-5.593582491310493725e-09
-5.420626890216391820e-09
-5.254799148243512811e-09
-5.095953786760024628e-09
-4.943155006616764728e-09
-4.795505051373010413e-09
-4.652713707452344860e-09
-4.514937988030246040e-09
-4.382261366904294988e-09
-4.254434469598979963e-09
-4.130990001199683225e-09
-4.011584129560019230e-09
-3.896111392312022637e-09
-3.784522035732683235e-09
-3.676645955262058665e-09
-3.572219707325783444e-09
-3.471048240206624692e-09
-3.373018061292380002e-09
-3.278023006511885842e-09
-3.185900242884231314e-09
-3.096484440878157656e-09
-3.009647790934054956e-09
-2.925276186524919369e-09
-2.843260247478300652e-09
-2.763494931170032684e-09
-2.685879753441607110e-09
-2.610319276492982749e-09
-2.536723193426069856e-09
-2.465006373574360452e-09
-2.395089334857022537e-09
-2.326897786898663080e-09
-2.260361952844416501e-09
-2.195416259321134258e-09
-2.131999585000191277e-09
-2.070054696633526850e-09
-2.009530148295473408e-09
-1.950379207580056686e-09
-1.892560129227715526e-09
-1.836035194060323650e-09
-1.780769392275645639e-09
-1.726730104105126074e-09
-1.673887007334491762e-09
-1.622212311854098746e-09
-1.571680978968717449e-09
-1.522270691326969890e-09
-1.473961843978170135e-09
-1.426737176564539033e-09
-1.380580739481127584e-09
-1.335477540520767091e-09
-1.291413485020424438e-09
-1.248375441195960621e-09
-1.206351387892318430e-09
-1.165330435038512207e-09
-1.125302789943790650e-09
-1.086259578443087393e-09
-1.048192126458166321e-09
-1.011091603916312835e-09
-9.749490299078035344e-10
-9.397552841066400331e-10
-9.055011291338421140e-10
-8.721772314478184108e-10
-8.397741580932203809e-10
-8.082823367394663067e-10
-7.776918329246430674e-10
-7.479921708891362004e-10
-7.191723627300480661e-10
-6.912209323346995196e-10
-6.641258806217166110e-10
-6.378746828421042351e-10
-6.124543135702881871e-10
-5.878512577666154689e-10
-5.640515394075398127e-10
-5.410407734420663870e-10
-5.188042089339688610e-10
-4.973267562922224810e-10
-4.765929632698844157e-10
-4.565869888193079888e-10
-4.372926202000405868e-10
-4.186932962250260782e-10
-4.007721825682891418e-10
-3.835123519783821675e-10
-3.668968568271588364e-10
-3.509087385481841352e-10
-3.355310286237147346e-10
-3.207467384254358119e-10
-3.065388631485620306e-10
-2.928903954042733167e-10
-2.797843567619376687e-10
-2.672039208440005612e-10
-2.551324914896725167e-10
-2.435537002479448474e-10
-2.324514116693343144e-10
-2.218097413107958543e-10
-2.116130621082335622e-10
-2.018460080449315484e-10
-1.924934779144601448e-10
-1.835406630858921036e-10
-1.749730853930904264e-10
-1.667765915575557618e-10
-1.589373494651731185e-10
-1.514418785811387195e-10
-1.442770724013403378e-10
-1.374302040072005286e-10
-1.308889254423546006e-10
-1.246412445011254438e-10
-1.186755011696827950e-10
-1.129803572329522970e-10
-1.075447839304743774e-10
-1.023580857211317885e-10
-9.740993020538627181e-11
-9.269035673583896458e-11
-8.818977824210871722e-11
-8.389896018143813481e-11
-7.980897252965689841e-11
-7.591117696568567926e-11
-7.219721671266879385e-11
-6.865903148650203947e-11
-6.528888745873474680e-11
-6.207938521039189684e-11
-5.902345716746136326e-11
-5.611434694018299883e-11
-5.334556513755235600e-11
-5.071081450311185372e-11
-4.820398059714001283e-11
-4.581911876876193621e-11
-4.355047350280272008e-11
-4.139249702153970466e-11
-3.933978419529058432e-11
-3.737081775814138746e-11
-3.545718667166737170e-11
-3.360965022001276169e-11
-3.183470871908431914e-11
-3.013859284330954263e-11
-2.852290463765095624e-11
-2.698871987009829618e-11
-2.553262834854820259e-11
-2.414533071111928619e-11
-2.280975904193779833e-11
-2.153871721342526103e-11
-2.032819521153352571e-11
-1.916227969292437705e-11
-1.799835465944567659e-11
-1.682602578868940528e-11
-1.562591248273287718e-11
-1.435770350811117325e-11
-1.301477302869692423e-11
-1.174539755507989286e-11
-1.059761218645595364e-11
-9.408270465399004021e-12
-8.278975641026445268e-12
-7.257966081037508671e-12
-6.302379121831207944e-12
-5.393145356055748913e-12
-4.581918454098454806e-12
-3.873700281085772644e-12
-3.223982603986165244e-12
-2.596282839324322953e-12
-1.904242798798931704e-12
-1.243048855201926001e-12
