# k_h
6.966631190152838826e-05
9.722717368276788429e-05
1.356914435746148229e-04
1.893726730486378074e-04
2.642908657435327768e-04
3.688475990202277899e-04
5.147682968527078629e-04
7.184169953688980233e-04
1.002631732262670994e-03
1.399285276420414448e-03
1.952859922312200069e-03
2.725435653701425032e-03
3.803651779890060425e-03
3.932577092200517654e-03
4.065872170031070709e-03
4.203685559332370758e-03
4.346169531345367432e-03
4.493483807891607285e-03
4.645790904760360718e-03
4.803260322660207748e-03
4.966067615896463394e-03
5.134392995387315750e-03
5.308423656970262527e-03
5.488353315740824613e-03
5.674381740391255292e-03
5.866715684533118334e-03
6.065568421036005020e-03
6.271161604672670364e-03
6.483723409473896027e-03
6.703489925712347031e-03
6.930705625563859940e-03
7.165622431784868240e-03
7.408502046018838882e-03
7.659614086151123047e-03
7.919237948954105377e-03
8.187660947442054749e-03
8.465182967483997345e-03
8.752111345529556274e-03
9.048764593899250031e-03
9.355473332107067108e-03
9.672578424215316772e-03
1.000043191015720367e-02
1.033939793705940247e-02
1.068985275924205780e-02
1.105218660086393356e-02
1.142680179327726364e-02
1.181411463767290115e-02
1.221455447375774384e-02
1.262856833636760712e-02
1.305661536753177643e-02
1.349917054176330566e-02
1.395672652870416815e-02
1.442979183048009872e-02
1.491889078170061111e-02
1.542456820607185364e-02
1.594738662242889404e-02
1.648792438209056854e-02
1.704678498208522797e-02
1.762458682060241699e-02
1.822197437286376953e-02
1.883961074054241180e-02
1.947818137705326080e-02
2.013839595019817352e-02
2.082099020481109619e-02
2.152672037482261658e-02
2.225637063384056091e-02
2.301075309514999737e-02
2.379070408642292370e-02
2.459709346294402729e-02
2.543081343173980366e-02
2.629279531538486481e-02
2.718399278819561005e-02
2.810539677739143372e-02
2.905803173780441284e-02
3.004295751452445984e-02
3.106126748025417328e-02
3.211409226059913635e-02
3.320260345935821533e-02
3.432800993323326111e-02
3.549155965447425842e-02
3.669454902410507202e-02
3.793831542134284973e-02
3.922424092888832092e-02
4.055375233292579651e-02
4.192832484841346741e-02
4.334948956966400146e-02
4.481882601976394653e-02
4.633796587586403587e-02
4.790859669446945884e-02
4.953246191143989563e-02
5.121137201786041260e-02
5.294718593358994224e-02
5.474183708429335854e-02
5.659731850028038719e-02
5.917755141854285500e-02
6.175778433680533669e-02
6.433802098035812378e-02
6.691825389862060547e-02
6.949848681688308716e-02
7.207871973514556885e-02
7.465895265340805054e-02
7.723918557167053223e-02
7.981942594051361084e-02
8.239965885877609253e-02
8.497989177703857422e-02
8.756012469530105591e-02
9.014035761356353760e-02
9.272059053182603316e-02
9.530082345008850098e-02
9.788105636835099654e-02
1.004612967371940613e-01
1.030415296554565430e-01
1.056217625737190247e-01
1.082019954919815063e-01
1.107822284102439880e-01
1.133624613285064697e-01
1.159426942467689514e-01
1.185229271650314331e-01
1.211031675338744978e-01
1.236834004521369934e-01
1.262636333703994751e-01
1.288438588380813599e-01
1.314240992069244385e-01
1.340043395757675171e-01
1.365845650434494019e-01
1.391648054122924805e-01
1.417450308799743652e-01
1.443252712488174438e-01
1.469054967164993286e-01
1.494857370853424072e-01
1.520659774541854858e-01
1.546462029218673706e-01
1.572264432907104492e-01
1.598066687583923340e-01
1.623869091272354126e-01
1.649671345949172974e-01
1.675473749637603760e-01
1.701276153326034546e-01
1.727078408002853394e-01
1.752880811691284180e-01
1.778683066368103027e-01
1.804485470056533536e-01
1.830287724733352661e-01
1.856090128421783447e-01
1.881892383098602295e-01
1.907694786787032803e-01
1.933497190475464145e-01
1.959299445152282715e-01
1.985101848840713501e-01
2.010904103517532349e-01
2.036706507205962857e-01
2.062508761882781982e-01
2.088311165571212769e-01
2.171832621097564697e-01
2.258694618940353394e-01
2.349030673503875732e-01
2.442979514598846436e-01
2.540685832500457764e-01
2.642300128936767578e-01
2.747978270053863525e-01
2.857882976531982422e-01
2.972183525562286377e-01
3.091055154800415039e-01
3.214681446552276611e-01
3.343251645565032959e-01
3.476964235305786133e-01
3.616024851799011230e-01
3.760646879673004150e-01
3.911052942276000977e-01
4.067474603652954102e-01
4.230152368545532227e-01
4.399336576461791992e-01
4.575286805629729669e-01
4.758274555206298273e-01
4.948580563068389893e-01
5.146498084068298340e-01
5.352330803871154785e-01
5.566396117210388184e-01
5.789023041725158691e-01
6.020553708076477051e-01
6.261343955993652344e-01
7.752171754837036133e-01
9.597965478897095837e-01
1.188324332237243652e+00
1.471264719963073730e+00
1.821573138236999512e+00
2.255290031433105469e+00
2.792275190353393999e+00
3.457116603851318359e+00
4.280256748199462891e+00
5.299386978149414062e+00
6.561172485351562500e+00
8.123389244079589844e+00
1.005756950378417969e+01
1.245228004455566406e+01
1.541717052459716797e+01
1.908800315856933594e+01
2.363286018371582031e+01
