# bin_1_1
4.070888844591250929e-08
4.083445080537665910e-08
4.096242455680812852e-08
4.109285528296082513e-08
4.122578939885768052e-08
4.136127416578164933e-08
4.149935770549143679e-08
4.164008901460190127e-08
4.178351797913804571e-08
4.192969538926695214e-08
4.207867295422365363e-08
4.223050331742531226e-08
4.238524007175811246e-08
4.254293777500624401e-08
4.270365196549934685e-08
4.286743917793606593e-08
4.303435695938348447e-08
4.320446388551366692e-08
4.337781957697597205e-08
4.355448471590980803e-08
4.373452106263932098e-08
4.391799147251073570e-08
4.410495991294063419e-08
4.429549148065680830e-08
4.448965241910024725e-08
4.468751013596085710e-08
4.488913322087655826e-08
4.509459146325599691e-08
4.530395587020663920e-08
4.551729868464413719e-08
4.573469340360776192e-08
4.595621479656426266e-08
4.618193892283281030e-08
4.641194314916535808e-08
4.664630616813842681e-08
4.688510801684878297e-08
4.712843009581892957e-08
4.737635518784329141e-08
4.762896747693034673e-08
4.788635256729493230e-08
4.814859750210953453e-08
4.841579078156764428e-08
4.868802238117547971e-08
4.896538377070817327e-08
4.924796793305914009e-08
4.953586938309822754e-08
4.982918418650619426e-08
5.012800997864860937e-08
5.043244598339898252e-08
5.074259303203302495e-08
5.105855358172832551e-08
5.138043173396259448e-08
5.170833325319226870e-08
5.204236558377004916e-08
5.238263786382874376e-08
5.272926094133567832e-08
5.308234739143553078e-08
5.344201153376363828e-08
5.380836944941507804e-08
5.418153899740820855e-08
5.456163982726196399e-08
5.494879338840409402e-08
5.534312294364745801e-08
5.574475358346487934e-08
5.615381224012353791e-08
5.657042770097144952e-08
5.699473062142441327e-08
5.742685353800441614e-08
5.786693087972449700e-08
5.831509898004936798e-08
5.877149608437851377e-08
5.923626235111330099e-08
5.970953985726155030e-08
6.019147260612137598e-08
6.068220653462895185e-08
6.118188951828873277e-08
6.169067135922383140e-08
6.220870377168169633e-08
6.273614038144196986e-08
6.327313672763250016e-08
6.381985026170060655e-08
6.437644034593008357e-08
6.494306825157404927e-08
6.551989715508179719e-08
6.610709213156470482e-08
6.670482013386758468e-08
6.731324997477834554e-08
6.793255231417417468e-08
6.856289964698717182e-08
6.920446627086111064e-08
6.985742821219569515e-08
7.052196318538545496e-08
7.119825057398860137e-08
7.188647140657344618e-08
7.258680833159873964e-08
7.329944559169953690e-08
7.402456899688884902e-08
7.476236588387794599e-08
7.551302506124783470e-08
7.627673676086425633e-08
7.705369259527668051e-08
7.784408547479920601e-08
7.864810943945013172e-08
7.946595956721327238e-08
8.029783192793705222e-08
8.114392352383720349e-08
8.200443223507777154e-08
8.287955676251833151e-08
8.376949656514721145e-08
8.467445176876709223e-08
8.559462306689209974e-08
8.653021163337228009e-08
8.748141895185716078e-08
8.844844650829220508e-08
8.943149564632484836e-08
9.043076748619519062e-08
9.144646282553192126e-08
9.247878205001900990e-08
9.352792504532373513e-08
9.459409108807495480e-08
9.567747869137247555e-08
9.677828545411057209e-08
9.789670781848734365e-08
9.903294057021877326e-08
1.001871765863201622e-07
1.013596067186767930e-07
1.025504196537672790e-07
1.037598017896884496e-07
1.049879371254713312e-07
1.062350071157346878e-07
1.075011904398499343e-07
1.087866627653073553e-07
1.100915961530405044e-07
1.114161584368297543e-07
1.127605130453978491e-07
1.141248188243955147e-07
1.155092298781715087e-07
1.169138954418474182e-07
1.183389597587942249e-07
1.197845617933479520e-07
1.212508349013565434e-07
1.227379060222634141e-07
1.242458948144527238e-07
1.257749134349638079e-07
1.273250663272954216e-07
1.288964500457899752e-07
1.304891531555266812e-07
1.321032561128914434e-07
1.337388308763835350e-07
1.353959403588411647e-07
1.370746371148129949e-07
1.387749626034711029e-07
1.404969469902324234e-07
1.422406089217975184e-07
1.440059553946097750e-07
1.457929817831232505e-07
1.476016715375858959e-07
1.494319956266901302e-07
1.512839111732747918e-07
1.531573601111876676e-07
1.550522689293988781e-07
1.569685484294862120e-07
1.589060935950852472e-07
1.608647837409128597e-07
1.628444823488724631e-07
1.648450364169565108e-07
1.668662749120555586e-07
1.689080070675653483e-07
1.709700220889218120e-07
1.730520889195562870e-07
1.751539561672880083e-07
1.772753524616648628e-07
1.794159863238366559e-07
1.815755453563091487e-07
1.837536942148766090e-07
1.859500729150263108e-07
1.881642966132120483e-07
1.903959554090954484e-07
1.926446144607835856e-07
1.949098146455949631e-07
1.971910722176069250e-07
1.994878776117450317e-07
2.017996927771368091e-07
2.041259500551909875e-07
2.064660520298018954e-07
2.088193714552376799e-07
2.111852518796234188e-07
2.135630083392047138e-07
2.159519265552025650e-07
2.183512607602437125e-07
2.207602311129117322e-07
2.231780233849138395e-07
2.256037888400097587e-07
2.280366445783812789e-07
2.304756749041977853e-07
2.329199312021925730e-07
2.353684303512051569e-07
2.378201514351168412e-07
2.402740346654010674e-07
2.427289813189698040e-07
2.451838539144383765e-07
2.476374776945465481e-07
2.500886414878749683e-07
2.525359990230724383e-07
2.549784547649030720e-07
2.574145793359288868e-07
2.598429971169547047e-07
2.622622896335081296e-07
2.646709969532467629e-07
2.670676194373863344e-07
2.694506168336870748e-07
2.718184054569056580e-07
2.741693555638990710e-07
2.765017912712595017e-07
2.788139906708494734e-07
2.811041871630183104e-07
2.833705718755954630e-07
2.856112931562547152e-07
2.878244545702424352e-07
2.900081127079342765e-07
2.921602771013530930e-07
2.942789103751462621e-07
2.963619295922951446e-07
2.984072091922563326e-07
3.004125809814130997e-07
3.023758339747325975e-07
3.042947146716422099e-07
3.061669272428403402e-07
3.079901336970530582e-07
3.097619552902167681e-07
3.114799759605183645e-07
3.131417431266811160e-07
3.147447718788794473e-07
3.162866173952960809e-07
3.177646116929012788e-07
3.191762587892494796e-07
3.205189733792976423e-07
3.217901504750181280e-07
3.229871678886242792e-07
3.241073996672450127e-07
3.251482324541436651e-07
3.261070667405205106e-07
3.269813165258538723e-07
3.277684105828035395e-07
3.284657978431954407e-07
3.290709533435932346e-07
3.295814072229576922e-07
3.299947719389480933e-07
3.303087428203859661e-07
3.305210967259783101e-07
3.306296930015386764e-07
3.306324812601619247e-07
3.305275128613447965e-07
3.303129860222095513e-07
3.299872755200122872e-07
3.295489309316288997e-07
3.289966735511953575e-07
3.283293975539851295e-07
3.275461808904110445e-07
3.266463009355834675e-07
3.256292783167694241e-07
3.244948942247034224e-07
3.232431861311540963e-07
3.218744429536454666e-07
3.203892076769842085e-07
3.187882891528338059e-07
3.170727706966699969e-07
3.152440220768256112e-07
3.133036988763309704e-07
3.112537379706146188e-07
3.090963525726145848e-07
3.068340352008909905e-07
3.044695643771933329e-07
3.020059890013839437e-07
2.994466008723594436e-07
2.967949275132179294e-07
2.940547306125468263e-07
2.912300014389173837e-07
2.883249568414453441e-07
2.853440364918080440e-07
2.822918614768502700e-07
2.791731969316896328e-07
2.759929508241241264e-07
2.727561757117502020e-07
2.694680564641262830e-07
2.661338920307603701e-07
2.627590831680046049e-07
2.593490767469129510e-07
2.559093421676857513e-07
2.524453768204856334e-07
2.489627060703351770e-07
2.454668474893534705e-07
2.419632816623810562e-07
2.384574152085413370e-07
2.349544982550619300e-07
2.314596148405068086e-07
2.279776903392095296e-07
2.245134809842436432e-07
2.210715119579026867e-07
2.176560411554603939e-07
2.142709643164258088e-07
2.109197162886761482e-07
2.076052761817652043e-07
2.043301772686451391e-07
2.010964848444497069e-07
1.979057317991544123e-07
1.947588899548465547e-07
1.916563356713417472e-07
1.885978397000291127e-07
1.855825833226869398e-07
1.826091736910894797e-07
1.796756282913417741e-07
1.767793516291968259e-07
1.739172833418611235e-07
1.710862454823932205e-07
1.682830226998882887e-07
1.655043698777654857e-07
1.627470211131182241e-07
1.600077163342007020e-07
1.572832716340276099e-07
1.545709254804276983e-07
1.518686921784160977e-07
1.491753663921718489e-07
1.464904845815322093e-07
1.438143302970761326e-07
1.411480078380170888e-07
1.384934108258284036e-07
1.358529543990774133e-07
1.332294482091536290e-07
1.306260448195159391e-07
1.280461980709353673e-07
1.254937203763355096e-07
1.229727676900662548e-07
1.204873803665100587e-07
1.180406588372761019e-07
1.156346136202944979e-07
1.132701855459228234e-07
1.109473490682275274e-07
1.086651474905024641e-07
1.064216873605664684e-07
1.042142594767654339e-07
1.020394326189006075e-07
9.989310206500633032e-08
9.777059403308957245e-08
9.566679254113212570e-08
9.357628510434190430e-08
9.149377105359274241e-08
8.941527500576504051e-08
8.733850917688240074e-08
8.526285884743179551e-08
8.318935210274842941e-08
8.112070022852341362e-08
7.906141824572697438e-08
7.701710382289106280e-08
7.499340706981376175e-08
7.299589684236543232e-08
7.102989342004999500e-08
6.910025590805284533e-08
6.721097989225310680e-08
6.536499113527485134e-08
6.356442926841282335e-08
6.181079505935099732e-08
6.010511635135443322e-08
5.844807480207674514e-08
5.683963213427716181e-08
5.527881089562474642e-08
5.376411515580104777e-08
5.229424510966098846e-08
5.086826285619294692e-08
4.948562001496170727e-08
4.814622452630937296e-08
4.685067033611434115e-08
4.560016440584868060e-08
4.439558693511184332e-08
4.323660847349949684e-08
4.212144188083479168e-08
4.104664317888414589e-08
4.000765886925778830e-08
3.899936900400043654e-08
3.801620926052707017e-08
3.705288368294994673e-08
3.610466550256837160e-08
3.516753171344145228e-08
3.423835479761148541e-08
3.331498834613331739e-08
3.239670173067500178e-08
3.148430453990331055e-08
3.058005291607646549e-08
2.968778377330413684e-08
2.881288503060899906e-08
2.796148594144785568e-08
2.713888965305808449e-08
2.634899288947928098e-08
2.559416108754463610e-08
2.487505198590097059e-08
2.419048811841716175e-08
2.353750769212933575e-08
2.291243681948361123e-08
2.231167684415937888e-08
2.173177474776027529e-08
2.116947721118415264e-08
2.062179036211700762e-08
2.008602280249039861e-08
1.955991334980039383e-08
1.904179397348052990e-08
1.853080014663550303e-08
1.802696162978047163e-08
1.753124859987821564e-08
1.704562441088285661e-08
1.657295002776285102e-08
1.611623922495591037e-08
1.567776957081602161e-08
1.525882354749417911e-08
1.485959859711382604e-08
1.447912673994200490e-08
1.411522903731919421e-08
1.376478403407765100e-08
1.342475741769690703e-08
1.309276578304927589e-08
1.276718216378700682e-08
1.244720812078954263e-08
1.213293674810991947e-08
1.182534562910648497e-08
1.152588186593794531e-08
1.123578477011156040e-08
1.095591377604875668e-08
1.068670599712461159e-08
1.042813682418667151e-08
1.017969027352444639e-08
9.940416934299565773e-09
9.709270080813980319e-09
9.485340388720210686e-09
9.267889111930566654e-09
9.056363764478371699e-09
8.850413362611237058e-09
8.649892337866530263e-09
8.454800350039296364e-09
8.265142718863161406e-09
8.080891697340625831e-09
7.901982537289744984e-09
7.728309953141488189e-09
7.559725430618592982e-09
7.396039411870162399e-09
7.237046102001574777e-09
7.082546079084757763e-09
6.932348712119808926e-09
6.786272830166998635e-09
6.644147106297531517e-09
6.505810010309708972e-09
6.371108569175165245e-09
6.239895436456434237e-09
6.112028038184264515e-09
5.987368807125439060e-09
5.865785381872717843e-09
5.747150577756876895e-09
5.631342394644459712e-09
5.518243705507037753e-09
5.407741938030721334e-09
5.299729290340268397e-09
5.194103041073884728e-09
5.090765689439053899e-09
4.989624958129387863e-09
4.890593516927401765e-09
4.793587942633693556e-09
4.698528305140791625e-09
4.605338282632344650e-09
4.513945283055023028e-09
4.424280429356561017e-09
4.336278522677887079e-09
4.249877790303010413e-09
4.165019537233530190e-09
4.081648182566332423e-09
3.999711336267023446e-09
3.919159830698926472e-09
3.839947714876963104e-09
3.762032170622422013e-09
3.685373072500415917e-09
3.609932754867406807e-09
3.535676047869173145e-09
3.462570269330534741e-09
3.390585227669776817e-09
3.319693220395429156e-09
3.249868837098339612e-09
3.181088504815553284e-09
3.113330414762905975e-09
3.046574481981900612e-09
2.980802304546746503e-09
2.915997175453633076e-09
2.852144063616433564e-09
2.789229339906833252e-09
2.727240532123480028e-09
2.666166315912218016e-09
2.605996434766764264e-09
2.546721694277275210e-09
2.488333985074395898e-09
2.430826203692302229e-09
2.374191924609430793e-09
2.318425296437915827e-09
2.263521005862188433e-09
2.209474227618487714e-09
2.156280649512560790e-09
2.103936487646875836e-09
2.052438335717315853e-09
2.001782940982300505e-09
1.951967189790690968e-09
1.902988072221524381e-09
1.854842687520639817e-09
1.807528274201723281e-09
1.761042196165767875e-09
1.715381750012260331e-09
1.670544062652738854e-09
1.626526094599221318e-09
1.583324636865625984e-09
1.540936337222945290e-09
1.499357720667717828e-09
1.458585141183759240e-09
1.418614653774239804e-09
1.379441996663797536e-09
1.341062605076523143e-09
1.303471630824466706e-09
1.266663872386358910e-09
1.230634145276653117e-09
1.195376688018593275e-09
1.160885482894705770e-09
1.127154171296859499e-09
1.094176075088995359e-09
1.061944213110694474e-09
1.030451310903645537e-09
9.996898078584319477e-10
9.696518512559710108e-10
9.403292906459870505e-10
9.117136935920931720e-10
8.837963628941277462e-10
8.565683417113803548e-10
8.300204199630274083e-10
8.041431628095451004e-10
7.789269345468595134e-10
7.543619012593125387e-10
7.304380500934415390e-10
7.071451945279794977e-10
6.844729732530596167e-10
6.624108637965599670e-10
6.409482354626463975e-10
6.200743672397356611e-10
5.997784577947616499e-10
5.800496396729520454e-10
5.608769753293999651e-10
5.422494550096137164e-10
5.241560265392139118e-10
5.065856429357585210e-10
4.895272695191615668e-10
4.729698840987489576e-10
4.569025527551573957e-10
4.413143143678268440e-10
4.261942553477650158e-10
4.115315273951229649e-10
3.973153707699336464e-10
3.835351227979025188e-10
3.701802322015046995e-10
3.572402550034748798e-10
3.447048488968222050e-10
3.325637789066776160e-10
3.208069405609897226e-10
3.094243683459880828e-10
2.984062479515522504e-10
2.877429213875598170e-10
2.774248818356786818e-10
2.674427688222262186e-10
2.577873699614964126e-10
2.484496279645685173e-10
2.394206484094907456e-10
2.306917133141033880e-10
2.222542807961013920e-10
2.140999814862064999e-10
2.062206120686331441e-10
1.986081286097145499e-10
1.912546497268316107e-10
1.841524671200637807e-10
1.772940531912190800e-10
1.706720587385519089e-10
1.642793091824289541e-10
1.581087926063390905e-10
1.521536521393369465e-10
1.464071909703200379e-10
1.408628819523092524e-10
1.355143689234958109e-10
1.303554642754788754e-10
1.253801419889247258e-10
1.205825216721450326e-10
1.159568658746088345e-10
1.114975866887311204e-10
1.071992521242888598e-10
1.030565850045586347e-10
9.906446050991054586e-11
9.521789438758865374e-11
9.151202971361461216e-11
8.794213958152785785e-11
8.450363464211624026e-11
8.119206571887899489e-11
7.800312247461045847e-11
7.493262875800119573e-11
7.197652632201551010e-11
6.913086872897653622e-11
6.639182567276023822e-11
6.375568777550460366e-11
6.121886657646825738e-11
5.877789325131232844e-11
5.642940944428705050e-11
5.417015158138423799e-11
5.199695111103443662e-11
4.990674011502629231e-11
4.789655438845935586e-11
4.596353301304828247e-11
4.410491577604107125e-11
4.231802955858270054e-11
4.060027910500758687e-11
3.894914897713229967e-11
3.736220682662110353e-11
3.583710395885047016e-11
3.437157502174444369e-11
3.296343331880405424e-11
3.161055914838151377e-11
3.031089864690408597e-11
2.906246706781696812e-11
2.786335090454554823e-11
2.671170742309779803e-11
2.560576305392124109e-11
2.454380494888714250e-11
2.352417294554233015e-11
2.254526070845572134e-11
2.160551869337670492e-11
2.070345520317309509e-11
1.983763645239746693e-11
1.900668407880241708e-11
1.820926572369541296e-11
1.744409233284758805e-11
1.670991946467115003e-11
1.600554817020433755e-11
1.532982489569465356e-11
1.468164086705595706e-11
1.405992755704694354e-11
1.346365045987677738e-11
1.289180949774409216e-11
1.234344152008853255e-11
1.181762136258081234e-11
1.131346165959844619e-11
1.083011148452615144e-11
1.036675034483336227e-11
9.922585334003835278e-12
9.496851803921803535e-12
9.088814049171008151e-12
8.697765562123137107e-12
8.323029094605902531e-12
7.963954330412951870e-12
7.619913052158015804e-12
7.290298892050208983e-12
6.974528230628824678e-12
6.672040532310243209e-12
6.382298026316975789e-12
6.104784911481451650e-12
5.839004197706462887e-12
5.584475471284057769e-12
5.340735558196406650e-12
5.107339884400369524e-12
4.883862982478031668e-12
4.669898681983333952e-12
4.465058868735075522e-12
4.268969658025660858e-12
4.081270551537484352e-12
3.901614586938637790e-12
3.729668298227740928e-12
3.565111554473060375e-12
3.407637319119272000e-12
3.256950412677973489e-12
3.112766366674281935e-12
2.974811752574686216e-12
2.842824313023477154e-12
2.716553059167750080e-12
2.595758182862301634e-12
2.480210226647487022e-12
2.369687369153469530e-12
2.263974311276036196e-12
2.162863916672754375e-12
2.066159491706216909e-12
1.973675106077851446e-12
1.885235818964993816e-12
1.800677080133577479e-12
1.719843741514580756e-12
1.642576141663563173e-12
1.568710511494239838e-12
1.498102436343108792e-12
1.430613238416460735e-12
1.366111170244900746e-12
1.304467512310651948e-12
1.245556549208286396e-12
1.189259600772447241e-12
1.135462214237720831e-12
1.084056257274546378e-12
1.034939595373123240e-12
9.880142034362099948e-13
9.431859671204873513e-13
9.003641262310049680e-13
8.594608701912688686e-13
8.203917935335128654e-13
7.830753182803983533e-13
7.474333842959103574e-13
7.133909538826142358e-13
6.808764176609634853e-13
6.498221980305657700e-13
6.201645112605768189e-13
5.918432431084809291e-13
5.648014925447952530e-13
5.389848831972177781e-13
5.143396744633341868e-13
4.908137372471343022e-13
4.683574315232439157e-13
4.469226433772004814e-13
4.264623576509705493e-13
4.069325630324598850e-13
3.882918693719874381e-13
3.705008371685937179e-13
3.535220263235930339e-13
3.373198034523413874e-13
3.218603408198542966e-13
3.071111584201211123e-13
2.930408061102531188e-13
2.796181624065404285e-13
2.668127449393153972e-13
2.545956685824900891e-13
2.429387504469370932e-13
2.318145650615139634e-13
2.211963614989588131e-13
2.110636063338379893e-13
2.013950173520561894e-13
1.921693348602107203e-13
1.833662703590241868e-13
1.749664642343216187e-13
1.669514436989620483e-13
1.593035821825223818e-13
1.520060605647673860e-13
1.450428301876234237e-13
1.383985775629250264e-13
1.320586906929285184e-13
1.260092269380232041e-13
1.202368823535805279e-13
1.147289624314967212e-13
1.094733541844768408e-13
1.044584995054634859e-13
9.967336975043937697e-14
9.510744148451974192e-14
9.075067333784972936e-14
8.659348392440955969e-14
8.262673076950576025e-14
7.884169020418808166e-14
7.523003818090457845e-14
7.178383196615051103e-14
6.849549267415100241e-14
6.535778859882496251e-14
6.236381930975818640e-14
5.950700047770499607e-14
5.678104939334928338e-14
5.417997115121997939e-14
5.169804546561509774e-14
4.932981409013500570e-14
4.707006881480076163e-14
4.491384001143655608e-14
4.285638570487260823e-14
4.089318114457360864e-14
3.901990885191729453e-14
3.723244913535090854e-14
3.552698372784779794e-14
3.361347319555037731e-14
3.177452537082377044e-14
3.001566489391924775e-14
2.833671058732385841e-14
2.674857596631211827e-14
2.519225339900978005e-14
2.371340783130998331e-14
2.230960861740450198e-14
2.097768393175735944e-14
1.973767659955923334e-14
1.856584721075427235e-14
1.744108100322239308e-14
1.638784991359102802e-14
1.537998706208199228e-14
1.442566388360663054e-14
1.352131693231303320e-14
1.266418285256195605e-14
1.184697941279482925e-14
1.105747524503381850e-14
1.029586456931382117e-14
9.570359225096147662e-15
8.883918730664022519e-15
8.220709176724361164e-15
7.587049680924459936e-15
6.971254159628505548e-15
6.369763711642798607e-15
5.819130077247344359e-15
5.315097415432594358e-15
4.836545791703742379e-15
