# bin_1_4
1.309555382878590813e-07
1.313601667980533991e-07
1.317725723019123811e-07
1.321929020656737067e-07
1.326213060551000542e-07
1.330579369813272472e-07
1.335029503474812691e-07
1.339565044958583685e-07
1.344187606556911794e-07
1.348898829915437107e-07
1.353700386523859202e-07
1.358593978213088312e-07
1.363581337658167434e-07
1.368664228886102990e-07
1.373844447791336782e-07
1.379123822657269745e-07
1.384504214684230015e-07
1.389987518525655377e-07
1.395575662828985740e-07
1.401270610781898538e-07
1.407074360665438983e-07
1.412988946412255267e-07
1.419016438172304349e-07
1.425158942885571422e-07
1.431418604860838003e-07
1.437797606359564766e-07
1.444298168186453506e-07
1.450922550284064527e-07
1.457673052331713411e-07
1.464552014352214215e-07
1.471561817326527340e-07
1.478704883806578870e-07
1.485983678488113718e-07
1.493400708790418740e-07
1.500958525472086836e-07
1.508659723259568071e-07
1.516506941484126008e-07
1.524502864717957606e-07
1.532650223415528971e-07
1.540951794556589837e-07
1.549410402282735764e-07
1.558028918521761947e-07
1.566810263619798876e-07
1.575757406990727994e-07
1.584873367763010470e-07
1.594161215429980330e-07
1.603624070500911836e-07
1.613265105156043292e-07
1.623087543901623365e-07
1.633094664229045384e-07
1.643289797262535583e-07
1.653676328406972904e-07
1.664257698007991030e-07
1.675037401934514449e-07
1.686018992029924723e-07
1.697206076668942571e-07
1.708602321375787744e-07
1.720211449444544369e-07
1.732037242551417011e-07
1.744083541349822931e-07
1.756354245974090557e-07
1.768853316476462834e-07
1.781584773352129277e-07
1.794552698080013623e-07
1.807761233663739367e-07
1.821214585152013982e-07
1.834917020151012116e-07
1.848872869336470540e-07
1.863086526919263775e-07
1.877562451132277307e-07
1.892305164518119005e-07
1.907319253947721817e-07
1.922609370875962960e-07
1.938180231697321673e-07
1.954036618090967057e-07
1.970183377294839144e-07
1.986625421997362087e-07
2.003367730167894632e-07
2.020415345179995915e-07
2.037773375997238811e-07
2.055446997284129431e-07
2.073441449497138809e-07
2.091762038956336480e-07
2.110414137868966847e-07
2.129403184199705704e-07
2.148734680934794541e-07
2.168414195582196340e-07
2.188447359912173739e-07
2.208839869709630094e-07
2.229597484048784319e-07
2.250726023640892297e-07
2.272231369868831554e-07
2.294119464324292248e-07
2.316396308202355077e-07
2.339067961643262769e-07
2.362140543045526392e-07
2.385620228334418431e-07
2.409513249586523373e-07
2.433825893209516572e-07
2.458564498543163608e-07
2.483735456630968725e-07
2.509345208079389051e-07
2.535400239018400122e-07
2.561907078655283254e-07
2.588872297882050442e-07
2.616302507496452294e-07
2.644204356503685971e-07
2.672584530349582927e-07
2.701449748804051980e-07
2.730806762848072825e-07
2.760662351596062700e-07
2.791023319564043723e-07
2.821896492132065159e-07
2.853288707936927465e-07
2.885206814732152062e-07
2.917657666697861332e-07
2.950648121169963019e-07
2.984185035602368200e-07
3.018275264520965521e-07
3.052925655705287194e-07
3.088143045190460333e-07
3.123934252342088881e-07
3.160306073038683945e-07
3.197265267184971957e-07
3.234818551457558293e-07
3.272972595104996459e-07
3.311734014937495562e-07
3.351109370784787659e-07
3.391105161343695376e-07
3.431727819253915928e-07
3.472983703507756229e-07
3.514879091607988467e-07
3.557420164204295037e-07
3.600612988829675851e-07
3.644463513430217771e-07
3.688977559545422701e-07
3.734160815918354623e-07
3.780018833233975743e-07
3.826557019894192215e-07
3.873780632499365858e-07
3.921694764529204834e-07
3.970304325189060231e-07
4.019614016618754963e-07
4.069628325314349714e-07
4.120351513200936070e-07
4.171787609680278277e-07
4.223940406803393016e-07
4.276813455646449582e-07
4.330410052829562906e-07
4.384733222965041098e-07
4.439785685126026106e-07
4.495569831379154112e-07
4.552087717105662513e-07
4.609341050167146603e-07
4.667331183418217133e-07
4.726059115405861529e-07
4.785525480676626713e-07
4.845730529664622213e-07
4.906674092442051676e-07
4.968355542477925664e-07
5.030773784239137257e-07
5.093927240188660893e-07
5.157813841610516894e-07
5.222431032760905245e-07
5.287775766702630961e-07
5.353844481067511476e-07
5.420633055916341397e-07
5.488136768007277697e-07
5.556350275799220908e-07
5.625267604736669599e-07
5.694882138313705956e-07
5.765186629989954693e-07
5.836173200559903074e-07
5.907833307966704953e-07
5.980157693009528794e-07
6.053136331946514091e-07
6.126758421133878627e-07
6.201012361231247465e-07
6.275885753955166242e-07
6.351365427466363136e-07
6.427437424850669353e-07
6.504086963247775716e-07
6.581298364080438469e-07
6.659055016276914333e-07
6.737339359889880116e-07
6.816132872320735668e-07
6.895416085706816476e-07
6.975168616769525004e-07
7.055369135296358602e-07
7.135995301795538587e-07
7.217023697307882909e-07
7.298429802334898593e-07
7.380187978783020857e-07
7.462271470959759860e-07
7.544652458245014094e-07
7.627302052102623804e-07
7.710190241929639369e-07
7.793285808241685783e-07
7.876556283270087916e-07
7.959967932444217273e-07
8.043485745121900118e-07
8.127073486314075198e-07
8.210693734375496208e-07
8.294307833124379670e-07
8.377875803841533662e-07
8.461356283289842096e-07
8.544706504587005047e-07
8.627882282650685743e-07
8.710838057511663148e-07
8.793526967355172830e-07
8.875900811397516467e-07
8.957909968115092485e-07
9.039503319531208337e-07
9.120628229895834525e-07
9.201230528882227466e-07
9.281254548689490382e-07
9.360643222913575098e-07
9.439338064139822690e-07
9.517279097658478550e-07
9.594404795037129817e-07
9.670652052440506401e-07
9.745956173758353357e-07
9.820250906736819796e-07
9.893468562487906549e-07
9.965540010034233050e-07
1.003639465001245268e-06
1.010596040428346830e-06
1.017416370205937719e-06
1.024092946517577894e-06
1.030618114975853094e-06
1.036984088769025307e-06
1.043182950518257753e-06
1.049206659575828205e-06
1.055047064777312505e-06
1.060695905069268168e-06
1.066144808546871113e-06
1.071385297960861629e-06
1.076408808101540568e-06
1.081206692395106614e-06
1.085770251726597380e-06
1.090090771050556465e-06
1.094159522626244027e-06
1.097967765900038333e-06
1.101506755377617031e-06
1.104767763771508152e-06
1.107742098349567141e-06
1.110421166551015374e-06
1.112796539454748700e-06
1.114859956312495353e-06
1.116603325384046350e-06
1.118018735818491132e-06
1.119098490646109146e-06
1.119835139138596133e-06
1.120221581958176295e-06
1.120251058107070909e-06
1.119917492171666679e-06
1.119214980038844653e-06
1.118138151273373897e-06
1.116682128557569821e-06
1.114842574324470121e-06
1.112615797468451538e-06
1.109998802241855285e-06
1.106989290095746335e-06
1.103585661245323063e-06
1.099787042123193789e-06
1.095593336360272663e-06
1.091005259877783136e-06
1.086024379241173662e-06
1.080653121325097781e-06
1.074894777139803294e-06
1.068753503970498838e-06
1.062234351367570752e-06
1.055343299787407891e-06
1.048087241809995116e-06
1.040473930359148231e-06
1.032511971967665873e-06
1.024210836418838733e-06
1.015580851376001905e-06
1.006633195033478187e-06
9.973799084692341623e-07
9.878338141481104244e-07
9.780084368738369857e-07
9.679180087849729356e-07
9.575774801638557640e-07
9.470024672496836591e-07
9.362091824955186029e-07
9.252144196709727554e-07
9.140354340675038189e-07
9.026898919574248655e-07
8.911958876653480283e-07
8.795719335783241903e-07
8.678367951416012919e-07
8.560093737681090134e-07
8.441086316135896775e-07
8.321534088292120338e-07
8.201624029849321194e-07
8.081541808984573393e-07
7.961471068256389888e-07
7.841590574307666215e-07
7.722072887350851156e-07
7.603082236666011878e-07
7.484772268066273434e-07
7.367286056315787637e-07
7.250756111494158630e-07
7.135302939389807178e-07
7.021032140618022031e-07
6.908033312349075726e-07
6.796379103728629557e-07
6.686124819696345107e-07
6.577308554199386912e-07
6.469951242453075218e-07
6.364055581381547787e-07
6.259604736231958056e-07
6.156565202620149492e-07
6.054894331701678194e-07
5.954542076600017886e-07
5.855451096060322660e-07
5.757557113624915825e-07
5.660789987557200581e-07
5.565075288735276923e-07
5.470341937237683307e-07
5.376530289808384500e-07
5.283592496340598301e-07
5.191491848580704661e-07
5.100203921926325004e-07
5.009719589011491154e-07
4.920044722330525735e-07
4.831194741021658305e-07
4.743192101713247166e-07
4.656065222555764503e-07
4.569847818608835623e-07
4.484581739436359665e-07
4.400317628292100930e-07
4.317104937713611752e-07
4.234973682235032306e-07
4.153930647653112746e-07
4.073959855975627414e-07
3.995024710731935604e-07
3.917071936699944720e-07
3.840030809318460385e-07
3.763815064329760810e-07
3.688323920479683719e-07
3.613442662725649801e-07
3.539045099209346237e-07
3.464998547378301631e-07
3.391169987084492493e-07
3.317434253722614657e-07
3.243699882081877762e-07
3.169917201835646664e-07
3.096077872239312620e-07
3.022214848099498438e-07
2.948405119428333390e-07
2.874774041806590883e-07
2.801480700014182152e-07
2.728695988133231057e-07
2.656600072422022786e-07
2.585377871599141595e-07
2.515209697282919375e-07
2.446254154694492490e-07
2.378643268006120838e-07
2.312490282545545539e-07
2.247895586672035392e-07
2.184952057293546346e-07
2.123747777702083883e-07
2.064348073718751743e-07
2.006783971964181289e-07
1.951061421086211617e-07
1.897177014898679583e-07
1.845121996263804529e-07
1.794883154341402819e-07
1.746446660563609561e-07
1.699808191207650049e-07
1.654970340703679839e-07
1.611917507389422504e-07
1.570591331122114935e-07
1.530881434722917442e-07
1.492618551758042626e-07
1.455599099952665207e-07
1.419612973594291156e-07
1.384445952151315255e-07
1.349897434933850853e-07
1.315788177049084298e-07
1.281964723691140986e-07
1.248306109932924847e-07
1.214727836799538973e-07
1.181197603503126879e-07
1.147744817583937191e-07
1.114462884500652821e-07
1.081516663196165476e-07
1.049142388034461393e-07
1.017611709374105306e-07
9.871620986114975629e-08
9.579720529637454849e-08
9.301533228127345263e-08
9.037419295086037398e-08
8.786918802339491558e-08
8.548775367119639333e-08
8.321413541893523628e-08
8.103295023316139522e-08
7.892947444791323649e-08
7.688987267587022808e-08
7.490141861946219124e-08
7.295271051982665922e-08
7.103417212254139591e-08
6.913874991025482201e-08
6.726281961900464026e-08
6.540663898671689421e-08
6.357461717789228349e-08
6.177559248208132328e-08
6.002245243986256000e-08
5.832884720694088243e-08
5.670525388069665886e-08
5.515781459724161780e-08
5.368791847353421689e-08
5.229175538695458165e-08
5.096010461543680949e-08
4.967948926557263355e-08
4.843676419069673919e-08
4.722159409533032944e-08
4.602697200959112958e-08
4.484953998530831299e-08
4.368990056533924061e-08
4.255261073733698460e-08
4.144434381756176320e-08
4.037086782879600888e-08
3.933627882513055287e-08
3.834280260552247075e-08
3.739060239600343990e-08
3.647765524289102875e-08
3.559997015416918623e-08
3.475310798860396075e-08
3.393322565288493480e-08
3.313722523545712328e-08
3.236282718026408719e-08
3.160864288192375012e-08
3.087419732489936140e-08
3.015966344956283124e-08
2.946523820386067291e-08
2.879096896045250441e-08
2.813673453201006544e-08
2.750222802220092901e-08
2.688694403226366677e-08
2.629018857840316097e-08
2.571118648295801735e-08
2.514918786192262755e-08
2.460347540414290897e-08
2.407336784537424607e-08
2.355822197431258391e-08
2.305743295236401681e-08
2.257042927172036491e-08
2.209665990575903827e-08
2.163559057307815081e-08
2.118670447073027672e-08
2.074950288558527855e-08
2.032350538083278430e-08
1.990825018474383383e-08
1.950329309971424728e-08
1.910820617797972847e-08
1.872257867809679472e-08
1.834601815014001120e-08
1.797815115382360098e-08
1.761862359796499302e-08
1.726709982966795474e-08
1.692325817978033588e-08
1.658678918010403371e-08
1.625739602511044236e-08
1.593479499620910165e-08
1.561871561268529555e-08
1.530890072204622423e-08
1.500510560568956822e-08
1.470709652752597337e-08
1.441465097026281227e-08
1.412755800171047938e-08
1.384561852385010475e-08
1.356864544775251148e-08
1.329646351877690322e-08
1.302890748691803342e-08
1.276582113304818076e-08
1.250705755506067452e-08
1.225247929235969338e-08
1.200195848852858370e-08
1.175537702034063376e-08
1.151262574263269858e-08
1.127360252553047259e-08
1.103821200530925783e-08
1.080636562477085653e-08
1.057798164274975905e-08
1.035298527128215069e-08
1.013130866319911902e-08
9.912889740048783556e-09
9.697671138871008256e-09
9.485600293132069603e-09
9.276629338549622759e-09
9.070715188095478843e-09
8.867819658695770912e-09
8.667909137311177040e-09
8.470953129958751480e-09
8.276923835181421611e-09
8.085796143489263827e-09
7.897547584090142462e-09
7.712158443538597649e-09
7.529611820576981904e-09
7.349892936780108069e-09
7.172988140074510411e-09
6.998884875550212866e-09
6.827571656528289655e-09
6.659038127822602895e-09
6.493275170846469150e-09
6.330274809065051012e-09
6.170029324350977377e-09
6.012530797557764095e-09
5.857771144347067631e-09
5.705742140322237106e-09
5.556435512756275765e-09
5.409842996938715942e-09
5.265956085631985131e-09
5.124765440440611226e-09
4.986260798386084135e-09
4.850431020471413710e-09
4.717264157742787710e-09
4.586747508164381560e-09
4.458867627525145834e-09
4.333609954933989949e-09
4.210959129526823073e-09
4.090898187384099225e-09
3.973409160855063851e-09
3.858472986832086124e-09
3.746069528844141079e-09
3.636177587922984189e-09
3.528774861432383734e-09
3.423837901545031305e-09
3.321342142098963411e-09
3.221261936509064196e-09
3.123570565401633962e-09
3.028240253204304087e-09
2.935242285683556450e-09
2.844547107479006004e-09
2.756124310901056692e-09
2.669942670287063610e-09
2.585970145560187017e-09
2.504173873369834679e-09
2.424520225262588370e-09
2.346975041624082203e-09
2.271503703756605395e-09
2.198071141495615910e-09
2.126641855204092859e-09
2.057179897429365116e-09
1.989648867663217853e-09
1.924012050742730114e-09
1.860232629255097830e-09
1.798273703219100921e-09
1.738098321419294887e-09
1.679669481303376922e-09
1.622950110068172647e-09
1.567903081177863630e-09
1.514491384258683915e-09
1.462678228150397612e-09
1.412427057914601146e-09
1.363701583066357458e-09
1.316465765124906711e-09
1.270683805941153169e-09
1.226320186297383633e-09
1.183339774700150647e-09
1.141707863164631062e-09
1.101390196317548995e-09
1.062352983764528949e-09
1.024562891140060725e-09
9.879870337836459466e-10
9.525929962464411581e-10
9.183488670251936846e-10
8.852232652807453441e-10
8.531853756697227522e-10
8.222049526131465214e-10
7.922523185910122094e-10
7.632983495892947261e-10
7.353144526634717236e-10
7.082725811747032702e-10
6.821452661551076469e-10
6.569056393505270186e-10
6.325274355120589573e-10
6.089849893786125132e-10
5.862531938324508837e-10
5.643074695521909775e-10
5.431237856801570021e-10
5.226786873875515101e-10
5.029493054203577924e-10
4.839133580994336486e-10
4.655491331580060191e-10
4.478354243671530811e-10
4.307515224094884971e-10
4.142772379893371879e-10
3.983929217986527362e-10
3.830794689442946145e-10
3.683183188157731191e-10
3.540914120564940347e-10
3.403811352088004531e-10
3.271703329613852682e-10
3.144423314346799320e-10
3.021809502675120482e-10
2.903705062882173545e-10
2.789958025860641972e-10
2.680420625792934536e-10
2.574949053785100307e-10
2.473403638051151353e-10
2.375649006267920924e-10
2.281554146903652423e-10
2.190992430865790373e-10
2.103841274096176284e-10
2.019981468024701197e-10
1.939297196892922366e-10
1.861676224647637564e-10
1.787010018049032074e-10
1.715193795998497729e-10
1.646126486334992361e-10
1.579710173188853484e-10
1.515849708525718210e-10
1.454452805012836667e-10
1.395430149349990675e-10
1.338695461011677385e-10
1.284165529475477550e-10
1.231760053758986543e-10
1.181401145396214765e-10
1.133013282204857321e-10
1.086523427514899311e-10
1.041861111346443775e-10
9.989584565141252379e-11
9.577501580488146701e-11
9.181731475548119134e-11
8.801662545225248929e-11
8.436702638073476095e-11
8.086280143472839034e-11
7.749844567975119534e-11
7.426866878717850638e-11
7.116838707644812685e-11
6.819268329871390911e-11
6.533679497397569147e-11
6.259612047780223540e-11
5.996622336933611587e-11
5.744283497887653989e-11
5.502185501956331819e-11
5.269933407587445320e-11
5.047144712171603050e-11
4.833449562701969958e-11
4.628491527049951258e-11
4.431928020658979884e-11
4.243430439222910258e-11
4.062683774590128583e-11
3.889384100178046908e-11
3.723237367979724498e-11
3.563959778195044695e-11
3.411278110545296059e-11
3.264929996242455310e-11
3.124664121396840687e-11
2.990239343444008498e-11
2.861422589034097503e-11
2.737988744946631150e-11
2.619720984076041267e-11
2.506410929547890776e-11
2.397858669363622735e-11
2.293872567267232251e-11
2.194267974783644268e-11
2.098866312270817953e-11
2.007495366095204891e-11
1.919989738272409493e-11
1.836191120940498535e-11
1.755948480654358850e-11
1.679117604753160227e-11
1.605559441946445199e-11
1.535139733715695580e-11
1.467729104029067651e-11
1.403203076049322871e-11
1.341442084649565074e-11
1.282331458958260494e-11
1.225760940294208552e-11
1.171624199557104368e-11
1.119819023127397158e-11
1.070247449421336544e-11
1.022815884199314537e-11
9.774351323622026359e-12
9.340200909250665974e-12
8.924885706795503093e-12
8.527608151531213897e-12
8.147598942005771876e-12
7.784122565943644192e-12
7.436478888219373290e-12
7.104004796493868923e-12
6.786072424717234456e-12
6.482085160054655729e-12
6.191447360555896076e-12
5.913564519111347147e-12
5.647895548188928087e-12
5.393922254616243965e-12
5.151151440577056080e-12
4.919103351509184794e-12
4.697310615480613117e-12
4.485328899026506570e-12
4.282730641823023831e-12
4.089111103857742135e-12
3.904088371698859954e-12
3.727297542762022905e-12
3.558387726154449741e-12
3.397019893700255404e-12
3.242865697172217479e-12
3.095608782502578313e-12
2.954943142041994745e-12
2.820575385874980913e-12
2.692223388190396473e-12
2.569617755258234101e-12
2.452504258990930950e-12
2.340643253526446918e-12
2.233809444105359732e-12
2.131790227918287017e-12
2.034382841313980447e-12
1.941386848713450884e-12
1.852607242406170721e-12
1.767857862683979104e-12
1.686958136332263564e-12
1.609731369188830251e-12
1.536012416524054566e-12
1.465646165625582649e-12
1.398484730652540347e-12
1.334387792935911773e-12
1.273221981621621426e-12
1.214860781642739723e-12
1.159182535610771144e-12
1.106069234996782552e-12
1.055403388159113772e-12
1.007069361077308825e-12
9.609575735935918084e-13
9.169606792478607757e-13
8.749738220192303717e-13
8.348943296406837332e-13
7.966466394536928885e-13
7.601511128711112529e-13
7.253274952228517952e-13
6.920991964250103038e-13
6.603931328202131333e-13
6.301395687509186959e-13
6.012719632469145518e-13
5.737268236616913449e-13
5.474435660255269477e-13
5.223643818031397877e-13
4.984341107367482816e-13
4.756001195346400636e-13
4.538121861046189702e-13
4.330223890905358616e-13
4.131850024810997432e-13
3.942563950298110938e-13
3.761949342962890558e-13
3.589608950792183854e-13
3.425163720379329867e-13
3.268251963296983830e-13
3.118528560529210504e-13
2.975664203421533615e-13
2.839344669418523358e-13
2.709270130893764149e-13
2.585154495754847824e-13
2.466724778173182106e-13
2.353720498160030106e-13
2.245893108697282769e-13
2.143005449024339884e-13
2.044831223052799402e-13
1.951154501636626414e-13
1.861769247625795877e-13
1.776478862739350869e-13
1.695095755123760972e-13
1.617440926771546628e-13
1.543343579834567363e-13
1.472640740906453754e-13
1.405176902810416464e-13
1.340803209127329570e-13
1.273019061955526311e-13
1.207909439949381282e-13
1.145549216297777186e-13
1.085873817233958812e-13
1.029104027703379751e-13
9.737828785478729521e-14
9.209591668703303265e-14
8.705816054076740714e-14
8.225365139695920814e-14
7.773404954519084391e-14
7.343804741705710895e-14
6.930455281214633069e-14
6.540253174028036063e-14
6.165484744904081856e-14
5.808437004005728313e-14
5.468232850578069138e-14
5.143770205986323049e-14
4.832864096310067080e-14
4.531486602632443928e-14
4.239477788828093263e-14
3.959458167167062621e-14
3.692663098889393742e-14
3.433545888298169130e-14
3.184236314079296970e-14
2.940449003903796743e-14
2.701220692166827056e-14
2.479787579225874673e-14
2.275236471985846054e-14
2.079590991987578433e-14
