# bin_4_4
4.388711793702713146e-04
4.385740340861717167e-04
4.388309902710295363e-04
4.385490936097320453e-04
4.387882175400303290e-04
4.385204621453034943e-04
4.387425583211903278e-04
4.384878816651653459e-04
4.386936895509833522e-04
4.384510703412769863e-04
4.386412670072436029e-04
4.384097218332112149e-04
4.385849244980838824e-04
4.383635047300900702e-04
4.385242732429361760e-04
4.383120622065502414e-04
4.384589015080223354e-04
4.382550119578611041e-04
4.383883745677402731e-04
4.381919464936099890e-04
4.383122350757443528e-04
4.381224338789920241e-04
4.382300039401798987e-04
4.380460190239598571e-04
4.381411818080452542e-04
4.379622256321315417e-04
4.380452512750189920e-04
4.378705589279509400e-04
4.379416799420897876e-04
4.377705092890681439e-04
4.378299244469978325e-04
4.376615569087276801e-04
4.377094355923488050e-04
4.375431776088940447e-04
4.375796646835981526e-04
4.374148499048005189e-04
4.374400711634842710e-04
4.372760633913914258e-04
4.372901315908168658e-04
4.371263284708898941e-04
4.371293499473700951e-04
4.369651873647944031e-04
4.369572691677239959e-04
4.367922262477346601e-04
4.367734836633835956e-04
4.366070881997692545e-04
4.365776524511692140e-04
4.364094864899969030e-04
4.363695122901649153e-04
4.361992174763636479e-04
4.361488899819598994e-04
4.359761721355333948e-04
4.359157126962608835e-04
4.357403449263420989e-04
4.356700148608981917e-04
4.354918383583606333e-04
4.354119398218788176e-04
4.352308613126368731e-04
4.351417341743691941e-04
4.349577188903303243e-04
4.348597324453483555e-04
4.346727914183127085e-04
4.345663297601932182e-04
4.343765003147985319e-04
4.342619403520741705e-04
4.340692589353770266e-04
4.339469404182257637e-04
4.337514074283509461e-04
4.336215950380165550e-04
4.334231321805215743e-04
4.332859707959400516e-04
4.330843727655484389e-04
4.329398385012206830e-04
4.327347224748449178e-04
4.325825739656971678e-04
4.323733324362559883e-04
4.322130690010028589e-04
4.319988336783010959e-04
4.318296691324852079e-04
4.316092955939449449e-04
4.314301580974614541e-04
4.312022419514035696e-04
4.310118106004245898e-04
4.307747452457860683e-04
4.305715321674504414e-04
4.303236147381254550e-04
4.301060961481703495e-04
4.298456809103513659e-04
4.296124711071844650e-04
4.293381578955528352e-04
4.290882064180253004e-04
4.287990362340554141e-04
4.285318118472203168e-04
4.282274250118911778e-04
4.279430345696367773e-04
4.276237339747179940e-04
4.273229161235205767e-04
4.269895770711390980e-04
4.266735191355798193e-04
4.263273073839651231e-04
4.259972675891573828e-04
4.256391758800124941e-04
4.252959564760915934e-04
4.249262461286552211e-04
4.245696480765261669e-04
4.241873693340951230e-04
4.238158386875963890e-04
4.234186630385547282e-04
4.230293644396767921e-04
4.226139381863030738e-04
4.222034041691949207e-04
4.217662737657782899e-04
4.213315462497841161e-04
4.208704099038497958e-04
4.204102549739379812e-04
4.199249613974168766e-04
4.194404633013328813e-04
4.189330300202378913e-04
4.184269192301619950e-04
4.179001482633232971e-04
4.173748094893575764e-04
4.168299339925826187e-04
4.162850721340343309e-04
4.157199114655963528e-04
4.151516761687700603e-04
4.145611077952079579e-04
4.139640655633694132e-04
4.133433165601217468e-04
4.127144977929961744e-04
4.120630424427025660e-04
4.114046077198338543e-04
4.107266186498183692e-04
4.100435514960507218e-04
4.093430396853830729e-04
4.086368394760418851e-04
4.079117713479989875e-04
4.071771558261302599e-04
4.064204313199192898e-04
4.056509855314747548e-04
4.048593157462934580e-04
4.040564317289532825e-04
4.032354196894759324e-04
4.024065201194506106e-04
4.015617179295288006e-04
4.007074413234494484e-04
3.998337589650808243e-04
3.989457830746450545e-04
3.980363541293734987e-04
3.971137753938407599e-04
3.961748005319961664e-04
3.952275174935454679e-04
3.942661434187337533e-04
3.932935543463221182e-04
3.923018873436205753e-04
3.912953871877829747e-04
3.902720374572501852e-04
3.892400103038529927e-04
3.881969742400302780e-04
3.871449122641184865e-04
3.860766222051779592e-04
3.849946352723131551e-04
3.838990008976513567e-04
3.827972572558912732e-04
3.816870120786143876e-04
3.805672179075630913e-04
3.794325335795823958e-04
3.782882710996549936e-04
3.771373174543406377e-04
3.759820630599546303e-04
3.748155907570840614e-04
3.736380942564747256e-04
3.724528828590317623e-04
3.712650856606898218e-04
3.700686903093611409e-04
3.688611081523468917e-04
3.676455749531297511e-04
3.664272264432909916e-04
3.651993110477576169e-04
3.639594386707768032e-04
3.627127075405028097e-04
3.614604701361413060e-04
3.601942290573187269e-04
3.589171113564784471e-04
3.576332788523161254e-04
3.563359284171711545e-04
3.550236576935649662e-04
3.537035844817158184e-04
3.523678758759848820e-04
3.510165998390710478e-04
3.496555676587485514e-04
3.482769576359479274e-04
3.468840298882941995e-04
3.454799060134430247e-04
3.440567524860421462e-04
3.426242954724492197e-04
3.411754108773910692e-04
3.397144530549181464e-04
3.382421335917207392e-04
3.367556981091638442e-04
3.352610553812720518e-04
3.337524042365725861e-04
3.322364458124324026e-04
3.307073853818250477e-04
3.291705562244031194e-04
3.276210643946532918e-04
3.260625802095709364e-04
3.244910403465931393e-04
3.229089215827606312e-04
3.213128546650524642e-04
3.197047649942683176e-04
3.180820087475506657e-04
3.164465161343508201e-04
3.147964396722230536e-04
3.131340079173212184e-04
3.114580611673332142e-04
3.097710409808561590e-04
3.080720784956186430e-04
3.063634194185567775e-04
3.046439377237314047e-04
3.029152487753518364e-04
3.011756352030335528e-04
2.994260350289124854e-04
2.976643552344072127e-04
2.958913790060270868e-04
2.941053254557664666e-04
2.923075506680303855e-04
2.904971196762973218e-04
2.886761405716394783e-04
2.868442226206761457e-04
2.850034933627326478e-04
2.831531208773782745e-04
2.812943446156154705e-04
2.794254032494713331e-04
2.775468348565256964e-04
2.756568163087243293e-04
2.737564543273838732e-04
2.718450126102731198e-04
2.699246410432297829e-04
2.679951680927055921e-04
2.660584146691986158e-04
2.641131840847143878e-04
2.621600325349016905e-04
2.601970866161075588e-04
2.582252104857263981e-04
2.562437800828092950e-04
2.542549904571654844e-04
2.522587619786401743e-04
2.502565136028169304e-04
2.482466667400793064e-04
2.462295334873476041e-04
2.442038752583760501e-04
2.421715180835516820e-04
2.401326467445625244e-04
2.380889644770097738e-04
2.360390966218119861e-04
2.339832724798122585e-04
2.319204455556536128e-04
2.298526388012410784e-04
2.277800440095970914e-04
2.257037315448185138e-04
2.236219682987722920e-04
2.215354710074021879e-04
2.194443571542240370e-04
2.173507009394005408e-04
2.152534471316908517e-04
2.131527415033753652e-04
2.110480996471687202e-04
2.089417713675449293e-04
2.068332173901221965e-04
2.047225286161159232e-04
2.026091125809225280e-04
2.004951825820808263e-04
1.983800587938195931e-04
1.962638441442839208e-04
1.941465114655115934e-04
1.920300158249296264e-04
1.899129720120548367e-04
1.877961886292229751e-04
1.856803269287121271e-04
1.835660092196841225e-04
1.814521093860191467e-04
1.793408666103124560e-04
1.772314825163100269e-04
1.751244227956156013e-04
1.730203473546962963e-04
1.709196396971037813e-04
1.688218827488360124e-04
1.667288734340460841e-04
1.646391669411079715e-04
1.625547997213631359e-04
1.604748827468897409e-04
1.584005294315876016e-04
1.563316977834020276e-04
1.542688882536998897e-04
1.522124815069116662e-04
1.501627694062894296e-04
1.481201427363547840e-04
1.460850073629030201e-04
1.440576443536697386e-04
1.420385675677489140e-04
1.400279108977799537e-04
1.380263141391266813e-04
1.360338343276603214e-04
1.340511318438481706e-04
1.320781935222930712e-04
1.301157271509052272e-04
1.281637143401174799e-04
1.262228398993630566e-04
1.242930611784917811e-04
1.223750942869242762e-04
1.204689274212019409e-04
1.185752911416530856e-04
1.166941878540323695e-04
1.148263686486859336e-04
1.129718458826973148e-04
1.111313582442716267e-04
1.093049061198328079e-04
1.074931969444306351e-04
1.056962135396520379e-04
1.039146098443956669e-04
1.021483358273688418e-04
1.003980091692766762e-04
9.866357976666355182e-05
9.694564499057635736e-05
9.524412674084165606e-05
9.355959372893941591e-05
9.189196482558827051e-05
9.024176124598149904e-05
8.860889708911344606e-05
8.699391127628939863e-05
8.539678267744548520e-05
8.381810945466462725e-05
8.225793157609815839e-05
8.071683184547117187e-05
7.919477542238018337e-05
7.769218774502288465e-05
7.620887372054769334e-05
7.474517395959721900e-05
7.330093972319650828e-05
7.187662229409891518e-05
7.047217319350386239e-05
6.908800418785069545e-05
6.772393719092535821e-05
6.638023124698321658e-05
6.505672225413624069e-05
6.375381098853903042e-05
6.247142110664530073e-05
6.120977111375661833e-05
5.996855465231725856e-05
5.874801467823540727e-05
5.754812612357410078e-05
5.636922767854408360e-05
5.521099655423107187e-05
5.407338058788956130e-05
5.295605811901627196e-05
5.185924723547746497e-05
5.078278297214607832e-05
4.972680279241798243e-05
4.869105982268312163e-05
4.767572085163718421e-05
4.668047858395913823e-05
4.570517289585473454e-05
4.474934189999055923e-05
4.381312169926180846e-05
4.289624736706707376e-05
4.199866299498364086e-05
4.112017581016885168e-05
4.026080006743608001e-05
3.941991609997639201e-05
3.859727347165941067e-05
3.779266036446252792e-05
3.700607983265338444e-05
3.623711976876388863e-05
3.548570126080244819e-05
3.475125971435057067e-05
3.403365661088814949e-05
3.333256841740321911e-05
3.264763296617527666e-05
3.197860412705490484e-05
3.132536984199470566e-05
3.068750926787782720e-05
3.006446536054602583e-05
2.945590656014039781e-05
2.886199269011482582e-05
2.828211019563389283e-05
2.771587453020998940e-05
2.716280604474903855e-05
2.662295224028161163e-05
2.609579794316804280e-05
2.558108116831263229e-05
2.507822269161268108e-05
2.458717593495399033e-05
2.410757078227312864e-05
2.363904914750750047e-05
2.318115441782200842e-05
2.273374784441901792e-05
2.229657857666968914e-05
2.186913256523734185e-05
2.145108348141466415e-05
2.104252055819199013e-05
2.064267700550652916e-05
2.025150554244511156e-05
1.986874011315497332e-05
1.949406793108906475e-05
1.912709776935463582e-05
1.876784317614564566e-05
1.841576192948756000e-05
1.807077533499194710e-05
1.773267349727403587e-05
1.740101791628480393e-05
1.707583753812730700e-05
1.675674745985982178e-05
1.644359035837489208e-05
1.613620969034680491e-05
1.583426511542239409e-05
1.553779926800593009e-05
1.524638082444266042e-05
1.496007084379398871e-05
1.467848298927241275e-05
1.440168096606003462e-05
1.412931754641296868e-05
1.386140467247788326e-05
1.359766453659464884e-05
1.333811682994727696e-05
1.308250549260481172e-05
1.283081503930222566e-05
1.258283524167821534e-05
1.233857818746976244e-05
1.209784058207014244e-05
1.186060591747945428e-05
1.162670995272971263e-05
1.139616778190987534e-05
1.116881486180973398e-05
1.094464348736587598e-05
1.072351635334410569e-05
1.050546161631968139e-05
1.029034106915671399e-05
1.007815382495965246e-05
9.868789354644332446e-06
9.662280600940403660e-06
9.458515449815008938e-06
9.257501881260034277e-06
9.059142752957096705e-06
8.863486371481951303e-06
8.670434975646245857e-06
8.480001870517680623e-06
8.292106123622242328e-06
8.106799113970999287e-06
7.923998450106394914e-06
7.743719978145082681e-06
7.565894664079394065e-06
7.390577253340550850e-06
7.217699224041385278e-06
7.047278511293563762e-06
6.879252535478478555e-06
6.713678845406661373e-06
6.550497519336229946e-06
6.389725647869898987e-06
6.231306811228371296e-06
6.075299975963906237e-06
5.921654520667059378e-06
5.770385949031012007e-06
5.621440495797776412e-06
5.474876051963779851e-06
5.330648277527910685e-06
5.188770493544620787e-06
5.049191966853958026e-06
4.911969162407818718e-06
4.777061634339223064e-06
4.644478661107673719e-06
4.514168711263350608e-06
4.386186411223223226e-06
4.260495416165740216e-06
4.137100176239627696e-06
4.015947434168385777e-06
3.897088126661137852e-06
3.780489214605476198e-06
3.666151419249736443e-06
3.554020232675108021e-06
3.444142723442162057e-06
3.336489268700523120e-06
3.231057212500784593e-06
3.127791049941113292e-06
3.026734294162952474e-06
2.927860271842895129e-06
2.831162593044943817e-06
2.736584968134893682e-06
2.644167375706510551e-06
2.553885442312642128e-06
2.465728380470715681e-06
2.379638444021303473e-06
2.295650963343653541e-06
2.213741298995738653e-06
2.133893642119281755e-06
2.056048614249535317e-06
1.980233968749556064e-06
1.906425650840959246e-06
1.834606018713466012e-06
1.764714080278275371e-06
1.696772359171475679e-06
1.630758722893772750e-06
1.566651938015486414e-06
1.504393521799696565e-06
1.444000256033877019e-06
1.385450316685723665e-06
1.328721911030177719e-06
1.273757475767833029e-06
1.220567410008530844e-06
1.169126622206808139e-06
1.119410217366666305e-06
1.071361913149626289e-06
1.024983396283201913e-06
9.802456475876037408e-07
9.371194328946768241e-07
8.955473220767855174e-07
8.555182813299976157e-07
8.169955787764729026e-07
7.799394557430606220e-07
7.442834539622644977e-07
7.099969766373068687e-07
6.770281996378592725e-07
6.453223687095468189e-07
6.148045362979458140e-07
5.854298868966457104e-07
5.571432019159665425e-07
5.298903358183954910e-07
5.036085271502978948e-07
4.782613429210745258e-07
4.538112877666235489e-07
4.302236970165752843e-07
4.074613878118785645e-07
3.855064189090877377e-07
3.643408945858918484e-07
3.439486330534296973e-07
3.243106297798093179e-07
3.054188335415779836e-07
2.872634671036221688e-07
2.698352583138681546e-07
2.531197126022252784e-07
2.371088678386426126e-07
2.217908986025494911e-07
2.071543469054782349e-07
1.931836637933587852e-07
1.798674193657265554e-07
1.671896775822965019e-07
1.551375552357493032e-07
1.436941938238224989e-07
1.328467606672447262e-07
1.225760559403561650e-07
1.128681810463245992e-07
1.037048513291213121e-07
9.507185014781729896e-08
8.694681515195351019e-08
7.931427816171855510e-08
7.215439193278663001e-08
6.545169623734841745e-08
5.918148439529915366e-08
5.332736056872363017e-08
4.786904222449492915e-08
4.279169625316732114e-08
3.807072904124986285e-08
3.369155714713176958e-08
2.963650701885939798e-08
2.589419846793522586e-08
2.244222784370962303e-08
1.926818209472133140e-08
1.635521684238533958e-08
1.369248839135650321e-08
1.125689509086551973e-08
9.035461100017801838e-09
7.011492068914509151e-09
5.176687847463382384e-09
3.512524831253303940e-09
2.012453049898948881e-09
6.662993782640953035e-10
-5.294309423700328770e-10
-1.592145739911411205e-09
-2.531308896533939608e-09
-3.362518076688580749e-09
-4.093686577113501782e-09
-4.741751947712110956e-09
-5.309484665983701537e-09
-5.800105844569955149e-09
-6.207278391558460549e-09
-6.538471898810429338e-09
-6.798275936004372219e-09
-7.001362397504547306e-09
-7.155748359177301425e-09
-7.275788067200719108e-09
-7.361282900695949787e-09
-7.413185831246062345e-09
-7.426887458673780124e-09
-7.411852104875639568e-09
-7.371613166491454083e-09
-7.311429202466176548e-09
-7.223961954141998704e-09
-7.109288902280678008e-09
-6.969641519999040557e-09
-6.824159070809204665e-09
-6.683363574757669033e-09
-6.546904183236621473e-09
-6.395007418013672904e-09
-6.223244707274562925e-09
-6.041356724857801140e-09
-5.868043650167500620e-09
-5.695671608105853565e-09
-5.510689224667137025e-09
-5.312215094001121355e-09
-5.124868883776948325e-09
-4.953303657632377906e-09
-4.786784127090463623e-09
-4.620504013403273532e-09
-4.464831183513482802e-09
-4.298979093022897072e-09
-4.106532159972090502e-09
-3.916158819499994099e-09
-3.760255833636430971e-09
-3.604356127756383097e-09
-3.434893355722268954e-09
-3.285422499635632301e-09
-3.157883104693959649e-09
-3.028122384181819379e-09
-2.911398629347730031e-09
-2.779895981031458000e-09
-2.633801935960901576e-09
-2.510446013646022675e-09
-2.380887770485065978e-09
-2.252139088292567197e-09
-2.162474402420127850e-09
-2.052773301354886226e-09
-1.957020475884164750e-09
-1.868791304908877823e-09
-1.790458148732060818e-09
-1.687697881548260153e-09
-1.566831125618199845e-09
-1.497573555653382568e-09
-1.427377271581696433e-09
-1.365635228626216061e-09
-1.294131261608013246e-09
-1.222335647751844069e-09
-1.154737678237620661e-09
-1.101194315644453199e-09
-1.032587290844630994e-09
-9.832188043084193057e-10
-9.121533321602531472e-10
-8.649840960755533660e-10
-8.282509826794670617e-10
-7.776861158490402995e-10
-7.405107000676195084e-10
-6.989908728903301855e-10
-6.517706687740074908e-10
-6.138376836748937249e-10
-5.928113691628442567e-10
-5.457959158326162415e-10
-5.159880419186194258e-10
-4.890330346998195590e-10
-4.651933377686336789e-10
-4.346521533862802033e-10
-4.143814057172479713e-10
-3.855833507964591857e-10
-3.533213948579265972e-10
-3.411643423541959726e-10
-3.185450422646071376e-10
-3.044992779366768865e-10
-2.864179817171035225e-10
-2.748166067743328247e-10
-2.460532396753040046e-10
-2.317302043865768353e-10
-2.302173076331584825e-10
-1.975194706938900965e-10
-1.935937047334461014e-10
-1.937629647550580791e-10
-1.700102178970336166e-10
-1.677143470727365411e-10
-1.570203666123238693e-10
-1.362189524028812497e-10
-1.349608770674070005e-10
-1.267180928697626944e-10
-1.252113605848323931e-10
-1.059305768088547097e-10
-1.065303218295560852e-10
-9.797982658165104405e-11
-9.711428082701215534e-11
-8.817218818375574384e-11
-7.891404583796475130e-11
-7.610324970682433003e-11
-7.032112597818264584e-11
-6.749828075076701359e-11
-6.358202257332091746e-11
-6.034187813100221588e-11
-5.384789110663688456e-11
-5.374737921377045803e-11
-4.935795588511046857e-11
-4.801225257195345805e-11
-4.435076741334694467e-11
-3.942715666875451566e-11
-3.689660921744862921e-11
-3.908124295552887933e-11
-3.209298874638733132e-11
-3.110620832083730811e-11
-3.228173894193785299e-11
-2.879177826961669377e-11
-2.529417079238755488e-11
-2.536773057247096770e-11
-2.252863635734443158e-11
-2.142315966187531059e-11
-2.437656955408861114e-11
-1.804795709501422229e-11
-1.849596840372143699e-11
-1.840610487232702289e-11
-1.686749047338213360e-11
-1.525980924184475097e-11
-1.538629197849345574e-11
-1.452537372000483527e-11
-1.355487495496065465e-11
-1.280241687821407863e-11
-1.174383630483192794e-11
-1.237353714521750804e-11
-1.001995184147923451e-11
-1.109916642420263203e-11
-9.872252234360452690e-12
-1.098884029362971896e-11
-7.482917192521256706e-12
-9.261892725901027673e-12
-8.178704255708206503e-12
-7.917291248584400336e-12
-7.296163957982367774e-12
-7.308041159147230074e-12
-7.267905079325214596e-12
-7.426100550455130229e-12
-5.573433585795154163e-12
-6.726621253350710937e-12
-5.952434831740311383e-12
-5.812679170013376569e-12
-5.868040281786108423e-12
-5.254210445383952864e-12
-5.406965566516548933e-12
-5.087112028601170053e-12
-4.905495450587983090e-12
-4.727885658772715963e-12
-5.112701596654243779e-12
-4.207390429428522396e-12
-4.964820755918837429e-12
-4.070435015175449977e-12
-3.994757402836958434e-12
-4.355450631228575443e-12
-3.979915300711233945e-12
-4.009236866708189475e-12
-3.748621536038586240e-12
-3.750045000120504324e-12
-3.769256635597491572e-12
-3.591445881949142762e-12
-3.329364611457559870e-12
-3.533904667688466545e-12
-3.275931349467578543e-12
-3.523516268133481834e-12
-3.094258086094568734e-12
-3.278113433495819006e-12
-3.113244406497293570e-12
-3.187441962573558005e-12
-2.801954275762206782e-12
-3.029787024851626554e-12
-2.860459344262642697e-12
-2.838994610229085124e-12
-2.750702010174925689e-12
-2.760520503838730674e-12
-2.469779681659794102e-12
-2.543973251785557777e-12
-2.553029738450623917e-12
-2.475097147200325828e-12
-2.394830221792431817e-12
-2.341872449244554483e-12
-2.166039382729031422e-12
-2.307741459223108308e-12
-2.079571295929034792e-12
-2.121764304348283802e-12
-1.973573600740836466e-12
-1.910881305146176525e-12
-1.897063126802528522e-12
-1.823560827206963543e-12
-1.746431810386891493e-12
-1.601410369668939247e-12
-1.611369918527343399e-12
-1.506626393769298139e-12
-1.438337179738301477e-12
-1.382821601745453352e-12
-1.307628162273578192e-12
-1.239819282367885576e-12
-1.191473337794384290e-12
-1.064561185751722411e-12
-1.001728019904949599e-12
-9.397562026248563858e-13
-8.730410737333429308e-13
-7.951824057537874833e-13
-7.410629450645697857e-13
-6.886577972245994812e-13
-5.558825560684234669e-13
-5.647994406548729703e-13
-4.709048840011965917e-13
-3.961819516069474272e-13
-3.574836727972712507e-13
-2.858514254961664517e-13
-2.334230680046260893e-13
-2.286894726837693372e-13
-1.292259629057988722e-13
-1.251073896761970210e-13
-4.307069947355380105e-14
-4.363209238784055612e-14
-1.544964585004446854e-14
1.961235527734556501e-14
2.991293789352181121e-14
5.059427019909386072e-14
5.693599207960055602e-14
7.924530087499062313e-14
6.731075351984160542e-14
6.514234073840673334e-14
6.538985406353662495e-14
7.136433310693760013e-14
4.816877317686899981e-14
3.609016568993975082e-14
3.000357058460009015e-14
8.284886059156254423e-15
1.306203936547304997e-15
-1.633742090464466487e-14
-3.882784178417706654e-14
-4.497893881405321286e-14
-4.666881235020062854e-14
-6.759706999419257733e-14
-6.153376391152601347e-14
-7.121043316246313729e-14
-6.076605828277653707e-14
-6.499246430476046378e-14
-5.808140854339561618e-14
-4.415352162290415055e-14
-3.986776915027407939e-14
-2.619435943752334360e-14
-1.341716127368358230e-14
-7.344959205258912122e-16
4.983788413808997490e-15
1.647530201123452447e-14
1.869211800788370320e-14
2.166648669071147737e-14
2.472989946694880896e-14
2.089768851343895633e-14
1.964624220892819985e-14
1.402361189054395545e-14
6.078906760723202236e-15
2.345230319486191710e-16
-5.560124016104279226e-15
-9.215063749230642510e-15
-1.089213306179955659e-14
-1.161908672769677764e-14
-9.473087771266136621e-15
-6.108000852532611605e-15
1.261212745877413831e-15
6.682157799691192608e-15
1.214617591130042422e-14
1.364416022962717446e-14
1.522863031205084652e-14
1.377981932536132439e-14
1.204125332581674474e-14
6.720862361208567728e-15
3.982354780235920333e-15
1.212833912674462026e-15
1.310216429192114995e-15
2.547815568531785653e-16
2.788156924619313566e-15
5.993468783170045600e-15
1.014214252216865663e-14
1.126432987063319083e-14
1.256888889744241356e-14
1.072241732587880691e-14
7.799539894006406559e-15
4.582351781120874786e-15
4.767151282476295058e-15
4.472783532441739302e-15
6.523973231318083622e-15
8.336793383633334482e-15
9.934917836364226584e-15
1.021654366529310707e-14
1.020869780976555607e-14
7.170785916274283957e-15
6.211125458426454067e-15
5.628134047166033239e-15
7.809423100324314949e-15
9.110281735254717548e-15
9.643544795126372790e-15
9.042534632718991915e-15
8.426645428135345621e-15
7.066986705383428094e-15
6.939827566026390322e-15
8.067752914681471046e-15
9.762738473733337910e-15
9.000870932474761274e-15
8.217528224263141951e-15
7.624130312984260254e-15
7.851447085441085210e-15
8.248675885102421471e-15
9.623296885108043740e-15
8.549773409244514484e-15
7.723475034410929885e-15
8.031431542367424577e-15
8.725944633733781910e-15
8.844987599264151947e-15
8.802024751891526860e-15
7.481813042013701794e-15
8.756133641005725757e-15
8.752075395258246295e-15
8.680049390411117640e-15
8.059916242178370081e-15
8.402461602012863180e-15
8.966917634204623699e-15
8.372926992984620434e-15
8.290021205853994328e-15
8.612013284232247721e-15
8.738604711753282392e-15
8.301726954754283101e-15
8.499742261819192852e-15
8.721840767752732103e-15
8.429944936850069501e-15
8.470534841349983113e-15
8.661776913766119654e-15
8.517019213670241471e-15
8.430971981585905699e-15
8.725273174037617405e-15
8.404620228785866196e-15
8.600053804368854373e-15
8.588538998695059100e-15
8.469934432572712018e-15
8.635562546630324419e-15
8.504805429693741593e-15
8.565961175748232050e-15
8.583981861113970172e-15
8.507157172499438418e-15
8.624014291282956344e-15
8.491432987838493771e-15
8.628613590771885159e-15
8.498636399162361696e-15
8.620510056385070262e-15
8.510534541681004052e-15
8.611792550680889308e-15
8.520457843118629854e-15
8.605476233446062590e-15
8.527626824207473916e-15
8.601293715476715653e-15
8.532783543891004287e-15
8.598464340719821085e-15
8.536669206553442326e-15
8.596411300736507515e-15
8.539763372144801507e-15
8.594797271504664268e-15
8.542343197956217687e-15
8.593438851333082313e-15
8.544566590526139207e-15
8.592237620321806932e-15
8.546526305834665653e-15
8.591140060097144470e-15
8.548279702997743416e-15
8.590116342347584491e-15
8.549864387860596262e-15
8.589149336003575108e-15
8.551306467141247315e-15
8.588228855931384932e-15
8.552625018184742318e-15
8.587348586724313917e-15
8.553834598577041220e-15
8.586504395087480131e-15
8.554946713157803603e-15
8.585693381158737540e-15
8.555970707371119397e-15
8.584913334276252753e-15
8.556914333448305521e-15
8.584162415734307032e-15
8.557784123126172189e-15
8.583438972147696582e-15
8.558585641671347863e-15
8.582741425009492412e-15
8.559323666749254631e-15
8.582068205573917379e-15
8.560002317769241615e-15
8.581417716566268474e-15
8.560625151814128945e-15
8.580788309924281833e-15
8.561195236073655892e-15
8.580178273782150261e-15
8.561715203412052866e-15
8.579585824681151306e-15
8.562187295359594448e-15
8.579009102405872633e-15
8.562613395515500777e-15
8.578446165861572870e-15
8.562995055426858760e-15
8.577894989026427440e-15
8.563333514430543809e-15
8.577353456356500564e-15
8.563629714476689330e-15
8.576819357206193608e-15
8.563884310743439722e-15
8.576290379138311755e-15
8.564097678653060325e-15
8.575764099903052538e-15
8.564269917670817024e-15
8.575237978057395759e-15
8.564400852305106722e-15
8.574709342165689204e-15
8.564490030479163238e-15
8.574175378616805834e-15
8.564536719600150791e-15
8.573633118004572273e-15
8.564539900420388855e-15
8.573079420169015985e-15
8.564498258886459477e-15
8.572510957878400369e-15
8.564410176094631905e-15
8.571924199245045023e-15
8.564273716528378510e-15
8.571315388950614482e-15
8.564086614694925903e-15
8.570680528387956991e-15
8.563846260341482498e-15
8.570015354814983344e-15
8.563549682450071164e-15
8.569315319790925270e-15
8.563193532239088172e-15
