# bin_2_2
1.039321749825700397e-04
1.039297676628238797e-04
1.039298295905577625e-04
1.039274407878167653e-04
1.039272517013276639e-04
1.039248522437098514e-04
1.039244207755917544e-04
1.039219830160263231e-04
1.039213144878284214e-04
1.039188119889634297e-04
1.039179086546025032e-04
1.039153159075558217e-04
1.039141771674517652e-04
1.039114693421488604e-04
1.039100919334863630e-04
1.039072446591554226e-04
1.039056228280480084e-04
1.039026120033034452e-04
1.039007376639653569e-04
1.038975392964215237e-04
1.038954021828019888e-04
1.038919922590799538e-04
1.038895800741094681e-04
1.038859344615237031e-04
1.038832330296615881e-04
1.038793274115405328e-04
1.038763208395885999e-04
1.038721306864849738e-04
1.038688015388015745e-04
1.038643021182533818e-04
1.038606316108857158e-04
1.038557980385527220e-04
1.038517662579727552e-04
1.038465735926634599e-04
1.038421597428403336e-04
1.038365831272712283e-04
1.038317658088116851e-04
1.038257806571441286e-04
1.038205381796682755e-04
1.038141204106601676e-04
1.038084311380595994e-04
1.038015574501926868e-04
1.037954001742244644e-04
1.037880483554399623e-04
1.037814026892959046e-04
1.037735519488442793e-04
1.037663987259742981e-04
1.037580300295475386e-04
1.037503516862420461e-04
1.037414480675564142e-04
1.037332289785653747e-04
1.037237757912534046e-04
1.037150025178379539e-04
1.037049875807790993e-04
1.036956489795644808e-04
1.036850625579085545e-04
1.036751496876633461e-04
1.036639842408266848e-04
1.036534899944958026e-04
1.036417396144335604e-04
1.036306579975347907e-04
1.036183174565744383e-04
1.036066424327666629e-04
1.035937057653555905e-04
1.035814296005471762e-04
1.035678881601587333e-04
1.035549992214987474e-04
1.035408391887046662e-04
1.035273192004515795e-04
1.035125185755188785e-04
1.034983394038052493e-04
1.034828646013450504e-04
1.034679847381963580e-04
1.034517870130793768e-04
1.034361480546344605e-04
1.034191601243495372e-04
1.034026836814733294e-04
1.033848170557302005e-04
1.033674026773479155e-04
1.033485463360472580e-04
1.033300711331572682e-04
1.033100922661256193e-04
1.032904129466780954e-04
1.032691604243869671e-04
1.032481183209166340e-04
1.032254293348020192e-04
1.032028586564951686e-04
1.031785684832690789e-04
1.031543073963563843e-04
1.031282614671418619e-04
1.031021646967350943e-04
1.030742311271411714e-04
1.030461816756950795e-04
1.030162613031343130e-04
1.029861778441004959e-04
1.029542079649060693e-04
1.029220439315260617e-04
1.028879918570546110e-04
1.028537227971967687e-04
1.028175666775142547e-04
1.027811646821861591e-04
1.027428622670286252e-04
1.027042604799055465e-04
1.026637115430464506e-04
1.026227673998654629e-04
1.025797813309707428e-04
1.025362524544312567e-04
1.024905364827967478e-04
1.024440848539634794e-04
1.023952668058717732e-04
1.023455011137018545e-04
1.022931901137898414e-04
1.022397408168029435e-04
1.021836097485072538e-04
1.021262091757513366e-04
1.020660606056753532e-04
1.020045821682555597e-04
1.019403495581549401e-04
1.018747633221860657e-04
1.018064195127643104e-04
1.017366604674453320e-04
1.016640620531185921e-04
1.015898757526746893e-04
1.015126411374089372e-04
1.014335259741112866e-04
1.013510669660207134e-04
1.012664052535903043e-04
1.011781457864803534e-04
1.010874728480678868e-04
1.009931086154769507e-04
1.008962913360307166e-04
1.007958221264532319e-04
1.006929089992091871e-04
1.005863199729910848e-04
1.004771266591377072e-04
1.003640020215304345e-04
1.002478962018066587e-04
1.001274872666703029e-04
1.000037662858047186e-04
9.987558351259202014e-05
9.974407136409509306e-05
9.960822680150675996e-05
9.946916337830348639e-05
9.932578591792142863e-05
9.917898593498796682e-05
9.902752714925889502e-05
9.887224272152080452e-05
9.871207050510487347e-05
9.854808280700873301e-05
9.837947244011212484e-05
9.820732518580459756e-05
9.803066690575053504e-05
9.785026560474619785e-05
9.766501446415403040e-05
9.747579848007470048e-05
9.728190673530215003e-05
9.708451037973155431e-05
9.688289049280433081e-05
9.667783410171550856e-05
9.646831499919756876e-05
9.625517987979623127e-05
9.603789880211962020e-05
9.581767120452912550e-05
9.559382270551249809e-05
9.536700248178560716e-05
9.513635623873906090e-05
9.490296649235211335e-05
9.466653590547706334e-05
9.442796047022595824e-05
9.418630191407918208e-05
9.394230916970664380e-05
9.369572168695837954e-05
9.344760465743175116e-05
9.319707468059456256e-05
9.294466569524192814e-05
9.269009128641512193e-05
9.243436632826466850e-05
9.217652135048129316e-05
9.191703402617396252e-05
9.165568983872835222e-05
9.139316897514977408e-05
9.112832545332093519e-05
9.086190889116649457e-05
9.059358003346527368e-05
9.032338692210885019e-05
9.005059788677414058e-05
8.977614583146563941e-05
8.949886227396326645e-05
8.921919182257566025e-05
8.893687428860272708e-05
8.865182882732223352e-05
8.836365144246352489e-05
8.807300012922258264e-05
8.777877965162839905e-05
8.748211384855931019e-05
8.718200765664720054e-05
8.687926335607840621e-05
8.657345640835686755e-05
8.626494456240756451e-05
8.595368452725257117e-05
8.563983700224818885e-05
8.532342254200626312e-05
8.500457756601233813e-05
8.468321423580741400e-05
8.435947721468687157e-05
8.403313045319094705e-05
8.370431122994093163e-05
8.337266731309367254e-05
8.303833374342102882e-05
8.270091168753124569e-05
8.236057377026241252e-05
8.201695533356778288e-05
8.167031546525597779e-05
8.132038008273352993e-05
8.096751021481329586e-05
8.061151887792941065e-05
8.025282165077956306e-05
7.989124800139310123e-05
7.952717212303926381e-05
7.916034585066106526e-05
7.879102329666071429e-05
7.841884186487031684e-05
7.804395090721262908e-05
7.766594770459726220e-05
7.728499574561715970e-05
7.690079070973511357e-05
7.651362903733966337e-05
7.612336607271484167e-05
7.573040661844321602e-05
7.533465228976283341e-05
7.493644120980930395e-05
7.453554033117078780e-05
7.413210252545514062e-05
7.372575947744873439e-05
7.331661229255727363e-05
7.290438416760325194e-05
7.248935363823058673e-05
7.207145772059773351e-05
7.165109361824467595e-05
7.122817957455816165e-05
7.080293043257385936e-05
7.037503850652030877e-05
6.994455809178423222e-05
6.951121959586302446e-05
6.907528053235037274e-05
6.863673692238679883e-05
6.819596438805320023e-05
6.775285426622107356e-05
6.730750059029276717e-05
6.685958022622868135e-05
6.640920953255297749e-05
6.595634294642160346e-05
6.550136657707115626e-05
6.504425364517358611e-05
6.458510641734573944e-05
6.412361810071563913e-05
6.365991041285662920e-05
6.319400829837396960e-05
6.272627656790419380e-05
6.225660330970114210e-05
6.178498706247085161e-05
6.131123132752729315e-05
6.083565100076949582e-05
6.035832830957491382e-05
5.987937654608296341e-05
5.939852324399932639e-05
5.891595369838572026e-05
5.843179457580040937e-05
5.794623548936893493e-05
5.745901273158565600e-05
5.697027507332419038e-05
5.648016386052122920e-05
5.598883034775700360e-05
5.549602710116042570e-05
5.500198879212857663e-05
5.450683095561538151e-05
5.401055796551250399e-05
5.351306422871900348e-05
5.301470486849974717e-05
5.251536809625107226e-05
5.201507507879326231e-05
5.151400374442354879e-05
5.101224091942991240e-05
5.050965077597467412e-05
5.000657267528414908e-05
4.950287751166169054e-05
4.899870459238149723e-05
4.849418217625870456e-05
4.798925627615598788e-05
4.748410875450530103e-05
4.697878670897214008e-05
4.647331044139162175e-05
4.596787064133723227e-05
4.546238489174275115e-05
4.495712744847299577e-05
4.445197700655484005e-05
4.394719084746685609e-05
4.344269254280148229e-05
4.293871768786952983e-05
4.243520270276524063e-05
4.193234870247649146e-05
4.143012540774775255e-05
4.092872339175389302e-05
4.042812233506096550e-05
3.992848516394162904e-05
3.942980892487932227e-05
3.893226021291281439e-05
3.843583747112474993e-05
3.794069183172869109e-05
3.744683269394416585e-05
3.695441764614962375e-05
3.646345298065085255e-05
3.597408746854346046e-05
3.548634035008000676e-05
3.500036568426649516e-05
3.451618132520247210e-05
3.403392679365059716e-05
3.355363473047956344e-05
3.307544683167917843e-05
3.259938606263122209e-05
3.212558391927977853e-05
3.165407090806838332e-05
3.118497904648342967e-05
3.071833888880347335e-05
3.025427802262232809e-05
2.979283828259227950e-05
2.933415501477024682e-05
2.887827437829965584e-05
2.842533310605572884e-05
2.797538306725937286e-05
2.752855494311416806e-05
2.708488644774173504e-05
2.664449053373762327e-05
2.620738885311073020e-05
2.577367879442879622e-05
2.534337830168803158e-05
2.491658314070442209e-05
2.449332330501156785e-05
2.407371310452054717e-05
2.365779789946830926e-05
2.324569319016302093e-05
2.283743917817715748e-05
2.243313283300872230e-05
2.203279628040055621e-05
2.163650784576988672e-05
2.124429106138822623e-05
2.085624489293705656e-05
2.047241605709161760e-05
2.009290632065047682e-05
1.971774713180787894e-05
1.934700095859427735e-05
1.898065513093192671e-05
1.861875314730595160e-05
1.826131222307390950e-05
1.790842332787570920e-05
1.756013481889769198e-05
1.721650960362423494e-05
1.687753298778349372e-05
1.654322004257681496e-05
1.621356919240714092e-05
1.588866401505227425e-05
1.556856156981197779e-05
1.525332920691178480e-05
1.494293630537130069e-05
1.463735933409324129e-05
1.433656687508180083e-05
1.404060690772190802e-05
1.374948793632467249e-05
1.346322925843221990e-05
1.318181947537315377e-05
1.290530422237256002e-05
1.263368156853512990e-05
1.236692286649670252e-05
1.210494429010662479e-05
1.184775143198013315e-05
1.159536413185009962e-05
1.134778958610473576e-05
1.110497393865908871e-05
1.086692093486745915e-05
1.063360977052377701e-05
1.040500306909816723e-05
1.018105147510054374e-05
9.961733072316771224e-06
9.746964354043300425e-06
9.536734745122526531e-06
9.331055321992703488e-06
9.129845381334729214e-06
8.932987937120993185e-06
8.740442342769246377e-06
8.552169309518736944e-06
8.368179937649675274e-06
8.188391521345344943e-06
8.012685485277495754e-06
7.841028722980023663e-06
7.673337741840483985e-06
7.509566374663047497e-06
7.349635239472263578e-06
7.193435663778746748e-06
7.040907159420237641e-06
6.891972084495980349e-06
6.746650725985018858e-06
6.604810150942995463e-06
6.466359171799234724e-06
6.331242049879437048e-06
6.199426152437467414e-06
6.070753163178137806e-06
5.945173388005124423e-06
5.822664102496852347e-06
5.703154942998121720e-06
5.586548125498980950e-06
5.472742162233836551e-06
5.361695295883463233e-06
5.253268761531477422e-06
5.147372711965132053e-06
5.044036391856689003e-06
4.943107368789240516e-06
4.844535607428230259e-06
4.748225872596341221e-06
4.654087981228032666e-06
4.562082530571524322e-06
4.472227242009858265e-06
4.384371307809558622e-06
4.298508100788522199e-06
4.214488321469141412e-06
4.132323541839147039e-06
4.051962519817171231e-06
3.973304604226499054e-06
3.896265968254159515e-06
3.820760250445549841e-06
3.746817832454865329e-06
3.674361894325872179e-06
3.603322459347555540e-06
3.533643681695328382e-06
3.465366918295419632e-06
3.398415640971824961e-06
3.332689810037488373e-06
3.268158617364196238e-06
3.204829386378562193e-06
3.142582961518659146e-06
3.081381224421137497e-06
3.021279875915017647e-06
2.962218858343170103e-06
2.904117540662851944e-06
2.847045109552181691e-06
2.790899670709421544e-06
2.735596593066666086e-06
2.681198993732147222e-06
2.627625299838207736e-06
2.574871169578235121e-06
2.523001761671664684e-06
2.471866984577424567e-06
2.421549074871826823e-06
2.371930450517954535e-06
2.323026539605692782e-06
2.274861874466728705e-06
2.227389530268439542e-06
2.180658306805777244e-06
2.134547038404630830e-06
2.089107397312828410e-06
2.044280394031020767e-06
2.000141080573773834e-06
1.956622893284407795e-06
1.913731142965802304e-06
1.871412455857402919e-06
1.829712182839091131e-06
1.788615982179138225e-06
1.748123467217633194e-06
1.708185238070329181e-06
1.668822954761562511e-06
1.630042197317804570e-06
1.591842425225489701e-06
1.554180785509301376e-06
1.517076405630856492e-06
1.480539174682541335e-06
1.444555757461495340e-06
1.409095909245849481e-06
1.374193859146168209e-06
1.339842527575200454e-06
1.306013167170863784e-06
1.272713370877575382e-06
1.239971088272594401e-06
1.207743056891236217e-06
1.176037569668656977e-06
1.144871397309209317e-06
1.114223693418047960e-06
1.084094971341164114e-06
1.054493646034559214e-06
1.025394935042139578e-06
9.968290472959723142e-07
9.687684000571917488e-07
9.412150295081477445e-07
9.141742069528323356e-07
8.876400764271541465e-07
8.616137316558882950e-07
8.360802670191205202e-07
8.110486662557152017e-07
7.865175331865965696e-07
7.624802076457454064e-07
7.389286774714357530e-07
7.158650496119582796e-07
6.932925853564114428e-07
6.712015602429353715e-07
6.495852756151386673e-07
6.284440902835146806e-07
6.077817816452014159e-07
5.875879210698781122e-07
5.678558297773918715e-07
5.485849845735924808e-07
5.297788403865101309e-07
5.114266401888105876e-07
4.935217194804826456e-07
4.760625944642489404e-07
4.590523400055921009e-07
4.424803921084173799e-07
4.263401470581347781e-07
4.106289211324884154e-07
3.953494204386654629e-07
3.804910481401416848e-07
3.660469516186309131e-07
3.520129148800466083e-07
3.383906168779247277e-07
3.251688503816186805e-07
3.123402631930137194e-07
2.998987243488069590e-07
2.878450158358320441e-07
2.761671465294311020e-07
2.648577824749093557e-07
2.539090484273003446e-07
2.433210857748825777e-07
2.330814500432562907e-07
2.231828279361947606e-07
2.136159277452938331e-07
2.043800307281268698e-07
1.954623934948458094e-07
1.868556745068162325e-07
1.785495659747088218e-07
1.705424562538412217e-07
1.628215376841469383e-07
1.553792783480940466e-07
1.482044637429350930e-07
1.412944061554421510e-07
1.346362703740265508e-07
1.282226138865734992e-07
1.220421617509504831e-07
1.160923383760495944e-07
1.103620821517158817e-07
1.048461219398500501e-07
9.953533778811077033e-08
9.442870769944592714e-08
8.951738157362226511e-08
8.479742539921333288e-08
8.026005560974256292e-08
7.590306979587225017e-08
7.171698564276231435e-08
6.769732590744500631e-08
6.383579035442522289e-08
6.013149741725772123e-08
5.657886639347979551e-08
5.317803331753043920e-08
4.992514495445131473e-08
4.682102542129214281e-08
4.385959227510522959e-08
4.103717026310775641e-08
3.834459489438445130e-08
3.577753539833685606e-08
3.332927403352569791e-08
3.100032636569417746e-08
2.878978009276764170e-08
2.670051511703281476e-08
2.472871212202731529e-08
2.286999945298200560e-08
2.111318253750350090e-08
1.945069667827345687e-08
1.787637465258209247e-08
1.639329663587816021e-08
1.500311050934787800e-08
1.370567582707267813e-08
1.249121130520151055e-08
1.135041919479021667e-08
1.027583966768298721e-08
9.270896417497863520e-09
8.340919305806845085e-09
7.488573924304147887e-09
6.702787576439393759e-09
5.969632194700239826e-09
5.280710608445974630e-09
4.641216108238461051e-09
4.054439943288384615e-09
3.516958211736911690e-09
3.020758950000303054e-09
2.567309936402408337e-09
2.157809292241020419e-09
1.785618179899516623e-09
1.439127642486030125e-09
1.121865385263373678e-09
8.415521931576438976e-10
5.931873349321231247e-10
3.631695807017475014e-10
1.564579426266463729e-10
-2.269133288618087680e-11
-1.893654506114689289e-10
-3.499633944865517015e-10
-4.795623428994053877e-10
-5.789822336069786616e-10
-6.768710123477334951e-10
-7.697469796444844348e-10
-8.389495343579776462e-10
-9.010404991575089742e-10
-9.556981010265116316e-10
-9.940856962301683036e-10
-1.029582336720106404e-09
-1.059571998652190575e-09
-1.073136334512144372e-09
-1.079155267909960725e-09
-1.084700628684490523e-09
-1.094624352505196961e-09
-1.084529145904480427e-09
-1.075809512998697761e-09
-1.069550431737204341e-09
-1.055497096379624258e-09
-1.041836264196230254e-09
-1.013028856116982030e-09
-1.002450527177264430e-09
-9.860402065534450064e-10
-9.636752292740948063e-10
-9.338932891802294185e-10
-9.029319376914003921e-10
-8.868866203789468065e-10
-8.628546508161900776e-10
-8.282650955292999933e-10
-7.944175929813524360e-10
-7.758178576719657151e-10
-7.453582163534248619e-10
-7.195435509016579628e-10
-6.934023787966121213e-10
-6.617893087308501419e-10
-6.442870866270219717e-10
-6.198957609073887312e-10
-5.858099408388244288e-10
-5.668308109707109096e-10
-5.428665265898605105e-10
-5.187059394367775485e-10
-4.928962638491989649e-10
-4.764976076958983938e-10
-4.550017833131068168e-10
-4.337594057395992938e-10
-4.137668595857599238e-10
-3.958770638372920150e-10
-3.739967708204162243e-10
-3.543784939880357032e-10
-3.418992007929801389e-10
-3.191526681263080948e-10
-3.094999679809235591e-10
-2.922937469561052513e-10
-2.753186408348904810e-10
-2.637575411999793638e-10
-2.465478727566060833e-10
-2.373511352423667652e-10
-2.250160727467242404e-10
-2.137476950117928095e-10
-2.034020086208675111e-10
-1.899427468034243092e-10
-1.815445521612630657e-10
-1.710251577104423629e-10
-1.649560404228801972e-10
-1.542736751018941073e-10
-1.451783582038807424e-10
-1.344922466395453760e-10
-1.282120016913305699e-10
-1.214101902190989644e-10
-1.152096089454243124e-10
-1.071074867421059155e-10
-1.015274286548384227e-10
-9.686256095306671612e-11
-9.266712549620330541e-11
-8.614692425766560013e-11
-8.069299228545487548e-11
-7.659123617828643150e-11
-7.336327905181612375e-11
-6.815482882161390711e-11
-6.358763447189318948e-11
-6.028143776728634489e-11
-5.761769718740945072e-11
-5.357957652589860673e-11
-5.051546843114294143e-11
-4.787055227119305141e-11
-4.481697975436676703e-11
-4.144820398824534356e-11
-4.003519404902902031e-11
-3.816954672245941652e-11
-3.562714560985158296e-11
-3.330533558844306043e-11
-3.167237736133100082e-11
-2.954804137660746574e-11
-2.788609138131317487e-11
-2.593927612622141729e-11
-2.510479888534085098e-11
-2.342124496173970723e-11
-2.235588862173658991e-11
-2.023674017410877323e-11
-1.969040854398058111e-11
-1.889831853587654471e-11
-1.751311518186062191e-11
-1.702979133645215386e-11
-1.559846115351781660e-11
-1.510262893615342512e-11
-1.341515794910546434e-11
-1.319770276313639934e-11
-1.212023747025264549e-11
-1.233838808083242828e-11
-1.156313699131070660e-11
-1.067166911179519749e-11
-9.722699567934522008e-12
-9.904645160564717498e-12
-9.556562061104868821e-12
-9.011298193739431385e-12
-7.852297657595538144e-12
-7.897623197467626395e-12
-7.675235638751896887e-12
-7.108956413103572834e-12
-6.812060546283788377e-12
-6.919059458643893906e-12
-6.283050606339407115e-12
-5.779987268684526040e-12
-5.948758131858593007e-12
-5.763242128450410656e-12
-5.582375217650351178e-12
-5.533113328986207544e-12
-4.602488288807457844e-12
-4.856212606551783653e-12
-4.983467157996807285e-12
-3.713907503439616154e-12
-4.317089737774944642e-12
-4.800891269911421235e-12
-3.843632725963599790e-12
-3.894603998511708886e-12
-3.960356507546675588e-12
-3.790188775078723248e-12
-3.545771379262053894e-12
-3.838647768632355096e-12
-3.228348490346593855e-12
-3.592237165210990781e-12
-3.035809434475086373e-12
-3.307998968387687269e-12
-3.241261058331481536e-12
-3.104348397142410951e-12
-3.042263940004762929e-12
-2.679770566041525246e-12
-2.993702009569389974e-12
-2.819605150077498065e-12
-2.722207106017630219e-12
-2.586835391086721451e-12
-2.811713036008809923e-12
-2.639588233341596510e-12
-2.594306174352545270e-12
-2.307349138082566347e-12
-2.526240327744799068e-12
-2.308058914170177359e-12
-2.520932371770833100e-12
-2.295029288445082687e-12
-2.280390506919769747e-12
-2.142645309293799158e-12
-2.213774406670811260e-12
-2.167404752943500550e-12
-2.099020111317656124e-12
-2.032758593569909402e-12
-1.956745563391798828e-12
-1.979558525424522636e-12
-2.030944574682251213e-12
-1.777595522364384929e-12
-1.884639592292800892e-12
-1.683962146773133953e-12
-1.755294376910151064e-12
-1.736315050891532060e-12
-1.578389676818046977e-12
-1.599458205761600039e-12
-1.541143671407035527e-12
-1.500664073806509359e-12
-1.391421083709955130e-12
-1.408972776178023322e-12
-1.365129920056860765e-12
-1.225251192765945005e-12
-1.228313734604988197e-12
-1.174802365758422511e-12
-1.138517580117928910e-12
-1.037740889519917790e-12
-1.014546644785794346e-12
-9.269515352351284730e-13
-8.986263447322189057e-13
-8.670569775468899277e-13
-7.674887659150901694e-13
-7.185663753747961861e-13
-6.915467693578265610e-13
-6.042649847807053743e-13
-5.676578583922518798e-13
-5.034399641532936270e-13
-4.795514026065429562e-13
-4.080300118589221877e-13
-3.474376779063521973e-13
-3.374644508283762500e-13
-2.757880927036774019e-13
-2.271686141590770857e-13
-1.860267323334411787e-13
-1.532325174153622664e-13
-1.095415496381801024e-13
-9.882322540100760447e-14
-5.180941719418899792e-14
-2.889111262272224748e-14
-2.246670089180324476e-14
1.538295477678141078e-14
2.376602021348665905e-14
4.467505256054782879e-14
3.844049111511621713e-14
4.848821043023179791e-14
5.672243015079862678e-14
4.323181337088564712e-14
5.350984081909554656e-14
4.298073179667651426e-14
3.830603001309500717e-14
1.956500034841216632e-14
2.021199598016990506e-14
-1.303329836480932176e-15
-3.286269675989665558e-15
-1.832020968811777434e-14
-2.993543603094403880e-14
-3.762242027124254076e-14
-4.732649739348252415e-14
-4.987193907649038717e-14
-5.460712631589630790e-14
-5.664277597351909835e-14
-5.361319806021918965e-14
-5.387219725168856834e-14
-4.511837209713344429e-14
-4.284599602734657955e-14
-3.024565395860695723e-14
-2.700335949096913883e-14
-1.506204501884088761e-14
-8.070163225101510998e-15
2.403648736933373192e-15
4.285120703933100703e-15
1.197301479763222926e-14
1.475360446544571957e-14
1.384246683553883545e-14
1.195594417605397577e-14
1.201445108626098471e-14
4.227303450869313724e-15
5.127177171414426951e-16
-3.960586603551392387e-15
-1.023577002749825096e-14
-1.157789227505817658e-14
-1.376679990808803427e-14
-1.276291969490477934e-14
-1.078930579428744734e-14
-8.109459830840094925e-15
-3.351645504487286522e-15
-7.032940161403923152e-16
4.643337568927209000e-15
5.186367001484390544e-15
7.909080454465720524e-15
5.731590511973869241e-15
5.104140592191274983e-15
1.106559343309225841e-15
-1.233136534494383931e-15
-4.203687347321870043e-15
-4.356092243880010528e-15
-3.954723135776232746e-15
-1.733995036317744693e-15
2.385442420510947598e-16
2.843652403282420577e-15
4.118018300722270906e-15
4.707364366408564038e-15
3.595673316757945471e-15
1.914403434886515141e-15
-4.950998833525442854e-16
-1.489543539799222372e-15
-1.173356597255703603e-15
4.584496998588928403e-16
1.907018192230455600e-15
3.205765649025045249e-15
3.353608633074707186e-15
2.883044083441074831e-15
1.377482657039664918e-15
7.927001709159643059e-17
-6.287404000690060897e-17
1.222910676366104018e-15
2.361794821658369413e-15
2.949464967409504540e-15
2.623560844924946021e-15
1.835833365965156605e-15
6.560637650306188153e-16
8.183531244511567353e-16
1.926851801806091337e-15
2.661135972288691797e-15
2.392628341000389512e-15
1.979499156223580135e-15
1.138876564695178729e-15
1.260993184661943741e-15
2.261116324200736603e-15
2.514256571541182347e-15
2.004094010847907399e-15
1.596651864941353596e-15
1.358125358118497212e-15
2.314487800369920808e-15
2.290083734192465621e-15
1.919993626585398614e-15
1.586133163226787829e-15
1.832704623200346311e-15
2.399845908320433962e-15
1.961305557812417244e-15
1.729392521959260525e-15
1.876649099553855376e-15
2.295471992522631474e-15
1.932536640851999612e-15
1.786568005925843567e-15
2.050185771382324379e-15
2.182296033020860308e-15
1.809915351352905211e-15
1.971380082502147756e-15
2.148554427958076704e-15
1.934251734455991962e-15
1.915332713812598883e-15
2.152722361294503757e-15
1.928358940392646281e-15
1.975874423181221121e-15
2.103620560467643007e-15
1.934286113598567332e-15
2.026953478929573828e-15
2.061576041535710419e-15
1.934822142455605827e-15
2.094716108013958023e-15
1.961398853291602287e-15
2.043056944400690408e-15
2.019816095618908382e-15
2.000190789260671397e-15
2.048618546673547912e-15
1.989547564223408446e-15
2.051183030930749155e-15
1.995602143390698050e-15
2.044778405846197642e-15
2.004627352665256183e-15
2.038404559308938636e-15
2.011755809763871193e-15
2.034164073623826590e-15
2.016558998702998245e-15
2.031718764992267619e-15
2.019708589446021733e-15
2.030391362750913378e-15
2.021832772522613342e-15
2.029693880586603028e-15
2.023334134501595441e-15
2.029340863509279489e-15
2.024445850280589490e-15
2.029175685876281246e-15
2.025301469734408801e-15
2.029113209450515944e-15
2.025979732465162607e-15
2.029106557977861348e-15
2.026529258424524029e-15
2.029129427371283937e-15
2.026981634599223709e-15
2.029166812400744711e-15
2.027358403500953816e-15
2.029210077393521605e-15
2.027674903843661629e-15
2.029254267057070784e-15
2.027942463207909502e-15
2.029296595426996881e-15
2.028169702439544495e-15
2.029335572318850681e-15
2.028363344158506964e-15
2.029370485462779719e-15
2.028528733938979401e-15
2.029401087066621516e-15
2.028670188765216391e-15
2.029427401046432273e-15
2.028791237897791939e-15
2.029449603283845668e-15
2.028894794473214114e-15
2.029467946820633576e-15
2.028983281036653838e-15
2.029482715275742286e-15
2.029058723580354588e-15
2.029494194106234600e-15
2.029122823420378622e-15
2.029502653298597282e-15
2.029177013111491167e-15
2.029508337321455555e-15
2.029222500582439091e-15
2.029511459784000271e-15
2.029260304426054494e-15
2.029512200974162080e-15
2.029291282372855395e-15
2.029510707248669299e-15
2.029316154502406963e-15
2.029507091459823638e-15
2.029335522223990560e-15
2.029501433975541133e-15
2.029349883931032881e-15
2.029493783941066528e-15
2.029359647902706757e-15
2.029484160614516764e-15
2.029365142974212459e-15
2.029472554590805774e-15
2.029366627351386391e-15
2.029458928890366007e-15
2.029364295874930680e-15
2.029443219807317086e-15
2.029358285964796035e-15
2.029425337542144081e-15
2.029348682476213055e-15
2.029405166570749522e-15
2.029335521576874155e-15
2.029382565771131439e-15
2.029318793833940745e-15
2.029357368298359566e-15
2.029298446581381281e-15
2.029329381241335246e-15
2.029274385685467211e-15
2.029298385042619350e-15
2.029246476772557273e-15
2.029264132737431562e-15
2.029214546005895535e-15
2.029226348995252623e-15
2.029178380467396405e-15
