# bin_1_1
5.633884484931404467e-05
5.632483247459735867e-05
5.633638364854592613e-05
5.632309906344959156e-05
5.633373216346071623e-05
5.632111880782487745e-05
5.633087198093920039e-05
5.631887506871550590e-05
5.632778310697647990e-05
5.631634947377266181e-05
5.632444392383770374e-05
5.631352188357244384e-05
5.632083115253147326e-05
5.631037036452580597e-05
5.631691982393362164e-05
5.630687117193364303e-05
5.631268326337369437e-05
5.630299874840977804e-05
5.630809309286101958e-05
5.629872574238929613e-05
5.630311925712325302e-05
5.629402305308929734e-05
5.629773007926300890e-05
5.628885990820497917e-05
5.629189235316708765e-05
5.628320398185135794e-05
5.628557148005960503e-05
5.627702156026080264e-05
5.627873165719367190e-05
5.627027776360482271e-05
5.627133612684301063e-05
5.626293683182700310e-05
5.626334749346377246e-05
5.625496248238857569e-05
5.625472811626320554e-05
5.624631834608515978e-05
5.624544058280359229e-05
5.623696848580765899e-05
5.623544826645683777e-05
5.622687799893223888e-05
5.622471596668883795e-05
5.621601369993347940e-05
5.621321062523073584e-05
5.620434487230461596e-05
5.620090210331705858e-05
5.619184407032878643e-05
5.618776399453295035e-05
5.617848793888972865e-05
5.617377443488435676e-05
5.616425800522512133e-05
5.615891685526621497e-05
5.614914137863898720e-05
5.614318060281896260e-05
5.613313127453963219e-05
5.612656133666682343e-05
5.611622725738180681e-05
5.610906108213601360e-05
5.609843507633504342e-05
5.609068780763758644e-05
5.607976594984189877e-05
5.607145437434903767e-05
5.606023514565297154e-05
5.605137670532040942e-05
5.603985970760424270e-05
5.603047103529236532e-05
5.601865520702321735e-05
5.600875014359619591e-05
5.599663145489069933e-05
5.598621855062870764e-05
5.597378721092563096e-05
5.596286678190194065e-05
5.595010407518657714e-05
5.593866498092920009e-05
5.592553995203148866e-05
5.591355638151668960e-05
5.590002272869847732e-05
5.588745142083441066e-05
5.587344509128164651e-05
5.586022355379394291e-05
5.584566166492942164e-05
5.583170805990406534e-05
5.581648983931647022e-05
5.580170522498881529e-05
5.578571561875520093e-05
5.576998911241189008e-05
5.575310548738071843e-05
5.573632257391682670e-05
5.571842446925637883e-05
5.570047807035395307e-05
5.568145920254046507e-05
5.566226223716599979e-05
5.564204296776368566e-05
5.562154006882180516e-05
5.560007746705244948e-05
5.557825251286005014e-05
5.555554431640812810e-05
5.553241991283728598e-05
5.550849861900182525e-05
5.548412420299214909e-05
5.545903881279747071e-05
5.543346621877798247e-05
5.540725228249628514e-05
5.538050168867525089e-05
5.535314520779018569e-05
5.532516985302014746e-05
5.529657619915562944e-05
5.526723937935914009e-05
5.523722223012557077e-05
5.520630172338591318e-05
5.517460549235770652e-05
5.514183500411061386e-05
5.510819405257554401e-05
5.507333635010792130e-05
5.503755524373135204e-05
5.500048009184085678e-05
5.496249770419419620e-05
5.492321999659338015e-05
5.488311067588449597e-05
5.484174725092752956e-05
5.479963184386979529e-05
5.475627341679640799e-05
5.471216792077682569e-05
5.466672890241093086e-05
5.462042564797364328e-05
5.457258757632550434e-05
5.452368523191325033e-05
5.447302322225044881e-05
5.442113813527208024e-05
5.436738093080508430e-05
5.431239777364798161e-05
5.425559946475976144e-05
5.419770077134492692e-05
5.413809316031643865e-05
5.407744763253298699e-05
5.401503542824884614e-05
5.395142020958824806e-05
5.388576926690003444e-05
5.381863285396850137e-05
5.374923332716222097e-05
5.367826649400948727e-05
5.360510819480277309e-05
5.353057186337487527e-05
5.345403185333461992e-05
5.337618426614030182e-05
5.329620500707870186e-05
5.321462235545520509e-05
5.313057268332844053e-05
5.304471960021369504e-05
5.295644845962843382e-05
5.286663384806370157e-05
5.277469051920933039e-05
5.268129186187009335e-05
5.258555998400301441e-05
5.248799815076789113e-05
5.238785752004123395e-05
5.228598252028427335e-05
5.218191729708255146e-05
5.207645395195846240e-05
5.196877907811170341e-05
5.185934140336630400e-05
5.174740167604468437e-05
5.163384571023357886e-05
5.151829443583141920e-05
5.140145009926686307e-05
5.128241974705993289e-05
5.116169042706577316e-05
5.103881399618541924e-05
5.091478167187810474e-05
5.078899316523233514e-05
5.066178632456398245e-05
5.053245321929076108e-05
5.040196515973752590e-05
5.026996324712223194e-05
5.013679693252565622e-05
5.000164101287575254e-05
4.986541501742089921e-05
4.972781707896735870e-05
4.958910087833935540e-05
4.944850521284764280e-05
4.930701913350951545e-05
4.916414334380062755e-05
4.901996697114446535e-05
4.887412296531184233e-05
4.872748586034956174e-05
4.857906696204132319e-05
4.842935493696279612e-05
4.827826929482460658e-05
4.812585760321682596e-05
4.797159952691374199e-05
4.781639168511471233e-05
4.765922015334782128e-05
4.750079223623446245e-05
4.734081085488235397e-05
4.717924823282480866e-05
4.701624699191572863e-05
4.685180556519217806e-05
4.668573896674456418e-05
4.651853251277867529e-05
4.634956352931471021e-05
4.617963694066595397e-05
4.600795360583978907e-05
4.583535599008150635e-05
4.566106341479767998e-05
4.548581644258708285e-05
4.530890777633917257e-05
4.513095533255024672e-05
4.495131761195925873e-05
4.477051824678929379e-05
4.458797042588726999e-05
4.440414433271058873e-05
4.421850952238631462e-05
4.403152038244285147e-05
4.384270949839619617e-05
4.365253834744052780e-05
4.346059911602005352e-05
4.326735926623529599e-05
4.307244773457032257e-05
4.287631384814847982e-05
4.267858746091188665e-05
4.247967010087302882e-05
4.227916669527094213e-05
4.207742334650233488e-05
4.187402837129219224e-05
4.166930233305148100e-05
4.146285866794282389e-05
4.125504010544419747e-05
4.104552220784577686e-05
4.083468659744564870e-05
4.062225640012619274e-05
4.040860937118068217e-05
4.019345392003212917e-05
3.997710435483751567e-05
3.975921868152630721e-05
3.954005546942608763e-05
3.931927459344088175e-05
3.909716084587425996e-05
3.887345298582574169e-05
3.864849842910056431e-05
3.842208583773532910e-05
3.819453867855507752e-05
3.796558944918005854e-05
3.773547065254114781e-05
3.750387366151383754e-05
3.727103860793166024e-05
3.703674286392635417e-05
3.680130836524862797e-05
3.656456049158546035e-05
3.632676961225093302e-05
3.608767214344761831e-05
3.584745740674408383e-05
3.560588607079510768e-05
3.536323808655091527e-05
3.511937560986054345e-05
3.487456921568227788e-05
3.462858736418748763e-05
3.438159633974418195e-05
3.413338788926638129e-05
3.388423969074419098e-05
3.363403444129861223e-05
3.338298700387358991e-05
3.313085933287084913e-05
3.287783409082871026e-05
3.262379778364843781e-05
3.236902034800247940e-05
3.211331957598378137e-05
3.185683239903647321e-05
3.159941523928424829e-05
3.134134028972933436e-05
3.108247010690744070e-05
3.082293133891597897e-05
3.056258387382730098e-05
3.030169057117956561e-05
3.004011407574733302e-05
2.977797218587263406e-05
2.951516876090767128e-05
2.925194258879620181e-05
2.898811844712047013e-05
2.872385307307559843e-05
2.845910675102452034e-05
2.819402672566371980e-05
2.792846058835265889e-05
2.766265191508135966e-05
2.739647429627879255e-05
2.713005608125848217e-05
2.686337036050254741e-05
2.659653823311926510e-05
2.632946509416443607e-05
2.606236049385019689e-05
2.579506772933455418e-05
2.552781043453440762e-05
2.526047253046866746e-05
2.499321504729966914e-05
2.472597858060948754e-05
2.445888125251461815e-05
2.419189727886934132e-05
2.392512812453928027e-05
2.365854927634224384e-05
2.339227109307918373e-05
2.312626544918635604e-05
2.286064495879417720e-05
2.259537243790272237e-05
2.233056744257886440e-05
2.206619650803985988e-05
2.180238026048852181e-05
2.153907791439883508e-05
2.127641168699204705e-05
2.101434898033587983e-05
2.075300763006254250e-05
2.049235062552292217e-05
2.023249750454956608e-05
1.997341724895136618e-05
1.971522271088254580e-05
1.945788188827356541e-05
1.920150889697409886e-05
1.894607720416805776e-05
1.869169312981065211e-05
1.843832686745105635e-05
1.818609086080632086e-05
1.793496112104462012e-05
1.768504151394028302e-05
1.743630622133643878e-05
1.718886080281102535e-05
1.694268612263524407e-05
1.669788152796038909e-05
1.645442532696931161e-05
1.621241779105638936e-05
1.597184118701731984e-05
1.573278965165488035e-05
1.549524520761465335e-05
1.525930181606852029e-05
1.502494276727347110e-05
1.479225652536579073e-05
1.456122534734792065e-05
1.433193396657916865e-05
1.410436660155205402e-05
1.387860624655325861e-05
1.365463720457304358e-05
1.343253831725209703e-05
1.321229564935458864e-05
1.299398355513786666e-05
1.277758558263246496e-05
1.256317031625087734e-05
1.235072155804455968e-05
1.214030545135302387e-05
1.193190348993182212e-05
1.172557812523296050e-05
1.152131588749480176e-05
1.131918264296504868e-05
1.111916835913838431e-05
1.092134198727929799e-05
1.072570064047773024e-05
1.053230859038369827e-05
1.034115445083434432e-05
1.015229344374942787e-05
9.965703708180049180e-06
9.781425414903364166e-06
9.599424816553800484e-06
9.419739007043501428e-06
9.242346606157213004e-06
9.067298496069492317e-06
8.894586422016425258e-06
8.724261180390055975e-06
8.556307244769181461e-06
8.390753577561245555e-06
8.227557342375473886e-06
8.066730091054043439e-06
7.908241488603852843e-06
7.752129934687691887e-06
7.598395618934367919e-06
7.447091238921509173e-06
7.298201757587761435e-06
7.151731483999423945e-06
7.007616883241979507e-06
6.865843527963688448e-06
6.726375611600439875e-06
6.589254324870367508e-06
6.454483920396379976e-06
6.322095418299182308e-06
6.192052142288356919e-06
6.064342085160332953e-06
5.938913282360547741e-06
5.815765138509169116e-06
5.694866915671530095e-06
5.576230161301860208e-06
5.459833324119428239e-06
5.345690746795776878e-06
5.233755199141261786e-06
5.124001592604470070e-06
5.016375132947922989e-06
4.910887832618593853e-06
4.807517702931572103e-06
4.706248907444396257e-06
4.607021448761508859e-06
4.509843765503678661e-06
4.414702200608785229e-06
4.321559194860604368e-06
4.230329137125257640e-06
4.141013448355683860e-06
4.053620519818133911e-06
3.968153631281171326e-06
3.884537102360021981e-06
3.802720958282279270e-06
3.722658850563104507e-06
3.644353267409414419e-06
3.567773943613892622e-06
3.492890390234242009e-06
3.419643878918825739e-06
3.348032798459626053e-06
3.278049744814689655e-06
3.209628838314411372e-06
3.142686634816134884e-06
3.077279760636460147e-06
3.013325893769240411e-06
2.950801742649204113e-06
2.889697757434251622e-06
2.829925563410456795e-06
2.771477961614872282e-06
2.714377298189154133e-06
2.658521091624591930e-06
2.603923840831641769e-06
2.550537915951312419e-06
2.498282715778280927e-06
2.447221105682243803e-06
2.397241843050172256e-06
2.348376916614858621e-06
2.300567498996747810e-06
2.253776610102374930e-06
2.207995286786244276e-06
2.163171430741206146e-06
2.119301895564250121e-06
2.076354014001444175e-06
2.034294590040779357e-06
1.993108020961465724e-06
1.952769317059800678e-06
1.913224236238485927e-06
1.874495716335575112e-06
1.836540989725287678e-06
1.799344367163627684e-06
1.762853318112933373e-06
1.727099452798556905e-06
1.692019165100734262e-06
1.657620772818000665e-06
1.623869602037592044e-06
1.590749258694405692e-06
1.558244639365538341e-06
1.526350470476426615e-06
1.495026678702531542e-06
1.464275128579188730e-06
1.434077163124144133e-06
1.404420252654147491e-06
1.375279639691438214e-06
1.346652600216270341e-06
1.318518581224828926e-06
1.290872095690552180e-06
1.263680424417581737e-06
1.236960849877089001e-06
1.210677187169777218e-06
1.184833264178369294e-06
1.159406956733679080e-06
1.134401909801748167e-06
1.109792163320099043e-06
1.085585061554134829e-06
1.061755470839875074e-06
1.038311839622542467e-06
1.015239651863436358e-06
9.925358157881165434e-07
9.701895414674140720e-07
9.482019270092166541e-07
9.265620312124732009e-07
9.052709892548867657e-07
8.843152300337855254e-07
8.637012646506486934e-07
8.434150497097569690e-07
8.234579958637937400e-07
8.038158611801363543e-07
7.844959021367310504e-07
7.654875912517100320e-07
7.467919861907844669e-07
7.283977539323205750e-07
7.103127573715756799e-07
6.925313817516693738e-07
6.750567707499775767e-07
6.578797578780494185e-07
6.410073581599009662e-07
6.244337986981483780e-07
6.081587900194259254e-07
5.921697765710435364e-07
5.764686019638953637e-07
5.610469443220637805e-07
5.459019182124818219e-07
5.310221451644042761e-07
5.164132195719917477e-07
5.020732565947324322e-07
4.880048632709618038e-07
4.742030739643015632e-07
4.606766073284543830e-07
4.474222765009623535e-07
4.344383656702231999e-07
4.217158743223654488e-07
4.092570768545230819e-07
3.970574170057970773e-07
3.851180059157323084e-07
3.734317306866571104e-07
3.620029145966228184e-07
3.508268888002997700e-07
3.398968980582152941e-07
3.292006284558087690e-07
3.187377417302827088e-07
3.085073559107012259e-07
2.985145957329239871e-07
2.887588070252920463e-07
2.792462452112129593e-07
2.699705899225624985e-07
2.609239411028015685e-07
2.520931225889154578e-07
2.434793719942284817e-07
2.350817635878949175e-07
2.268993111033879571e-07
2.189219135283660849e-07
2.111482348385619636e-07
2.035787869033476058e-07
1.962202016124027370e-07
1.890701148310430049e-07
1.821216567156389373e-07
1.753596376418233703e-07
1.687774556929062094e-07
1.623758824470005346e-07
1.561616023044048522e-07
1.501307472222371642e-07
1.442789036145783967e-07
1.386046045762300642e-07
1.331068463138264738e-07
1.277711548068606520e-07
1.225877301234492938e-07
1.175633739567627255e-07
1.127080295237731380e-07
1.080121948475888295e-07
1.034657548396025782e-07
9.906605036077801828e-08
9.480636889768990510e-08
9.068315094378641753e-08
8.671037498259867158e-08
8.288347934720096791e-08
7.918202954043874427e-08
7.560777540686813589e-08
7.216492126799741548e-08
6.884858372964081744e-08
6.566480198941657060e-08
6.259584128777042335e-08
5.963164679119257866e-08
5.678736073835629722e-08
5.405238167824519368e-08
5.142341724231255541e-08
4.888785480840536680e-08
4.645156803189363522e-08
4.412422472765562812e-08
4.188610287040338838e-08
3.973920870762534930e-08
3.768271926429601166e-08
3.571975900752435001e-08
3.382615964037514151e-08
3.201160090183498030e-08
3.027631343823088161e-08
2.861225929448589821e-08
2.701713913959232106e-08
2.550562866036187495e-08
2.405797708826587432e-08
2.267445006658406513e-08
2.135689890168198885e-08
2.009119130516234236e-08
1.888092171884551559e-08
1.773235589968205380e-08
1.663020259921096143e-08
1.558997112922347547e-08
1.459275022846973042e-08
1.364582551035394466e-08
1.274532352662010134e-08
1.188820430934068486e-08
1.107872206508582161e-08
1.030709072040918942e-08
9.579531715922733823e-09
8.888065545922431498e-09
8.238041763303469648e-09
7.622947044578506392e-09
7.045529976522228388e-09
6.501123616812135234e-09
5.989040049865422104e-09
5.504751703815380258e-09
5.050737828850312756e-09
4.628194474515427360e-09
4.234239730626726510e-09
3.862374884361870604e-09
3.513584626091250998e-09
3.190979763775688491e-09
2.890106009490160478e-09
2.607271437135608821e-09
2.345410448134279868e-09
2.102629360345205889e-09
1.873141777862055418e-09
1.663452483634196477e-09
1.474653643551458345e-09
1.296885340610589965e-09
1.129598486511472268e-09
9.802160018965885761e-10
8.437206876923968029e-10
7.141235364755205796e-10
5.952227970591649912e-10
4.935465008111285913e-10
3.974021467143207395e-10
3.100183882062290055e-10
2.303655619366597938e-10
1.544892788008664571e-10
9.061786667272368617e-11
3.064507703164049248e-11
-1.846819370656597836e-11
-5.730033141647055788e-11
-1.001126343236231564e-10
-1.345066178330662237e-10
-1.673900039119973198e-10
-1.958733652974456327e-10
-2.154524186690630769e-10
-2.355427963129379678e-10
-2.540615347991586476e-10
-2.688810610018899703e-10
-2.795196409231666317e-10
-2.851551367840100151e-10
-2.915526939482703556e-10
-3.005439707287015886e-10
-3.048879972616816569e-10
-3.072644712945105580e-10
-3.050053080522859002e-10
-3.054818818286950331e-10
-3.011604459295606943e-10
-2.974779595684186204e-10
-2.933963632094735028e-10
-2.914065839530503375e-10
-2.854725391911009999e-10
-2.804238406152473167e-10
-2.743106046789028206e-10
-2.670093608903425049e-10
-2.600623245912823006e-10
-2.552389375477889247e-10
-2.453381253426218023e-10
-2.367040561853899770e-10
-2.297117413302934942e-10
-2.197376940747867260e-10
-2.125535707365728620e-10
-2.074002777712620924e-10
-1.979389642312387668e-10
-1.936234852456562676e-10
-1.851768995641954687e-10
-1.778122302533547579e-10
-1.710092833284188199e-10
-1.625655103404472678e-10
-1.565557613275248542e-10
-1.488346632258752905e-10
-1.430497765739565480e-10
-1.361680001771746060e-10
-1.306587857826803450e-10
-1.236743848226649514e-10
-1.178386565624685767e-10
-1.126620064701739933e-10
-1.086703371294476964e-10
-1.028650266090453695e-10
-9.828662513869012997e-11
-9.378520794761145259e-11
-8.832646553557883346e-11
-8.364912282648916757e-11
-8.059288520156603503e-11
-7.571628783523158100e-11
-7.175140505706858739e-11
-6.814290686879981148e-11
-6.498270531822543765e-11
-6.230087871630645764e-11
-5.916785110182927558e-11
-5.552903625932335190e-11
-5.171721793826130712e-11
-4.899606078885920799e-11
-4.662438508526426632e-11
-4.479671219360544647e-11
-4.236412503848876509e-11
-3.968065476724295839e-11
-3.771708384037822388e-11
-3.524319596433442367e-11
-3.336052375619072497e-11
-3.139282094445790531e-11
-3.038826144671149262e-11
-2.840619729615424419e-11
-2.683059763274530348e-11
-2.538292587398072003e-11
-2.382997415806465520e-11
-2.212157066902579769e-11
-2.220032502505840442e-11
-2.080931701557459310e-11
-1.867635356073022620e-11
-1.815785419895234407e-11
-1.746507127181673874e-11
-1.607232202979981999e-11
-1.579206943784633085e-11
-1.387051665066477759e-11
-1.392063455109615974e-11
-1.297284429851286854e-11
-1.260733464989206910e-11
-1.180792912684253840e-11
-1.070728205930303132e-11
-1.117943167729724324e-11
-9.705288584962285137e-12
-9.367698881466713363e-12
-8.820812551961413770e-12
-8.740203598544532006e-12
-8.099568994187960645e-12
-7.841646581148331969e-12
-7.562603914894642176e-12
-7.224130682832527400e-12
-6.399710147363765782e-12
-6.561740922683400316e-12
-5.902532406131178280e-12
-5.959866215298337031e-12
-5.746133456637317677e-12
-5.465814175948282296e-12
-5.046559078114204676e-12
-5.069307899578232737e-12
-4.555905218004406526e-12
-4.772053598847003633e-12
-4.349211435006890382e-12
-4.300196017274640293e-12
-4.004597555854538322e-12
-3.851519159900088185e-12
-3.843705748989446166e-12
-3.695471831670757708e-12
-3.639540342730578711e-12
-3.440383956466796839e-12
-3.392659906767726561e-12
-3.219731709337004956e-12
-3.116951037644388006e-12
-3.036835021340862929e-12
-3.020968162423054785e-12
-2.906192101822790788e-12
-2.823419862819486012e-12
-2.853741050812474848e-12
-2.793996320595402894e-12
-2.571015239324073970e-12
-2.492250619555735876e-12
-2.598470749554237661e-12
-2.501261503755838860e-12
-2.376825893606346772e-12
-2.445463374023725223e-12
-2.387289389737081763e-12
-2.196302081414544350e-12
-2.231801819637781570e-12
-2.230223487873877717e-12
-2.160249041486331661e-12
-2.106019897735404342e-12
-2.075543342666788379e-12
-2.069892879786294238e-12
-1.955192256471255226e-12
-2.007714934280459734e-12
-1.941232991649303456e-12
-1.860929247600315721e-12
-1.940161524871542402e-12
-1.755214304410650223e-12
-1.842425346798734287e-12
-1.725468925491164644e-12
-1.759374851575407661e-12
-1.677381745107372956e-12
-1.629197761191057651e-12
-1.634282536407092291e-12
-1.591608468614313950e-12
-1.544325393142494315e-12
-1.478856735727793362e-12
-1.505045627845624529e-12
-1.444535042130048750e-12
-1.392680223718581926e-12
-1.369603924363964736e-12
-1.337769331842141040e-12
-1.270725104532613086e-12
-1.251372190773295854e-12
-1.202489444663719881e-12
-1.162926154762100973e-12
-1.126097226865063506e-12
-1.065150085542443365e-12
-1.055036963873064058e-12
-9.822607681177447577e-13
-9.614637315761625640e-13
-9.078395516197919415e-13
-8.451681959372524326e-13
-8.325393008837226327e-13
-7.533701206836885844e-13
-7.399856799160624033e-13
-6.760532964882128062e-13
-6.457977754694441451e-13
-5.851318985600766023e-13
-5.463590934909282724e-13
-5.027034751545558048e-13
-4.619334336816912743e-13
-4.208682401243566559e-13
-3.753243678630107130e-13
-3.327443583450541610e-13
-2.900824187602911837e-13
-2.567260672995003854e-13
-2.269908455568452436e-13
-1.883716554182145662e-13
-1.532604294780011274e-13
-1.210888405687219352e-13
-9.674250125582560750e-14
-7.208690497307897367e-14
-4.856707311443930526e-14
-2.306608515310107784e-14
-7.639991307347221195e-15
5.366541109083512866e-15
1.948662358187668082e-14
3.094506172881599637e-14
3.486055783947055738e-14
3.891234910876402839e-14
4.176089757096016784e-14
4.390337189051218980e-14
4.004599866793616923e-14
3.266278440172991538e-14
2.880271328594197643e-14
2.209718162435238974e-14
1.205066570753600699e-14
1.657060844342402982e-15
-3.244305504389113685e-15
-1.551672770054326525e-14
-2.311519710442420049e-14
-2.926892940437882312e-14
-3.997830330644055370e-14
-4.064119726532004629e-14
-4.395211187974416595e-14
-4.874181257956860770e-14
-4.316448436547629415e-14
-4.559192672153148024e-14
-3.877742550140208302e-14
-3.457618976990223087e-14
-2.695030504843988399e-14
-2.042865736705305370e-14
-1.417774470379976928e-14
-5.122945490983845404e-15
-7.256918101140803645e-16
6.228900154956614106e-15
8.396034312952001217e-15
1.075120794850435936e-14
1.162578802784310232e-14
1.001524504237991022e-14
7.049904388504212076e-15
3.832431751464849537e-15
-2.007049962291413098e-16
-3.801935644209846549e-15
-8.248889527017749907e-15
-9.678022703131718370e-15
-1.153298332675290346e-14
-1.136419141565458762e-14
-1.012488556600424394e-14
-6.831319615496589528e-15
-4.226488230911127341e-15
-1.688833197203426597e-16
2.927480656355171008e-15
4.722730418463184621e-15
5.554342167968581257e-15
4.956222887662343407e-15
2.599586964042260796e-15
6.423093505057496690e-16
-2.304773144077993183e-15
-3.617014493522828725e-15
-4.263794374992650784e-15
-3.529464105937933544e-15
-1.804196171701153605e-15
-1.196773636451428686e-16
1.799877025384242033e-15
2.632033797763280356e-15
3.102148285495029982e-15
2.212686701954343995e-15
9.925013457208378333e-16
-7.014262250382185655e-16
-1.536096832273946022e-15
-1.556714030640169964e-15
-3.840871831038054371e-16
9.908413758913056293e-16
2.130317493790405190e-15
2.220815150826666029e-15
1.616552569794285921e-15
5.858403893370512534e-16
-1.707411857200147443e-16
-5.276508934634847744e-16
4.577427820402447015e-17
1.222974515633504420e-15
2.166380248657258422e-15
1.817006725611310122e-15
6.834949958873160484e-16
-1.351766382797201506e-16
2.335089150332355679e-16
1.045462136123990161e-15
1.573434925833629857e-15
1.498552198495160124e-15
9.658491465585393383e-16
3.072651959960385955e-16
5.831930549212603994e-16
1.320488437403714962e-15
1.450763215756631740e-15
9.925150692081651914e-16
8.230366684969665212e-16
6.920241528719315415e-16
1.054844499518694837e-15
1.500522694443472321e-15
1.015150250348213353e-15
6.192766473066985977e-16
1.087018283734326294e-15
1.249421645721165395e-15
1.207899848470684462e-15
7.103430742786786637e-16
1.062531865929115829e-15
1.306606691530247126e-15
9.765877789863024604e-16
9.666864106524400249e-16
1.063117597527438797e-15
1.256669351350073992e-15
9.112264123612076871e-16
1.049955104968319247e-15
1.204547676267833427e-15
1.018752192470317765e-15
1.004532396434926882e-15
1.210848990841431511e-15
1.002065601440241828e-15
1.075907324315458309e-15
1.140201113687007944e-15
1.042718032595100209e-15
1.079798855121992333e-15
1.142641439337412950e-15
1.009244712127630779e-15
1.164995342952536219e-15
1.035192521538560294e-15
1.119116421138571211e-15
1.085942456607003541e-15
1.081589966075048298e-15
1.111478492337351419e-15
1.071242117747449536e-15
1.114891817684942253e-15
1.075087380739720354e-15
1.110544158177778381e-15
1.081705617373837455e-15
1.105949974811191821e-15
1.086993716492925436e-15
1.102924748448729007e-15
1.090525596085794063e-15
1.101250804031516404e-15
1.092803988397206415e-15
1.100410657754692566e-15
1.094313461765996477e-15
1.100028286587112571e-15
1.095364390916524743e-15
1.099885370270331841e-15
1.096134802232744820e-15
1.099864122544594244e-15
1.096725088558598946e-15
1.099902185202918677e-15
1.097193286467912556e-15
1.099966510442275105e-15
1.097574445545147055e-15
1.100039535991555272e-15
1.097890820017724155e-15
1.100112005995070799e-15
1.098157255718970177e-15
1.100179203695584973e-15
1.098384113041257347e-15
1.100238929584670948e-15
1.098578910981893585e-15
1.100290388282196516e-15
1.098747289148457835e-15
1.100333561018132307e-15
1.098893593631064958e-15
1.100368845026660522e-15
1.099021247894653731e-15
1.100396843685406757e-15
1.099132996340430900e-15
1.100418243807667075e-15
1.099231069767239806e-15
1.100433744368930733e-15
1.099317301352785003e-15
1.100444016002952092e-15
1.099393210235779595e-15
1.100449679105854980e-15
1.099460063300783661e-15
1.100451293194632977e-15
1.099518921827306518e-15
1.100449353049497316e-15
1.099570677404339289e-15
1.100444288859505931e-15
1.099616080006776931e-15
1.100436468633456485e-15
1.099655760237414177e-15
1.100426201803528817e-15
1.099690247144523580e-15
1.100413743340351221e-15
1.099719982613405710e-15
1.100399297955452415e-15
1.099745333043727137e-15
1.100383024155188733e-15
1.099766598894026025e-15
1.100365037983605337e-15
1.099784022466098664e-15
1.100345416383762272e-15
1.099797794273807828e-15
1.100324200134916645e-15
1.099808058219185922e-15
1.100301396371560997e-15
1.099814915790596715e-15
1.100276980669724128e-15
1.099818429418502699e-15
1.100250898741287738e-15
1.099818625130469353e-15
1.100223067741562224e-15
1.099815494590139837e-15
1.100193377231366059e-15
1.099808996626129078e-15
1.100161689808167176e-15
1.099799058300601932e-15
1.100127841445856596e-15
1.099785575594667092e-15
1.100091641564803616e-15
1.099768413753071835e-15
1.100052872865077208e-15
1.099747407346307261e-15
1.100011290952998272e-15
1.099722360084908274e-15
