# bin_5_1
1.713566728853507413e-04
1.713459305932495613e-04
1.713450406151012008e-04
1.713348569210397250e-04
1.713323711246457232e-04
1.713225998764619101e-04
1.713185647835573262e-04
1.713090640361637914e-04
1.713035145190156460e-04
1.712941456980546175e-04
1.712871054943724625e-04
1.712777326475478884e-04
1.712692148366870310e-04
1.712597039740590811e-04
1.712497114311906511e-04
1.712399299579039284e-04
1.712284558041643175e-04
1.712182720524511501e-04
1.712053001195083313e-04
1.711945829888993716e-04
1.711800883181613484e-04
1.711687070355140373e-04
1.711526564332783843e-04
1.711404804470381561e-04
1.711228331183289148e-04
1.711097321434077942e-04
1.710904404281613520e-04
1.710762846597058953e-04
1.710552948965090485e-04
1.710399554121528752e-04
1.710172089534769502e-04
1.710005583236868533e-04
1.709759927271868000e-04
1.709579058519159487e-04
1.709314562677397974e-04
1.709118114545221917e-04
1.708834122250810119e-04
1.708620925172383686e-04
1.708316789966310065e-04
1.708085737506248320e-04
1.707760843394767064e-04
1.707510910365748634e-04
1.707164694099690485e-04
1.706894956667644875e-04
1.706526931507557922e-04
1.706236588675207999e-04
1.705846368883209905e-04
1.705534764396003287e-04
1.705122089324085071e-04
1.704788732628247669e-04
1.704353488809007896e-04
1.703998073196534633e-04
1.703540312312744863e-04
1.703162727832097307e-04
1.702682677866688738e-04
1.702283015990261326e-04
1.701781082273786608e-04
1.701359628758979342e-04
1.700836381118964028e-04
1.700393593059135026e-04
1.699849734947517742e-04
1.699386197828020237e-04
1.698822513304109076e-04
1.698338874126108006e-04
1.697756149129327132e-04
1.697253022579079849e-04
1.696651938259517852e-04
1.696129784740273085e-04
1.695510783026034590e-04
1.694969760403868778e-04
1.694332885698917256e-04
1.693772681058626126e-04
1.693117407155183055e-04
1.692537060780600477e-04
1.691862118658200701e-04
1.691259859609381422e-04
1.690563089352195580e-04
1.689936209713594427e-04
1.689214467273143924e-04
1.688559269001584963e-04
1.687808424191844796e-04
1.687120276282485728e-04
1.686335339535165569e-04
1.685608880847473689e-04
1.684784289423140499e-04
1.684013800266132759e-04
1.683143876055875475e-04
1.682323815986471155e-04
1.681403373802724005e-04
1.680529042158777334e-04
1.679554079246785335e-04
1.678622300754790812e-04
1.677590640218391989e-04
1.676600319382043369e-04
1.675512025485950522e-04
1.674464368425525513e-04
1.673321723388685887e-04
1.672219922078235289e-04
1.671026783287909783e-04
1.669875027629037702e-04
1.668635502654907841e-04
1.667437356282977100e-04
1.666153955220188400e-04
1.664910398299520287e-04
1.663582121129297548e-04
1.662289868601684890e-04
1.660910963770785380e-04
1.659561876199271168e-04
1.658122095305635717e-04
1.656704415670425922e-04
1.655191285430954509e-04
1.653692879148043924e-04
1.652095697975845324e-04
1.650508436287469660e-04
1.648822528081587231e-04
1.647145786025828334e-04
1.645374579480528786e-04
1.643615299126736581e-04
1.641767971867088248e-04
1.639935811079465931e-04
1.638020308289516976e-04
1.636119393312469568e-04
1.634134246478343409e-04
1.632156704078018656e-04
1.630087958332973965e-04
1.628015563644835792e-04
1.625843680804278321e-04
1.623659383717868034e-04
1.621373415868209182e-04
1.619074992692785689e-04
1.616681920617843481e-04
1.614283553278711035e-04
1.611800201656060270e-04
1.609315449457894836e-04
1.606746387003000597e-04
1.604167571506306890e-04
1.601493551394680731e-04
1.598795175214672275e-04
1.595992917615139705e-04
1.593162760650044380e-04
1.590236268969760336e-04
1.587293189123858430e-04
1.584267529705694173e-04
1.581230136568791253e-04
1.578106545474280943e-04
1.574956094650241118e-04
1.571704348770863692e-04
1.568415798991510085e-04
1.565031600227834922e-04
1.561625623754646375e-04
1.558142467443696154e-04
1.554643005117301523e-04
1.551057568689493771e-04
1.547435838732203806e-04
1.543716741854395341e-04
1.539966733600149303e-04
1.536142121937714210e-04
1.532304746013337326e-04
1.528392687332989243e-04
1.524447391582778853e-04
1.520412157210999221e-04
1.516350681556963992e-04
1.512226957359939187e-04
1.508093151042454974e-04
1.503886196016405812e-04
1.499645113678035055e-04
1.495332005382290141e-04
1.491012064649552748e-04
1.486639931937397581e-04
1.482243953709623649e-04
1.477773731324629749e-04
1.473291076057283084e-04
1.468765427234096919e-04
1.464223713143957364e-04
1.459610769804541095e-04
1.454983808330367727e-04
1.450317043472086512e-04
1.445630684440291493e-04
1.440874772687616664e-04
1.436109088750774825e-04
1.431298841996487246e-04
1.426454300127525927e-04
1.421548793448280132e-04
1.416635083534888769e-04
1.411653460438590485e-04
1.406635352359366449e-04
1.401571396262262371e-04
1.396468659206346187e-04
1.391294500944677075e-04
1.386101960690076307e-04
1.380832043013512534e-04
1.375527056679789258e-04
1.370167527923732550e-04
1.364755185801717484e-04
1.359294838749016191e-04
1.353789115873824469e-04
1.348225180299669767e-04
1.342631715048769761e-04
1.336972239571272616e-04
1.331292477575766672e-04
1.325546648238320590e-04
1.319782312671012971e-04
1.313955173629524447e-04
1.308107225738468693e-04
1.302198786068908766e-04
1.296265288316065525e-04
1.290271276827422374e-04
1.284247156319986223e-04
1.278160941805964515e-04
1.272040033659438461e-04
1.265855692000833292e-04
1.259634042901528286e-04
1.253349596390532835e-04
1.247028183535626219e-04
1.240647184023529700e-04
1.234232067193725502e-04
1.227761976479896681e-04
1.221261045657503618e-04
1.214708667232372488e-04
1.208126536774303079e-04
1.201493317338086267e-04
1.194828140693666237e-04
1.188109405204512838e-04
1.181355054433491549e-04
1.174544968138280774e-04
1.167697861610792354e-04
1.160796495741712645e-04
1.153860914776625449e-04
1.146875986838776954e-04
1.139861230943226336e-04
1.132801013381895213e-04
1.125711955688373325e-04
1.118576572270151709e-04
1.111409065718978976e-04
1.104192329330293249e-04
1.096941520418765495e-04
1.089642943921131403e-04
1.082314034976441657e-04
1.074943148003942189e-04
1.067546406056244293e-04
1.060109958973833147e-04
1.052646105269203745e-04
1.045139627170255992e-04
1.037603150467806244e-04
1.030025189577636038e-04
1.022421491216535575e-04
1.014782485162305095e-04
1.007121505523883126e-04
9.994254333683860107e-05
9.917042638540658382e-05
9.839461345653966959e-05
9.761646726355049258e-05
9.683521832721908682e-05
9.605216537926298582e-05
9.526616290326491213e-05
9.447808383516785146e-05
9.368690165743785118e-05
9.289393330456623284e-05
9.209851622711878933e-05
9.130168581539386716e-05
9.050229856123931155e-05
8.970126440430637902e-05
8.889796190606171953e-05
8.809363684082767009e-05
8.728738582256429261e-05
8.647991219386408780e-05
8.567048961913950090e-05
8.486035875427790976e-05
8.404880953060920592e-05
8.323648244959892112e-05
8.242267417439548647e-05
8.160856772216877760e-05
8.079346378751536102e-05
7.997795633661261300e-05
7.916153513706088130e-05
7.834526898256889411e-05
7.752831609982999345e-05
7.671141763380048546e-05
7.589429432269222391e-05
7.507762337191960786e-05
7.426067070102624940e-05
7.344451735471372656e-05
7.262853534115432379e-05
7.181332020509675678e-05
7.099865082908298245e-05
7.018508566321113664e-05
6.937213715477095176e-05
6.856072046542738307e-05
6.775009248898930677e-05
6.694122236719775667e-05
6.613353243694309832e-05
6.532773025849495686e-05
6.452347938488617644e-05
6.372131087785699454e-05
6.292102235423034033e-05
6.212307311099791573e-05
6.132727227770825077e-05
6.053410124150184255e-05
5.974335557380076390e-05
5.895552932739547386e-05
5.817038581996983825e-05
5.738844417374508678e-05
5.660946713481208040e-05
5.583396176706382239e-05
5.506167539163531898e-05
5.429312310539473742e-05
5.352807125870017325e-05
5.276700757150681480e-05
5.200969126116608858e-05
5.125660484257835094e-05
5.050752498763427329e-05
4.976292328078603535e-05
4.902258232206850775e-05
4.828696301341745499e-05
4.755585904308421330e-05
4.682971702323316819e-05
4.610833518366685947e-05
4.539215040165912597e-05
4.468097060110357775e-05
4.397520989438712038e-05
4.327467223852842610e-05
4.257975916265743397e-05
4.189029472262328023e-05
4.120667398186491812e-05
4.052872801904315093e-05
3.985685154404735838e-05
3.919090162376428539e-05
3.853125690171659592e-05
3.787777372723265051e-05
3.723080789908456709e-05
3.659020075511439628e-05
3.595626999312792469e-05
3.532884117969504307e-05
3.470821183458384408e-05
3.409421765584558602e-05
3.348715893026786491e-05
3.288688356309970928e-05
3.229368439657960115e-05
3.170740250787743101e-05
3.112829730799701903e-05
3.055619259527135221e-05
2.999133429989092568e-05
2.943358268544739550e-05
2.888320648379432779e-05
2.834008416938388846e-05
2.780446318015094147e-05
2.727619142858631163e-05
2.675544861647621955e-05
2.624205348121933832e-05
2.573619655536006404e-05
2.523773726573769007e-05
2.474687185848545529e-05
2.426343822796028923e-05
2.378757497105415066e-05
2.331910801481011048e-05
2.285819431407335673e-05
2.240469449317716394e-05
2.195876031496382224e-05
2.152020384267142817e-05
2.108912692342258872e-05
2.066536698804650514e-05
2.024909182244312105e-05
1.984015558737073546e-05
1.943863578328534550e-05
1.904432331462804656e-05
1.865729722107146253e-05
1.827737760675995880e-05
1.790460517131723658e-05
1.753880545014465774e-05
1.718009206342774122e-05
1.682833781301292672e-05
1.648358665149967490e-05
1.614560923811296698e-05
1.581440233980494373e-05
1.548975376939136292e-05
1.517169054890257963e-05
1.486006185678544767e-05
1.455493391162612851e-05
1.425610906319271876e-05
1.396354621130975850e-05
1.367703747352545558e-05
1.339658046864945369e-05
1.312198748760432829e-05
1.285328046649019862e-05
1.259026135317469913e-05
1.233292234358074311e-05
1.208112853708734425e-05
1.183481556330251738e-05
1.159377311882751304e-05
1.135799415534878065e-05
1.112736943108039458e-05
1.090192550228730525e-05
1.068138404247959710e-05
1.046566713813419927e-05
1.025466217344697182e-05
1.004841174067655828e-05
9.846673322845548622e-06
9.649343422213781221e-06
9.456271416221746515e-06
9.267446018731314959e-06
9.082679703776688602e-06
8.901937415479484325e-06
8.725016070332913975e-06
8.551889877587226594e-06
8.382499028939850044e-06
8.216755422110443900e-06
8.054439891111874722e-06
7.895650024903747347e-06
7.740211550046573042e-06
7.587981636851567864e-06
7.438888820161056264e-06
7.292875139905608461e-06
7.149768276877670385e-06
7.009489865933160477e-06
6.871991210097544847e-06
6.737211126044782178e-06
6.605002743641193534e-06
6.475464136229836049e-06
6.348370246284763928e-06
6.223770731727920047e-06
6.101527426722130431e-06
5.981546672374333646e-06
5.863776113597301949e-06
5.748144011135216691e-06
5.634584484830776116e-06
5.523119874227983570e-06
5.413638853803491586e-06
5.306201234563424443e-06
5.200622480053062420e-06
5.096927533083628507e-06
4.994936272413088328e-06
4.894704753928683216e-06
4.796113638379682776e-06
4.699223954076221224e-06
4.603924538082043557e-06
4.510227456423873178e-06
4.417978939660097681e-06
4.327180028959238365e-06
4.237758910487907628e-06
4.149787575830758045e-06
4.063202487258036447e-06
3.977998837067950448e-06
3.894064470661148800e-06
3.811430984987018482e-06
3.730070782136635493e-06
3.650041371926967482e-06
3.571255225744768656e-06
3.493687502735371012e-06
3.417257868890892668e-06
3.342025425700302856e-06
3.267943449388474340e-06
3.194988325523011726e-06
3.123057463793487941e-06
3.052210924624718988e-06
2.982448000900735338e-06
2.913773964255489652e-06
2.846105074768653320e-06
2.779519427967141885e-06
2.714010091309368250e-06
2.649547568240006757e-06
2.586055475603596585e-06
2.523604007323299025e-06
2.462113165060354388e-06
2.401553132304190959e-06
2.341946354302772125e-06
2.283339116760717993e-06
2.225637838525086479e-06
2.168948371774339650e-06
2.113242156749512748e-06
2.058458537548929136e-06
2.004600712765747304e-06
1.951658779509649095e-06
1.899561033293493938e-06
1.848414687111737808e-06
1.798126479402634578e-06
1.748808990276894743e-06
1.700398906567287090e-06
1.652880778708097340e-06
1.606220149961951711e-06
1.560396148656712823e-06
1.515453657285449321e-06
1.471388661212653824e-06
1.428223505176261808e-06
1.385925114319502714e-06
1.344465288167784179e-06
1.303815711937442958e-06
1.263994372173375159e-06
1.225046032579010580e-06
1.186964423388816114e-06
1.149704651795026198e-06
1.113216402972235835e-06
1.077537564598050316e-06
1.042700779820614367e-06
1.008703295095855715e-06
9.754703957838628076e-07
9.430003497901003777e-07
9.113246497821470604e-07
8.804727367663173454e-07
8.503714628796808463e-07
8.209972985707269868e-07
7.923781006092055727e-07
7.645517670428970352e-07
7.374383016792870144e-07
7.110224049440496746e-07
6.853465411239231222e-07
6.604157823096488080e-07
6.361311405165183871e-07
6.125324708072444278e-07
5.896527073153663692e-07
5.674264910016323608e-07
5.458204263632028673e-07
5.249085314280662828e-07
5.046042077521772411e-07
4.849066668188221395e-07
4.658443076595650222e-07
4.473457559099896230e-07
4.294209096974155407e-07
4.120921480257421677e-07
3.952540073777746554e-07
3.789943095333275667e-07
3.632162979533654997e-07
3.479521650355149872e-07
3.331760488634713492e-07
3.188603006927913321e-07
3.050319169636822891e-07
2.916313536503622823e-07
2.786940526568595955e-07
2.661682162024366335e-07
2.540824423090177630e-07
2.423948961269874583e-07
2.311183642786703081e-07
2.202239233865224544e-07
2.097249277824462154e-07
1.996027738329452420e-07
1.898557923159549255e-07
1.804718302164581001e-07
1.714525324834488620e-07
1.627780776087709882e-07
1.544383056230606716e-07
1.464195137084033434e-07
1.387146912494340497e-07
1.313181139263083734e-07
1.242254969119808809e-07
1.174382142617740413e-07
1.109527806766452921e-07
1.047584507163711886e-07
9.884204331369095236e-08
9.318777011796187121e-08
8.778566573568860532e-08
8.263102409022911426e-08
7.771911780144167371e-08
7.304357195313726495e-08
6.859171477776315319e-08
6.434916196430279705e-08
6.030646759561150343e-08
5.646441849091228075e-08
5.282133867531762609e-08
4.937021390759274219e-08
4.608972450078368842e-08
4.296886614134631636e-08
4.000722375147037627e-08
3.721980732046207754e-08
3.460166245433105500e-08
3.213209263085125525e-08
2.978351634530306109e-08
2.755984252125971406e-08
2.547127298089656939e-08
2.351531032566198193e-08
2.166290357890727409e-08
1.990811405452404544e-08
1.825912893174506901e-08
1.671975429382055345e-08
1.526961003153941589e-08
1.391203692040445058e-08
1.264828161850104808e-08
1.146546567448992360e-08
1.035260003303183318e-08
9.333568454724610794e-09
8.385448782215715533e-09
7.479502140538502116e-09
6.643712447017752461e-09
5.896330367616566995e-09
5.175969995662163812e-09
4.501978106035740901e-09
3.908798763136163313e-09
3.360511696658503138e-09
2.838280284811326898e-09
2.366660176476036623e-09
1.952719563149252325e-09
1.578953675595574533e-09
1.179626074662540481e-09
8.548996443298377947e-10
5.900682307820250138e-10
3.163229118351815491e-10
6.922846996547840409e-11
-1.345433738513157106e-10
-3.187017372300122095e-10
-5.047762284332016804e-10
-6.417566679091273125e-10
-7.642392231277342766e-10
-8.870787751112965555e-10
-9.988199687505802264e-10
-1.070681449425160051e-09
-1.131305385216975174e-09
-1.194771902768851636e-09
-1.245914620841952814e-09
-1.294927626348640505e-09
-1.315986801285850127e-09
-1.331539689304334280e-09
-1.355546379373979726e-09
-1.362582620422907411e-09
-1.364061965984075587e-09
-1.350956908803487115e-09
-1.350518238146794092e-09
-1.338174346646637593e-09
-1.327678575802103878e-09
-1.300460820606514476e-09
-1.272493102294710661e-09
-1.258118510706219898e-09
-1.236308260887131714e-09
-1.201435538100762216e-09
-1.169195669937524496e-09
-1.138811188046014773e-09
-1.105087381487443900e-09
-1.078063695252159720e-09
-1.036833086535532199e-09
-1.004285717622008574e-09
-9.716995744676992811e-10
-9.470196019065983515e-10
-9.100187306799535841e-10
-8.700495975640674392e-10
-8.521295401904278868e-10
-8.076119988297312175e-10
-7.748269629252014041e-10
-7.502311689042947893e-10
-7.137785262024319612e-10
-6.905147095889308564e-10
-6.633253833290476420e-10
-6.328407574501292519e-10
-6.051584707138544028e-10
-5.775883387189432308e-10
-5.491255003986050586e-10
-5.253106242951912582e-10
-5.057284731370700429e-10
-4.767397179451628418e-10
-4.601218633170632977e-10
-4.295315436429859282e-10
-4.119450939174443067e-10
-3.927056700865215685e-10
-3.752526650408001702e-10
-3.583454939972018600e-10
-3.363809408149241020e-10
-3.188096257824875195e-10
-3.029892750126537247e-10
-2.897016161797649015e-10
-2.755289958617782161e-10
-2.603117345709463054e-10
-2.476403468567427196e-10
-2.349239386643240399e-10
-2.224553057546111760e-10
-2.087342131818242587e-10
-1.968347725178456390e-10
-1.855137334558471808e-10
-1.755942513455386124e-10
-1.669882186057401252e-10
-1.606396262772081316e-10
-1.514050237282012919e-10
-1.393757138014943424e-10
-1.316361740210540977e-10
-1.278280238622251166e-10
-1.193406026779791990e-10
-1.105523638383107375e-10
-1.064743601463340066e-10
-9.941348005632027363e-11
-9.167939627693779496e-11
-8.945185466737345033e-11
-8.441537102784685536e-11
-7.878327881584937914e-11
-7.435068261896635347e-11
-6.874506348263458896e-11
-6.637526105060642421e-11
-6.118521340082411130e-11
-5.833086939893533927e-11
-5.542661719473374974e-11
-5.156384292361069382e-11
-4.977454977907105992e-11
-4.544565884278964935e-11
-4.364619573093888489e-11
-3.908467693681464014e-11
-3.899253502000055726e-11
-3.675999216257813544e-11
-3.471828869052040834e-11
-3.154309167728255684e-11
-3.130084106645501057e-11
-2.835472818459177398e-11
-2.629621983246948971e-11
-2.584654176135863944e-11
-2.360744393300916989e-11
-2.136673255204957466e-11
-2.141901738923915598e-11
-2.005509174860127164e-11
-1.965047396954637343e-11
-1.801751028686051406e-11
-1.667588219255323089e-11
-1.586036643970490098e-11
-1.552128639120361711e-11
-1.447484810529831313e-11
-1.330415109572128938e-11
-1.285713413703881463e-11
-1.194944147194705050e-11
-1.142580643412206188e-11
-1.044481683227934378e-11
-1.072359765511624489e-11
-9.765807924640396133e-12
-9.427585009003720574e-12
-8.926458020662583122e-12
-8.650381860095621034e-12
-7.948762614003694843e-12
-7.699669142953354547e-12
-7.190353117682060892e-12
-6.911900998500150130e-12
-6.904643026394583781e-12
-6.436443785689032797e-12
-5.941434322895536332e-12
-6.034481674009198891e-12
-5.857616797407698765e-12
-5.696312756161643706e-12
-5.040165300162458225e-12
-4.920086797168441272e-12
-4.951097746614597837e-12
-4.654547130024583574e-12
-4.658453474351445762e-12
-4.601309085787748843e-12
-4.456635644107009204e-12
-3.956939318721431684e-12
-3.904542415155105596e-12
-3.719890009573093521e-12
-3.943522929698009664e-12
-3.795606372255605516e-12
-3.622796170136113057e-12
-3.464149101067346346e-12
-3.418113452967033683e-12
-3.152358364409386070e-12
-3.350720069259165941e-12
-3.174394079276099773e-12
-3.184309507031380441e-12
-3.040166193473201844e-12
-2.866786852330557894e-12
-2.929586656124791319e-12
-2.923537392021863585e-12
-2.727314549804696336e-12
-2.653886937065916337e-12
-2.696532057713374791e-12
-2.675708397261654530e-12
-2.556293636210717730e-12
-2.493817901586725447e-12
-2.510425813929863925e-12
-2.424032084993155761e-12
-2.402556041928528249e-12
-2.311979436729124304e-12
-2.333811964428437151e-12
-2.247028110454008831e-12
-2.105318388938780547e-12
-2.240574652566921854e-12
-2.153269689347599172e-12
-1.999625754356304694e-12
-2.041102698525719993e-12
-2.020666655937606033e-12
-1.904478463923063977e-12
-1.835941528967345245e-12
-1.878988252330625051e-12
-1.757158588853261171e-12
-1.765413129821812327e-12
-1.686963972762511971e-12
-1.661846042659811062e-12
-1.588556621838712315e-12
-1.552150665889827331e-12
-1.489581773719328941e-12
-1.446664386328880602e-12
-1.432316752522979266e-12
-1.299703377917787860e-12
-1.311089378566064138e-12
-1.215213233586759256e-12
-1.163666823626590199e-12
-1.141578378773055056e-12
-1.054624678779922651e-12
-1.013569568981248322e-12
-9.475514057656543891e-13
-9.034486924956743109e-13
-8.530592689137581173e-13
-7.970517607432871185e-13
-7.210671163896230867e-13
-6.780446546378097074e-13
-6.139950117722318736e-13
-5.777515178696509250e-13
-4.986626148558469486e-13
-4.659190941936231419e-13
-4.117418701027338727e-13
-3.743987613520573278e-13
-3.098297122516271962e-13
-2.757836856668497443e-13
-2.314335589350668278e-13
-1.867079686387216983e-13
-1.431438687363179164e-13
-1.219546287525050200e-13
-8.452749122264950079e-14
-5.333872926644885092e-14
-3.348510921582721419e-14
-8.359038078564746265e-15
1.583901566008943074e-14
2.106136883493049614e-14
3.973413538479912214e-14
4.568669928952897270e-14
4.677400187771294515e-14
5.902798104999984003e-14
4.995012882603622165e-14
5.035788952352929507e-14
4.243638968970788022e-14
3.267922102600091929e-14
2.962064880339159785e-14
1.468105044904933634e-14
9.663701404561556009e-15
-1.013247402811359654e-14
-1.585141905413898129e-14
-2.950571155921517894e-14
-3.343463193122722773e-14
-4.491998154028718284e-14
-4.994341608262484003e-14
-5.568744764159998595e-14
-5.359721431262409678e-14
-5.484440645108893408e-14
-5.143489412091448298e-14
-4.754466596242732291e-14
-3.879739354491101420e-14
-3.341727378776738291e-14
-2.342122063666333044e-14
-1.345525868492653288e-14
-5.258479211093554830e-15
3.052577201102744918e-16
1.033057421717975855e-14
1.368262851761211164e-14
1.435135171693731663e-14
1.633208075698426600e-14
1.480425712709292391e-14
9.743974953935999737e-15
7.240830359112403387e-15
1.125795120836464483e-16
-2.905962718520286558e-15
-8.605643626402582151e-15
-1.124304865354963247e-14
-1.121681202263193163e-14
-1.231187345743140144e-14
-8.924501686291746576e-15
-6.198734724135213192e-15
-2.508453528797482644e-15
1.594016050956424365e-15
5.201462497939493207e-15
6.801725710954611793e-15
8.555876187687242446e-15
7.135618845157466877e-15
5.837307751691462731e-15
3.065591481383552685e-15
-2.873092183427811962e-17
-2.105084705258911073e-15
-3.680360676083085107e-15
-2.649634505412547040e-15
-1.180010681012883691e-15
1.975487336064911899e-15
4.259022895244911929e-15
6.198285973858892901e-15
5.850144198675802379e-15
4.681786026292027770e-15
2.484373440973889364e-15
1.007371796328207976e-15
2.340093590680729853e-17
5.728390576496131187e-16
1.600409869501883376e-15
3.143889356832639462e-15
4.305744239415204449e-15
4.886108913453514152e-15
4.111431926166302727e-15
2.763462494102018024e-15
1.335189188431309716e-15
1.253443839979684475e-15
2.414223143212950238e-15
3.910546217235991035e-15
4.365408231836288715e-15
3.771833571500669570e-15
2.772658913390255734e-15
2.376700381345107315e-15
2.340926856176182668e-15
2.967978630080844843e-15
3.744101594265871001e-15
4.136490789224848064e-15
3.174108968080643838e-15
2.286321725256338900e-15
2.659801686958345662e-15
3.746589297741713030e-15
3.692736065516255077e-15
3.231019424981772478e-15
2.974820829637518747e-15
2.918043455810612710e-15
3.222776875700094381e-15
3.880654455913341228e-15
3.215233016382410731e-15
2.738049358907760256e-15
3.380021281923125162e-15
3.567604826181254271e-15
3.258280128640265446e-15
3.198760672123079314e-15
3.027022914889563316e-15
3.724185512062215227e-15
3.196279151943713530e-15
3.112490716847145110e-15
3.415626227873057978e-15
3.392365069077479670e-15
3.269418424637309437e-15
3.153574708409704166e-15
3.574298234088218042e-15
3.166730939130583690e-15
3.311969901120781698e-15
3.391057391626972370e-15
3.321483702505078105e-15
3.233009787019001617e-15
3.462240218885971802e-15
3.229826090574037692e-15
3.356022726819896146e-15
3.372041590579098031e-15
3.262070606315067084e-15
3.399455470690633375e-15
3.296363439154766262e-15
3.341805901772337061e-15
3.357667749590002165e-15
3.299055930630622854e-15
3.384254474644273530e-15
3.291793942340334426e-15
3.383072672848299720e-15
3.301498897901167232e-15
3.373389950816161197e-15
3.313364793736075016e-15
3.364627259536407457e-15
3.322496284151200387e-15
3.358721613748754567e-15
3.328699750025055680e-15
3.355097926459503911e-15
3.332856540377732355e-15
3.352905655877879006e-15
3.335733242137447889e-15
3.351548470247503215e-15
3.337816884944210613e-15
3.350675219825155607e-15
3.339392174874215752e-15
3.350088629362006200e-15
3.340625147432710261e-15
3.349677387865379178e-15
3.341615908742252006e-15
3.349377019780782408e-15
3.342427725544749256e-15
3.349148904543376345e-15
3.343102593140728759e-15
3.348969116986523560e-15
3.343669673632092527e-15
3.348822373257932252e-15
3.344150019410574288e-15
3.348698642221336473e-15
3.344559325732041800e-15
3.348591181966300918e-15
3.344909603708103623e-15
3.348495363100682402e-15
3.345210239417191669e-15
3.348407941314474872e-15
3.345468690230153075e-15
3.348326595227415524e-15
3.345690958551679347e-15
3.348249625588704799e-15
3.345881924065250607e-15
3.348175755429317709e-15
3.346045583055236214e-15
3.348103994859718229e-15
3.346185224760561900e-15
3.348033548088707414e-15
3.346303563981065556e-15
3.347963748585638454e-15
3.346402842386071511e-15
3.347894013194983423e-15
3.346484907054627870e-15
3.347823809189576509e-15
3.346551271973401114e-15
3.347752630228625239e-15
3.346603166655520269e-15
3.347679978471195850e-15
3.346641574747390564e-15
3.347605350952418225e-15
3.346667264837135827e-15
3.347528228876707143e-15
3.346680815003813780e-15
3.347448068924102139e-15
3.346682632334648148e-15
3.347364295871395912e-15
3.346672968311035258e-15
3.347276296082792951e-15
3.346651930799600957e-15
3.347183411491719274e-15
3.346619493164291514e-15
3.347084933843651641e-15
3.346575500961777698e-15
3.346980099006757252e-15
3.346519676556886667e-15
3.346868081226340918e-15
3.346451621961616907e-15
3.346747987217343809e-15
3.346370820090488886e-15
3.346618850037004820e-15
3.346276634673214990e-15
3.346479622698636327e-15
3.346168308957576725e-15
3.346329171508124002e-15
3.346044963372795832e-15
3.346166269115634841e-15
3.345905592278260642e-15
3.345989587315753094e-15
3.345749059953072001e-15
3.345797689626741861e-15
3.345574095932906612e-15
