# k_h
6.966631190152840181e-05
9.722717368276795205e-05
1.356914435746148229e-04
1.893726730486377532e-04
2.642908657435325600e-04
3.688475990202278441e-04
5.147682968527080797e-04
7.184169953688980233e-04
1.002631732262671427e-03
1.399285276420414231e-03
1.952859922312200720e-03
2.725435653701424599e-03
3.803651779890061292e-03
3.932577092200518522e-03
4.065872170031069842e-03
4.203685559332372493e-03
4.346169531345365697e-03
4.493483807891605550e-03
4.645790904760362452e-03
4.803260322660209483e-03
4.966067615896461659e-03
5.134392995387316617e-03
5.308423656970259925e-03
5.488353315740822878e-03
5.674381740391253558e-03
5.866715684533118334e-03
6.065568421036004153e-03
6.271161604672667762e-03
6.483723409473897761e-03
6.703489925712346163e-03
6.930705625563861674e-03
7.165622431784867373e-03
7.408502046018841485e-03
7.659614086151123914e-03
7.919237948954107112e-03
8.187660947442056483e-03
8.465182967484000814e-03
8.752111345529556274e-03
9.048764593899250031e-03
9.355473332107067108e-03
9.672578424215316772e-03
1.000043191015720367e-02
1.033939793705940073e-02
1.068985275924205433e-02
1.105218660086393009e-02
1.142680179327726538e-02
1.181411463767290636e-02
1.221455447375774037e-02
1.262856833636761059e-02
1.305661536753177122e-02
1.349917054176330913e-02
1.395672652870417335e-02
1.442979183048009525e-02
1.491889078170061805e-02
1.542456820607185190e-02
1.594738662242890098e-02
1.648792438209057201e-02
1.704678498208522450e-02
1.762458682060242393e-02
1.822197437286377647e-02
1.883961074054241527e-02
1.947818137705325733e-02
2.013839595019817352e-02
2.082099020481109272e-02
2.152672037482261658e-02
2.225637063384055744e-02
2.301075309514999737e-02
2.379070408642292717e-02
2.459709346294403076e-02
2.543081343173980019e-02
2.629279531538486481e-02
2.718399278819560658e-02
2.810539677739142678e-02
2.905803173780441284e-02
3.004295751452446331e-02
3.106126748025416981e-02
3.211409226059913635e-02
3.320260345935820839e-02
3.432800993323326805e-02
3.549155965447426536e-02
3.669454902410507202e-02
3.793831542134285667e-02
3.922424092888832092e-02
4.055375233292579651e-02
4.192832484841347435e-02
4.334948956966400840e-02
4.481882601976395347e-02
4.633796587586404281e-02
4.790859669446945884e-02
4.953246191143989563e-02
5.121137201786041260e-02
5.294718593358993530e-02
5.474183708429335160e-02
5.659731850028039413e-02
5.917755141854286888e-02
6.175778433680534363e-02
6.433802098035813766e-02
6.691825389862060547e-02
6.949848681688307328e-02
7.207871973514558273e-02
7.465895265340806441e-02
7.723918557167051835e-02
7.981942594051361084e-02
8.239965885877609253e-02
8.497989177703857422e-02
8.756012469530104203e-02
9.014035761356353760e-02
9.272059053182601929e-02
9.530082345008850098e-02
9.788105636835101042e-02
1.004612967371940613e-01
1.030415296554565707e-01
1.056217625737190108e-01
1.082019954919814925e-01
1.107822284102439880e-01
1.133624613285064558e-01
1.159426942467689514e-01
1.185229271650314192e-01
1.211031675338745117e-01
1.236834004521369795e-01
1.262636333703994473e-01
1.288438588380813321e-01
1.314240992069244107e-01
1.340043395757674893e-01
1.365845650434494019e-01
1.391648054122924805e-01
1.417450308799743652e-01
1.443252712488174438e-01
1.469054967164993286e-01
1.494857370853424072e-01
1.520659774541854858e-01
1.546462029218673706e-01
1.572264432907104215e-01
1.598066687583923340e-01
1.623869091272354404e-01
1.649671345949172974e-01
1.675473749637603760e-01
1.701276153326034546e-01
1.727078408002853394e-01
1.752880811691284457e-01
1.778683066368102750e-01
1.804485470056533258e-01
1.830287724733352661e-01
1.856090128421783447e-01
1.881892383098602572e-01
1.907694786787033081e-01
1.933497190475464145e-01
1.959299445152282437e-01
1.985101848840713501e-01
2.010904103517532626e-01
2.036706507205962857e-01
2.062508761882781982e-01
2.088311165571212769e-01
2.171832621097564697e-01
2.258694618940353116e-01
2.349030673503875732e-01
2.442979514598846436e-01
2.540685832500457764e-01
2.642300128936767578e-01
2.747978270053863525e-01
2.857882976531982422e-01
2.972183525562286377e-01
3.091055154800415039e-01
3.214681446552276611e-01
3.343251645565032959e-01
3.476964235305786133e-01
3.616024851799011786e-01
3.760646879673004150e-01
3.911052942276000977e-01
4.067474603652954102e-01
4.230152368545532227e-01
4.399336576461791992e-01
4.575286805629729669e-01
4.758274555206298273e-01
4.948580563068389893e-01
5.146498084068298340e-01
5.352330803871154785e-01
5.566396117210388184e-01
5.789023041725158691e-01
6.020553708076477051e-01
6.261343955993652344e-01
7.752171754837036133e-01
9.597965478897095837e-01
1.188324332237243652e+00
1.471264719963073730e+00
1.821573138236999512e+00
2.255290031433105469e+00
2.792275190353394443e+00
3.457116603851318359e+00
4.280256748199462891e+00
5.299386978149414062e+00
6.561172485351561612e+00
8.123389244079589844e+00
1.005756950378417969e+01
1.245228004455566406e+01
1.541717052459716797e+01
1.908800315856933238e+01
2.363286018371582031e+01
2.925984954833984375e+01
