# d_l
# unit = Mpc
0.000000000000000000e+00
1.804373049144673189e+02
3.714416601835177971e+02
5.725616866493982116e+02
7.833527622439512470e+02
1.003379378214985309e+03
1.232217147137541133e+03
1.469454460797093816e+03
1.714693807551011332e+03
1.967552767866787235e+03
2.227664713388651307e+03
2.494679239252190200e+03
2.768262361716779196e+03
3.048096513848588074e+03
3.333880371314662170e+03
3.625328538683560964e+03
3.922171124280915137e+03
4.224153228885859789e+03
4.531034370594930806e+03
4.842587865192412210e+03
5.158600178475234316e+03
5.478870264271608903e+03
5.803208899419053523e+03
6.131438024756995219e+03
6.463390099250645108e+03
6.798907472690535542e+03
7.137841780991844644e+03
7.480053366928676041e+03
7.825410728157075027e+03
8.173789993582905481e+03
8.525074428491609069e+03
8.879153968353988603e+03
9.235924780834273406e+03
9.595288855234653965e+03
9.957153618397473110e+03
1.032143157593820069e+04
1.068803997758578225e+04
1.105690050535249065e+04
1.142793898323301983e+04
1.180108510713567557e+04
1.217627219377059191e+04
1.255343694725614841e+04
1.293251924225096445e+04
1.331346192247241925e+04
1.369621061351975186e+04
1.408071354898006211e+04
1.446692140885633853e+04
1.485478716941643142e+04
1.524426596362177042e+04
1.563531495135127079e+04
1.602789319869089559e+04
1.642196156561190219e+04
1.681748260140978891e+04
1.721442044732290742e+04
1.761274074579335502e+04
1.801241055587327355e+04
1.841339827431817685e+04
1.881567355138552739e+04
1.921920726265585108e+04
1.962397138613786228e+04
2.002993897990663754e+04
2.043708411679225537e+04
2.084538183177151586e+04
2.125480807269156867e+04
2.166533965408612494e+04
2.207695421386272210e+04
2.248963017265665985e+04
2.290334669566371304e+04
2.331808365677749680e+04
2.373382160487102738e+04
2.415054173207445638e+04
2.456822584391186319e+04
2.498685633117066027e+04
2.540641614338665022e+04
2.582688876383639217e+04
2.624825818593672739e+04
2.667050889095887760e+04
2.709362582697097605e+04
2.751759438892945036e+04
2.794240039984576651e+04
2.836803009295932497e+04
2.879447009485369199e+04
2.922170740945659782e+04
2.964972940286899393e+04
3.007852378897220842e+04
3.050807861576561481e+04
3.093838225239066378e+04
3.136942337680035416e+04
3.180119096403540243e+04
3.223367427507173488e+04
3.266686284620587685e+04
3.310074647894706868e+04
3.353531523038695741e+04
3.397055940402020497e+04
3.440646954098992865e+04
3.484303641173482174e+04
3.528025100801554800e+04
3.571810453529948427e+04
3.615658840548469016e+04
3.659569422994435445e+04
3.703541381287513650e+04
3.747573914493284974e+04
3.791666239714074618e+04
3.835817591505622113e+04
3.880027221318223746e+04
3.924294396961157327e+04
3.968618402089158189e+04
4.012998535709872522e+04
4.057434111711217702e+04
4.101924458407710335e+04
4.146468918104769546e+04
4.191066846680189337e+04
4.235717613181922206e+04
4.280420599441378727e+04
4.325175199701570818e+04
4.369980820259321627e+04
4.414836879120967205e+04
4.459742805670861708e+04
4.504698040352164389e+04
4.549702034359281970e+04
4.594754249341505056e+04
4.639854157117315481e+04
4.685001239398866164e+04
4.730194987526236218e+04
4.775434902211014560e+04
4.820720493288781290e+04
4.866051279480156518e+04
4.911426784815147403e+04
4.956846551565174741e+04
5.002310120619244844e+04
5.047817044006473589e+04
5.093366881562252092e+04
5.138959200733520993e+04
5.184593576390386443e+04
5.230269590643862466e+04
5.275986832669424621e+04
5.321744898536202527e+04
5.367543391041595896e+04
5.413381919551025203e+04
5.459260099842721684e+04
5.505177553957282362e+04
5.551133910051850398e+04
5.597128802258734504e+04
5.643161870548287698e+04
5.689232760595933360e+04
5.735341123653091199e+04
5.781486616421983490e+04
5.827668900934059639e+04
5.873887644432015804e+04
5.920142519255176012e+04
