# bin_1_1
-6.533560660706767653e-08
-6.623515862489802868e-08
-6.715237087186755312e-08
-6.808745290686894744e-08
-6.904060997001134515e-08
-7.001204101817639566e-08
-7.100193700843123283e-08
-7.201047945285638278e-08
-7.303783921245811788e-08
-7.408417558251549287e-08
-7.514963575993249044e-08
-7.623435475568301801e-08
-7.733845556117201670e-08
-7.846204925199843997e-08
-7.960523513847243925e-08
-8.076810079132962985e-08
-8.195072178644526038e-08
-8.315316168572053043e-08
-8.437547222592495987e-08
-8.561769343706970638e-08
-8.687985354686791359e-08
-8.816196728614298112e-08
-8.946403055121578534e-08
-9.078601541768224761e-08
-9.212786947673800622e-08
-9.348951539789227076e-08
-9.487084937021312484e-08
-9.627174020539274442e-08
-9.769202922158417456e-08
-9.913153012141906902e-08
-1.005900285207551662e-07
-1.020672815994194983e-07
-1.035630163416250809e-07
-1.050769278494252016e-07
-1.066086792948167777e-07
-1.081579000639708954e-07
-1.097241845799449064e-07
-1.113070906256891174e-07
-1.129061269968312260e-07
-1.145207672911686464e-07
-1.161504954327439712e-07
-1.177947463397304581e-07
-1.194528268160833247e-07
-1.211239742825974334e-07
-1.228073944568870528e-07
-1.245022461210206043e-07
-1.262076383432575588e-07
-1.279226322033442237e-07
-1.296462361983289835e-07
-1.313774137149051663e-07
-1.331150824564706255e-07
-1.348580609477614782e-07
-1.366050455842649329e-07
-1.383546967738113491e-07
-1.401056879324983601e-07
-1.418566224855315173e-07
-1.436059993324116665e-07
-1.453522508620487739e-07
-1.470937488502097634e-07
-1.488287660826910492e-07
-1.505554954792721091e-07
-1.522720530508792134e-07
-1.539763643825016812e-07
-1.556668406161404898e-07
-1.573425388485986345e-07
-1.590014197045271383e-07
-1.606405502354748660e-07
-1.622571617386676780e-07
-1.638484896359573391e-07
-1.654117487205483345e-07
-1.669442040309997264e-07
-1.684431103152671687e-07
-1.699058959292453588e-07
-1.713299426120398962e-07
-1.727120825536811364e-07
-1.740491581095323613e-07
-1.753382692469605038e-07
-1.765765087476971010e-07
-1.777606527161858198e-07
-1.788872550053610081e-07
-1.799530256588712035e-07
-1.809547860395090968e-07
-1.818889844826694065e-07
-1.827517290054373333e-07
-1.835396287159477313e-07
-1.842494792542789349e-07
-1.848776461277324981e-07
-1.854206265505525127e-07
-1.858751635068886006e-07
-1.862379302145398010e-07
-1.865055551433660071e-07
-1.866747940177534561e-07
-1.867425243257055960e-07
-1.867057673858634831e-07
-1.865617783570047883e-07
-1.863077990256000772e-07
-1.859412116817592251e-07
-1.854601610573518558e-07
-1.848624919157735212e-07
-1.841465689492871972e-07
-1.833102471355494791e-07
-1.823532449417861325e-07
-1.812748694179282150e-07
-1.800749511054940199e-07
-1.787537499706027489e-07
-1.773120159795027274e-07
-1.757510212138375373e-07
-1.740725787202816971e-07
-1.722790745994889258e-07
-1.703734936670877340e-07
-1.683594380411929920e-07
-1.662411405849807704e-07
-1.640234742318762864e-07
-1.617119508262330636e-07
-1.593127107135360537e-07
-1.568325451229152566e-07
-1.542787484944660315e-07
-1.516588020780998173e-07
-1.489803249091210830e-07
-1.462510773633557123e-07
-1.434807837853965499e-07
-1.406786800971590094e-07
-1.378549523925681369e-07
-1.350201592073178470e-07
-1.321849825479841566e-07
-1.293599324275962407e-07
-1.265551463793760358e-07
-1.237802940805003388e-07
-1.210444230493722875e-07
-1.183556277726025886e-07
-1.157209071739564016e-07
-1.131462239963269125e-07
-1.106362571836341271e-07
-1.081949655871904524e-07
-1.058265466990588915e-07
-1.035332070324250974e-07
-1.013145258705380339e-07
-9.916872524111421616e-08
-9.709272157161793620e-08
-9.508196227050928755e-08
-9.313058404470538154e-08
-9.123144797328846066e-08
-8.937631014138712862e-08
-8.755520016754759341e-08
-8.575665111041579657e-08
-8.396910822901049507e-08
-8.218167263181638308e-08
-8.038420793821385712e-08
-7.856799460387006121e-08
-7.672693158070136755e-08
-7.485799794240901269e-08
-7.296058122245475690e-08
-7.103630434661496702e-08
-6.909008500702212405e-08
-6.712940501596387627e-08
-6.516307694913765738e-08
-6.320158736807631082e-08
-6.125679036621098543e-08
-5.934074871857269895e-08
-5.746514837519130467e-08
-5.564092031027848787e-08
-5.387747464596078432e-08
-5.218200642726585067e-08
-5.055879708057367271e-08
-4.900849925377777588e-08
-4.752800834545438346e-08
-4.611030856415014750e-08
-4.474480611802649633e-08
-4.341933435911114605e-08
-4.212162932044490791e-08
-4.084099895162619115e-08
-3.957011815439159459e-08
-3.830585320303471247e-08
-3.704937895439117492e-08
-3.580590106199065021e-08
-3.458399156125053014e-08
-3.339428564788422785e-08
-3.224765271655066524e-08
-3.115303577136817138e-08
-3.011554059302903691e-08
-2.913523448690176653e-08
-2.820696157198750545e-08
-2.732116410042573130e-08
-2.646573180393269201e-08
-2.562855701881805632e-08
-2.480027826080220514e-08
-2.397631149787363045e-08
-2.315775127844342817e-08
-2.235086900907951890e-08
-2.156531984588757407e-08
-2.081121173059738756e-08
-2.009593949969125218e-08
-1.942205302075944130e-08
-1.878659345625156143e-08
-1.818197275298449813e-08
-1.759832354951163213e-08
-1.702667001484277826e-08
-1.646172191207348633e-08
-1.590279262813864321e-08
-1.535298885699947908e-08
-1.481733576213015858e-08
-1.430056796899315599e-08
-1.380541667564560977e-08
-1.333214136717531794e-08
-1.287961348513097129e-08
-1.244661341061021402e-08
-1.203230065963660006e-08
-1.163590684554254208e-08
-1.125614274699052339e-08
-1.089073588096429264e-08
-1.053676431712165231e-08
-1.019187079656221228e-08
-9.855372105157911907e-09
-9.528317322840089155e-09
-9.212501935244621935e-09
-8.909238727356081022e-09
-8.618833836897336769e-09
-8.340652784189802685e-09
-8.073781511233064610e-09
-7.817500016315196604e-09
-7.571282730414886394e-09
-7.334485281014293041e-09
-7.106258999107768991e-09
-6.885835285885098415e-09
-6.672701615227656837e-09
-6.466645950937063026e-09
-6.267748451037549511e-09
-6.076280216199664858e-09
-5.892399639351866033e-09
-5.715894247432029273e-09
-5.546203430603787578e-09
-5.382612849029364726e-09
-5.224477793504634816e-09
-5.071421578414759906e-09
-4.923384501104512557e-09
-4.780494984565901072e-09
-4.642797290312587271e-09
-4.510063261646938603e-09
-4.381890449592033479e-09
-4.257880369092270584e-09
-4.137741147030035905e-09
-4.021333565666306668e-09
-3.908623039335074576e-09
-3.799542894518657878e-09
-3.693919293705567250e-09
-3.591498045991072112e-09
-3.492063048179015003e-09
-3.395490523552094772e-09
-3.301700465686029051e-09
-3.210591257226036170e-09
-3.122028463650896037e-09
-3.035867589513773309e-09
-2.951990305012735968e-09
-2.870305543735608208e-09
-2.790731276984115465e-09
-2.713174106543264288e-09
-2.637539302128620429e-09
-2.563742174141774834e-09
-2.491714745992756750e-09
-2.421393119080987339e-09
-2.352710461016241238e-09
-2.285605388838852937e-09
-2.220022444516750318e-09
-2.155910547049380190e-09
-2.093222718233597630e-09
-2.031915839466234234e-09
-1.971950567522940090e-09
-1.913291187529328395e-09
-1.855905298616934997e-09
-1.799763550973754217e-09
-1.744839430339592889e-09
-1.691113160467410378e-09
-1.638554562292025183e-09
-1.587148189897644098e-09
-1.536876063322727648e-09
-1.487721910689610691e-09
-1.439667543600879183e-09
-1.392706721799731715e-09
-1.346823893383577195e-09
-1.302008151778944101e-09
-1.258249264349208835e-09
-1.215537365264005518e-09
-1.173862824106208796e-09
-1.133216219346777389e-09
-1.093588297970168281e-09
-1.054969954456541545e-09
-1.017352250616740179e-09
-9.807262445878191122e-10
-9.450827112484989397e-10
-9.104119804609189886e-10
-8.767038734552095763e-10
-8.439477038849096408e-10
-8.121322873422776178e-10
-7.812459714178556090e-10
-7.512766898681651476e-10
-7.222119343789288777e-10
-6.940386488384954189e-10
-6.667432302879395354e-10
-6.403115697769312042e-10
-6.147290790353887491e-10
-5.899807137201874426e-10
-5.660510060673852333e-10
-5.429240991893815976e-10
-5.205837615267549409e-10
-4.990133969421840371e-10
-4.781961271840814527e-10
-4.581148841942634028e-10
-4.387524509179788997e-10
-4.200914805951649503e-10
-4.021145149374660473e-10
-3.848039930735751594e-10
-3.681422540911720057e-10
-3.521115836323887053e-10
-3.366943084691586793e-10
-3.218728731151701597e-10
-3.076298737775394613e-10
-2.939480663331923946e-10
-2.808103684363761756e-10
-2.681998501035196561e-10
-2.560997179317568547e-10
-2.444933499901152261e-10
-2.333643836443991453e-10
-2.226967661838559078e-10
-2.124747710986173890e-10
-2.026829969673118478e-10
-1.933063562506316341e-10
-1.843300517946684938e-10
-1.757395497441564138e-10
-1.675205870883702024e-10
-1.596592453053558604e-10
-1.521419979674956347e-10
-1.449557181456792814e-10
-1.380876761016793036e-10
-1.315255236675497123e-10
-1.252572626228690935e-10
-1.192712100399832542e-10
-1.135559816837830824e-10
-1.081005305257137619e-10
-1.028941875562366074e-10
-9.792666308620634409e-11
-9.318804316209708330e-11
-8.866878000546183092e-11
-8.435966640846338375e-11
-8.025180271549560445e-11
-7.633657222515620083e-11
-7.260564435176323532e-11
-6.905099289026121294e-11
-6.566488647214435290e-11
-6.243987709906350538e-11
-5.936879309637059207e-11
-5.644472301557064141e-11
-5.366099111584032028e-11
-5.101113867212777599e-11
-4.848893383150101241e-11
-4.608843009026726467e-11
-4.380400653297717320e-11
-4.163038098689267326e-11
-3.956261130352391414e-11
-3.759607797014744826e-11
-3.572645246106700583e-11
-3.394966606848978973e-11
-3.226186095179081065e-11
-3.065926638782179831e-11
-2.913804714274390159e-11
-2.769419961073557433e-11
-2.632351142223147455e-11
-2.502156656470221047e-11
-2.378376729125187779e-11
-2.254632484470687325e-11
-2.102798208809593620e-11
-1.931014130768171282e-11
-1.752751873390741818e-11
-1.579823057385702072e-11
-1.418873537306440316e-11
-1.273885975427445780e-11
-1.144945371817753424e-11
-1.030097860298518214e-11
-9.211576382527864744e-12
-8.226163332143049981e-12
-7.360312507750965468e-12
-6.576521962074370998e-12
-5.809381556802256474e-12
-5.080764375920028761e-12
-4.409885697864363693e-12
-3.779316117932073548e-12
-3.155882216133884951e-12
-2.608431920298276241e-12
-2.195627246852173502e-12
-1.829647964512446439e-12
-1.522451770885509379e-12
-1.285504103237617905e-12
-1.091236183594255826e-12
-9.103453876885535754e-13
-7.519731505163895871e-13
-6.176611712730644300e-13
-5.025624095398551257e-13
-3.996837847099910662e-13
-2.925003465270112293e-13
-1.925159549695358822e-13
-1.101955593749641655e-13
