# bin_2_4
-6.375466680358616922e-09
-6.470367824032836017e-09
-6.567416417890929557e-09
-6.666654295738842825e-09
-6.768123767810095612e-09
-6.871867618134624087e-09
-6.977929100528791995e-09
-7.086351933989247821e-09
-7.197180297264438699e-09
-7.310458821596308986e-09
-7.426232579734365652e-09
-7.544547071849426073e-09
-7.665448211649871208e-09
-7.788982293397678060e-09
-7.915195920123853078e-09
-8.044135950571317362e-09
-8.175849458664507516e-09
-8.310383698628016254e-09
-8.447786060524117424e-09
-8.588104035339915843e-09
-8.731385174589434371e-09
-8.877676988819012657e-09
-9.027026803764598865e-09
-9.179481620823203535e-09
-9.335088008093258005e-09
-9.493892006790273532e-09
-9.655939072910717723e-09
-9.821274107076330381e-09
-9.989941563706411718e-09
-1.016198553704531578e-08
-1.033744980421693662e-08
-1.051637777599028630e-08
-1.069881238816237555e-08
-1.088479599468482757e-08
-1.107437025426824551e-08
-1.126757601502868312e-08
-1.146445322744221130e-08
-1.166504063876157293e-08
-1.186937529439068722e-08
-1.207749206028373940e-08
-1.228942327751020422e-08
-1.250519849663569818e-08
-1.272484440266051873e-08
-1.294838513290374745e-08
-1.317584275440443269e-08
-1.340723761994292439e-08
-1.364258855257667638e-08
-1.388191271974906795e-08
-1.412522536022495553e-08
-1.437253953412417432e-08
-1.462386583609728945e-08
-1.487921221248000170e-08
-1.513858324700705980e-08
-1.540197888917238720e-08
-1.566939325197134346e-08
-1.594081377617903517e-08
-1.621622066746290384e-08
-1.649558697429783572e-08
-1.677887969515644452e-08
-1.706606101217000892e-08
-1.735708917187283814e-08
-1.765191879988541441e-08
-1.795050120618601352e-08
-1.825278465852454263e-08
-1.855871388289559974e-08
-1.886822925814943474e-08
-1.918126582157776748e-08
-1.949775130624525541e-08
-1.981760349114933637e-08
-2.014072931938846461e-08
-2.046702517507671263e-08
-2.079637449452714642e-08
-2.112865081886996640e-08
-2.146372184763100535e-08
-2.180144381658823070e-08
-2.214166320985823185e-08
-2.248422781077424703e-08
-2.282897792115212996e-08
-2.317572399017178397e-08
-2.352426780969326182e-08
-2.387440887180211657e-08
-2.422592512237328570e-08
-2.457859355710160023e-08
-2.493219177862477891e-08
-2.528646061681487802e-08
-2.564111844211389825e-08
-2.599588051616097829e-08
-2.635042549440786137e-08
-2.670440983091197147e-08
-2.705751471518257156e-08
-2.740939143456269947e-08
-2.775968689407262842e-08
-2.810806567327292295e-08
-2.845413607733706101e-08
-2.879746991562808771e-08
-2.913766413857227210e-08
-2.947428810361296339e-08
-2.980684149897431350e-08
-3.013518101452993003e-08
-3.045907085984531729e-08
-3.077772746631724206e-08
-3.109064149770449453e-08
-3.139730275538726146e-08
-3.169701769590512830e-08
-3.198966044727908438e-08
-3.227504935359753207e-08
-3.255234484058994124e-08
-3.282074718103066938e-08
-3.307947246761221429e-08
-3.332720132424009529e-08
-3.356305351716836822e-08
-3.378635525728098322e-08
-3.399616294239011073e-08
-3.419243981454244790e-08
-3.437480949806873072e-08
-3.454245401813245250e-08
-3.469468177365891163e-08
-3.483077668500408500e-08
-3.495001348870659040e-08
-3.505167544183243691e-08
-3.513505042062833547e-08
-3.519943253197948106e-08
-3.524413144669938808e-08
-3.526846871707105974e-08
-3.527178504023253711e-08
-3.525344954018921934e-08
-3.521289338924277570e-08
-3.514948150678800846e-08
-3.506271961836851594e-08
-3.495212950920013520e-08
-3.481728355306800652e-08
-3.465781855846634506e-08
-3.447343591496897010e-08
-3.426391167146177415e-08
-3.402910990957476793e-08
-3.376898023610869671e-08
-3.348357094306414216e-08
-3.317303727523438018e-08
-3.283765034620275412e-08
-3.247779980510233499e-08
-3.209400331023400968e-08
-3.168691545205607798e-08
-3.125733149299816562e-08
-3.080618847019721878e-08
-3.033457403449455305e-08
-2.984373010061990975e-08
-2.933504684981015561e-08
-2.882170290206465061e-08
-2.827046947109390231e-08
-2.771809139029337611e-08
-2.715483389125301398e-08
-2.658268542844550332e-08
-2.600376018327317926e-08
-2.542029720660408503e-08
-2.483462773523823735e-08
-2.424911927675369123e-08
-2.366608913533094719e-08
-2.308778146837052533e-08
-2.251643563689366597e-08
-2.195429630267872125e-08
-2.140362086692726195e-08
-2.086667292680503339e-08
-2.034563488953750538e-08
-1.984247702531448600e-08
-1.935884445205937438e-08
-1.889583972216972035e-08
-1.845416489229762067e-08
-1.804199272803352122e-08
-1.764337426353512551e-08
-1.725800236234086109e-08
-1.689975640839615542e-08
-1.655945900557465170e-08
-1.623542094825403396e-08
-1.592585340433710256e-08
-1.562831382383732709e-08
-1.533995593437057327e-08
-1.505772738205975353e-08
-1.478415616501072040e-08
-1.449705454225082882e-08
-1.421148140528949768e-08
-1.391772346333626043e-08
-1.361304780155286241e-08
-1.329499404294948289e-08
-1.296128221021205918e-08
-1.261039632731541199e-08
-1.224180058327142917e-08
-1.185603598528453166e-08
-1.145491085489224347e-08
-1.104150143256438391e-08
-1.061999518757232624e-08
-1.019542655963008545e-08
-9.773355795251042110e-09
-9.359521868790624943e-09
-8.959485449786325436e-09
-8.578313299646285722e-09
-8.220301201200636329e-09
-7.888733727130284823e-09
-7.585671234247052796e-09
-7.311786285563620533e-09
-7.066263905617600221e-09
-6.846808251062732820e-09
-6.649773384122286061e-09
-6.470402598855677836e-09
-6.303149196946937413e-09
-6.142049138930296439e-09
-5.981174495340943377e-09
-5.815187172140195070e-09
-5.639957980902314802e-09
-5.453150592106041001e-09
-5.254584338607835759e-09
-5.046271320303545790e-09
-4.832079558799824035e-09
-4.617133904539381666e-09
-4.407045782260521882e-09
-4.207105240796374602e-09
-4.021575301018291422e-09
-3.853137002614065755e-09
-3.702600898821137234e-09
-3.568833264096114864e-09
-3.448944035454440380e-09
-3.338760151429799270e-09
-3.233541915763732895e-09
-3.128877749446058403e-09
-3.021457998532860157e-09
-2.909677331250471393e-09
-2.793841083361165075e-09
-2.675990848517041601e-09
-2.559350110958282672e-09
-2.447466450967198853e-09
-2.343277647217265854e-09
-2.248320971994628511e-09
-2.162380810677731226e-09
-2.083644777132471955e-09
-2.009334391212077307e-09
-1.936641367739196837e-09
-1.863639613437007108e-09
-1.789877628842929022e-09
-1.716313675494062132e-09
-1.644742818362126551e-09
-1.576940330163812116e-09
-1.513877515124943503e-09
-1.455386912538730586e-09
-1.400372265284134527e-09
-1.347488268444396296e-09
-1.295803715953607433e-09
-1.245155638508777698e-09
-1.196022400460449996e-09
-1.149041546199598987e-09
-1.104595422474702045e-09
-1.062608835410584534e-09
-1.022672003181233406e-09
-9.843942256006500177e-10
-9.475542496087950733e-10
-9.121100860741412088e-10
-8.781714545824305897e-10
-8.458294530390138986e-10
-8.150586747750184202e-10
-7.857216842909494761e-10
-7.576623565820197245e-10
-7.307793314160256202e-10
-7.050506926557252225e-10
-6.804779593078190089e-10
-6.570310116760306751e-10
-6.346360418177516592e-10
-6.132092450064046964e-10
-5.926976243332287316e-10
-5.730732747472528718e-10
-5.543074517908255902e-10
-5.363518279373545199e-10
-5.191575203788419062e-10
-5.026821553322652684e-10
-4.868962539868448969e-10
-4.717685432947019718e-10
-4.572609162144140214e-10
-4.433389538116929486e-10
-4.299712220401902345e-10
-4.171272923026953704e-10
-4.047779265086995090e-10
-3.928953654477561628e-10
-3.814536025088375270e-10
-3.704284408134183547e-10
-3.597972250398834778e-10
-3.495385262859253745e-10
-3.396317386830816166e-10
-3.300568687889219811e-10
-3.207947432424948104e-10
-3.118272312704568941e-10
-3.031374569759814911e-10
-2.947099042215906279e-10
-2.865302729679232161e-10
-2.785852410769685391e-10
-2.708621989396012025e-10
-2.633490186453897487e-10
-2.560341699069061569e-10
-2.489069082184581624e-10
-2.419574301232763682e-10
-2.351769786160402888e-10
-2.285577731866108709e-10
-2.220928119997845972e-10
-2.157756755198602882e-10
-2.096002906146362744e-10
-2.035609308727860006e-10
-1.976523428671706902e-10
-1.918698432977952298e-10
-1.862093914101177373e-10
-1.806675736722895140e-10
-1.752414814695448120e-10
-1.699285851488250229e-10
-1.647265700479497280e-10
-1.596332699709134180e-10
-1.546467224928968792e-10
-1.497652187315916556e-10
-1.449873338253287491e-10
-1.403119298979172988e-10
-1.357381052348088648e-10
-1.312651283965578640e-10
-1.268923580162693162e-10
-1.226191720787365300e-10
-1.184449636643074146e-10
-1.143691500603615168e-10
-1.103911726916835790e-10
-1.065104952982343191e-10
-1.027265991054747934e-10
-9.903897099138649900e-11
-9.544708833971696725e-11
-9.195039359391258158e-11
-8.854827152705594809e-11
-8.524003386318604701e-11
-8.202490687216175704e-11
-7.890202233783756886e-11
-7.587042475241765512e-11
-7.292908844368466597e-11
-7.007693205442930331e-11
-6.731283240470056190e-11
-6.463561724032464046e-11
-6.204404778563214772e-11
-5.953680673973561471e-11
-5.711249032242169672e-11
-5.476961162121333502e-11
-5.250661787510131818e-11
-5.032190772003583296e-11
-4.821385145330198809e-11
-4.618079995269169787e-11
-4.422107751948269664e-11
-4.233297574777495968e-11
-4.051475213763654743e-11
-3.876463178946215401e-11
-3.708081490336052928e-11
-3.546148641655159783e-11
-3.390482649268985418e-11
-3.240902168886318450e-11
-3.097226944860904465e-11
-2.959277994487407344e-11
-2.826877983653545908e-11
-2.699851551677828898e-11
-2.578025258191121196e-11
-2.461227456380633175e-11
-2.349288219760144200e-11
-2.242039491655893160e-11
-2.139315863584420546e-11
-2.040955393340789415e-11
-1.946800303661301639e-11
-1.856697585445031989e-11
-1.770498814440641710e-11
-1.688059342862176510e-11
-1.609237576689532810e-11
-1.533894178766317823e-11
-1.461892349697775273e-11
-1.393098796044093766e-11
-1.327384562632368682e-11
-1.264625871115353852e-11
-1.204704261994601636e-11
-1.147505797889477004e-11
-1.092920188001929015e-11
-1.040839688336927346e-11
-9.911587501632915869e-12
-9.437748248149667296e-12
-8.985891099058480269e-12
-8.555072015369089453e-12
-8.144393444739438434e-12
-7.752998351562453340e-12
-7.380061482484753872e-12
-7.024779593350674772e-12
-6.686363308780454431e-12
-6.364040099892434683e-12
-6.057059478356222470e-12
-5.764700428400044024e-12
-5.486278211097642198e-12
-5.221144285191926334e-12
-4.968682840872530277e-12
-4.728307162349387749e-12
-4.499456690015259142e-12
-4.281605850919622889e-12
-4.074276173442565214e-12
-3.877037794424640860e-12
-3.689500998229738323e-12
-3.511304866549988333e-12
-3.342098877458645962e-12
-3.181524651741092624e-12
-3.029194397478724468e-12
