# bin_2_1
-1.600792699413993659e-09
-1.624457758722580784e-09
-1.648651572722980817e-09
-1.673384089307000786e-09
-1.698665358512897484e-09
-1.724505530863091434e-09
-1.750914855037467065e-09
-1.777903675210215716e-09
-1.805482428377433450e-09
-1.833661641766111588e-09
-1.862451930277156201e-09
-1.891863993934900149e-09
-1.921908614567219276e-09
-1.952596620771635741e-09
-1.983938783250799562e-09
-2.015945743335738892e-09
-2.048627991655760946e-09
-2.081995899384225641e-09
-2.116059765233726002e-09
-2.150829859008929165e-09
-2.186316439094487675e-09
-2.222529741628426896e-09
-2.259479963783661812e-09
-2.297177258077083750e-09
-2.335631741728184225e-09
-2.374853508328046345e-09
-2.414852635761914865e-09
-2.455639191052023524e-09
-2.497223233529562201e-09
-2.539614805849978830e-09
-2.582823734306779811e-09
-2.626859212279427453e-09
-2.671729593307578325e-09
-2.717442436536472134e-09
-2.764004713539067085e-09
-2.811423018976067869e-09
-2.859703693376550906e-09
-2.908852810150870140e-09
-2.958876122979196137e-09
-3.009779057172921941e-09
-3.061566760062592599e-09
-3.114244156062696916e-09
-3.167815984297717175e-09
-3.222286824764843994e-09
-3.277661114411601341e-09
-3.333942962393506370e-09
-3.391135146389652386e-09
-3.449238256237066550e-09
-3.508250614678099467e-09
-3.568168812097692363e-09
-3.628988335691736016e-09
-3.690703978646065429e-09
-3.753309850155561335e-09
-3.816799247556099080e-09
-3.881164649530638384e-09
-3.946397864097460175e-09
-4.012490179327297892e-09
-4.079432463598406936e-09
-4.147215235045255099e-09
-4.215828664358495852e-09
-4.285261431633012631e-09
-4.355498061330992072e-09
-4.426519225771574113e-09
-4.498304006508798139e-09
-4.570831029162445985e-09
-4.644077750231283070e-09
-4.718019490193119595e-09
-4.792629602502788488e-09
-4.867879123337555645e-09
-4.943736467469859981e-09
-5.020168439437163692e-09
-5.097139917546237053e-09
-5.174612745060300544e-09
-5.252547031447866987e-09
-5.330900283944752245e-09
-5.409623521639721518e-09
-5.488680847168622362e-09
-5.568041940192551200e-09
-5.647636481652458487e-09
-5.727382133480269269e-09
-5.807212091180102445e-09
-5.887068651719804036e-09
-5.966896720076125856e-09
-6.046632722796872551e-09
-6.126199928844122729e-09
-6.205517448066865989e-09
-6.284509202518996160e-09
-6.363083254178652289e-09
-6.441135793942896196e-09
-6.518590147606880019e-09
-6.595373411636745003e-09
-6.671393787675027513e-09
-6.746547370219435406e-09
-6.820723305405261978e-09
-6.893799624627915756e-09
-6.965691032601045862e-09
-7.036280336462772513e-09
-7.105342286885739293e-09
-7.173337310758402794e-09
-7.240602554522473498e-09
-7.306259267003174077e-09
-7.369613393231128933e-09
-7.430458269072495975e-09
-7.488837817014757456e-09
-7.544916210238582370e-09
-7.598604695902933534e-09
-7.649607888737866237e-09
-7.697707117488690700e-09
-7.742787579126342458e-09
-7.784716104594606533e-09
-7.823344753876485841e-09
-7.858525381185117224e-09
-7.890092365053769309e-09
-7.917888443652373314e-09
-7.941756922268020894e-09
-7.961534146334001688e-09
-7.977059173388511031e-09
-7.988174400931332049e-09
-7.994723774643504015e-09
-7.996556359069537884e-09
-7.993526222573814990e-09
-7.985493566653275919e-09
-7.972327230333181505e-09
-7.953903310941399434e-09
-7.930108316497705696e-09
-7.900841791944890317e-09
-7.866015664459383412e-09
-7.825555855484812888e-09
-7.779406178881533177e-09
-7.727527941253298586e-09
-7.669902289955961546e-09
-7.606533290974516544e-09
-7.537447618972122218e-09
-7.462697108535370469e-09
-7.382361963806018241e-09
-7.296551393618649019e-09
-7.205403042845576842e-09
-7.109087826020493997e-09
-7.007810872771553394e-09
-6.901809013979219863e-09
-6.791354194549571098e-09
-6.676754737851049855e-09
-6.558353222130321440e-09
-6.436526283503706990e-09
-6.311684306673403659e-09
-6.184269025105057197e-09
-6.054752268586800370e-09
-5.923629823156821246e-09
-5.791428672224886922e-09
-5.658672149411016100e-09
-5.525800906174704297e-09
-5.393192805612047530e-09
-5.261326851606277936e-09
-5.130843974224447102e-09
-5.002433284937145146e-09
-4.876728669037495578e-09
-4.754271466690170881e-09
-4.635533530379205882e-09
-4.520940177925385403e-09
-4.410848360363374713e-09
-4.305514702897795461e-09
-4.205087149785960321e-09
-4.109603320535341220e-09
-4.018997446091992115e-09
-3.933124619709122004e-09
-3.851675776533070055e-09
-3.774477932329938719e-09
-3.701631092523034729e-09
-3.632588688985507565e-09
-3.566333200716933375e-09
-3.502037994450606797e-09
-3.439070235136482017e-09
-3.376847100880301617e-09
-3.314685012055614296e-09
-3.251698732262279603e-09
-3.186926673148497699e-09
-3.119456324516116678e-09
-3.048460308429229070e-09
-2.973295048077795763e-09
-2.893590816228820376e-09
-2.809277628792788658e-09
-2.720604401043335780e-09
-2.628130623970081032e-09
-2.532691276235769642e-09
-2.435343957978964343e-09
-2.337303605029597365e-09
-2.239879115857518093e-09
-2.144415714905266689e-09
-2.052239641898635091e-09
-1.964598257651978888e-09
-1.882587194928687337e-09
-1.807072181241129748e-09
-1.738614822627608102e-09
-1.677416150334793285e-09
-1.623283191969058931e-09
-1.575616193588088401e-09
-1.533413361995227526e-09
-1.495296159778084039e-09
-1.459579589444867172e-09
-1.424419989510051499e-09
-1.388051687868070660e-09
-1.349072147349030106e-09
-1.306681579638189222e-09
-1.260785996895189682e-09
-1.211916119682932130e-09
-1.161059776914341042e-09
-1.109516923008675753e-09
-1.058785186257504965e-09
-1.010433019038082218e-09
-9.658406402465277436e-10
-9.259232789030441240e-10
-8.908916300481290223e-10
-8.602510470299978008e-10
-8.329492729175981192e-10
-8.076054508663379603e-10
-7.827689227642562724e-10
-7.572095665775450355e-10
-7.302210754818093582e-10
-7.017840694621216346e-10
-6.725071165289074540e-10
-6.434083279852832892e-10
-6.156029063607766687e-10
-5.899933493146032930e-10
-5.669453839727610090e-10
-5.461894029373783960e-10
-5.269804457264795323e-10
-5.084138601015470030e-10
-4.897562601798521841e-10
-4.706818544703710023e-10
-4.514049067060493062e-10
-4.325339018271036859e-10
-4.147273540260764905e-10
-3.983616780053551744e-10
-3.833788125519089516e-10
-3.693411949121305028e-10
-3.556855247362309825e-10
-3.420373432807251054e-10
-3.284101253403203999e-10
-3.151336550560600705e-10
-3.026127071254827767e-10
-2.910480183469459917e-10
-2.802924345490943475e-10
-2.700038066831013997e-10
-2.599146941906213610e-10
-2.499930799587960157e-10
-2.404134821440151758e-10
-2.313753721527192778e-10
-2.229178376972726497e-10
-2.149069814185212007e-10
-2.071796901625525104e-10
-1.996807325631577295e-10
-1.924751918795365054e-10
-1.856382398743153182e-10
-1.791647358928261617e-10
-1.729829821236575393e-10
-1.670376713635689680e-10
-1.613293762298958797e-10
-1.558816183256563535e-10
-1.506910522968126036e-10
-1.457278716820961988e-10
-1.409694905385617179e-10
-1.364095942269986862e-10
-1.320461504187921733e-10
-1.278714016673862443e-10
-1.238726691800603564e-10
-1.200389113113240329e-10
-1.163623193389276016e-10
-1.128356446139071238e-10
-1.094508474186669707e-10
-1.061997797758518203e-10
-1.030746163285419365e-10
-1.000683158885425633e-10
-9.717454316356097289e-11
-9.438731003892667496e-11
-9.170088469950565701e-11
-8.910968704227797338e-11
-8.660826524107951359e-11
-8.419131680401993595e-11
-8.185374225533825595e-11
-7.959085669897584711e-11
-7.739847699663835605e-11
-7.527281139407741573e-11
-7.321028731584901915e-11
-7.120743523659591606e-11
-6.926087358455246866e-11
-6.736732981333948833e-11
-6.552366114066271959e-11
-6.372700121705683588e-11
-6.197487670076635162e-11
-6.026515686497442787e-11
-5.859591892883705698e-11
-5.696533843394338428e-11
-5.537165797421310890e-11
-5.381320361066005812e-11
-5.228839248914502569e-11
-5.079579330927127929e-11
-4.933421460377783312e-11
-4.790269723055284998e-11
-4.650043607095321421e-11
-4.512670304489102729e-11
-4.378081313260638427e-11
-4.246213124480891381e-11
-4.117007856899277143e-11
-3.990414172308349182e-11
-3.866390620219505140e-11
-3.744906233019003944e-11
-3.625937718384361342e-11
-3.509465978079554816e-11
-3.395474029395418471e-11
-3.283946997002456840e-11
-3.174872579302273291e-11
-3.068240486614878999e-11
-2.964041151531030754e-11
-2.862265090919582739e-11
-2.762902876146896496e-11
-2.665945229690328012e-11
-2.571383031625500242e-11
-2.479207282760110116e-11
-2.389409180154060880e-11
-2.301979821830338558e-11
-2.216907958782865894e-11
-2.134178059913921953e-11
-2.053770682573860880e-11
-1.975664020610157887e-11
-1.899835205468780307e-11
-1.826260690517043388e-11
-1.754916108119556474e-11
-1.685776192007820766e-11
-1.618813756798230262e-11
-1.553998069394245357e-11
-1.491294805558750555e-11
-1.430667219758130463e-11
-1.372077363188356318e-11
-1.315486648807551541e-11
-1.260855771338248018e-11
-1.208144618663470143e-11
-1.157312213846780444e-11
-1.108316317806767848e-11
-1.061113344853230474e-11
-1.015658692830787294e-11
-9.719071862951197913e-12
-9.298133628650926985e-12
-8.893314846921906017e-12
-8.504154729769083739e-12
-8.130190955567008581e-12
-7.770966469160847178e-12
-7.426033691173545170e-12
-7.094953019201335774e-12
-6.777289141989332943e-12
-6.472608519402564700e-12
-6.180478915300838919e-12
-5.900469595964299661e-12
-5.632152164318377675e-12
-5.375108308105222464e-12
-5.128938018576026733e-12
-4.893258812502415923e-12
-4.667699191484217534e-12
-4.451892813642898584e-12
-4.245476475432003340e-12
-4.048090765510943898e-12
-3.859380523475405520e-12
-3.678999444653464454e-12
-3.506618635597164177e-12
-3.341927845253699895e-12
-3.184629758377703206e-12
-3.034433633351871896e-12
-2.891052123509632481e-12
-2.754201610406924715e-12
-2.623602851707835420e-12
-2.498983541913934242e-12
-2.380086661225629212e-12
-2.266673686193163868e-12
-2.158520211271953947e-12
-2.055409507973136306e-12
-1.957128446829688611e-12
-1.863467124190714733e-12
-1.774219579087264039e-12
-1.689184345124346816e-12
-1.608168472380151515e-12
-1.530990503768828750e-12
-1.457478733012045197e-12
-1.387467214746002108e-12
-1.320792702760276070e-12
-1.257293846275941792e-12
-1.196811626276819066e-12
-1.139190303474767939e-12
-1.084286187690150403e-12
-1.031978047108592286e-12
-9.821668046720245610e-13
-9.347678196870692318e-13
-8.897034668467710253e-13
-8.469002739959687514e-13
-8.062898131507377810e-13
-7.678084614536822168e-13
-7.313837088786434479e-13
-6.969095376089009143e-13
-6.642398823842969989e-13
-6.331994768828174312e-13
-6.035979432524295533e-13
-5.752372366668721095e-13
