# bin_2_2
-8.296994714470708964e-09
-8.419588348500629849e-09
-8.544918474821457850e-09
-8.673036447615680186e-09
-8.803994141886304065e-09
-8.937843941916393428e-09
-9.074638729083886236e-09
-9.214431869363742445e-09
-9.357277200745286123e-09
-9.503229020617353686e-09
-9.652342073005419829e-09
-9.804671535698979745e-09
-9.960273001851574836e-09
-1.011920226119637293e-08
-1.028151470805353782e-08
-1.044726504331176842e-08
-1.061650721524489414e-08
-1.078929454476132815e-08
-1.096567988639868665e-08
-1.114571579774433612e-08
-1.132945465130509603e-08
-1.151694866560927288e-08
-1.170824992684668770e-08
-1.190341041221760413e-08
-1.210248201769520109e-08
-1.230551658097410400e-08
-1.251256589672807373e-08
-1.272368172776701529e-08
-1.293891581307000182e-08
-1.315831980477812159e-08
-1.338194403290753507e-08
-1.360983526584917629e-08
-1.384203596928418224e-08
-1.407858458577370095e-08
-1.431951632506064088e-08
-1.456486396170921525e-08
-1.481465848058445899e-08
-1.506892932767148089e-08
-1.532770456580630411e-08
-1.559101103144309118e-08
-1.585887450053454194e-08
-1.613131982641940432e-08
-1.640837104316872270e-08
-1.669005145199073910e-08
-1.697638367714184729e-08
-1.726738847256742663e-08
-1.756307889476722253e-08
-1.786345648570425849e-08
-1.816851137045174717e-08
-1.847822443581079326e-08
-1.879256972134986091e-08
-1.911151643100545314e-08
-1.943502979868503882e-08
-1.976307157774157823e-08
-2.009560051830978526e-08
-2.043257284832105039e-08
-2.077394266379789244e-08
-2.111966222160533362e-08
-2.146968217982616761e-08
-2.182395150440773463e-08
-2.218241037223644524e-08
-2.254497602537986327e-08
-2.291154757147186913e-08
-2.328201622233732241e-08
-2.365626792512218119e-08
-2.403417980682723420e-08
-2.441561807159992570e-08
-2.480044115920901621e-08
-2.518849713134245402e-08
-2.557962063895203059e-08
-2.597363742582466978e-08
-2.637036295327229965e-08
-2.676959688187750812e-08
-2.717113020961650143e-08
-2.757473887813519930e-08
-2.798016383056828650e-08
-2.838723310823483235e-08
-2.879577941529589407e-08
-2.920540090450490788e-08
-2.961569325158028319e-08
-3.002633532423605083e-08
-3.043700906060580566e-08
-3.084739660842357945e-08
-3.125715154781667769e-08
-3.166588863579348949e-08
-3.207321016134857925e-08
-3.247872190370775261e-08
-3.288192217528567095e-08
-3.328227474123747451e-08
-3.367940533141851518e-08
-3.407291052033232746e-08
-3.446229007864391975e-08
-3.484701621048695229e-08
-3.522653419067490390e-08
-3.560021049751558991e-08
-3.596762410887478356e-08
-3.632808293721715970e-08
-3.668040915428365286e-08
-3.702760973901697999e-08
-3.737082033893414558e-08
-3.770475573939150116e-08
-3.802691579671556682e-08
-3.833665759745920339e-08
-3.863352711867321870e-08
-3.891764994129489175e-08
-3.918847147891567871e-08
-3.944510127777858796e-08
-3.968679880892863254e-08
-3.991283848229845857e-08
-4.012243157392129698e-08
-4.031477784512957065e-08
-4.048908827708345030e-08
-4.064454272658236464e-08
-4.078030862315815307e-08
-4.089555275642413934e-08
-4.098944039279187409e-08
-4.106114410134371933e-08
-4.110985536878459167e-08
-4.113477545156449580e-08
-4.113513355692509270e-08
-4.111018651835995240e-08
-4.105922416016875800e-08
-4.098158344427291547e-08
-4.087664054669034425e-08
-4.074382755558312953e-08
-4.058264655923736991e-08
-4.039266597257226835e-08
-4.017352868621538574e-08
-3.992497301994175276e-08
-3.964683049868437072e-08
-3.933903802403519312e-08
-3.900165381017487038e-08
-3.863485609047932021e-08
-3.823895604908194785e-08
-3.781441364410629909e-08
-3.736184155574721013e-08
-3.688200260755877295e-08
-3.637583414420436915e-08
-3.584445236200633566e-08
-3.528913874252290891e-08
-3.471135820261816954e-08
-3.411276419484385576e-08
-3.349518678618562368e-08
-3.286063296430068244e-08
-3.221128243322423248e-08
-3.154947494903203176e-08
-3.087770251835329127e-08
-3.019857502830572167e-08
-2.951486913993252082e-08
-2.882929524673059370e-08
-2.814409650279350779e-08
-2.746125168561156980e-08
-2.678333557757649029e-08
-2.611362560789323323e-08
-2.545553141270284983e-08
-2.481229916846159859e-08
-2.418677511682675575e-08
-2.358167866862422623e-08
-2.299910497846558697e-08
-2.244074971212183907e-08
-2.190776066966316578e-08
-2.140071766836366869e-08
-2.091960905128377770e-08
-2.046388512549200769e-08
-2.003258105946008523e-08
-1.962381736349315684e-08
-1.923684032060446937e-08
-1.887191372036445128e-08
-1.852548870539652373e-08
-1.819245537799426729e-08
-1.786903332179721674e-08
-1.755162578715918940e-08
-1.723652658975216732e-08
-1.691986549147308520e-08
-1.659724929624628884e-08
-1.626392876843267327e-08
-1.591514762520000903e-08
-1.554660919848878868e-08
-1.515504187371943714e-08
-1.473861932105496092e-08
-1.429722862623780241e-08
-1.383255252960278091e-08
-1.334800641364570925e-08
-1.284852571234209470e-08
-1.234016549661000355e-08
-1.182987102665704928e-08
-1.132485857297405898e-08
-1.083243961107828782e-08
-1.035966909386007673e-08
-9.913031892604395927e-09
-9.498078475232938892e-09
-9.119039564601639332e-09
-8.778456729100467979e-09
-8.476899165312827571e-09
-8.212793913600033101e-09
-7.982366985921413568e-09
-7.779690097267201716e-09
-7.596856762095931544e-09
-7.424410856018701246e-09
-7.252189219487794664e-09
-7.070641578263870632e-09
-6.872269622427966851e-09
-6.653047128174334355e-09
-6.412902679640734779e-09
-6.155335837100182749e-09
-5.886552299107229356e-09
-5.614563249791936674e-09
-5.348406578123643564e-09
-5.097111318307650998e-09
-4.868261171224689225e-09
-4.666609204759847912e-09
-4.492888412946633165e-09
-4.343891034543384865e-09
-4.213196396759499249e-09
-4.092438466775697941e-09
-3.972891094273595976e-09
-3.847272463734637221e-09
-3.711512765292161795e-09
-3.565592246575858746e-09
-3.413200639029864915e-09
-3.260559861381116953e-09
-3.114621354510883639e-09
-2.981147874604785029e-09
-2.862698794526185318e-09
-2.758072306955889652e-09
-2.663115026335600009e-09
-2.572379089410847683e-09
-2.481052322204363772e-09
-2.386541953774696980e-09
-2.289509832414926247e-09
-2.193110919036537713e-09
-2.101179319787260569e-09
-2.016404078033015958e-09
-1.939256092820085289e-09
-1.867921636085272380e-09
-1.799473603392243602e-09
-1.731580428348479710e-09
-1.663746810831117191e-09
-1.597159810004301210e-09
-1.533709167694483742e-09
-1.474643639050571057e-09
-1.419646404839681815e-09
-1.367370179600385303e-09
-1.316570120413813491e-09
-1.266886729057137422e-09
-1.218873784322637882e-09
-1.173317001097822024e-09
-1.130427592892374748e-09
-1.089746978895301816e-09
-1.050661196035913454e-09
-1.012926813232451841e-09
-9.767323170430222419e-10
-9.422968742573940344e-10
-9.095693641788756497e-10
-8.782899044560672923e-10
-8.482794154971991072e-10
-8.195309621400448691e-10
-7.920844479184012195e-10
-7.658785041610716704e-10
-7.407962467609738338e-10
-7.167707914605793815e-10
-6.937660241770121059e-10
-6.717438655678935601e-10
-6.506562602952393638e-10
-6.304507340131578087e-10
-6.110807776430939978e-10
-5.925042913106639105e-10
-5.746797740248905998e-10
-5.575659727290026439e-10
-5.411226072412574625e-10
-5.253109297962616156e-10
-5.100951978808892570e-10
-4.954428225420101329e-10
-4.813235805633106922e-10
-4.677088226756485026e-10
-4.545708131456312323e-10
-4.418838647313107781e-10
-4.296184803180286246e-10
-4.177503476602908285e-10
-4.062558265013881957e-10
-3.951137521963090240e-10
-3.843049330341662086e-10
-3.738114703243146753e-10
-3.636162161879846204e-10
-3.537025293575935748e-10
-3.440541529295356148e-10
-3.346553083350497302e-10
-3.254916328145345627e-10
-3.165507304501927411e-10
-3.078219046019352382e-10
-2.992956218563772596e-10
-2.909630388909042855e-10
-2.828157497069531747e-10
-2.748456782765418195e-10
-2.670450401680026613e-10
-2.594067720498430184e-10
-2.519250127778164566e-10
-2.445950358488024648e-10
-2.374129315890305349e-10
-2.303752936066629729e-10
-2.234790190765332537e-10
-2.167212303661780211e-10
-2.100992245218921799e-10
-2.036105590436598349e-10
-1.972532709288668086e-10
-1.910258990999278152e-10
-1.849273693102068965e-10
-1.789568588406102813e-10
-1.731136950958357023e-10
-1.673973142275610818e-10
-1.618072365521201713e-10
-1.563430324634667305e-10
-1.510042745707650341e-10
-1.457905226760572210e-10
-1.407013297286896137e-10
-1.357362491439305518e-10
-1.308948383076642075e-10
-1.261766601164749225e-10
-1.215812841380456907e-10
-1.171082650347661654e-10
-1.127566471488244909e-10
-1.085263631031084638e-10
-1.044160156838206804e-10
-1.004244534361446838e-10
-9.655044615531646370e-11
-9.279271632801246289e-11
-8.914995250788354059e-11
-8.562081335150149122e-11
-8.220385964494474513e-11
-7.889746822304919312e-11
-7.569983776711425640e-11
-7.260903777009633731e-11
-6.962305819178154921e-11
-6.673984218278195095e-11
-6.395729909949897371e-11
-6.127331293818915337e-11
-5.868573491960558587e-11
-5.619235561585063338e-11
-5.379090122395295256e-11
-5.147904705001833728e-11
-4.925443439454490410e-11
-4.711468409947842918e-11
-4.505740227383016420e-11
-4.308018364023207860e-11
-4.118062364917507148e-11
-3.935635323476205385e-11
-3.760505446632860965e-11
-3.592445144932714643e-11
-3.431229468372177589e-11
-3.276634904076590280e-11
-3.128438789956207627e-11
-2.986419036159254652e-11
-2.850354601586702068e-11
-2.720030144448426754e-11
-2.595239882011362045e-11
-2.475786856412310343e-11
-2.361480239241457574e-11
-2.252132858768657135e-11
-2.147559752797157575e-11
-2.047577571848497381e-11
-1.952004359592501119e-11
-1.860662620687517475e-11
-1.773383914370600958e-11
-1.690009042710893653e-11
-1.610385639308607986e-11
-1.534365605170744721e-11
-1.461803355335711988e-11
-1.392555119142263915e-11
-1.326478540697096388e-11
-1.263434403655344039e-11
-1.203291487127461062e-11
-1.145927749579388815e-11
-1.091228345924457780e-11
-1.039083059536654498e-11
-9.893843409030464559e-12
-9.420264506847172366e-12
-8.969050123092656518e-12
-8.539172868688873952e-12
-8.129648111751870388e-12
-7.739548072984355297e-12
-7.367993234680480405e-12
-7.014136460772734412e-12
-6.677149569510325225e-12
-6.356216410443167041e-12
-6.050529821653038994e-12
-5.759295746577998514e-12
-5.481786684083783164e-12
-5.217392243601695290e-12
-4.965612923580646880e-12
-4.726028439600196746e-12
-4.498266960002716528e-12
-4.281986249813772755e-12
-4.076866150808118274e-12
-3.882598687560524019e-12
-3.698809107069935267e-12
-3.524933989076848066e-12
-3.360204934171855550e-12
-3.203696528549477835e-12
-3.054382871652035545e-12
-2.911178533124965086e-12
