# bin_1_5
-6.647742279127808420e-10
-6.742173370005042506e-10
-6.838570012888017083e-10
-6.936961483376063406e-10
-7.037376897057636252e-10
-7.139845138623623750e-10
-7.244394795865250774e-10
-7.351054092821657190e-10
-7.459850808391276119e-10
-7.570812192120127472e-10
-7.683964894182114410e-10
-7.799334917814219059e-10
-7.916947576996113270e-10
-8.036827451555801478e-10
-8.158998419383446914e-10
-8.283483636540338286e-10
-8.410305471614578768e-10
-8.539485446209984211e-10
-8.671044177527479478e-10
-8.805001317908321393e-10
-8.941375499628201138e-10
-9.080184234662849779e-10
-9.221443722218415666e-10
-9.365168673836733242e-10
-9.511372232013524508e-10
-9.660065812361287010e-10
-9.811258865293788602e-10
-9.964958678550615579e-10
-1.012117025378196177e-09
-1.027989619011532451e-09
-1.044113666764598051e-09
-1.060488968243085013e-09
-1.077115097736359650e-09
-1.093991389831798666e-09
-1.111116932023198536e-09
-1.128490550659459887e-09
-1.146110797161537723e-09
-1.163975930173098929e-09
-1.182083870492082911e-09
-1.200432228887733210e-09
-1.219018398295881071e-09
-1.237839352495077136e-09
-1.256891418869210092e-09
-1.276170414942021088e-09
-1.295671717363420469e-09
-1.315390189701522177e-09
-1.335320214027199330e-09
-1.355455727020142636e-09
-1.375790211658441880e-09
-1.396316742216580530e-09
-1.417027967965267701e-09
-1.437915851256088292e-09
-1.458971610192087587e-09
-1.480186025423455684e-09
-1.501549547909127409e-09
-1.523051939619261158e-09
-1.544682036211305249e-09
-1.566427945327417095e-09
-1.588277151733337267e-09
-1.610216220734961930e-09
-1.632230487755146970e-09
-1.654304583746318672e-09
-1.676422784771734532e-09
-1.698570009509879462e-09
-1.720731411536187087e-09
-1.742888663217128941e-09
-1.765021197734591090e-09
-1.787108454734441407e-09
-1.809129108104853636e-09
-1.831061083001262452e-09
-1.852881588692843252e-09
-1.874567092736084889e-09
-1.896094610309319512e-09
-1.917439840999784730e-09
-1.938574696060415130e-09
-1.959471209564216717e-09
-1.980100126998935568e-09
-2.000430876491256261e-09
-2.020434844953812091e-09
-2.040080482505582517e-09
-2.059335438636022595e-09
-2.078169191594042368e-09
-2.096546223434555106e-09
-2.114424793641437924e-09
-2.131770299740465118e-09
-2.148551325185024584e-09
-2.164726658990715823e-09
-2.180256439621459341e-09
-2.195105652760528911e-09
-2.209233839741116844e-09
-2.222597876910781323e-09
-2.235157032369909438e-09
-2.246870630719724300e-09
-2.257698823101170309e-09
-2.267609806415238251e-09
-2.276556630156877622e-09
-2.284486946983472998e-09
-2.291411220039387556e-09
-2.297257894159617395e-09
-2.301908108005139825e-09
-2.305380257112516045e-09
-2.307656124695294659e-09
-2.308689318823293069e-09
-2.308449744305047751e-09
-2.306905281282347822e-09
-2.304026299839856606e-09
-2.299786516428518441e-09
-2.294162101929256621e-09
-2.287132471032958935e-09
-2.278680837886122835e-09
-2.268794291268508210e-09
-2.257464102521171484e-09
-2.244686175277009191e-09
-2.230461312258023587e-09
-2.214795326884070110e-09
-2.197699602127819397e-09
-2.179191228522721702e-09
-2.159292119295525251e-09
-2.138029495676733657e-09
-2.115437190988059777e-09
-2.091556186060140343e-09
-2.066434542875998451e-09
-2.040127178340155721e-09
-2.012695635952316477e-09
-1.984207726936762563e-09
-1.954736808756786283e-09
-1.924361262958662086e-09
-1.893164602169846455e-09
-1.861235327942598285e-09
-1.828665400207620923e-09
-1.795549365907337756e-09
-1.761984511116542225e-09
-1.728069745232226626e-09
-1.693905380837741529e-09
-1.659594776410305232e-09
-1.625239367252780312e-09
-1.590936663686470916e-09
-1.556780651291166355e-09
-1.522860503432922798e-09
-1.489260868909911437e-09
-1.456059997758552541e-09
-1.423327642244847950e-09
-1.391126635131253851e-09
-1.359508831399934067e-09
-1.328512334265468534e-09
-1.298164131288220052e-09
-1.268481670110771419e-09
-1.239471449218646546e-09
-1.211127642496132855e-09
-1.183441527225096895e-09
-1.156412400700406582e-09
-1.130036567096286044e-09
-1.104289918118549960e-09
-1.079145201982353704e-09
-1.054575367743662783e-09
-1.030536262324757536e-09
-1.006979896621292218e-09
-9.838629869810207555e-10
-9.611367752493443496e-10
-9.387482354474072960e-10
-9.166496542315768669e-10
-8.947990329687738341e-10
-8.731635309537497103e-10
-8.517152511558962602e-10
-8.304192732287922642e-10
-8.092572059258748542e-10
-7.881911948988633076e-10
-7.671408941654923827e-10
-7.461015340364491007e-10
-7.250873478237525439e-10
-7.040870954647909043e-10
-6.831037719011260462e-10
-6.621579058997577400e-10
-6.412747651814986551e-10
-6.204940509988243568e-10
-5.998761045406313677e-10
-5.794991092700593077e-10
-5.594530875202900357e-10
-5.398329760242114189e-10
-5.207309788222233744e-10
-5.022276957637902478e-10
-4.843871661818923116e-10
-4.672545784479886719e-10
-4.508570969523276222e-10
-4.352078674434792162e-10
-4.203106292998337289e-10
-4.061618110488340693e-10
-3.927504841265865599e-10
-3.800554848197461018e-10
-3.680415736545491042e-10
-3.566551718275181768e-10
-3.458207029369499153e-10
-3.354404687974844336e-10
-3.253983121577960144e-10
-3.155674478034123614e-10
-3.058239328135621228e-10
-2.960647163232886192e-10
-2.862268356982397166e-10
-2.763005913785984503e-10
-2.663331521107149293e-10
-2.564197823552861917e-10
-2.466839237646274482e-10
-2.372535253345121700e-10
-2.282411348527540906e-10
-2.197367888228346468e-10
-2.118009383620064897e-10
-2.044529051000285142e-10
-1.976611920908967923e-10
-1.913402827571479635e-10
-1.853661905083314505e-10
-1.795949968396676912e-10
-1.738979474518494510e-10
-1.681835147539282703e-10
-1.624155054397410814e-10
-1.566159000392678239e-10
-1.508588308427302054e-10
-1.452516282639452414e-10
-1.399021011878160828e-10
-1.348894393896599500e-10
-1.302456454951187809e-10
-1.259459450146767113e-10
-1.219140838010090643e-10
-1.180419508758199585e-10
-1.142340417017274823e-10
-1.104358000480208727e-10
-1.066473391411766827e-10
-1.029182183185504694e-10
-9.932521353856769735e-11
-9.593604239259219392e-11
-9.277196779747770508e-11
-8.980338703964471152e-11
-8.697065225106403667e-11
-8.421404917136511124e-11
-8.150002543903904568e-11
-7.883549983182112376e-11
-7.625648584359320420e-11
-7.379992593643046135e-11
-7.147505796729737433e-11
-6.926423995917700192e-11
-6.713671319512743083e-11
-6.506691760013159181e-11
-6.305088146305238788e-11
-6.110316648522110331e-11
-5.923760250714476221e-11
-5.745460448273768224e-11
-5.574144662755787208e-11
-5.408350350167390854e-11
-5.247546772180413222e-11
-5.092141337727942819e-11
-4.942548793867964445e-11
-4.798555890618811789e-11
-4.659445851882014507e-11
-4.524692531380862786e-11
-4.394204628536344057e-11
-4.268083468252185651e-11
-4.146167085295395068e-11
-4.028108545175871540e-11
-3.913613163917492776e-11
-3.802600043443248671e-11
-3.694993206837996960e-11
-3.590602009831976532e-11
-3.489255608913776861e-11
-3.390815843259910299e-11
-3.295152322379797366e-11
-3.202140098535860975e-11
-3.111659762204712147e-11
-3.023598228236505328e-11
-2.937849543118343303e-11
-2.854315354957227536e-11
-2.772905643446650509e-11
-2.693537845975469438e-11
-2.616133926097682814e-11
-2.540619651708108995e-11
-2.466924496762616472e-11
-2.394982070207647721e-11
-2.324730714961215104e-11
-2.256113812011935111e-11
-2.189080254724575457e-11
-2.123584551551115681e-11
-2.059584578731070178e-11
-1.997040542981336450e-11
-1.935914836444788496e-11
-1.876172226546161703e-11
-1.817780320071744083e-11
-1.760709866505514436e-11
-1.704935052217394486e-11
-1.650433780878624246e-11
-1.597186090004628241e-11
-1.545172860922605109e-11
-1.494375683034980224e-11
-1.444776897906711919e-11
-1.396359819406624630e-11
-1.349108931765752769e-11
-1.303010048762830454e-11
-1.258050569364701825e-11
-1.214218848895416566e-11
-1.171503161952620797e-11
-1.129891578169023606e-11
-1.089371991187720782e-11
-1.049932160857628801e-11
-1.011559788141244044e-11
-9.742425909809762455e-12
-9.379684122622917415e-12
-9.027251188354810595e-12
-8.685001532247688998e-12
-8.352804598332755216e-12
-8.030525279843771567e-12
-7.718023691340388319e-12
-7.415154850568613905e-12
-7.121768719792976730e-12
-6.837710295722357968e-12
-6.562819806885337909e-12
-6.296933611325189034e-12
-6.039884895525581258e-12
-5.791504057845240257e-12
-5.551618575785651251e-12
-5.320052441044440580e-12
-5.096625851332299071e-12
-4.881154960242675094e-12
-4.673451615972215188e-12
-4.473325546399649269e-12
-4.280586498640311002e-12
-4.095044545041118152e-12
-3.916510095221847229e-12
-3.744793688975894532e-12
-3.579705767897842089e-12
-3.421056482742296584e-12
-3.268655298801939592e-12
-3.122311936367240531e-12
-2.981838373147229747e-12
-2.847049216161349808e-12
-2.717761690591621152e-12
-2.593795806505455342e-12
-2.474974453181828228e-12
-2.361123385249190538e-12
-2.252071069541673770e-12
-2.147648610837874312e-12
-2.047690396829151716e-12
-1.952034354414054055e-12
-1.860521918357660652e-12
-1.772998285302748627e-12
-1.689312824860591807e-12
-1.609319304100325868e-12
-1.532875995383881777e-12
-1.459845492041999372e-12
-1.390094034202094810e-12
-1.323491268006146094e-12
-1.259910150650822632e-12
-1.199227112779949827e-12
-1.141322515032587186e-12
-1.086080983220066453e-12
-1.033391609618208995e-12
-9.831479954886778687e-13
-9.352474094524402383e-13
-8.895901667528151690e-13
-8.460795771939415013e-13
-8.046220373087213732e-13
-7.651274152648697898e-13
-7.275093789103479538e-13
-6.916855848757819583e-13
-6.575778103017136630e-13
-6.251113383049427763e-13
-5.942137691202170465e-13
-5.648145479438989969e-13
-5.368447844154404661e-13
-5.102374241783951651e-13
-4.849275907018674722e-13
-4.608528112264384261e-13
-4.378069180920947185e-13
-4.150831090472054606e-13
-3.928872506662400964e-13
-3.714599031748999422e-13
-3.509550667293908583e-13
-3.313852441992557508e-13
-3.127348270527338413e-13
-2.949401079589941863e-13
-2.778947002168134365e-13
-2.611902182175806305e-13
-2.450142576593118629e-13
-2.295333739962163891e-13
-2.146790953104304408e-13
-2.000487196428150600e-13
-1.858071193248662118e-13
-1.721121592374257330e-13
-1.587543860560658319e-13
-1.452522223098800665e-13
-1.324136062169166377e-13
-1.211352533906632739e-13
-1.099276107875266128e-13
-9.899381351009585543e-14
-8.892962178380668431e-14
-7.959516840716490991e-14
-7.048460653830642326e-14
-6.204914758306903825e-14
-5.440533875721316749e-14
-4.734374364019225938e-14
-4.047220992534519193e-14
-3.259765430340914513e-14
-2.408959123563128121e-14
-1.530184323497038496e-14
