# fsigma_8
3.937456744090149785e-01
3.988243566109404004e-01
4.035951238070885072e-01
4.080619754377906028e-01
4.122296156850525084e-01
4.161034449624293474e-01
4.196894412362812132e-01
4.229941082355253568e-01
4.260243950481721331e-01
4.287876472899274649e-01
4.312915353878964964e-01
4.335440054150618838e-01
4.355532004612538977e-01
4.373274329963603435e-01
4.388751299062877420e-01
4.402047819146036045e-01
4.413248970693868789e-01
4.422439781022681760e-01
4.429704932381290927e-01
4.435128121430589321e-01
4.438792210501684710e-01
4.440778656114984235e-01
4.441167522991761318e-01
4.440037102543878955e-01
4.437463927049382084e-01
4.433522668674401146e-01
4.428285801245513964e-01
4.421823700476088526e-01
4.414204569732456673e-01
4.405494351718443613e-01
4.395756766248254954e-01
4.385053029290754134e-01
4.373442326148654913e-01
4.360981281214178495e-01
4.347724459008720510e-01
4.333724005711719340e-01
4.319029987327202558e-01
4.303690090450580930e-01
4.287750085767669250e-01
4.271253466692477851e-01
4.254241891292790956e-01
4.236754825407043068e-01
4.218830000181714168e-01
4.200503134563225438e-01
4.181808386995296556e-01
4.162777895448517840e-01
4.143442293665413612e-01
4.123830612547204066e-01
4.103970340106445902e-01
4.083887436230723700e-01
4.063606461717579332e-01
4.043150623527255183e-01
4.022541898000701055e-01
4.001800854293923737e-01
3.980947124119308955e-01
3.959998925464385811e-01
3.938973587008273713e-01
3.917887432305049433e-01
3.896755661065543497e-01
3.875592626403861485e-01
3.854411859268744300e-01
3.833225932310052042e-01
3.812046694826206616e-01
3.790885212836362372e-01
3.769751837411361439e-01
3.748656224696170769e-01
3.727607556406202227e-01
3.706614035291008746e-01
3.685683663137990229e-01
3.664823736378458596e-01
3.644040911748413492e-01
3.623341600209319391e-01
3.602731587915937728e-01
3.582216328980402653e-01
3.561800704328019207e-01
3.541489388702683816e-01
3.521286580433577451e-01
3.501196149089058074e-01
3.481221673555680574e-01
3.461366373720584089e-01
3.441633267488268810e-01
3.422024936653121907e-01
3.402543869464253468e-01
3.383192243082989714e-01
3.363972006697889539e-01
3.344884919259549783e-01
3.325932451877016138e-01
3.307116071495491139e-01
3.288436847415439068e-01
3.269895791395648899e-01
3.251493815808600973e-01
3.233231599796242972e-01
3.215109689585727848e-01
3.197128517320848018e-01
3.179288435309269856e-01
3.161589604708636703e-01
3.144032161484094368e-01
3.126616080930081920e-01
3.109341268093502308e-01
3.092207555890622572e-01
3.075214653438755885e-01
3.007308435202539765e-01
2.941708005975902651e-01
2.878365735370085887e-01
2.817223552465381586e-01
2.758216321947066230e-01
2.701274212956792931e-01
2.646324571059418540e-01
2.593293486955211558e-01
2.542106726820865248e-01
2.492690877546931971e-01
2.444973660829939666e-01
2.398884572725408781e-01
2.354355150277546438e-01
2.311319302085955152e-01
2.269713226245865245e-01
2.229475747597892965e-01
2.190548225280346817e-01
2.152874485233944313e-01
2.116400836038083988e-01
2.081076224586458356e-01
2.046851745693386848e-01
2.013680948668220005e-01
1.981519558927062885e-01
1.950325400361267447e-01
1.920058398254243515e-01
1.890680381008419120e-01
1.862155065797236331e-01
1.834447878580652003e-01
1.807526006952844544e-01
1.781358161340108326e-01
1.755914586589934490e-01
1.731166985015093474e-01
1.707088417485750076e-01
1.683653144771676824e-01
1.660836723207450016e-01
1.638615887061173892e-01
1.616968416267247910e-01
1.595873151755896890e-01
1.575309884125300486e-01
1.555259354394417648e-01
1.535703180041507743e-01
1.516623831233077646e-01
1.498004506827786131e-01
1.479829247653242086e-01
1.462082702063090545e-01
1.444750233763194558e-01
1.427817870855734306e-01
1.411272194309766137e-01
1.395100412437048076e-01
