# sigma_8
7.619980334313771753e-01
7.541806277718501317e-01
7.464198089203698538e-01
7.387192340738643059e-01
7.310822735922061222e-01
7.235120015330140930e-01
7.160112290555975534e-01
7.085825354657779851e-01
7.012282089074678426e-01
6.939503279972715211e-01
6.867507202441526237e-01
6.796310040262799612e-01
6.725925989400864946e-01
6.656367057004599630e-01
6.587643454264613396e-01
6.519763503830197093e-01
6.452734119994906203e-01
6.386560315897367168e-01
6.321245943652984423e-01
6.256793196850264360e-01
6.193203052031123201e-01
6.130475335393466008e-01
6.068608775994487337e-01
6.007600930438330433e-01
5.947448573081597356e-01
5.888147563695081965e-01
5.829692759345818098e-01
5.772078583870136059e-01
5.715298481206028125e-01
5.659345732838797494e-01
5.604212493189119071e-01
5.549890962386160309e-01
5.496372453595012031e-01
5.443648213968146354e-01
5.391709043659942413e-01
5.340545367681734934e-01
5.290147510100242645e-01
5.240505328103289839e-01
5.191608742760542849e-01
5.143447379877066350e-01
5.096010718082886193e-01
5.049288283675378297e-01
5.003269345903009757e-01
4.957943268690029881e-01
4.913299292759054082e-01
4.869326653922528836e-01
4.826014724371283648e-01
4.783352674107658742e-01
4.741329981021308870e-01
4.699935956035644624e-01
4.659160076369034398e-01
4.618991970645910938e-01
4.579421169703797312e-01
4.540437402098673747e-01
4.502030510321256007e-01
4.464190511689994367e-01
4.426907327613528453e-01
4.390171285087278719e-01
4.353972617819100166e-01
4.318301786085523286e-01
4.283149391509302739e-01
4.248506107120229025e-01
4.214362825555392211e-01
4.180710487870717973e-01
4.147540329659452074e-01
4.114843605605975618e-01
4.082611702965424083e-01
4.050836279124494510e-01
4.019508998575523351e-01
3.988621775879560016e-01
3.958166621397862794e-01
3.928135659429447535e-01
3.898521273360495698e-01
3.869315848727020724e-01
3.840511969380806523e-01
3.812102402379988764e-01
3.784080037719838030e-01
3.756437831396112759e-01
3.729168957402130835e-01
3.702266667618076545e-01
3.675724431819920590e-01
3.649535693443902717e-01
3.623694203407993863e-01
3.598193722314168563e-01
3.573028166573005149e-01
3.548191579977534871e-01
3.523678103439026876e-01
3.499482071860969268e-01
3.475597802512329082e-01
3.452019824696522243e-01
3.428742792230929370e-01
3.405761385477062975e-01
3.383070508900521411e-01
3.360665024269984258e-01
3.338539977727718600e-01
3.316690607477302266e-01
3.295112059329602383e-01
3.273799673487803319e-01
3.252748967256420820e-01
3.231955377910477045e-01
3.211414607805969101e-01
3.130107357689398961e-01
3.052664632985801485e-01
2.978831480969995060e-01
2.908373346492060807e-01
2.841074192702783829e-01
2.776734901444591896e-01
2.715171830393094399e-01
2.656215468523684398e-01
2.599709159250905843e-01
2.545508004633189603e-01
2.493477776780103350e-01
2.443494216349137160e-01
2.395441932148042463e-01
2.349213784553590978e-01
2.304710135121596226e-01
2.261838364709645166e-01
2.220512044420213937e-01
2.180650715172731680e-01
2.142179199893686492e-01
2.105027268734434853e-01
2.069129306111009703e-01
2.034423753467008156e-01
2.000853081328568261e-01
1.968363240138120140e-01
1.936903609280105354e-01
1.906426447469959096e-01
1.876887034162149082e-01
1.848243227582416770e-01
1.820455321493983925e-01
1.793485917996816281e-01
1.767299714783871767e-01
1.741863401814426615e-01
1.717145555158038073e-01
1.693116307929042053e-01
1.669747578787998676e-01
1.647012714704161884e-01
1.624886429130374399e-01
1.603344785728246791e-01
1.582365093368062192e-01
1.561925762464207446e-01
1.542006357556894858e-01
1.522587357477840631e-01
1.503650268837731507e-01
1.485177478819879604e-01
1.467152206249367485e-01
1.449558435925378808e-01
1.432380954438852994e-01
1.415605239798884418e-01
1.399217411572577230e-01
