# theory
2.304647290300927177e-04
2.807314713500256263e-04
3.676768013231083944e-04
1.236886812690600988e-03
1.541933379115599913e-03
1.944566135902412157e-03
2.569244549783211620e-03
3.217698014196140963e-03
4.029260006120071250e-03
3.095203269975012762e-03
3.879988755998888070e-03
4.851919837846290287e-03
1.244572224958136099e-03
1.517702291904610189e-03
1.864488099224607346e-03
2.207881566772637149e-03
2.593034667440166207e-03
2.185922397603100916e-03
2.659493801119935334e-03
3.282929085570423979e-03
3.871815107944436615e-03
4.526178554952903568e-03
1.953754311455581967e-06
2.735193568240788646e-06
3.553576577477232979e-06
4.605017807873240852e-06
5.696234396336341145e-06
6.741075570517693653e-06
7.612934101850398551e-06
8.203149680209791508e-06
2.124247252765181418e-06
3.078198839669855829e-06
4.168761150371564241e-06
5.591551487697904174e-06
7.004188565012432455e-06
8.127759841240978162e-06
8.676269860121736194e-06
8.579010119373126813e-06
1.767812259496069863e-06
2.649800272008686486e-06
3.698130397862022306e-06
5.046507159577758752e-06
6.303680566823369717e-06
7.116778168139833059e-06
7.159046481833260965e-06
6.408019673396977232e-06
1.509894886694058815e-06
2.356471615130074892e-06
3.408578074533804552e-06
4.742596751412344840e-06
5.907597683437262282e-06
6.466258281462251289e-06
6.042843538090759734e-06
4.668464400549503197e-06
1.486583575255031998e-06
2.340172047848739703e-06
3.409867703518060179e-06
4.754645291463832959e-06
5.904384181879847706e-06
6.395041894184838157e-06
5.840013012306611708e-06
4.296650396585414047e-06
9.305317133496694061e-06
1.243463999066150640e-05
1.587437480986832693e-05
2.120335420375848680e-05
2.817607848026980813e-05
3.656184345260419198e-05
4.525334810671360225e-05
5.276000757591313938e-05
1.077907566056704119e-05
1.432784286056764961e-05
1.822341840213660813e-05
2.435185582140980077e-05
3.253620890119509061e-05
4.258610110066230836e-05
5.320130399629270548e-05
6.247827163467702550e-05
1.240688128071389760e-05
1.643987323533463427e-05
2.089538639495139700e-05
2.805074518704123813e-05
3.781195303341282864e-05
4.998852778898421210e-05
6.294902673202411574e-05
7.418387430480729487e-05
1.282519637285773819e-05
1.699017019255315048e-05
2.160226438936323413e-05
2.906176915775581594e-05
3.929997333519017432e-05
5.211465430803668920e-05
6.575254854138546778e-05
7.749460492080183195e-05
1.730096768717619241e-05
2.262270327373264343e-05
2.806351178392811515e-05
3.650713342311189523e-05
4.806899145588695453e-05
6.318857374078965168e-05
8.082245150046373167e-05
9.861493136078858289e-05
2.416634503036820718e-05
3.141091164550466395e-05
3.852070473947260019e-05
4.959178056273452463e-05
6.501221602324969693e-05
8.584375335702850492e-05
1.111683637104653947e-04
1.379729973050428430e-04
2.620358499570865320e-05
3.404724176967235792e-05
4.162328561232912056e-05
5.350814215645545408e-05
7.015280822996445664e-05
9.283997700763866093e-05
1.206767996868682465e-04
1.503898031353574400e-04
4.284782866615472960e-05
5.512977633966964063e-05
6.658558022334913075e-05
8.365917305640208730e-05
1.072036165993229748e-04
1.400286883873367661e-04
1.825140800716839782e-04
2.316606377542806613e-04
5.071522314110825695e-05
6.504065959856799900e-05
7.833219894789008502e-05
9.781847127285280496e-05
1.245512129775313702e-04
1.620783798860655188e-04
2.114269106280705537e-04
2.697846298739112929e-04
6.674464348666947705e-05
8.532470246882197418e-05
1.026272477182172955e-04
1.266650328407407412e-04
1.590114427306924113e-04
2.042421035274868903e-04
2.647159957017586763e-04
3.387402624719665508e-04
