#   r_nom       meanr       meanlogr       xip          xim         xip_pm       xim_im     sigma_xip      npairs       weight    npairs_weighted
  3.8301e-01   3.8306e-01  -9.5959e-01  -2.2987e-04  -1.2368e-03  -8.6656e-04   2.9265e-04   5.2041e-04   7.3425e+04   5.1593e+06   3.9391e+04
  3.9127e-01   3.9132e-01  -9.3826e-01   1.6611e-04   4.8279e-04  -1.6780e-04   1.4916e-04   6.6390e-04   1.3140e+05   1.3379e+07   9.9921e+04
  3.9970e-01   3.9972e-01  -9.1699e-01  -2.6733e-04  -7.9086e-04  -2.4252e-04   8.2212e-05   6.5041e-04   1.3684e+05   1.3912e+07   1.0389e+05
  4.0831e-01   4.0835e-01  -8.9565e-01   4.7910e-04   4.5103e-04  -4.1617e-04   7.9216e-04   6.3655e-04   1.4335e+05   1.4558e+07   1.0892e+05
  4.1711e-01   4.1715e-01  -8.7432e-01   2.5576e-04   5.5416e-04   5.8295e-04  -5.6438e-04   6.2260e-04   1.4941e+05   1.5196e+07   1.1348e+05
  4.2610e-01   4.2614e-01  -8.5299e-01   2.0852e-04  -8.3686e-05   1.4119e-04   1.6307e-05   6.1187e-04   1.5513e+05   1.5769e+07   1.1790e+05
  4.3529e-01   4.3533e-01  -8.3167e-01   1.5896e-04   2.1507e-04   5.3363e-04   2.3864e-04   6.0061e-04   1.6147e+05   1.6367e+07   1.2243e+05
  4.4467e-01   4.4470e-01  -8.1038e-01  -1.5166e-04  -3.6162e-04  -2.8842e-04   9.6752e-05   5.8917e-04   1.6757e+05   1.6997e+07   1.2704e+05
  4.5425e-01   4.5430e-01  -7.8902e-01   4.4582e-04   6.3405e-05  -6.1153e-05  -1.0508e-04   5.7627e-04   1.7466e+05   1.7752e+07   1.3266e+05
  4.6404e-01   4.6409e-01  -7.6771e-01   1.4689e-04   5.6603e-05   1.9332e-05   7.1548e-05   5.6593e-04   1.8249e+05   1.8439e+07   1.3797e+05
  4.7404e-01   4.7409e-01  -7.4637e-01   4.8434e-04   4.9470e-05  -4.0132e-05   3.3102e-04   5.5421e-04   1.8975e+05   1.9228e+07   1.4391e+05
  4.8426e-01   4.8431e-01  -7.2504e-01   3.9955e-04   5.7509e-04   1.8966e-04  -1.9905e-04   5.4233e-04   1.9856e+05   2.0063e+07   1.5014e+05
  4.9470e-01   4.9474e-01  -7.0374e-01   1.2390e-04   2.2600e-04   1.7792e-05   8.6569e-05   5.3123e-04   2.0625e+05   2.0905e+07   1.5647e+05
  5.0536e-01   5.0541e-01  -6.8240e-01   2.3642e-04  -4.5732e-05  -3.4065e-04   3.1689e-04   5.2008e-04   2.1556e+05   2.1863e+07   1.6362e+05
  5.1625e-01   5.1630e-01  -6.6109e-01   8.6574e-05   1.4904e-04   2.7724e-04  -1.6452e-04   5.0995e-04   2.2433e+05   2.2682e+07   1.7002e+05
  5.2738e-01   5.2744e-01  -6.3975e-01   3.0814e-04  -7.9109e-05  -3.3506e-05  -3.8566e-05   4.9995e-04   2.3341e+05   2.3648e+07   1.7720e+05
  5.3874e-01   5.3879e-01  -6.1844e-01   3.0111e-04   1.8880e-04   2.1199e-04   3.5384e-04   4.8853e-04   2.4332e+05   2.4726e+07   1.8470e+05
  5.5035e-01   5.5041e-01  -5.9711e-01   2.4513e-04  -1.0276e-04  -1.7337e-04  -5.4078e-05   4.7980e-04   2.5324e+05   2.5661e+07   1.9215e+05
  5.6222e-01   5.6226e-01  -5.7582e-01  -4.2627e-05  -1.0025e-04  -1.6932e-06   7.8171e-05   4.6935e-04   2.6479e+05   2.6801e+07   2.0062e+05
  5.7433e-01   5.7438e-01  -5.5448e-01  -3.6568e-04   3.2695e-04   5.6027e-06  -2.8444e-04   4.6142e-04   2.7406e+05   2.7719e+07   2.0731e+05
  5.8671e-01   5.8674e-01  -5.3318e-01   2.6584e-05  -5.2185e-05  -4.8084e-04  -2.1216e-04   4.5130e-04   2.8614e+05   2.8985e+07   2.1685e+05
  5.9936e-01   5.9941e-01  -5.1183e-01   2.4485e-04  -2.5079e-04   2.3441e-04  -8.2166e-07   4.4259e-04   2.9802e+05   3.0150e+07   2.2579e+05
  6.1227e-01   6.1233e-01  -4.9050e-01   2.6974e-04   2.5804e-04   7.7807e-05  -2.3136e-04   4.3346e-04   3.1050e+05   3.1407e+07   2.3529e+05
  6.2547e-01   6.2552e-01  -4.6920e-01  -2.2652e-04  -1.1387e-04  -2.1811e-04   1.1416e-04   4.2365e-04   3.2558e+05   3.2945e+07   2.4685e+05
  6.3895e-01   6.3900e-01  -4.4786e-01   1.7156e-04  -6.4990e-05   2.6009e-04   5.4017e-05   4.1638e-04   3.3723e+05   3.4056e+07   2.5536e+05
  6.5272e-01   6.5278e-01  -4.2653e-01  -1.1925e-04   1.8681e-04   1.6753e-04  -2.0192e-04   4.0796e-04   3.5105e+05   3.5474e+07   2.6600e+05
  6.6679e-01   6.6685e-01  -4.0521e-01   2.2095e-04   9.9606e-05  -7.2132e-05  -6.5310e-05   3.9946e-04   3.6686e+05   3.7021e+07   2.7752e+05
  6.8116e-01   6.8123e-01  -3.8388e-01   1.3540e-04   1.7222e-04  -4.9975e-05   5.5351e-04   3.9127e-04   3.8220e+05   3.8580e+07   2.8912e+05
  6.9584e-01   6.9590e-01  -3.6257e-01   1.2227e-04   2.1612e-04   1.9622e-04  -2.5294e-04   3.8347e-04   3.9806e+05   4.0176e+07   3.0105e+05
  7.1083e-01   7.1090e-01  -3.4125e-01   1.8243e-04   4.8958e-05   6.0331e-06  -8.9835e-05   3.7560e-04   4.1470e+05   4.1859e+07   3.1381e+05
  7.2615e-01   7.2623e-01  -3.1991e-01  -2.6487e-05  -1.4741e-04  -1.6464e-04  -3.8108e-04   3.6774e-04   4.3129e+05   4.3602e+07   3.2654e+05
  7.4180e-01   7.4186e-01  -2.9861e-01   4.5385e-05   2.2634e-04  -5.8178e-05  -1.7008e-04   3.6002e-04   4.5134e+05   4.5581e+07   3.4216e+05
  7.5779e-01   7.5786e-01  -2.7727e-01   3.5419e-05   2.5018e-05   1.1836e-04   2.1593e-04   3.5327e-04   4.6943e+05   4.7334e+07   3.5519e+05
  7.7412e-01   7.7420e-01  -2.5595e-01   2.2776e-04  -3.0068e-05   1.8788e-05   2.0808e-05   3.4594e-04   4.8935e+05   4.9333e+07   3.7034e+05
  7.9081e-01   7.9089e-01  -2.3462e-01   2.2177e-04   2.5040e-04  -4.0633e-05  -1.9330e-04   3.3857e-04   5.1077e+05   5.1492e+07   3.8617e+05
  8.0785e-01   8.0793e-01  -2.1330e-01   1.7941e-04   2.1442e-04  -3.5572e-06  -3.4269e-05   3.3182e-04   5.3091e+05   5.3590e+07   4.0160e+05
  8.2526e-01   8.2533e-01  -1.9199e-01   4.1041e-04   2.1411e-06   1.1695e-04   2.2193e-04   3.2515e-04   5.5391e+05   5.5907e+07   4.1927e+05
  8.4305e-01   8.4314e-01  -1.7065e-01  -2.1861e-05  -3.0446e-05  -6.3587e-05  -2.0142e-04   3.1910e-04   5.7609e+05   5.8025e+07   4.3562e+05
  8.6122e-01   8.6130e-01  -1.4933e-01   5.4926e-05   2.0752e-04   2.0625e-04   2.2841e-04   3.1223e-04   6.0181e+05   6.0557e+07   4.5504e+05
  8.7978e-01   8.7985e-01  -1.2802e-01  -6.7772e-05   9.9277e-05  -3.9436e-05  -1.6513e-04   3.0569e-04   6.2695e+05   6.3189e+07   4.7386e+05
  8.9874e-01   8.9882e-01  -1.0669e-01   1.1495e-04   1.2213e-04   1.0889e-04  -8.6203e-05   2.9966e-04   6.5293e+05   6.5795e+07   4.9364e+05
  9.1811e-01   9.1820e-01  -8.5361e-02   1.6362e-04  -1.9718e-04   2.0002e-04   8.2418e-05   2.9357e-04   6.8109e+05   6.8529e+07   5.1482e+05
  9.3790e-01   9.3799e-01  -6.4035e-02   2.0640e-04   1.4003e-04   3.9671e-05  -3.2207e-05   2.8750e-04   7.0965e+05   7.1457e+07   5.3663e+05
  9.5811e-01   9.5821e-01  -4.2713e-02   5.0149e-04   1.2597e-04  -1.8676e-04   1.5981e-05   2.8132e-04   7.4060e+05   7.4620e+07   5.5997e+05
  9.7876e-01   9.7884e-01  -2.1402e-02   7.1510e-05  -6.9099e-05  -4.6487e-05   8.1552e-05   2.7599e-04   7.6879e+05   7.7474e+07   5.8170e+05
  9.9985e-01   9.9995e-01  -6.7223e-05   6.8949e-05   7.8948e-05   1.7255e-04  -2.5067e-05   2.7031e-04   8.0348e+05   8.0852e+07   6.0727e+05
  1.0214e+00   1.0215e+00   2.1261e-02   9.6926e-05  -1.0343e-04   6.2959e-05  -1.3895e-04   2.6494e-04   8.3759e+05   8.4163e+07   6.3242e+05
  1.0434e+00   1.0435e+00   4.2583e-02   3.9638e-04  -7.3575e-05  -1.8074e-05  -1.8415e-05   2.5940e-04   8.7274e+05   8.7748e+07   6.5915e+05
  1.0659e+00   1.0660e+00   6.3896e-02   1.8147e-04  -1.9004e-04   4.8791e-05   1.3875e-04   2.5402e-04   9.0918e+05   9.1469e+07   6.8742e+05
  1.0889e+00   1.0890e+00   8.5220e-02   2.1127e-04   1.0693e-05  -2.2305e-05  -2.7283e-05   2.4938e-04   9.4620e+05   9.5003e+07   7.1454e+05
  1.1123e+00   1.1124e+00   1.0653e-01  -4.8609e-05   4.2742e-06  -1.8675e-04   2.0993e-05   2.4389e-04   9.8719e+05   9.9238e+07   7.4604e+05
  1.1363e+00   1.1364e+00   1.2787e-01   1.8463e-04   8.7872e-05  -4.3707e-05   6.9604e-05   2.3909e-04   1.0288e+06   1.0340e+08   7.7740e+05
  1.1608e+00   1.1609e+00   1.4919e-01   1.4003e-04  -1.2419e-04   2.0236e-05   9.4189e-05   2.3457e-04   1.0692e+06   1.0740e+08   8.0753e+05
  1.1858e+00   1.1859e+00   1.7052e-01   1.3435e-04  -2.6695e-05  -2.5254e-04  -9.9572e-05   2.2949e-04   1.1163e+06   1.1222e+08   8.4319e+05
  1.2114e+00   1.2115e+00   1.9183e-01   1.9607e-04  -1.5626e-05   8.1999e-05  -6.2673e-05   2.2476e-04   1.1630e+06   1.1696e+08   8.7901e+05
  1.2375e+00   1.2376e+00   2.1316e-01   1.9510e-04  -3.1320e-07  -5.1128e-05   8.8314e-05   2.2032e-04   1.2119e+06   1.2172e+08   9.1594e+05
  1.2642e+00   1.2643e+00   2.3447e-01   1.1019e-04   1.3245e-04  -6.1952e-06  -6.5330e-05   2.1579e-04   1.2633e+06   1.2686e+08   9.5420e+05
  1.2914e+00   1.2915e+00   2.5581e-01  -8.3225e-05   1.3641e-04   4.8942e-05  -3.1764e-06   2.1148e-04   1.3177e+06   1.3213e+08   9.9406e+05
  1.3192e+00   1.3194e+00   2.7713e-01   1.3028e-04   1.2343e-04   6.8839e-05   3.8604e-05   2.0726e-04   1.3711e+06   1.3758e+08   1.0353e+06
  1.3477e+00   1.3478e+00   2.9846e-01   1.6533e-04  -1.4519e-04   1.7232e-04  -4.7863e-05   2.0285e-04   1.4310e+06   1.4352e+08   1.0804e+06
  1.3767e+00   1.3768e+00   3.1977e-01   5.8593e-05  -2.0442e-05   1.0567e-04  -2.1585e-05   1.9887e-04   1.4883e+06   1.4951e+08   1.1250e+06
  1.4064e+00   1.4065e+00   3.4110e-01   5.4453e-05  -9.4293e-05  -3.4438e-05  -3.8999e-05   1.9464e-04   1.5543e+06   1.5603e+08   1.1736e+06
  1.4367e+00   1.4368e+00   3.6242e-01   9.6750e-05   8.8570e-05  -1.1642e-04  -3.7454e-05   1.9085e-04   1.6169e+06   1.6232e+08   1.2211e+06
  1.4677e+00   1.4678e+00   3.8372e-01   2.0254e-04   1.3321e-05   7.3817e-05   5.9185e-05   1.8702e-04   1.6850e+06   1.6907e+08   1.2720e+06
  1.4993e+00   1.4994e+00   4.0506e-01  -2.8795e-05   9.2548e-05  -2.9931e-05  -9.5014e-05   1.8321e-04   1.7561e+06   1.7602e+08   1.3258e+06
  1.5316e+00   1.5317e+00   4.2639e-01   2.4988e-04  -1.3641e-04  -3.7807e-05   2.1269e-05   1.7951e-04   1.8290e+06   1.8349e+08   1.3813e+06
  1.5646e+00   1.5648e+00   4.4771e-01   1.3449e-04   1.2541e-05  -3.0797e-05   2.1627e-04   1.7572e-04   1.9079e+06   1.9147e+08   1.4403e+06
  1.5983e+00   1.5985e+00   4.6903e-01  -1.0938e-05   1.6951e-04   1.9051e-04  -6.7005e-05   1.7228e-04   1.9874e+06   1.9918e+08   1.4992e+06
  1.6328e+00   1.6329e+00   4.9036e-01   1.2367e-04   8.0204e-05   5.4795e-07   2.6506e-05   1.6886e-04   2.0696e+06   2.0744e+08   1.5618e+06
  1.6680e+00   1.6681e+00   5.1168e-01   2.2823e-05   7.6330e-05  -9.3736e-05   3.3508e-05   1.6523e-04   2.1593e+06   2.1655e+08   1.6290e+06
  1.7039e+00   1.7041e+00   5.3301e-01   1.2005e-04  -8.7860e-05   6.3346e-05  -3.7240e-05   1.6192e-04   2.2518e+06   2.2552e+08   1.6985e+06
  1.7406e+00   1.7408e+00   5.5434e-01  -8.3524e-06   1.4917e-05   1.2316e-04   8.3377e-05   1.5859e-04   2.3443e+06   2.3499e+08   1.7693e+06
  1.7782e+00   1.7783e+00   5.7564e-01   1.7105e-04   3.1807e-06  -2.1614e-05   6.1128e-05   1.5542e-04   2.4428e+06   2.4479e+08   1.8427e+06
  1.8165e+00   1.8166e+00   5.9697e-01  -2.6274e-05  -1.9275e-06  -9.0123e-05   8.5665e-05   1.5222e-04   2.5483e+06   2.5520e+08   1.9219e+06
  1.8556e+00   1.8558e+00   6.1830e-01   1.5714e-04   1.3439e-05   5.1374e-05   3.3504e-05   1.4916e-04   2.6539e+06   2.6571e+08   2.0011e+06
  1.8956e+00   1.8958e+00   6.3962e-01   2.0662e-04  -4.0005e-05   1.0612e-05  -2.2439e-05   1.4609e-04   2.7675e+06   2.7697e+08   2.0871e+06
  1.9365e+00   1.9366e+00   6.6094e-01   4.1802e-05  -1.7456e-05  -9.9446e-06   1.1387e-04   1.4312e-04   2.8837e+06   2.8875e+08   2.1754e+06
  1.9782e+00   1.9784e+00   6.8226e-01   2.2052e-04  -7.7278e-06   7.1290e-05   1.0100e-04   1.4019e-04   3.0039e+06   3.0063e+08   2.2657e+06
  2.0208e+00   2.0210e+00   7.0358e-01   1.4535e-04  -8.6169e-05   4.0933e-05   4.0572e-05   1.3740e-04   3.1295e+06   3.1317e+08   2.3592e+06
  2.0644e+00   2.0646e+00   7.2491e-01   1.1717e-04   6.7106e-05  -2.4913e-05  -5.4094e-06   1.3459e-04   3.2641e+06   3.2645e+08   2.4603e+06
  2.1089e+00   2.1091e+00   7.4623e-01   1.2571e-04   1.2528e-05  -6.1977e-05  -2.1796e-05   1.3189e-04   3.3985e+06   3.3988e+08   2.5613e+06
  2.1543e+00   2.1545e+00   7.6755e-01   4.5174e-06  -5.7419e-07  -1.0337e-04  -5.9832e-05   1.2921e-04   3.5419e+06   3.5415e+08   2.6700e+06
  2.2008e+00   2.2010e+00   7.8888e-01   2.0405e-04  -6.3753e-06   3.6562e-05  -8.0893e-06   1.2657e-04   3.6900e+06   3.6915e+08   2.7809e+06
  2.2482e+00   2.2484e+00   8.1020e-01  -2.5702e-05   3.8345e-05  -3.4352e-05   4.8317e-05   1.2395e-04   3.8483e+06   3.8495e+08   2.9001e+06
  2.2967e+00   2.2969e+00   8.3154e-01   1.7114e-04   9.8785e-05   3.7096e-05  -4.0405e-05   1.2146e-04   4.0101e+06   4.0083e+08   3.0218e+06
  2.3462e+00   2.3464e+00   8.5285e-01  -2.5501e-05   4.0583e-05  -4.8128e-05   2.4094e-05   1.1902e-04   4.1732e+06   4.1739e+08   3.1462e+06
  2.3967e+00   2.3969e+00   8.7417e-01   2.0663e-04  -5.6069e-05  -7.4711e-06   1.5630e-04   1.1656e-04   4.3548e+06   4.3533e+08   3.2819e+06
  2.4484e+00   2.4486e+00   8.9550e-01  -2.2314e-05  -5.3839e-05   7.6997e-05  -5.7203e-05   1.1424e-04   4.5362e+06   4.5309e+08   3.4176e+06
  2.5011e+00   2.5014e+00   9.1681e-01   1.3312e-04   1.0430e-05  -1.5592e-05   8.6774e-07   1.1188e-04   4.7304e+06   4.7256e+08   3.5634e+06
  2.5550e+00   2.5553e+00   9.3814e-01   5.8080e-05  -2.2035e-07  -6.5895e-05  -2.8896e-05   1.0967e-04   4.9222e+06   4.9173e+08   3.7092e+06
  2.6101e+00   2.6104e+00   9.5947e-01   3.4399e-05   4.3379e-05  -9.1304e-06  -5.3831e-05   1.0747e-04   5.1296e+06   5.1220e+08   3.8635e+06
  2.6664e+00   2.6666e+00   9.8079e-01   5.5670e-05   7.7485e-06  -5.3057e-05  -5.6442e-06   1.0520e-04   5.3483e+06   5.3432e+08   4.0304e+06
  2.7238e+00   2.7241e+00   1.0021e+00   9.5206e-05  -8.2888e-06  -8.4505e-05   6.4079e-05   1.0310e-04   5.5693e+06   5.5656e+08   4.1966e+06
  2.7825e+00   2.7828e+00   1.0234e+00   6.6804e-05  -1.6201e-05  -5.6504e-06   5.3915e-06   1.0105e-04   5.7978e+06   5.7922e+08   4.3688e+06
  2.8425e+00   2.8428e+00   1.0448e+00   6.9090e-05   1.0892e-04   6.6244e-05  -4.4450e-05   9.8977e-05   6.0481e+06   6.0407e+08   4.5570e+06
  2.9038e+00   2.9040e+00   1.0661e+00   1.0716e-04   1.2264e-04   2.2282e-05   4.5048e-05   9.6997e-05   6.2976e+06   6.2870e+08   4.7426e+06
  2.9663e+00   2.9666e+00   1.0874e+00   7.6568e-05  -5.3629e-05  -1.9702e-05  -2.5061e-06   9.5025e-05   6.5666e+06   6.5534e+08   4.9456e+06
  3.0303e+00   3.0306e+00   1.1087e+00   1.0946e-04   1.3275e-04  -5.7189e-06  -2.2959e-05   9.3145e-05   6.8366e+06   6.8197e+08   5.1474e+06
  3.0956e+00   3.0959e+00   1.1301e+00   5.9307e-05  -1.4548e-06   1.4441e-05  -3.5829e-05   9.1266e-05   7.1243e+06   7.1024e+08   5.3617e+06
  3.1623e+00   3.1626e+00   1.1514e+00   4.5333e-05   3.2048e-05   2.7377e-05   1.6632e-04   8.9403e-05   7.4192e+06   7.4031e+08   5.5865e+06
  3.2305e+00   3.2308e+00   1.1727e+00   1.4138e-04  -3.9072e-06   1.6890e-05   1.7505e-05   8.7585e-05   7.7330e+06   7.7133e+08   5.8210e+06
  3.3001e+00   3.3004e+00   1.1940e+00   8.1597e-05   2.2942e-05   2.1043e-05   2.4312e-05   8.5850e-05   8.0539e+06   8.0300e+08   6.0624e+06
  3.3712e+00   3.3715e+00   1.2153e+00   5.5644e-05   3.6084e-05   2.5128e-06  -2.3816e-05   8.4074e-05   8.3964e+06   8.3711e+08   6.3196e+06
  3.4439e+00   3.4442e+00   1.2367e+00   2.5282e-06  -3.0444e-05   5.1872e-06   1.7950e-05   8.2409e-05   8.7413e+06   8.7138e+08   6.5795e+06
  3.5181e+00   3.5184e+00   1.2580e+00   1.3968e-04   2.5923e-05  -2.6917e-05   1.8067e-05   8.0743e-05   9.1100e+06   9.0779e+08   6.8541e+06
  3.5939e+00   3.5942e+00   1.2793e+00   8.4111e-05   8.6021e-05   3.7303e-05   2.5728e-05   7.9110e-05   9.4862e+06   9.4552e+08   7.1397e+06
  3.6714e+00   3.6717e+00   1.3006e+00  -8.0284e-06  -1.4651e-05  -3.1618e-05   3.9923e-05   7.7533e-05   9.8796e+06   9.8470e+08   7.4347e+06
  3.7505e+00   3.7508e+00   1.3220e+00   1.5292e-05   5.0734e-06  -8.7156e-05  -9.0888e-06   7.5994e-05   1.0297e+07   1.0253e+09   7.7446e+06
  3.8313e+00   3.8317e+00   1.3433e+00   2.1493e-05   4.5127e-05  -3.9009e-05   1.0364e-05   7.4415e-05   1.0727e+07   1.0688e+09   8.0721e+06
  3.9139e+00   3.9143e+00   1.3646e+00  -2.2478e-05  -3.3506e-05   7.9217e-06   4.0388e-07   7.2908e-05   1.1171e+07   1.1136e+09   8.4091e+06
  3.9982e+00   3.9986e+00   1.3859e+00   5.7428e-05  -3.0455e-06   8.8499e-05   7.7396e-06   7.1458e-05   1.1639e+07   1.1594e+09   8.7573e+06
  4.0844e+00   4.0848e+00   1.4072e+00   4.6606e-05  -3.1681e-05   4.4274e-05   3.4686e-05   7.0031e-05   1.2117e+07   1.2072e+09   9.1159e+06
  4.1724e+00   4.1728e+00   1.4286e+00   3.5307e-05   1.0810e-05   2.1423e-05   3.8673e-06   6.8646e-05   1.2620e+07   1.2566e+09   9.4944e+06
  4.2624e+00   4.2627e+00   1.4499e+00   1.9012e-05   3.7005e-05   5.6930e-05   1.8390e-05   6.7255e-05   1.3150e+07   1.3092e+09   9.8909e+06
  4.3542e+00   4.3546e+00   1.4712e+00  -1.6192e-05   2.6402e-05   6.5019e-05   1.4771e-05   6.5916e-05   1.3689e+07   1.3629e+09   1.0299e+07
  4.4481e+00   4.4485e+00   1.4925e+00   7.1657e-05   3.7853e-05   5.5857e-06   2.3453e-05   6.4579e-05   1.4267e+07   1.4197e+09   1.0726e+07
  4.5439e+00   4.5443e+00   1.5139e+00  -5.7382e-06   2.0923e-05  -2.7095e-06  -1.5136e-06   6.3284e-05   1.4862e+07   1.4790e+09   1.1176e+07
  4.6419e+00   4.6423e+00   1.5352e+00   2.8231e-05  -3.4808e-05   1.8255e-05  -1.4458e-05   6.2014e-05   1.5475e+07   1.5398e+09   1.1636e+07
  4.7419e+00   4.7423e+00   1.5565e+00   5.8533e-05  -4.2338e-05   4.8098e-06  -4.6902e-05   6.0773e-05   1.6116e+07   1.6036e+09   1.2119e+07
  4.8441e+00   4.8446e+00   1.5778e+00   7.9998e-05   1.8125e-05   1.1271e-05  -2.2474e-05   5.9551e-05   1.6794e+07   1.6701e+09   1.2624e+07
  4.9485e+00   4.9489e+00   1.5992e+00   7.8905e-05  -3.3343e-05   6.8473e-05  -2.1561e-06   5.8353e-05   1.7485e+07   1.7392e+09   1.3146e+07
  5.0552e+00   5.0556e+00   1.6205e+00   5.1265e-05  -2.3489e-05  -1.8206e-05   2.9524e-05   5.7207e-05   1.8205e+07   1.8097e+09   1.3682e+07
  5.1641e+00   5.1646e+00   1.6418e+00  -3.5185e-05   3.6208e-05   5.1669e-05   3.9531e-05   5.6040e-05   1.8974e+07   1.8859e+09   1.4259e+07
  5.2754e+00   5.2759e+00   1.6631e+00   3.5779e-05  -3.0041e-06  -5.1296e-06  -3.4584e-05   5.4919e-05   1.9745e+07   1.9631e+09   1.4843e+07
  5.3891e+00   5.3896e+00   1.6845e+00   6.0852e-05   7.0337e-05   9.5879e-07   2.8510e-05   5.3815e-05   2.0572e+07   2.0448e+09   1.5464e+07
  5.5052e+00   5.5058e+00   1.7058e+00   6.3600e-05   2.8032e-05   6.5057e-06   5.7467e-07   5.2742e-05   2.1424e+07   2.1293e+09   1.6101e+07
  5.6239e+00   5.6244e+00   1.7271e+00   3.4471e-05   1.8402e-05   1.1647e-05   8.3886e-06   5.1683e-05   2.2318e+07   2.2175e+09   1.6769e+07
  5.7451e+00   5.7456e+00   1.7484e+00   6.5175e-05  -1.4514e-05  -6.5898e-05   2.5021e-06   5.0660e-05   2.3231e+07   2.3081e+09   1.7456e+07
  5.8689e+00   5.8695e+00   1.7697e+00   5.0409e-05   1.6160e-05   9.5353e-08  -1.9119e-05   4.9615e-05   2.4210e+07   2.4066e+09   1.8196e+07
  5.9954e+00   5.9960e+00   1.7911e+00   3.1860e-05   7.5009e-06   7.6626e-06   8.9072e-06   4.8639e-05   2.5212e+07   2.5044e+09   1.8941e+07
  6.1246e+00   6.1252e+00   1.8124e+00  -3.8953e-06   3.0583e-05   6.8885e-06   3.2088e-05   4.7656e-05   2.6250e+07   2.6082e+09   1.9724e+07
  6.2566e+00   6.2572e+00   1.8337e+00   5.0136e-05   1.6311e-05   3.3506e-05   1.4075e-05   4.6688e-05   2.7350e+07   2.7178e+09   2.0553e+07
  6.3915e+00   6.3921e+00   1.8550e+00   9.5394e-06   2.2926e-05   7.0700e-06  -5.3080e-05   4.5749e-05   2.8483e+07   2.8306e+09   2.1407e+07
  6.5292e+00   6.5298e+00   1.8764e+00   4.3623e-05   8.9952e-06  -1.4533e-05   5.0593e-05   4.4822e-05   2.9687e+07   2.9489e+09   2.2308e+07
  6.6699e+00   6.6705e+00   1.8977e+00  -1.2297e-06  -7.3549e-06  -1.5388e-05   2.5264e-05   4.3911e-05   3.0925e+07   3.0725e+09   2.3237e+07
  6.8137e+00   6.8143e+00   1.9190e+00   9.2214e-06   3.5718e-05   3.1281e-05  -2.0424e-05   4.3029e-05   3.2210e+07   3.1998e+09   2.4203e+07
  6.9605e+00   6.9612e+00   1.9403e+00   2.8830e-05   1.2471e-05   2.0322e-05   1.1477e-06   4.2145e-05   3.3573e+07   3.3357e+09   2.5229e+07
  7.1105e+00   7.1112e+00   1.9617e+00  -8.7614e-06   3.4892e-05   9.2712e-07  -1.2001e-05   4.1291e-05   3.4986e+07   3.4754e+09   2.6289e+07
  7.2638e+00   7.2645e+00   1.9830e+00   4.3305e-05   3.1529e-06  -1.4702e-05  -1.3503e-05   4.0440e-05   3.6469e+07   3.6233e+09   2.7406e+07
  7.4203e+00   7.4210e+00   2.0043e+00   1.2979e-05  -9.0739e-06  -2.0931e-05  -4.6404e-06   3.9606e-05   3.8016e+07   3.7770e+09   2.8565e+07
  7.5803e+00   7.5810e+00   2.0256e+00   5.8915e-05  -2.2614e-05   2.1353e-05   7.6602e-07   3.8789e-05   3.9624e+07   3.9377e+09   2.9778e+07
  7.7436e+00   7.7444e+00   2.0469e+00   2.7421e-05   5.0851e-06   2.7545e-05  -9.7427e-06   3.7989e-05   4.1314e+07   4.1050e+09   3.1050e+07
  7.9105e+00   7.9113e+00   2.0683e+00   5.6886e-05   4.7030e-06  -8.1041e-06  -2.2910e-05   3.7217e-05   4.3060e+07   4.2771e+09   3.2353e+07
  8.0810e+00   8.0818e+00   2.0896e+00   4.2720e-05  -9.5722e-06  -1.6945e-05  -4.1378e-06   3.6456e-05   4.4884e+07   4.4582e+09   3.3728e+07
  8.2552e+00   8.2559e+00   2.1109e+00   1.2628e-05   1.1067e-05   3.0769e-05  -5.1060e-06   3.5704e-05   4.6779e+07   4.6481e+09   3.5158e+07
  8.4331e+00   8.4339e+00   2.1322e+00   1.2275e-05   1.3299e-05  -1.9374e-07   9.4144e-06   3.4982e-05   4.8749e+07   4.8418e+09   3.6632e+07
  8.6148e+00   8.6156e+00   2.1536e+00   3.6151e-05  -7.6455e-07   2.3480e-05  -1.9661e-05   3.4259e-05   5.0831e+07   5.0484e+09   3.8194e+07
  8.8005e+00   8.8013e+00   2.1749e+00   4.8848e-05   1.0938e-05   4.0225e-06  -5.7008e-06   3.3568e-05   5.2957e+07   5.2580e+09   3.9787e+07
  8.9902e+00   8.9910e+00   2.1962e+00   1.5804e-05   3.4887e-05   1.2640e-05  -2.1979e-05   3.2885e-05   5.5198e+07   5.4796e+09   4.1468e+07
  9.1839e+00   9.1848e+00   2.2175e+00   1.2518e-05   4.0578e-05  -1.8990e-05   4.0631e-06   3.2218e-05   5.7518e+07   5.7090e+09   4.3205e+07
  9.3819e+00   9.3827e+00   2.2389e+00   1.9249e-05   1.2270e-05   1.0259e-05  -1.4083e-05   3.1562e-05   5.9942e+07   5.9484e+09   4.5020e+07
  9.5841e+00   9.5849e+00   2.2602e+00   3.4001e-05   2.1248e-05   1.8576e-06   3.9095e-07   3.0920e-05   6.2485e+07   6.1989e+09   4.6924e+07
  9.7906e+00   9.7916e+00   2.2815e+00   2.0925e-05   3.1811e-05  -2.4032e-05   1.2119e-05   3.0283e-05   6.5113e+07   6.4610e+09   4.8911e+07
  1.0002e+01   1.0003e+01   2.3028e+00   3.5995e-05  -1.6086e-07   4.9480e-05  -1.5622e-05   2.9675e-05   6.7856e+07   6.7296e+09   5.0956e+07
  1.0217e+01   1.0218e+01   2.3241e+00   3.2010e-05   3.5900e-05   1.5432e-05  -1.9368e-05   2.9067e-05   7.0727e+07   7.0134e+09   5.3109e+07
  1.0437e+01   1.0438e+01   2.3455e+00   2.1067e-05  -1.1085e-05   1.3514e-05  -1.4934e-05   2.8467e-05   7.3752e+07   7.3132e+09   5.5373e+07
  1.0662e+01   1.0663e+01   2.3668e+00   3.0857e-05   1.0652e-05   3.1617e-05   1.4195e-05   2.7889e-05   7.6838e+07   7.6184e+09   5.7693e+07
  1.0892e+01   1.0893e+01   2.3881e+00   5.4444e-06   2.2297e-05   9.4690e-06  -1.8939e-05   2.7320e-05   8.0083e+07   7.9383e+09   6.0122e+07
  1.1127e+01   1.1128e+01   2.4094e+00   2.8120e-05   3.9994e-06   1.8145e-05   2.1388e-06   2.6761e-05   8.3482e+07   8.2738e+09   6.2670e+07
  1.1367e+01   1.1368e+01   2.4308e+00   1.3850e-05  -6.1240e-06  -1.3790e-06  -2.2288e-05   2.6212e-05   8.7018e+07   8.6245e+09   6.5326e+07
  1.1612e+01   1.1613e+01   2.4521e+00   3.0854e-05   1.2678e-05   7.6778e-06   1.6775e-06   2.5678e-05   9.0691e+07   8.9875e+09   6.8079e+07
  1.1862e+01   1.1863e+01   2.4734e+00   4.3667e-05  -3.0746e-06  -1.0721e-05  -8.8044e-06   2.5148e-05   9.4544e+07   9.3702e+09   7.0972e+07
  1.2118e+01   1.2119e+01   2.4947e+00   1.4214e-05   2.2694e-05  -3.0569e-05   1.0278e-05   2.4635e-05   9.8546e+07   9.7652e+09   7.3970e+07
  1.2379e+01   1.2380e+01   2.5161e+00   2.3852e-05  -7.5189e-06   1.5802e-05   4.6695e-06   2.4136e-05   1.0269e+08   1.0174e+10   7.7081e+07
  1.2646e+01   1.2647e+01   2.5374e+00   3.1489e-05   2.0592e-05   4.2038e-06  -6.1017e-06   2.3638e-05   1.0705e+08   1.0606e+10   8.0346e+07
  1.2918e+01   1.2919e+01   2.5587e+00   1.1129e-05   7.1711e-06   5.1224e-08  -1.8076e-05   2.3159e-05   1.1154e+08   1.1049e+10   8.3712e+07
  1.3196e+01   1.3198e+01   2.5800e+00   2.5491e-05   1.9624e-05   1.1092e-05  -2.2161e-07   2.2687e-05   1.1625e+08   1.1515e+10   8.7244e+07
  1.3481e+01   1.3482e+01   2.6013e+00   2.2011e-05   4.4797e-06  -8.0946e-06   1.5702e-06   2.2219e-05   1.2117e+08   1.2004e+10   9.0947e+07
  1.3771e+01   1.3773e+01   2.6227e+00   1.0363e-05   9.8262e-06   1.4376e-05  -6.6820e-06   2.1763e-05   1.2630e+08   1.2512e+10   9.4792e+07
  1.4068e+01   1.4070e+01   2.6440e+00   4.8284e-06   1.6889e-05  -1.9208e-05   8.4533e-06   2.1316e-05   1.3166e+08   1.3043e+10   9.8816e+07
  1.4371e+01   1.4373e+01   2.6653e+00   1.3386e-05   4.8167e-06   1.1824e-05  -7.1734e-06   2.0877e-05   1.3720e+08   1.3595e+10   1.0299e+08
  1.4681e+01   1.4683e+01   2.6866e+00  -6.2986e-06   1.3779e-05  -1.1229e-05  -6.6426e-06   2.0447e-05   1.4306e+08   1.4175e+10   1.0738e+08
  1.4998e+01   1.4999e+01   2.7080e+00   2.5723e-05   1.4475e-05   4.3095e-06   5.4023e-06   2.0024e-05   1.4913e+08   1.4780e+10   1.1195e+08
  1.5321e+01   1.5322e+01   2.7293e+00   1.0661e-05  -1.4977e-05  -1.1234e-05  -8.7296e-06   1.9614e-05   1.5544e+08   1.5403e+10   1.1667e+08
  1.5651e+01   1.5652e+01   2.7506e+00   1.8074e-05   9.2439e-06   7.3153e-07  -6.4884e-06   1.9216e-05   1.6198e+08   1.6050e+10   1.2158e+08
  1.5988e+01   1.5990e+01   2.7719e+00   1.8699e-05  -6.9824e-06   3.1666e-06  -6.2942e-06   1.8824e-05   1.6882e+08   1.6725e+10   1.2670e+08
  1.6333e+01   1.6334e+01   2.7933e+00   1.9982e-05   7.3810e-06   3.3703e-06   1.0627e-06   1.8441e-05   1.7594e+08   1.7426e+10   1.3203e+08
  1.6685e+01   1.6686e+01   2.8146e+00   2.9406e-05  -1.4502e-06  -9.7548e-07  -5.7802e-06   1.8071e-05   1.8330e+08   1.8152e+10   1.3753e+08
  1.7044e+01   1.7046e+01   2.8359e+00   6.0033e-06   1.9191e-05   4.1640e-06   6.1716e-07   1.7706e-05   1.9099e+08   1.8907e+10   1.4329e+08
  1.7412e+01   1.7413e+01   2.8572e+00   2.7434e-05   5.8860e-06   1.6613e-06  -9.3730e-06   1.7348e-05   1.9901e+08   1.9699e+10   1.4928e+08
  1.7787e+01   1.7789e+01   2.8785e+00   3.1905e-05   2.8493e-07   4.4078e-06  -2.9596e-06   1.6999e-05   2.0733e+08   2.0516e+10   1.5550e+08
  1.8170e+01   1.8172e+01   2.8999e+00   1.5150e-05   1.2626e-05  -9.6263e-06   5.5573e-06   1.6657e-05   2.1601e+08   2.1367e+10   1.6198e+08
  1.8562e+01   1.8564e+01   2.9212e+00   1.2360e-05   7.0902e-06  -1.3732e-06   1.5801e-05   1.6325e-05   2.2503e+08   2.2248e+10   1.6871e+08
  1.8962e+01   1.8964e+01   2.9425e+00   1.1731e-05   1.0301e-05  -3.6075e-06  -3.0499e-07   1.5994e-05   2.3447e+08   2.3179e+10   1.7579e+08
  1.9371e+01   1.9373e+01   2.9638e+00   1.0854e-05   1.6454e-05   8.7706e-06  -4.7695e-06   1.5673e-05   2.4424e+08   2.4138e+10   1.8306e+08
  1.9788e+01   1.9790e+01   2.9852e+00   2.4796e-05   1.1712e-05   3.4569e-07  -6.7751e-06   1.5359e-05   2.5444e+08   2.5138e+10   1.9068e+08
  2.0215e+01   2.0217e+01   3.0065e+00   1.8764e-05   8.7791e-06   1.0524e-05   2.6181e-06   1.5051e-05   2.6510e+08   2.6181e+10   1.9863e+08
  2.0650e+01   2.0652e+01   3.0278e+00   2.0069e-05  -3.8556e-06   7.0251e-06   2.6181e-06   1.4751e-05   2.7610e+08   2.7259e+10   2.0683e+08
  2.1095e+01   2.1097e+01   3.0491e+00   7.5272e-06   9.2662e-06   1.1295e-05   1.7642e-06   1.4454e-05   2.8755e+08   2.8390e+10   2.1541e+08
  2.1550e+01   2.1552e+01   3.0705e+00   1.3519e-05   1.4122e-05  -3.4775e-06   1.0697e-05   1.4161e-05   2.9963e+08   2.9578e+10   2.2444e+08
  2.2015e+01   2.2017e+01   3.0918e+00   1.8670e-05   6.2866e-06  -1.0537e-05  -1.0980e-05   1.3873e-05   3.1215e+08   3.0815e+10   2.3383e+08
  2.2489e+01   2.2491e+01   3.1131e+00   1.9379e-05   6.9309e-06  -1.7982e-06   1.6480e-06   1.3594e-05   3.2520e+08   3.2096e+10   2.4357e+08
  2.2974e+01   2.2976e+01   3.1344e+00   3.1305e-05   9.7808e-06  -3.5806e-07   2.1846e-06   1.3321e-05   3.3868e+08   3.3424e+10   2.5366e+08
  2.3469e+01   2.3471e+01   3.1557e+00   2.2858e-05   1.4896e-05   8.2623e-06  -9.6174e-06   1.3054e-05   3.5277e+08   3.4809e+10   2.6419e+08
  2.3975e+01   2.3977e+01   3.1771e+00   2.2574e-05  -5.7176e-07   6.2734e-07   6.3251e-06   1.2796e-05   3.6737e+08   3.6229e+10   2.7503e+08
  2.4491e+01   2.4494e+01   3.1984e+00   2.3119e-05   1.3785e-06  -3.9847e-06   8.8585e-06   1.2541e-05   3.8255e+08   3.7718e+10   2.8636e+08
  2.5019e+01   2.5021e+01   3.2197e+00   1.0708e-05  -1.5547e-06  -9.0420e-06  -1.8592e-06   1.2294e-05   3.9835e+08   3.9258e+10   2.9811e+08
  2.5558e+01   2.5561e+01   3.2410e+00   9.4651e-06  -1.0626e-06  -4.7040e-06  -7.2318e-06   1.2051e-05   4.1480e+08   4.0864e+10   3.1036e+08
  2.6109e+01   2.6112e+01   3.2624e+00   1.6959e-05  -3.7934e-07   5.4738e-06  -3.5221e-06   1.1810e-05   4.3195e+08   4.2550e+10   3.2317e+08
  2.6672e+01   2.6674e+01   3.2837e+00   7.0344e-06   3.8829e-06  -1.1485e-06  -4.8069e-06   1.1576e-05   4.4977e+08   4.4291e+10   3.3643e+08
  2.7247e+01   2.7249e+01   3.3050e+00   1.3312e-05   7.8588e-06   2.3603e-06  -7.8085e-08   1.1345e-05   4.6835e+08   4.6114e+10   3.5030e+08
  2.7834e+01   2.7837e+01   3.3263e+00   1.8308e-05   5.6596e-06  -2.6699e-06  -5.3804e-06   1.1120e-05   4.8767e+08   4.8009e+10   3.6471e+08
  2.8434e+01   2.8437e+01   3.3477e+00   1.5497e-05   6.9301e-06  -1.4876e-06  -4.7354e-07   1.0898e-05   5.0785e+08   4.9991e+10   3.7977e+08
  2.9047e+01   2.9049e+01   3.3690e+00   1.4523e-05   2.3440e-06   5.9913e-07  -4.7795e-07   1.0678e-05   5.2887e+08   5.2062e+10   3.9551e+08
  2.9673e+01   2.9675e+01   3.3903e+00  -3.7484e-07   1.1799e-05   3.4309e-06  -1.1109e-05   1.0465e-05   5.5071e+08   5.4217e+10   4.1186e+08
  3.0312e+01   3.0315e+01   3.4116e+00   8.9914e-06   8.4565e-06   1.7903e-06  -2.4013e-06   1.0255e-05   5.7351e+08   5.6455e+10   4.2886e+08
  3.0965e+01   3.0968e+01   3.4329e+00   1.0360e-05   1.0685e-05  -5.7980e-07   1.8832e-06   1.0052e-05   5.9707e+08   5.8774e+10   4.4647e+08
  3.1633e+01   3.1636e+01   3.4543e+00   8.7536e-06   3.9503e-06   2.5182e-06  -5.5945e-07   9.8559e-06   6.2137e+08   6.1134e+10   4.6450e+08
  3.2315e+01   3.2318e+01   3.4756e+00   1.0431e-05   5.2628e-06  -5.5144e-06   2.8566e-06   9.6653e-06   6.4651e+08   6.3582e+10   4.8319e+08
  3.3011e+01   3.3014e+01   3.4969e+00   7.8224e-06  -6.0124e-07  -4.0661e-06   3.0651e-08   9.4768e-06   6.7288e+08   6.6145e+10   5.0277e+08
  3.3722e+01   3.3726e+01   3.5182e+00   1.7651e-05   7.4221e-06  -3.9770e-06  -7.0580e-06   9.2929e-06   7.0020e+08   6.8797e+10   5.2303e+08
  3.4449e+01   3.4452e+01   3.5396e+00   1.0764e-05   4.8705e-06  -3.7629e-06  -1.0105e-07   9.1123e-06   7.2862e+08   7.1562e+10   5.4414e+08
  3.5192e+01   3.5195e+01   3.5609e+00   1.1401e-06   3.5441e-06   1.9369e-06   8.7459e-06   8.9363e-06   7.5805e+08   7.4415e+10   5.6597e+08
  3.5950e+01   3.5954e+01   3.5822e+00   7.0819e-06   3.8420e-06   1.9457e-07   1.0827e-06   8.7625e-06   7.8878e+08   7.7406e+10   5.8882e+08
  3.6725e+01   3.6728e+01   3.6035e+00  -6.6255e-07   3.4920e-06  -1.2383e-06   1.7455e-06   8.5902e-06   8.2103e+08   8.0552e+10   6.1277e+08
  3.7516e+01   3.7520e+01   3.6249e+00   1.6117e-05   3.4429e-06   8.1046e-07   7.5483e-07   8.4225e-06   8.5427e+08   8.3794e+10   6.3752e+08
  3.8325e+01   3.8329e+01   3.6462e+00   7.2162e-06   3.4523e-06  -1.2143e-06  -3.1722e-06   8.2593e-06   8.8883e+08   8.7145e+10   6.6315e+08
  3.9151e+01   3.9155e+01   3.6675e+00   7.0963e-06   6.2461e-06   4.0458e-06  -1.7275e-06   8.1008e-06   9.2456e+08   9.0605e+10   6.8961e+08
  3.9995e+01   3.9999e+01   3.6888e+00   1.2068e-05   4.1268e-06  -6.6278e-06   1.3155e-06   7.9458e-06   9.6157e+08   9.4180e+10   7.1703e+08
  4.0857e+01   4.0861e+01   3.7101e+00   2.2187e-06   4.0888e-06  -5.2791e-06   7.5205e-07   7.7927e-06   1.0003e+09   9.7935e+10   7.4572e+08
  4.1737e+01   4.1741e+01   3.7315e+00   2.5404e-06   6.3091e-06   2.4674e-06  -3.1350e-06   7.6430e-06   1.0405e+09   1.0182e+11   7.7545e+08
  4.2637e+01   4.2641e+01   3.7528e+00   8.2941e-07   3.1758e-06   1.6091e-06  -1.9967e-06   7.4946e-06   1.0824e+09   1.0591e+11   8.0662e+08
  4.3556e+01   4.3560e+01   3.7741e+00   1.1356e-06  -5.1692e-07  -4.0504e-07   3.0217e-06   7.3480e-06   1.1264e+09   1.1019e+11   8.3932e+08
  4.4494e+01   4.4499e+01   3.7954e+00   1.4056e-05   2.2302e-06  -2.2639e-06  -1.4954e-06   7.2030e-06   1.1720e+09   1.1467e+11   8.7331e+08
  4.5453e+01   4.5458e+01   3.8168e+00   1.3004e-05   5.1365e-06   5.0198e-06  -4.0291e-08   7.0612e-06   1.2197e+09   1.1933e+11   9.0882e+08
  4.6433e+01   4.6438e+01   3.8381e+00   3.6162e-06   8.1401e-07  -3.4883e-07   1.1774e-06   6.9253e-06   1.2687e+09   1.2408e+11   9.4508e+08
  4.7434e+01   4.7438e+01   3.8594e+00  -9.5620e-07  -3.1695e-06  -6.3653e-06  -1.0800e-06   6.7936e-06   1.3192e+09   1.2896e+11   9.8252e+08
  4.8456e+01   4.8461e+01   3.8807e+00   2.1336e-06   3.9707e-06  -6.4859e-07   9.7162e-07   6.6633e-06   1.3721e+09   1.3408e+11   1.0217e+09
  4.9500e+01   4.9505e+01   3.9021e+00   5.0452e-06   3.4013e-06  -1.3963e-06   1.1495e-06   6.5368e-06   1.4267e+09   1.3934e+11   1.0620e+09
  5.0567e+01   5.0572e+01   3.9234e+00   9.8336e-06   4.7319e-07   3.2400e-06   2.3458e-06   6.4126e-06   1.4836e+09   1.4483e+11   1.1041e+09
  5.1657e+01   5.1662e+01   3.9447e+00   1.0275e-05   7.8264e-06   4.0952e-07   4.0004e-06   6.2892e-06   1.5432e+09   1.5060e+11   1.1482e+09
  5.2770e+01   5.2776e+01   3.9660e+00  -1.4111e-08   1.1323e-06   4.1129e-06  -5.9202e-06   6.1676e-06   1.6048e+09   1.5659e+11   1.1939e+09
  5.3908e+01   5.3913e+01   3.9874e+00   5.9756e-06   6.4814e-06   2.2834e-06  -3.3567e-06   6.0507e-06   1.6686e+09   1.6274e+11   1.2411e+09
  5.5070e+01   5.5075e+01   4.0087e+00   5.9607e-06   6.3400e-06  -6.0375e-06   3.4305e-06   5.9371e-06   1.7343e+09   1.6906e+11   1.2896e+09
  5.6256e+01   5.6262e+01   4.0300e+00   6.0989e-06   5.9680e-06   3.2631e-06   1.6894e-07   5.8249e-06   1.8033e+09   1.7569e+11   1.3404e+09
  5.7469e+01   5.7475e+01   4.0513e+00   3.1655e-06   3.3811e-06   3.5465e-07   1.8854e-06   5.7140e-06   1.8752e+09   1.8266e+11   1.3936e+09
  5.8707e+01   5.8713e+01   4.0726e+00   2.4355e-06   2.3803e-06   1.1700e-06   1.4041e-06   5.6043e-06   1.9500e+09   1.8992e+11   1.4491e+09
  5.9973e+01   5.9979e+01   4.0940e+00   7.2135e-06   4.4415e-06  -4.6747e-06  -3.6554e-06   5.4942e-06   2.0294e+09   1.9767e+11   1.5080e+09
  6.1265e+01   6.1271e+01   4.1153e+00   5.3468e-06   2.1090e-06  -1.3851e-06   3.2445e-06   5.3884e-06   2.1108e+09   2.0554e+11   1.5682e+09
  6.2586e+01   6.2592e+01   4.1366e+00   6.6747e-06   1.9066e-06   6.0647e-07  -1.7772e-06   5.2863e-06   2.1954e+09   2.1365e+11   1.6304e+09
  6.3934e+01   6.3941e+01   4.1579e+00   9.0988e-06   6.7445e-06  -2.4090e-06   4.1548e-07   5.1860e-06   2.2826e+09   2.2206e+11   1.6948e+09
  6.5312e+01   6.5319e+01   4.1793e+00   1.4924e-06   6.3761e-06   1.8890e-07  -1.6201e-06   5.0866e-06   2.3744e+09   2.3092e+11   1.7626e+09
  6.6720e+01   6.6727e+01   4.2006e+00   6.9091e-06   2.7240e-06  -4.6349e-07  -2.1335e-06   4.9869e-06   2.4710e+09   2.4029e+11   1.8342e+09
  6.8158e+01   6.8165e+01   4.2219e+00   5.9671e-06   1.6939e-06   1.9628e-06   2.1085e-06   4.8900e-06   2.5709e+09   2.4998e+11   1.9082e+09
  6.9627e+01   6.9634e+01   4.2432e+00   4.4280e-06   3.9896e-06   1.2462e-06  -2.8317e-06   4.7967e-06   2.6737e+09   2.5988e+11   1.9841e+09
  7.1127e+01   7.1135e+01   4.2646e+00   3.8013e-06   3.2032e-06   4.7512e-06   1.4943e-06   4.7046e-06   2.7812e+09   2.7027e+11   2.0633e+09
  7.2660e+01   7.2668e+01   4.2859e+00   2.4518e-06   7.7222e-07  -5.7119e-07   1.6091e-06   4.6135e-06   2.8930e+09   2.8113e+11   2.1463e+09
  7.4226e+01   7.4235e+01   4.3072e+00   1.2383e-06   7.1637e-07  -1.2144e-06  -9.8934e-07   4.5223e-06   3.0113e+09   2.9270e+11   2.2341e+09
  7.5826e+01   7.5834e+01   4.3285e+00   2.3721e-06   8.2580e-07  -1.8839e-08  -1.5284e-06   4.4333e-06   3.1335e+09   3.0464e+11   2.3250e+09
  7.7460e+01   7.7469e+01   4.3499e+00   6.1435e-06   1.9251e-06   1.0095e-06   1.9886e-06   4.3485e-06   3.2587e+09   3.1672e+11   2.4174e+09
  7.9130e+01   7.9138e+01   4.3712e+00   4.1307e-06   2.7894e-06   3.7096e-07   5.9506e-06   4.2662e-06   3.3884e+09   3.2919e+11   2.5129e+09
  8.0835e+01   8.0844e+01   4.3925e+00   5.5357e-06   3.5577e-06  -2.1936e-06   1.8580e-06   4.1844e-06   3.5239e+09   3.4231e+11   2.6130e+09
  8.2577e+01   8.2587e+01   4.4138e+00   4.3725e-06   1.4748e-06   2.9101e-06   1.1914e-06   4.1034e-06   3.6655e+09   3.5609e+11   2.7179e+09
  8.4357e+01   8.4367e+01   4.4352e+00   3.8814e-06   1.7749e-06  -3.1061e-06   9.5241e-07   4.0255e-06   3.8109e+09   3.7017e+11   2.8253e+09
  8.6175e+01   8.6185e+01   4.4565e+00   6.7660e-06   1.6974e-06  -1.6548e-06   3.7623e-06   3.9492e-06   3.9628e+09   3.8483e+11   2.9372e+09
  8.8032e+01   8.8043e+01   4.4778e+00   2.9885e-06  -8.8622e-07   1.6300e-06   1.5253e-06   3.8735e-06   4.1207e+09   4.0019e+11   3.0541e+09
  8.9930e+01   8.9940e+01   4.4991e+00   3.0478e-06   2.6381e-06  -9.1387e-09  -6.1062e-07   3.7987e-06   4.2849e+09   4.1625e+11   3.1759e+09
  9.1868e+01   9.1879e+01   4.5204e+00   5.2896e-06   2.2270e-06   7.4624e-07  -1.8515e-06   3.7272e-06   4.4532e+09   4.3255e+11   3.3002e+09
  9.3848e+01   9.3859e+01   4.5418e+00   4.9025e-06   4.1494e-07   9.7325e-07   3.0368e-06   3.6581e-06   4.6268e+09   4.4924e+11   3.4280e+09
  9.5870e+01   9.5882e+01   4.5631e+00   5.3056e-06   3.9375e-06   3.4758e-06  -3.6690e-07   3.5896e-06   4.8084e+09   4.6677e+11   3.5618e+09
  9.7937e+01   9.7948e+01   4.5844e+00   4.3200e-06  -2.2093e-08  -2.0115e-06  -1.5472e-06   3.5218e-06   4.9973e+09   4.8512e+11   3.7015e+09
  1.0005e+02   1.0006e+02   4.6057e+00   4.5685e-06   3.8252e-06   3.9959e-06  -7.4822e-07   3.4571e-06   5.1896e+09   5.0364e+11   3.8431e+09
  1.0220e+02   1.0222e+02   4.6271e+00   5.4279e-06  -1.6973e-06  -2.4529e-06   9.8412e-07   3.3934e-06   5.3905e+09   5.2303e+11   3.9909e+09
  1.0441e+02   1.0442e+02   4.6484e+00   4.6812e-06   5.7929e-06  -2.9527e-06   1.7613e-06   3.3293e-06   5.6009e+09   5.4360e+11   4.1470e+09
  1.0666e+02   1.0667e+02   4.6697e+00   3.7337e-07   2.7433e-06  -3.4974e-07  -1.2511e-06   3.2673e-06   5.8180e+09   5.6465e+11   4.3074e+09
  1.0896e+02   1.0897e+02   4.6910e+00   2.0311e-06   2.4282e-06   3.6813e-07   6.0938e-07   3.2084e-06   6.0398e+09   5.8592e+11   4.4701e+09
  1.1130e+02   1.1132e+02   4.7124e+00   3.3145e-06   2.2209e-06   1.9266e-06  -2.4485e-07   3.1496e-06   6.2722e+09   6.0834e+11   4.6411e+09
  1.1370e+02   1.1372e+02   4.7337e+00  -1.0392e-06  -7.0622e-07   2.2405e-06  -1.4133e-06   3.0917e-06   6.5124e+09   6.3158e+11   4.8183e+09
  1.1615e+02   1.1617e+02   4.7550e+00   1.8299e-06   6.7380e-07  -1.1838e-06  -1.0905e-06   3.0364e-06   6.7588e+09   6.5525e+11   4.9990e+09
  1.1866e+02   1.1867e+02   4.7763e+00   2.6694e-06   2.3953e-08   3.6613e-07   1.0101e-06   2.9806e-06   7.0165e+09   6.8034e+11   5.1896e+09
  1.2121e+02   1.2123e+02   4.7977e+00   3.1670e-06   2.5549e-06   7.8617e-07  -6.5235e-07   2.9262e-06   7.2831e+09   7.0624e+11   5.3864e+09
  1.2383e+02   1.2384e+02   4.8190e+00   9.0459e-07   4.9023e-06   1.6265e-06   5.4830e-07   2.8756e-06   7.5520e+09   7.3184e+11   5.5826e+09
  1.2649e+02   1.2651e+02   4.8403e+00   3.0728e-06   4.3340e-06  -2.1853e-06  -5.5007e-08   2.8254e-06   7.8315e+09   7.5868e+11   5.7875e+09
  1.2922e+02   1.2924e+02   4.8616e+00   4.0024e-06   3.2572e-06  -2.2664e-06  -6.3953e-07   2.7762e-06   8.1188e+09   7.8627e+11   5.9981e+09
  1.3201e+02   1.3202e+02   4.8830e+00   8.2075e-07   3.2348e-06  -1.4978e-07  -7.6867e-07   2.7287e-06   8.4152e+09   8.1463e+11   6.2147e+09
  1.3485e+02   1.3487e+02   4.9043e+00   2.8865e-06   1.9131e-06  -3.4562e-07  -4.5838e-07   2.6803e-06   8.7278e+09   8.4489e+11   6.4446e+09
  1.3776e+02   1.3778e+02   4.9256e+00   3.8993e-06   2.0887e-06   1.4285e-06   5.3043e-07   2.6349e-06   9.0407e+09   8.7482e+11   6.6734e+09
  1.4073e+02   1.4075e+02   4.9469e+00   1.2593e-06   2.7011e-06   9.6714e-07  -1.3641e-06   2.5903e-06   9.3654e+09   9.0589e+11   6.9109e+09
  1.4376e+02   1.4378e+02   4.9683e+00   2.2022e-06   3.7963e-07   1.1420e-07  -3.8987e-07   2.5466e-06   9.6986e+09   9.3784e+11   7.1547e+09
  1.4686e+02   1.4688e+02   4.9896e+00   2.5709e-06   4.3647e-06   2.6769e-06   1.2681e-07   2.5047e-06   1.0042e+10   9.7052e+11   7.4043e+09
  1.5002e+02   1.5005e+02   5.0109e+00   3.9574e-06   1.8472e-06   2.2701e-06   2.0499e-06   2.4623e-06   1.0398e+10   1.0049e+12   7.6657e+09
  1.5326e+02   1.5328e+02   5.0322e+00   2.6577e-06   4.4248e-07   1.2991e-07  -6.1714e-07   2.4228e-06   1.0755e+10   1.0388e+12   7.9253e+09
  1.5656e+02   1.5658e+02   5.0536e+00   1.6903e-06   2.0275e-06  -1.4497e-06   1.1588e-06   2.3839e-06   1.1129e+10   1.0742e+12   8.1963e+09
  1.5993e+02   1.5996e+02   5.0749e+00   3.2774e-06   2.1379e-06   1.3931e-06  -1.6320e-06   2.3465e-06   1.1504e+10   1.1098e+12   8.4683e+09
  1.6338e+02   1.6341e+02   5.0962e+00   2.9114e-06   2.0131e-06  -6.2868e-07   2.5461e-06   2.3088e-06   1.1901e+10   1.1477e+12   8.7569e+09
  1.6690e+02   1.6693e+02   5.1176e+00   1.8727e-06  -5.1425e-07   1.2976e-06   1.3779e-06   2.2716e-06   1.2306e+10   1.1865e+12   9.0524e+09
  1.7050e+02   1.7053e+02   5.1389e+00   4.4902e-07   2.4628e-06   8.3910e-07   4.1773e-07   2.2366e-06   1.2721e+10   1.2256e+12   9.3517e+09
  1.7417e+02   1.7421e+02   5.1602e+00   2.8199e-06   1.2287e-06   5.8224e-07   6.6995e-07   2.2014e-06   1.3153e+10   1.2666e+12   9.6645e+09
  1.7793e+02   1.7796e+02   5.1815e+00   1.0772e-06   2.8753e-06  -9.3210e-07  -5.8835e-08   2.1677e-06   1.3596e+10   1.3087e+12   9.9844e+09
  1.8176e+02   1.8180e+02   5.2029e+00   2.0488e-06   2.7230e-06   1.7718e-07  -1.0990e-06   2.1344e-06   1.4047e+10   1.3515e+12   1.0311e+10
  1.8568e+02   1.8572e+02   5.2242e+00   1.4183e-06   6.8003e-07   1.6489e-06  -2.6294e-07   2.1030e-06   1.4505e+10   1.3943e+12   1.0639e+10
  1.8968e+02   1.8972e+02   5.2455e+00   2.1638e-06   1.8045e-06   1.0903e-06  -5.5579e-07   2.0721e-06   1.4977e+10   1.4386e+12   1.0977e+10
  1.9377e+02   1.9381e+02   5.2669e+00   2.6297e-06   1.4572e-06  -5.1906e-07   1.0787e-06   2.0420e-06   1.5461e+10   1.4843e+12   1.1325e+10
  1.9794e+02   1.9799e+02   5.2882e+00   3.0649e-07  -4.3625e-08   1.2071e-06   4.2006e-07   2.0126e-06   1.5959e+10   1.5307e+12   1.1680e+10
  2.0221e+02   2.0225e+02   5.3095e+00   3.7374e-06   1.6565e-06   2.0585e-06  -1.0296e-07   1.9849e-06   1.6457e+10   1.5772e+12   1.2034e+10
  2.0657e+02   2.0662e+02   5.3308e+00   1.4793e-06   2.6428e-06   9.7578e-08  -7.4786e-07   1.9581e-06   1.6966e+10   1.6244e+12   1.2395e+10
  2.1102e+02   2.1107e+02   5.3522e+00  -2.0690e-07   6.6619e-08  -7.0812e-07  -3.0017e-07   1.9315e-06   1.7494e+10   1.6736e+12   1.2769e+10
  2.1557e+02   2.1562e+02   5.3735e+00   1.1856e-06   1.2991e-06  -1.0119e-06  -4.3257e-07   1.9069e-06   1.8017e+10   1.7216e+12   1.3137e+10
  2.2021e+02   2.2027e+02   5.3948e+00   1.3261e-06  -4.5273e-08   2.5085e-07   1.7522e-07   1.8828e-06   1.8556e+10   1.7711e+12   1.3514e+10
  2.2496e+02   2.2502e+02   5.4162e+00   1.2016e-06   2.0389e-06  -8.1377e-07  -1.7512e-07   1.8585e-06   1.9122e+10   1.8233e+12   1.3912e+10
  2.2981e+02   2.2987e+02   5.4375e+00   1.5827e-06   1.1648e-06   7.3296e-08  -2.1203e-07   1.8361e-06   1.9678e+10   1.8739e+12   1.4298e+10
  2.3476e+02   2.3482e+02   5.4588e+00   1.7495e-06   2.4744e-06  -1.7703e-06  -2.8921e-07   1.8142e-06   2.0249e+10   1.9260e+12   1.4695e+10
  2.3982e+02   2.3989e+02   5.4801e+00   2.0768e-07   1.1827e-06   1.3489e-06  -7.8079e-07   1.7927e-06   2.0845e+10   1.9803e+12   1.5107e+10
  2.4499e+02   2.4506e+02   5.5015e+00   1.0825e-06   2.1344e-06  -3.3709e-07  -4.7694e-07   1.7720e-06   2.1425e+10   2.0329e+12   1.5508e+10
  2.5027e+02   2.5034e+02   5.5228e+00   1.8752e-06   1.0201e-06  -1.1780e-06  -3.4055e-07   1.7517e-06   2.2020e+10   2.0870e+12   1.5921e+10
  2.5566e+02   2.5574e+02   5.5441e+00   4.9528e-07   1.2199e-06   1.3596e-07   1.6305e-06   1.7309e-06   2.2646e+10   2.1442e+12   1.6356e+10
  2.6117e+02   2.6125e+02   5.5655e+00   2.2523e-06   3.0257e-07  -1.1077e-06   9.7482e-07   1.7123e-06   2.3241e+10   2.1982e+12   1.6765e+10
  2.6680e+02   2.6689e+02   5.5868e+00   1.1199e-06   6.3784e-07   2.1112e-07   2.2209e-07   1.6935e-06   2.3860e+10   2.2542e+12   1.7192e+10
  2.7255e+02   2.7264e+02   5.6081e+00   1.8253e-06   3.5186e-06  -1.0673e-06   5.5703e-07   1.6763e-06   2.4461e+10   2.3082e+12   1.7604e+10
  2.7843e+02   2.7852e+02   5.6295e+00   1.4689e-06   1.0887e-06  -1.7501e-06   3.8576e-09   1.6602e-06   2.5049e+10   2.3605e+12   1.8003e+10
  2.8443e+02   2.8453e+02   5.6508e+00   9.2589e-07   7.5298e-07  -3.8313e-07  -6.6633e-07   1.6446e-06   2.5651e+10   2.4144e+12   1.8413e+10
  2.9056e+02   2.9066e+02   5.6721e+00   2.0903e-06   1.7906e-06  -1.4832e-09  -7.4169e-08   1.6302e-06   2.6240e+10   2.4662e+12   1.8810e+10
  2.9682e+02   2.9693e+02   5.6935e+00  -3.6238e-07   1.0758e-06  -1.1953e-06   3.1238e-07   1.6165e-06   2.6842e+10   2.5188e+12   1.9210e+10
  3.0322e+02   3.0333e+02   5.7148e+00   8.6174e-08   2.3182e-06  -8.8049e-07  -5.5373e-07   1.6035e-06   2.7410e+10   2.5685e+12   1.9590e+10
  3.0975e+02   3.0987e+02   5.7361e+00   2.5064e-07   2.1614e-06   6.9593e-07  -1.2570e-07   1.5910e-06   2.7984e+10   2.6184e+12   1.9973e+10
  3.1643e+02   3.1656e+02   5.7575e+00  -9.4109e-07   9.7038e-07  -1.3435e-06  -2.0076e-06   1.5783e-06   2.8567e+10   2.6697e+12   2.0364e+10
  3.2325e+02   3.2338e+02   5.7788e+00  -4.6570e-07   6.6323e-07  -7.1900e-07  -6.0095e-07   1.5672e-06   2.9097e+10   2.7156e+12   2.0717e+10
  3.3021e+02   3.3035e+02   5.8001e+00  -3.1670e-07   1.0804e-06  -5.7496e-07  -1.6233e-06   1.5569e-06   2.9630e+10   2.7616e+12   2.1068e+10
  3.3733e+02   3.3748e+02   5.8215e+00   8.5592e-08  -9.3691e-07  -5.6709e-07  -7.4621e-07   1.5472e-06   3.0137e+10   2.8049e+12   2.1401e+10
  3.4460e+02   3.4476e+02   5.8428e+00  -4.6271e-07   1.9025e-06  -1.1277e-06   8.4394e-08   1.5375e-06   3.0645e+10   2.8489e+12   2.1737e+10
  3.5203e+02   3.5220e+02   5.8642e+00   1.8656e-07   1.1316e-06   9.1871e-07  -7.2499e-07   1.5289e-06   3.1132e+10   2.8908e+12   2.2056e+10
  3.5961e+02   3.5979e+02   5.8855e+00  -5.0463e-08   1.9572e-06  -2.4727e-07  -4.7048e-07   1.5199e-06   3.1623e+10   2.9337e+12   2.2380e+10
  3.6736e+02   3.6756e+02   5.9069e+00  -5.5132e-07   1.4915e-06   7.0592e-08  -5.4958e-07   1.5095e-06   3.2139e+10   2.9796e+12   2.2731e+10
  3.7528e+02   3.7548e+02   5.9282e+00   9.6128e-08   1.4280e-06  -1.0321e-06  -8.2039e-07   1.4994e-06   3.2629e+10   3.0241e+12   2.3068e+10
  3.8337e+02   3.8358e+02   5.9495e+00  -1.2552e-06   1.2606e-06   1.0149e-07   9.8092e-09   1.4891e-06   3.3055e+10   3.0640e+12   2.3373e+10
  3.9163e+02   3.9186e+02   5.9709e+00  -4.2743e-07   2.5044e-06  -1.3680e-06   3.2606e-07   1.4793e-06   3.3479e+10   3.1041e+12   2.3678e+10
