#   r_nom       meanr       meanlogr       xip          xim         xip_pm       xim_im     sigma_xip      npairs       weight    npairs_weighted
  3.8301e-01   3.8304e-01  -9.5964e-01   5.2518e-04  -9.2121e-04   6.0119e-04  -3.0120e-04   5.0686e-04   5.3462e+04   5.9916e+06   3.6038e+04
  3.9127e-01   3.9130e-01  -9.3830e-01   5.6327e-05  -1.2222e-04   2.3939e-04   1.5929e-04   6.7996e-04   8.3686e+04   1.3583e+07   8.0463e+04
  3.9970e-01   3.9972e-01  -9.1700e-01  -2.1802e-04   5.9246e-04   8.5589e-04   5.4771e-04   6.6749e-04   8.6815e+04   1.4094e+07   8.3447e+04
  4.0831e-01   4.0836e-01  -8.9563e-01  -5.1404e-04   2.2441e-04  -9.0618e-05   3.1010e-04   6.5155e-04   9.1043e+04   1.4788e+07   8.7611e+04
  4.1711e-01   4.1715e-01  -8.7433e-01   1.7677e-04   6.6412e-04  -3.1820e-04  -5.8112e-04   6.3759e-04   9.5141e+04   1.5452e+07   9.1496e+04
  4.2610e-01   4.2615e-01  -8.5298e-01   1.9122e-04  -4.6449e-04   2.1264e-05   4.9751e-04   6.2516e-04   9.8979e+04   1.6075e+07   9.5258e+04
  4.3529e-01   4.3532e-01  -8.3169e-01   5.8929e-04   5.3182e-05   3.8064e-05  -1.6947e-04   6.1247e-04   1.0334e+05   1.6736e+07   9.9113e+04
  4.4467e-01   4.4472e-01  -8.1034e-01  -1.3269e-04   7.2510e-05  -1.7995e-04   8.2043e-05   6.0019e-04   1.0747e+05   1.7425e+07   1.0316e+05
  4.5425e-01   4.5429e-01  -7.8904e-01   1.7021e-04   1.1093e-04  -3.0533e-04   2.6984e-04   5.8663e-04   1.1240e+05   1.8255e+07   1.0805e+05
  4.6404e-01   4.6411e-01  -7.6766e-01   4.2627e-04  -2.4821e-04  -7.8800e-05   1.6527e-04   5.7356e-04   1.1748e+05   1.9103e+07   1.1302e+05
  4.7404e-01   4.7409e-01  -7.4638e-01   3.0575e-04   3.9745e-04  -5.2234e-05   4.6737e-05   5.6278e-04   1.2229e+05   1.9839e+07   1.1754e+05
  4.8426e-01   4.8430e-01  -7.2507e-01   1.5831e-04   9.6526e-05   7.4335e-05   6.4978e-04   5.5034e-04   1.2799e+05   2.0730e+07   1.2286e+05
  4.9470e-01   4.9475e-01  -7.0374e-01   6.1734e-06   3.8360e-04  -2.0001e-04   4.8228e-04   5.3959e-04   1.3294e+05   2.1580e+07   1.2776e+05
  5.0536e-01   5.0542e-01  -6.8239e-01   6.5732e-05  -7.2887e-05  -2.1015e-04   4.2604e-04   5.2789e-04   1.3857e+05   2.2539e+07   1.3324e+05
  5.1625e-01   5.1631e-01  -6.6107e-01   1.5999e-04   4.1105e-05  -6.0880e-04  -1.5287e-04   5.1718e-04   1.4461e+05   2.3470e+07   1.3905e+05
  5.2738e-01   5.2741e-01  -6.3979e-01   1.6827e-05   1.6012e-04   3.7001e-05  -3.2206e-04   5.0658e-04   1.5079e+05   2.4471e+07   1.4484e+05
  5.3874e-01   5.3880e-01  -6.1843e-01   5.1805e-04   1.4826e-04  -2.9686e-04  -8.9949e-05   4.9523e-04   1.5722e+05   2.5605e+07   1.5140e+05
  5.5035e-01   5.5039e-01  -5.9714e-01   2.3198e-04   9.2355e-05   4.4626e-05  -4.4077e-04   4.8537e-04   1.6436e+05   2.6651e+07   1.5791e+05
  5.6222e-01   5.6227e-01  -5.7579e-01   2.0845e-04  -5.0769e-04   3.1367e-04  -2.6372e-04   4.7477e-04   1.7132e+05   2.7854e+07   1.6481e+05
  5.7433e-01   5.7440e-01  -5.5446e-01   5.3855e-05   2.2838e-05   3.6967e-04  -9.8850e-05   4.6620e-04   1.7853e+05   2.8904e+07   1.7121e+05
  5.8671e-01   5.8677e-01  -5.3315e-01   2.3115e-05   2.0784e-05  -7.4506e-05   3.3129e-04   4.5605e-04   1.8591e+05   3.0198e+07   1.7867e+05
  5.9936e-01   5.9941e-01  -5.1183e-01   8.6577e-05   7.6513e-06   6.4112e-05  -3.8562e-05   4.4639e-04   1.9411e+05   3.1518e+07   1.8650e+05
  6.1227e-01   6.1232e-01  -4.9051e-01  -1.1242e-06   1.6590e-04   8.5921e-06   1.2104e-04   4.3749e-04   2.0207e+05   3.2828e+07   1.9429e+05
  6.2547e-01   6.2554e-01  -4.6916e-01  -1.6987e-04   5.0632e-05  -9.8363e-05   3.5056e-05   4.2819e-04   2.1118e+05   3.4245e+07   2.0287e+05
  6.3895e-01   6.3901e-01  -4.4786e-01   7.3564e-05  -1.6874e-04  -3.5663e-04   6.1968e-05   4.2052e-04   2.1976e+05   3.5522e+07   2.1062e+05
  6.5272e-01   6.5276e-01  -4.2656e-01  -5.8709e-05  -5.8093e-05  -2.1284e-05  -1.7033e-05   4.1111e-04   2.2941e+05   3.7154e+07   2.2032e+05
  6.6679e-01   6.6685e-01  -4.0521e-01  -1.0447e-04   8.8884e-05  -1.7112e-04  -9.4264e-05   4.0282e-04   2.3882e+05   3.8725e+07   2.2935e+05
  6.8116e-01   6.8123e-01  -3.8388e-01   5.9150e-05   2.8507e-04  -1.4837e-04   8.1819e-05   3.9404e-04   2.4963e+05   4.0459e+07   2.3964e+05
  6.9584e-01   6.9589e-01  -3.6258e-01   3.7774e-04  -2.6667e-05   2.5276e-04   3.6414e-04   3.8579e-04   2.5967e+05   4.2167e+07   2.4966e+05
  7.1083e-01   7.1090e-01  -3.4124e-01  -2.7306e-04   1.3111e-04  -1.4945e-04  -2.2706e-04   3.7810e-04   2.7082e+05   4.3909e+07   2.6021e+05
  7.2615e-01   7.2623e-01  -3.1991e-01   3.4881e-04   3.8085e-06  -3.7222e-06   1.0818e-04   3.6949e-04   2.8356e+05   4.6004e+07   2.7247e+05
  7.4180e-01   7.4190e-01  -2.9857e-01   1.0382e-04   1.7908e-04   2.7177e-05   8.6023e-05   3.6246e-04   2.9465e+05   4.7792e+07   2.8301e+05
  7.5779e-01   7.5785e-01  -2.7729e-01   2.6051e-04  -1.4766e-04   7.3593e-05  -1.4995e-04   3.5494e-04   3.0756e+05   4.9839e+07   2.9512e+05
  7.7412e-01   7.7419e-01  -2.5595e-01  -3.4893e-04  -9.2455e-06   1.2572e-04  -4.1484e-05   3.4780e-04   3.2029e+05   5.1910e+07   3.0753e+05
  7.9081e-01   7.9089e-01  -2.3462e-01   6.6249e-05   2.0262e-05   6.1453e-05   3.4207e-04   3.4057e-04   3.3442e+05   5.4167e+07   3.2080e+05
  8.0785e-01   8.0792e-01  -2.1331e-01   2.6784e-04  -2.4217e-04  -1.8048e-04  -5.3424e-05   3.3364e-04   3.4855e+05   5.6445e+07   3.3445e+05
  8.2526e-01   8.2533e-01  -1.9200e-01   9.4308e-05  -8.0931e-05  -3.6561e-05   1.1755e-05   3.2619e-04   3.6369e+05   5.9013e+07   3.4933e+05
  8.4305e-01   8.4313e-01  -1.7066e-01   1.1827e-04   1.8614e-04  -1.0225e-04   8.1551e-05   3.1947e-04   3.7948e+05   6.1540e+07   3.6450e+05
  8.6122e-01   8.6130e-01  -1.4932e-01   4.5573e-04   1.3433e-04   1.3952e-04  -3.3041e-04   3.1325e-04   3.9559e+05   6.4009e+07   3.7962e+05
  8.7978e-01   8.7987e-01  -1.2800e-01   1.1903e-04  -2.2742e-04   3.3921e-04  -2.8567e-05   3.0656e-04   4.1221e+05   6.6802e+07   3.9566e+05
  8.9874e-01   8.9882e-01  -1.0669e-01  -9.5013e-05  -1.0786e-04   9.4003e-05  -2.8894e-04   3.0066e-04   4.2961e+05   6.9500e+07   4.1222e+05
  9.1811e-01   9.1820e-01  -8.5358e-02   7.0451e-05  -1.1285e-04   1.5576e-04   2.0823e-04   2.9405e-04   4.4832e+05   7.2652e+07   4.3051e+05
  9.3790e-01   9.3798e-01  -6.4046e-02   2.1620e-04   9.7746e-05  -1.2249e-04   2.3947e-04   2.8801e-04   4.6730e+05   7.5690e+07   4.4890e+05
  9.5811e-01   9.5821e-01  -4.2714e-02   8.9822e-05   7.0703e-05   1.1496e-04   9.1031e-05   2.8219e-04   4.8730e+05   7.8863e+07   4.6721e+05
  9.7876e-01   9.7886e-01  -2.1392e-02  -2.5112e-04   4.9684e-05   8.8824e-05   1.0087e-04   2.7609e-04   5.0864e+05   8.2400e+07   4.8813e+05
  9.9985e-01   9.9995e-01  -6.5170e-05  -2.1413e-05  -4.6214e-05   4.7577e-05  -6.1165e-05   2.7055e-04   5.2984e+05   8.5831e+07   5.0863e+05
  1.0214e+00   1.0215e+00   2.1243e-02  -2.1098e-05  -2.2844e-06  -2.5903e-05  -2.0572e-05   2.6495e-04   5.5192e+05   8.9516e+07   5.3024e+05
  1.0434e+00   1.0435e+00   4.2579e-02   1.7242e-04  -5.1653e-05  -2.2400e-04   4.9534e-05   2.5967e-04   5.7585e+05   9.3178e+07   5.5221e+05
  1.0659e+00   1.0660e+00   6.3890e-02  -7.8222e-06   2.3715e-05  -1.2028e-04  -7.4264e-05   2.5415e-04   6.0057e+05   9.7240e+07   5.7640e+05
  1.0889e+00   1.0890e+00   8.5217e-02  -5.5290e-05   1.3197e-04  -1.1363e-04  -2.5172e-05   2.4913e-04   6.2518e+05   1.0120e+08   5.9974e+05
  1.1123e+00   1.1125e+00   1.0656e-01   3.5112e-04   1.5416e-04  -5.9600e-05  -2.3997e-05   2.4348e-04   6.5391e+05   1.0596e+08   6.2778e+05
  1.1363e+00   1.1364e+00   1.2787e-01  -8.7451e-05   1.3066e-04   9.8607e-05   9.0788e-05   2.3926e-04   6.7872e+05   1.0979e+08   6.5091e+05
  1.1608e+00   1.1609e+00   1.4919e-01  -4.3435e-05  -1.4481e-04  -1.2920e-04   7.4344e-05   2.3391e-04   7.0872e+05   1.1480e+08   6.8024e+05
  1.1858e+00   1.1859e+00   1.7052e-01   6.4716e-05  -1.0524e-05   4.4202e-05   3.0751e-05   2.2886e-04   7.4027e+05   1.1992e+08   7.1047e+05
  1.2114e+00   1.2115e+00   1.9184e-01   9.5551e-06   1.2496e-04   1.0360e-04   1.0864e-04   2.2411e-04   7.7134e+05   1.2504e+08   7.4063e+05
  1.2375e+00   1.2376e+00   2.1315e-01   1.3771e-04   1.0558e-04   6.5173e-07   1.1070e-06   2.1992e-04   8.0295e+05   1.2989e+08   7.7026e+05
  1.2642e+00   1.2643e+00   2.3448e-01   5.3181e-05   1.6392e-04  -4.3978e-05   9.7046e-06   2.1515e-04   8.3785e+05   1.3568e+08   8.0416e+05
  1.2914e+00   1.2915e+00   2.5580e-01  -7.6509e-05  -3.4720e-05  -4.8610e-05  -9.9582e-05   2.1083e-04   8.7379e+05   1.4132e+08   8.3753e+05
  1.3192e+00   1.3194e+00   2.7714e-01  -3.5465e-05  -6.7215e-05  -1.5602e-04  -1.3252e-05   2.0656e-04   9.0926e+05   1.4723e+08   8.7301e+05
  1.3477e+00   1.3478e+00   2.9845e-01   9.6490e-05  -1.0176e-04  -4.0841e-05  -1.5920e-04   2.0226e-04   9.4909e+05   1.5354e+08   9.1018e+05
  1.3767e+00   1.3769e+00   3.1979e-01  -3.4994e-05   3.2954e-05  -1.0484e-05   2.6745e-05   1.9807e-04   9.8906e+05   1.6010e+08   9.4885e+05
  1.4064e+00   1.4065e+00   3.4110e-01   1.1883e-04  -6.4090e-05  -3.4411e-06   7.4966e-06   1.9396e-04   1.0311e+06   1.6704e+08   9.8970e+05
  1.4367e+00   1.4369e+00   3.6244e-01  -1.6023e-04   1.4698e-05   2.6515e-05   2.5316e-05   1.9021e-04   1.0727e+06   1.7364e+08   1.0291e+06
  1.4677e+00   1.4678e+00   3.8374e-01   3.1001e-05  -3.3690e-05  -1.4240e-05   2.3718e-05   1.8610e-04   1.1216e+06   1.8138e+08   1.0756e+06
  1.4993e+00   1.4994e+00   4.0507e-01   9.7896e-05   9.8037e-05   8.7863e-05   3.1800e-06   1.8233e-04   1.1667e+06   1.8892e+08   1.1199e+06
  1.5316e+00   1.5317e+00   4.2639e-01  -2.8326e-05   1.7443e-04  -1.4321e-04  -1.0338e-04   1.7867e-04   1.2163e+06   1.9676e+08   1.1668e+06
  1.5646e+00   1.5648e+00   4.4772e-01   4.0274e-05  -2.7315e-05  -1.2043e-04  -1.0462e-04   1.7490e-04   1.2701e+06   2.0534e+08   1.2179e+06
  1.5983e+00   1.5985e+00   4.6904e-01   7.0614e-05   2.5404e-05   4.2250e-05   1.2991e-04   1.7130e-04   1.3233e+06   2.1413e+08   1.2696e+06
  1.6328e+00   1.6329e+00   4.9035e-01  -1.1677e-05   5.0236e-05  -3.7445e-05  -1.2010e-04   1.6781e-04   1.3781e+06   2.2309e+08   1.3223e+06
  1.6680e+00   1.6681e+00   5.1168e-01   9.7427e-05  -4.3298e-05  -7.8335e-05  -5.1798e-05   1.6425e-04   1.4386e+06   2.3289e+08   1.3806e+06
  1.7039e+00   1.7041e+00   5.3300e-01  -2.3268e-05   1.5154e-04  -8.4328e-05  -6.6887e-05   1.6085e-04   1.5010e+06   2.4281e+08   1.4397e+06
  1.7406e+00   1.7408e+00   5.5434e-01   7.8601e-05   4.0966e-05   2.1861e-05   6.0061e-05   1.5746e-04   1.5641e+06   2.5336e+08   1.5014e+06
  1.7782e+00   1.7783e+00   5.7565e-01  -5.0762e-05   1.4265e-05   6.2220e-05  -9.7770e-05   1.5428e-04   1.6302e+06   2.6394e+08   1.5645e+06
  1.8165e+00   1.8166e+00   5.9696e-01   1.5620e-04  -3.8206e-05  -1.1706e-05   3.3805e-06   1.5112e-04   1.6994e+06   2.7512e+08   1.6303e+06
  1.8556e+00   1.8558e+00   6.1829e-01   1.7223e-04   5.8295e-05   7.3394e-05  -9.2350e-05   1.4799e-04   1.7725e+06   2.8685e+08   1.7006e+06
  1.8956e+00   1.8958e+00   6.3962e-01   2.2471e-05   4.4836e-05  -9.6446e-05   1.5289e-04   1.4498e-04   1.8473e+06   2.9892e+08   1.7720e+06
  1.9365e+00   1.9367e+00   6.6095e-01   1.3440e-04  -2.5412e-05  -1.2356e-04   7.6317e-05   1.4205e-04   1.9250e+06   3.1136e+08   1.8464e+06
  1.9782e+00   1.9784e+00   6.8227e-01   1.2431e-04   1.0926e-04   3.6563e-05  -1.1178e-04   1.3910e-04   2.0074e+06   3.2465e+08   1.9251e+06
  2.0208e+00   2.0210e+00   7.0360e-01   1.0570e-04   7.7169e-05   3.8007e-05  -4.5192e-05   1.3621e-04   2.0934e+06   3.3867e+08   2.0084e+06
  2.0644e+00   2.0646e+00   7.2491e-01  -1.8094e-05  -4.9181e-05  -8.6595e-05   5.0048e-05   1.3345e-04   2.1814e+06   3.5282e+08   2.0924e+06
  2.1089e+00   2.1091e+00   7.4623e-01  -5.0092e-05  -3.4595e-05   5.5584e-05   1.2014e-04   1.3071e-04   2.2739e+06   3.6785e+08   2.1811e+06
  2.1543e+00   2.1545e+00   7.6756e-01   5.9565e-05   2.4821e-06  -6.1962e-06   3.7675e-05   1.2793e-04   2.3736e+06   3.8394e+08   2.2762e+06
  2.2008e+00   2.2010e+00   7.8888e-01  -3.3859e-05   7.2990e-05   4.0587e-06   5.2140e-05   1.2534e-04   2.4718e+06   3.9990e+08   2.3713e+06
  2.2482e+00   2.2484e+00   8.1021e-01   9.3794e-06   6.5527e-05  -1.0579e-04   2.4645e-06   1.2272e-04   2.5771e+06   4.1719e+08   2.4730e+06
  2.2967e+00   2.2968e+00   8.3152e-01   4.5096e-05   3.2071e-06  -6.1732e-06  -1.5228e-05   1.2032e-04   2.6841e+06   4.3400e+08   2.5746e+06
  2.3462e+00   2.3464e+00   8.5285e-01  -1.6557e-05   8.5565e-05   4.2556e-06   7.2906e-05   1.1773e-04   2.8005e+06   4.5320e+08   2.6868e+06
  2.3967e+00   2.3969e+00   8.7417e-01  -1.9717e-06  -2.1595e-06   7.1048e-05  -5.5523e-06   1.1536e-04   2.9181e+06   4.7215e+08   2.7997e+06
  2.4484e+00   2.4486e+00   8.9550e-01  -5.3727e-06   7.4160e-06  -6.5182e-05   7.8145e-05   1.1303e-04   3.0416e+06   4.9189e+08   2.9178e+06
  2.5011e+00   2.5014e+00   9.1681e-01   3.9153e-05   3.9065e-05  -1.2880e-04  -6.0576e-06   1.1071e-04   3.1711e+06   5.1258e+08   3.0411e+06
  2.5550e+00   2.5553e+00   9.3814e-01  -5.2133e-05   5.1270e-05   2.5522e-05   4.4540e-05   1.0841e-04   3.3057e+06   5.3468e+08   3.1708e+06
  2.6101e+00   2.6104e+00   9.5947e-01   9.4427e-05   1.2991e-05  -6.0553e-05  -1.8335e-06   1.0622e-04   3.4438e+06   5.5693e+08   3.3038e+06
  2.6664e+00   2.6666e+00   9.8079e-01  -9.0813e-06  -3.9627e-05   1.4277e-05   3.1505e-05   1.0401e-04   3.5919e+06   5.8084e+08   3.4444e+06
  2.7238e+00   2.7241e+00   1.0021e+00   2.1423e-05   2.2698e-05  -6.4195e-05  -1.1143e-04   1.0183e-04   3.7444e+06   6.0595e+08   3.5939e+06
  2.7825e+00   2.7828e+00   1.0234e+00   5.7642e-05   4.0339e-05   3.8876e-05   3.6081e-05   9.9790e-05   3.9000e+06   6.3086e+08   3.7417e+06
  2.8425e+00   2.8428e+00   1.0448e+00   5.0966e-05   2.0549e-05   6.0286e-06   3.1647e-05   9.7725e-05   4.0680e+06   6.5785e+08   3.9020e+06
  2.9038e+00   2.9040e+00   1.0661e+00   3.0398e-05   8.2033e-05   7.5390e-05  -2.0143e-05   9.5762e-05   4.2384e+06   6.8533e+08   4.0640e+06
  2.9663e+00   2.9666e+00   1.0874e+00   9.0345e-05  -3.3086e-05   4.9239e-06  -9.3703e-07   9.3786e-05   4.4148e+06   7.1435e+08   4.2364e+06
  3.0303e+00   3.0305e+00   1.1087e+00   6.4349e-05  -1.0807e-05  -8.8991e-06   6.9887e-06   9.1869e-05   4.6038e+06   7.4444e+08   4.4149e+06
  3.0956e+00   3.0958e+00   1.1300e+00   1.3670e-05  -2.5695e-07   1.9591e-05   8.4583e-05   8.9987e-05   4.7974e+06   7.7595e+08   4.6024e+06
  3.1623e+00   3.1626e+00   1.1514e+00   6.3139e-05   2.8087e-05   1.2248e-06   4.5436e-05   8.8196e-05   4.9959e+06   8.0787e+08   4.7914e+06
  3.2305e+00   3.2308e+00   1.1727e+00  -1.8394e-05  -1.7702e-05  -5.8523e-05   4.2156e-06   8.6364e-05   5.2088e+06   8.4255e+08   4.9966e+06
  3.3001e+00   3.3004e+00   1.1940e+00  -3.3690e-05  -6.1202e-05   2.2984e-05   3.8830e-06   8.4599e-05   5.4283e+06   8.7798e+08   5.2073e+06
  3.3712e+00   3.3715e+00   1.2153e+00   8.4955e-06   4.7091e-06  -8.5260e-06   6.4245e-05   8.2873e-05   5.6582e+06   9.1493e+08   5.4275e+06
  3.4439e+00   3.4442e+00   1.2367e+00   3.5633e-05  -5.0198e-06  -1.4178e-05   1.1701e-05   8.1200e-05   5.8975e+06   9.5303e+08   5.6548e+06
  3.5181e+00   3.5184e+00   1.2580e+00   6.9513e-05   4.3747e-05   9.2395e-05  -1.4983e-05   7.9534e-05   6.1445e+06   9.9350e+08   5.8932e+06
  3.5939e+00   3.5942e+00   1.2793e+00   6.2655e-05   5.1532e-05   1.3457e-05  -1.5734e-05   7.7900e-05   6.4051e+06   1.0355e+09   6.1428e+06
  3.6714e+00   3.6717e+00   1.3006e+00   4.9228e-06   3.6575e-05  -1.2665e-05  -6.9200e-06   7.6326e-05   6.6686e+06   1.0787e+09   6.3976e+06
  3.7505e+00   3.7508e+00   1.3220e+00  -2.1997e-05  -2.4942e-05  -1.7665e-05   2.4410e-06   7.4761e-05   6.9537e+06   1.1244e+09   6.6698e+06
  3.8313e+00   3.8317e+00   1.3433e+00  -1.5753e-06  -3.4345e-05   3.1615e-05   1.5121e-05   7.3251e-05   7.2434e+06   1.1711e+09   6.9476e+06
  3.9139e+00   3.9143e+00   1.3646e+00   8.9784e-05  -1.8442e-05   1.4464e-05  -1.3478e-05   7.1797e-05   7.5429e+06   1.2190e+09   7.2326e+06
  3.9982e+00   3.9986e+00   1.3859e+00   4.2236e-05  -1.8116e-05  -6.4824e-05   1.5864e-05   7.0321e-05   7.8603e+06   1.2710e+09   7.5391e+06
  4.0844e+00   4.0848e+00   1.4073e+00  -1.6320e-05  -8.1788e-07   4.7969e-05  -4.9542e-05   6.8907e-05   8.1895e+06   1.3236e+09   7.8524e+06
  4.1724e+00   4.1728e+00   1.4286e+00  -5.4920e-05   1.9359e-05   1.0649e-05  -3.3157e-05   6.7506e-05   8.5303e+06   1.3790e+09   8.1809e+06
  4.2624e+00   4.2628e+00   1.4499e+00   3.6296e-05  -5.9751e-06  -2.5862e-05  -2.8274e-05   6.6141e-05   8.8876e+06   1.4366e+09   8.5226e+06
  4.3542e+00   4.3546e+00   1.4712e+00   6.0530e-05  -1.6691e-05  -5.5042e-05  -8.1199e-06   6.4775e-05   9.2644e+06   1.4978e+09   8.8861e+06
  4.4481e+00   4.4485e+00   1.4925e+00   6.7236e-05   1.5239e-05   5.0754e-05   3.5842e-05   6.3492e-05   9.6474e+06   1.5589e+09   9.2503e+06
  4.5439e+00   4.5444e+00   1.5139e+00  -2.6865e-05   2.5734e-05  -2.4734e-05  -8.8333e-06   6.2178e-05   1.0057e+07   1.6257e+09   9.6444e+06
  4.6419e+00   4.6423e+00   1.5352e+00   7.3605e-05   7.3528e-07   1.7219e-05   2.5299e-05   6.0921e-05   1.0475e+07   1.6933e+09   1.0047e+07
  4.7419e+00   4.7423e+00   1.5565e+00   1.7887e-05   6.1126e-06   1.0730e-05  -2.0291e-05   5.9676e-05   1.0915e+07   1.7648e+09   1.0469e+07
  4.8441e+00   4.8446e+00   1.5778e+00   1.0327e-05   6.8367e-06  -4.9308e-05   5.3645e-05   5.8475e-05   1.1371e+07   1.8381e+09   1.0905e+07
  4.9485e+00   4.9490e+00   1.5992e+00   2.1460e-05  -4.5903e-05  -2.3684e-05  -1.7577e-05   5.7295e-05   1.1848e+07   1.9147e+09   1.1360e+07
  5.0552e+00   5.0556e+00   1.6205e+00   1.8965e-05  -2.3209e-05  -6.1459e-06  -1.8087e-05   5.6137e-05   1.2334e+07   1.9942e+09   1.1830e+07
  5.1641e+00   5.1646e+00   1.6418e+00   1.1044e-05  -1.4524e-05   3.7078e-05   3.4581e-05   5.5001e-05   1.2853e+07   2.0776e+09   1.2325e+07
  5.2754e+00   5.2759e+00   1.6631e+00  -4.2483e-06  -3.7767e-05  -3.4596e-05   3.8445e-05   5.3899e-05   1.3385e+07   2.1636e+09   1.2836e+07
  5.3891e+00   5.3896e+00   1.6845e+00   7.3859e-05   4.5413e-06   4.6379e-05  -5.9450e-06   5.2801e-05   1.3950e+07   2.2544e+09   1.3374e+07
  5.5052e+00   5.5057e+00   1.7058e+00   1.1148e-05  -6.0817e-06  -1.7530e-05   1.6104e-05   5.1725e-05   1.4534e+07   2.3492e+09   1.3938e+07
  5.6239e+00   5.6244e+00   1.7271e+00   4.9248e-05   3.3136e-05   8.5152e-06  -9.7214e-06   5.0682e-05   1.5144e+07   2.4470e+09   1.4519e+07
  5.7451e+00   5.7456e+00   1.7484e+00   5.0760e-05  -2.1442e-05   2.1872e-05   1.1824e-05   4.9676e-05   1.5761e+07   2.5469e+09   1.5112e+07
  5.8689e+00   5.8694e+00   1.7697e+00  -1.7167e-05   1.8112e-05  -4.0128e-06  -3.3260e-06   4.8655e-05   1.6436e+07   2.6550e+09   1.5757e+07
  5.9954e+00   5.9960e+00   1.7911e+00   5.8588e-06   1.4689e-05  -1.5302e-06  -3.5273e-05   4.7659e-05   1.7120e+07   2.7669e+09   1.6415e+07
  6.1246e+00   6.1252e+00   1.8124e+00   3.2623e-05  -1.1132e-05  -1.1147e-05   6.3401e-06   4.6699e-05   1.7832e+07   2.8819e+09   1.7101e+07
  6.2566e+00   6.2572e+00   1.8337e+00   6.4127e-06  -1.6054e-06  -6.7960e-06  -1.2643e-06   4.5752e-05   1.8580e+07   3.0029e+09   1.7817e+07
  6.3915e+00   6.3921e+00   1.8550e+00   3.9642e-05   2.5546e-05   7.0908e-06  -1.4993e-05   4.4834e-05   1.9356e+07   3.1271e+09   1.8558e+07
  6.5292e+00   6.5298e+00   1.8764e+00  -1.0016e-05  -1.5324e-05   2.2929e-06   2.8409e-05   4.3902e-05   2.0174e+07   3.2609e+09   1.9346e+07
  6.6699e+00   6.6706e+00   1.8977e+00   3.5697e-05  -1.6808e-05   1.1915e-05   1.0599e-05   4.3014e-05   2.1020e+07   3.3971e+09   2.0154e+07
  6.8137e+00   6.8143e+00   1.9190e+00   5.3993e-06  -1.6151e-05   3.1254e-06   1.1429e-06   4.2151e-05   2.1895e+07   3.5375e+09   2.0992e+07
  6.9605e+00   6.9612e+00   1.9403e+00   6.7490e-06   7.2757e-06   6.2436e-06  -1.1792e-05   4.1278e-05   2.2827e+07   3.6889e+09   2.1886e+07
  7.1105e+00   7.1112e+00   1.9617e+00   2.2725e-05  -7.1279e-06   2.0131e-05   2.1707e-05   4.0427e-05   2.3795e+07   3.8458e+09   2.2818e+07
  7.2638e+00   7.2645e+00   1.9830e+00   4.7777e-05   6.8234e-06   2.0912e-05  -4.1710e-06   3.9594e-05   2.4809e+07   4.0093e+09   2.3789e+07
  7.4203e+00   7.4210e+00   2.0043e+00   2.8465e-06  -8.6361e-06  -9.7454e-06  -7.2220e-06   3.8771e-05   2.5874e+07   4.1815e+09   2.4808e+07
  7.5803e+00   7.5810e+00   2.0256e+00  -1.9390e-05  -4.9468e-06   6.3001e-06  -1.3170e-06   3.7977e-05   2.6969e+07   4.3579e+09   2.5856e+07
  7.7436e+00   7.7444e+00   2.0469e+00   2.3477e-05  -6.3742e-07  -2.5533e-05   8.3359e-06   3.7189e-05   2.8122e+07   4.5444e+09   2.6964e+07
  7.9105e+00   7.9113e+00   2.0683e+00   2.7639e-05   4.7480e-06   2.0226e-05   1.9972e-05   3.6421e-05   2.9315e+07   4.7385e+09   2.8112e+07
  8.0810e+00   8.0818e+00   2.0896e+00   3.4502e-06   2.0356e-06  -1.4761e-05  -4.9979e-06   3.5677e-05   3.0554e+07   4.9379e+09   2.9296e+07
  8.2552e+00   8.2559e+00   2.1109e+00   1.6497e-05  -1.0408e-05   4.0310e-06   9.0055e-06   3.4931e-05   3.1873e+07   5.1511e+09   3.0562e+07
  8.4331e+00   8.4339e+00   2.1322e+00   1.1441e-06   2.6694e-05   9.6822e-06  -9.0364e-06   3.4217e-05   3.3221e+07   5.3678e+09   3.1852e+07
  8.6148e+00   8.6156e+00   2.1536e+00  -1.2995e-06  -1.7551e-05   1.2016e-05  -1.0407e-05   3.3508e-05   3.4638e+07   5.5978e+09   3.3213e+07
  8.8005e+00   8.8014e+00   2.1749e+00   1.6788e-05   9.4296e-06  -1.8424e-05  -1.1552e-05   3.2809e-05   3.6122e+07   5.8385e+09   3.4641e+07
  8.9902e+00   8.9910e+00   2.1962e+00  -1.5066e-05   2.2923e-05  -2.9137e-06   1.3220e-05   3.2141e-05   3.7651e+07   6.0837e+09   3.6102e+07
  9.1839e+00   9.1848e+00   2.2175e+00   1.0309e-05  -2.5233e-05   6.4315e-06   3.1386e-05   3.1470e-05   3.9269e+07   6.3463e+09   3.7657e+07
  9.3819e+00   9.3827e+00   2.2389e+00   2.4952e-05  -1.5931e-05  -1.1421e-05  -3.9176e-07   3.0821e-05   4.0937e+07   6.6156e+09   3.9256e+07
  9.5841e+00   9.5849e+00   2.2602e+00   1.1985e-05   4.2177e-06  -1.2819e-06   3.1416e-07   3.0183e-05   4.2698e+07   6.8987e+09   4.0940e+07
  9.7906e+00   9.7915e+00   2.2815e+00   3.9348e-06   1.9713e-05   1.3413e-05  -1.1009e-05   2.9561e-05   4.4501e+07   7.1916e+09   4.2675e+07
  1.0002e+01   1.0003e+01   2.3028e+00  -1.0982e-06   2.1166e-05  -1.8244e-06   5.8786e-06   2.8959e-05   4.6385e+07   7.4945e+09   4.4480e+07
  1.0217e+01   1.0218e+01   2.3241e+00   1.8096e-05   2.2883e-05  -6.7737e-06   1.6181e-05   2.8358e-05   4.8370e+07   7.8149e+09   4.6381e+07
  1.0437e+01   1.0438e+01   2.3455e+00   3.0601e-05   6.8174e-08   3.6568e-06  -1.2103e-07   2.7771e-05   5.0437e+07   8.1492e+09   4.8363e+07
  1.0662e+01   1.0663e+01   2.3668e+00   3.8376e-06  -1.0060e-05  -2.6547e-05   2.0818e-05   2.7201e-05   5.2585e+07   8.4947e+09   5.0419e+07
  1.0892e+01   1.0893e+01   2.3881e+00   2.6532e-05   1.1010e-06   1.1931e-05   3.0527e-06   2.6647e-05   5.4797e+07   8.8508e+09   5.2534e+07
  1.1127e+01   1.1128e+01   2.4094e+00   4.4579e-06   1.0593e-05  -1.8096e-05  -4.3677e-06   2.6089e-05   5.7160e+07   9.2340e+09   5.4805e+07
  1.1367e+01   1.1368e+01   2.4308e+00   1.1000e-05  -1.0306e-06  -2.2559e-06   1.1134e-05   2.5552e-05   5.9596e+07   9.6263e+09   5.7140e+07
  1.1612e+01   1.1613e+01   2.4521e+00   1.1964e-06   1.0292e-05  -1.1694e-05   1.6129e-05   2.5028e-05   6.2120e+07   1.0033e+10   5.9554e+07
  1.1862e+01   1.1863e+01   2.4734e+00   2.1727e-05  -1.5293e-05  -3.0309e-06  -4.5797e-06   2.4514e-05   6.4759e+07   1.0459e+10   6.2082e+07
  1.2118e+01   1.2119e+01   2.4947e+00  -1.1157e-05  -7.0487e-07   6.0629e-06  -5.1370e-07   2.4007e-05   6.7522e+07   1.0905e+10   6.4730e+07
  1.2379e+01   1.2380e+01   2.5161e+00  -5.4027e-07  -7.6708e-06   7.6795e-06   1.1288e-06   2.3514e-05   7.0373e+07   1.1366e+10   6.7468e+07
  1.2646e+01   1.2647e+01   2.5374e+00   2.8031e-05   5.0242e-06  -7.2148e-06  -8.2456e-06   2.3027e-05   7.3391e+07   1.1854e+10   7.0365e+07
  1.2918e+01   1.2919e+01   2.5587e+00  -1.2372e-06   7.2199e-06  -1.5633e-06  -2.0508e-07   2.2553e-05   7.6509e+07   1.2356e+10   7.3350e+07
  1.3196e+01   1.3198e+01   2.5800e+00   1.7437e-06  -5.9543e-06  -1.0681e-06   7.5044e-06   2.2086e-05   7.9766e+07   1.2884e+10   7.6478e+07
  1.3481e+01   1.3482e+01   2.6013e+00   1.8686e-05   4.0743e-06   4.8078e-06  -1.3837e-05   2.1634e-05   8.3146e+07   1.3428e+10   7.9703e+07
  1.3771e+01   1.3773e+01   2.6227e+00   6.3184e-07   9.9720e-06   8.5845e-06   8.3729e-07   2.1189e-05   8.6671e+07   1.3998e+10   8.3092e+07
  1.4068e+01   1.4070e+01   2.6440e+00   5.1797e-07   9.5058e-06  -1.6599e-06  -5.6731e-06   2.0753e-05   9.0354e+07   1.4592e+10   8.6618e+07
  1.4371e+01   1.4373e+01   2.6653e+00   1.7266e-05   7.6068e-06  -3.7088e-06   9.0764e-06   2.0326e-05   9.4204e+07   1.5213e+10   9.0304e+07
  1.4681e+01   1.4683e+01   2.6866e+00   1.0938e-05   1.5236e-05  -1.4512e-05   1.3528e-06   1.9909e-05   9.8179e+07   1.5856e+10   9.4123e+07
  1.4998e+01   1.4999e+01   2.7080e+00   2.1752e-06   2.1898e-05   1.1356e-05  -1.7379e-05   1.9495e-05   1.0237e+08   1.6536e+10   9.8143e+07
  1.5321e+01   1.5322e+01   2.7293e+00   1.2512e-05  -7.3290e-06  -1.1883e-05  -6.2265e-06   1.9097e-05   1.0671e+08   1.7234e+10   1.0230e+08
  1.5651e+01   1.5652e+01   2.7506e+00   1.7131e-05  -2.1395e-06  -1.2648e-05  -1.4348e-05   1.8704e-05   1.1121e+08   1.7964e+10   1.0663e+08
  1.5988e+01   1.5990e+01   2.7719e+00   1.2176e-05   8.0674e-06  -1.6256e-06   3.7727e-06   1.8321e-05   1.1594e+08   1.8724e+10   1.1115e+08
  1.6333e+01   1.6334e+01   2.7933e+00  -5.4238e-07   9.1760e-06   7.4811e-07   1.6616e-05   1.7944e-05   1.2084e+08   1.9518e+10   1.1586e+08
  1.6685e+01   1.6686e+01   2.8146e+00   2.8876e-06   6.6684e-06  -3.8917e-07  -1.0400e-05   1.7578e-05   1.2598e+08   2.0342e+10   1.2076e+08
  1.7044e+01   1.7046e+01   2.8359e+00   1.4559e-06  -1.9844e-06  -1.0784e-05   1.0146e-06   1.7216e-05   1.3133e+08   2.1207e+10   1.2589e+08
  1.7412e+01   1.7413e+01   2.8572e+00   9.4872e-06   3.3842e-06  -1.8831e-06   8.2608e-07   1.6863e-05   1.3686e+08   2.2100e+10   1.3120e+08
  1.7787e+01   1.7789e+01   2.8785e+00  -1.1415e-05  -4.5001e-07  -5.6538e-06   1.3603e-06   1.6518e-05   1.4267e+08   2.3035e+10   1.3676e+08
  1.8170e+01   1.8172e+01   2.8999e+00  -1.9429e-06  -1.6485e-06   1.0344e-05  -7.7229e-06   1.6181e-05   1.4872e+08   2.4007e+10   1.4254e+08
  1.8562e+01   1.8564e+01   2.9212e+00   2.7150e-06  -4.1853e-06   1.8098e-05  -4.0308e-06   1.5851e-05   1.5496e+08   2.5015e+10   1.4853e+08
  1.8962e+01   1.8964e+01   2.9425e+00   1.0204e-05  -1.3787e-05  -3.8960e-06   1.0769e-05   1.5530e-05   1.6149e+08   2.6061e+10   1.5476e+08
  1.9371e+01   1.9373e+01   2.9638e+00  -4.8578e-07   9.3097e-06   1.6858e-06   3.1987e-06   1.5213e-05   1.6829e+08   2.7158e+10   1.6128e+08
  1.9788e+01   1.9790e+01   2.9852e+00  -1.5449e-06  -1.1801e-05  -1.3011e-06   1.9334e-06   1.4903e-05   1.7540e+08   2.8300e+10   1.6808e+08
  2.0215e+01   2.0217e+01   3.0065e+00   3.5003e-06   5.7682e-06  -2.0311e-07   2.4027e-06   1.4599e-05   1.8278e+08   2.9491e+10   1.7515e+08
  2.0650e+01   2.0652e+01   3.0278e+00  -5.7524e-06   4.7394e-06  -2.3717e-06   1.1526e-05   1.4303e-05   1.9046e+08   3.0726e+10   1.8249e+08
  2.1095e+01   2.1097e+01   3.0491e+00   8.2423e-06   6.1295e-06  -5.1710e-06   2.9120e-06   1.4011e-05   1.9850e+08   3.2019e+10   1.9018e+08
  2.1550e+01   2.1552e+01   3.0705e+00   1.4418e-05  -3.9797e-06  -2.1439e-06  -2.1114e-06   1.3726e-05   2.0683e+08   3.3363e+10   1.9817e+08
  2.2015e+01   2.2017e+01   3.0918e+00   3.8185e-06  -4.7339e-06  -1.9144e-06  -6.5881e-06   1.3449e-05   2.1548e+08   3.4752e+10   2.0643e+08
  2.2489e+01   2.2491e+01   3.1131e+00   1.2464e-06   3.8844e-06  -1.1772e-05  -9.0041e-06   1.3176e-05   2.2448e+08   3.6207e+10   2.1508e+08
  2.2974e+01   2.2976e+01   3.1344e+00   5.1260e-06  -5.3848e-06   4.2602e-06  -1.6656e-06   1.2907e-05   2.3394e+08   3.7729e+10   2.2412e+08
  2.3469e+01   2.3471e+01   3.1557e+00   6.3051e-06   1.0368e-05   3.6368e-06  -8.9914e-06   1.2648e-05   2.4368e+08   3.9296e+10   2.3344e+08
  2.3975e+01   2.3977e+01   3.1771e+00  -9.8881e-06  -8.0594e-07  -4.1130e-06   4.5367e-06   1.2391e-05   2.5389e+08   4.0938e+10   2.4321e+08
  2.4491e+01   2.4494e+01   3.1984e+00   3.5180e-06   6.6677e-06  -1.7080e-05   9.5889e-06   1.2142e-05   2.6450e+08   4.2639e+10   2.5335e+08
  2.5019e+01   2.5021e+01   3.2197e+00   8.7261e-06   3.1316e-06  -2.2129e-06   5.4553e-06   1.1897e-05   2.7553e+08   4.4416e+10   2.6392e+08
  2.5558e+01   2.5561e+01   3.2410e+00   4.3746e-06   3.0005e-06   5.3780e-06  -6.6077e-06   1.1656e-05   2.8706e+08   4.6270e+10   2.7494e+08
  2.6109e+01   2.6112e+01   3.2624e+00   2.6222e-06   8.6642e-06   4.7330e-06  -4.4425e-06   1.1423e-05   2.9895e+08   4.8180e+10   2.8631e+08
  2.6672e+01   2.6674e+01   3.2837e+00  -1.1106e-06  -8.2252e-06   1.3954e-05  -1.4539e-05   1.1193e-05   3.1142e+08   5.0179e+10   2.9821e+08
  2.7247e+01   2.7249e+01   3.3050e+00   3.3199e-07   1.9956e-07  -2.3277e-06  -5.1980e-06   1.0967e-05   3.2440e+08   5.2273e+10   3.1065e+08
  2.7834e+01   2.7837e+01   3.3263e+00   4.7809e-06   5.5054e-06   9.6973e-07   1.7152e-06   1.0746e-05   3.3796e+08   5.4448e+10   3.2360e+08
  2.8434e+01   2.8436e+01   3.3477e+00  -4.9225e-06   4.4020e-06   1.2919e-06   4.6392e-06   1.0532e-05   3.5186e+08   5.6684e+10   3.3691e+08
  2.9047e+01   2.9049e+01   3.3690e+00   2.8014e-06  -6.8653e-06   1.6925e-06  -3.1113e-06   1.0320e-05   3.6649e+08   5.9039e+10   3.5092e+08
  2.9673e+01   2.9675e+01   3.3903e+00  -3.5119e-06   9.4845e-06  -2.9304e-06  -3.7161e-06   1.0113e-05   3.8167e+08   6.1480e+10   3.6542e+08
  3.0312e+01   3.0315e+01   3.4116e+00  -6.1479e-06   4.9920e-06   1.7089e-07   8.9356e-06   9.9099e-06   3.9749e+08   6.4025e+10   3.8054e+08
  3.0965e+01   3.0968e+01   3.4329e+00  -4.2873e-06   2.9521e-06  -1.7721e-06  -2.1689e-06   9.7116e-06   4.1391e+08   6.6668e+10   3.9626e+08
  3.1633e+01   3.1636e+01   3.4543e+00  -1.4167e-06   5.6104e-06  -1.1846e-06  -2.6602e-07   9.5188e-06   4.3091e+08   6.9400e+10   4.1251e+08
  3.2315e+01   3.2318e+01   3.4756e+00  -4.5188e-07   2.2961e-06   7.1262e-07  -3.6329e-06   9.3288e-06   4.4878e+08   7.2258e+10   4.2956e+08
  3.3011e+01   3.3014e+01   3.4969e+00   4.3507e-07  -2.0287e-06  -4.6750e-06   3.9963e-06   9.1429e-06   4.6728e+08   7.5228e+10   4.4724e+08
  3.3722e+01   3.3726e+01   3.5182e+00  -3.1306e-06   1.0380e-05   4.6140e-06   1.7933e-06   8.9619e-06   4.8648e+08   7.8300e+10   4.6555e+08
  3.4449e+01   3.4453e+01   3.5396e+00   1.8610e-06   2.5350e-06  -4.3706e-07   4.5696e-06   8.7843e-06   5.0643e+08   8.1501e+10   4.8463e+08
  3.5192e+01   3.5195e+01   3.5609e+00   3.8175e-06   8.9029e-06  -7.8207e-07  -4.6106e-06   8.6108e-06   5.2718e+08   8.4822e+10   5.0442e+08
  3.5950e+01   3.5954e+01   3.5822e+00   1.6917e-06  -1.1497e-06  -3.6550e-06   2.4954e-06   8.4408e-06   5.4873e+08   8.8279e+10   5.2501e+08
  3.6725e+01   3.6728e+01   3.6035e+00   8.7008e-06   4.2676e-06   1.2109e-06   2.3101e-06   8.2745e-06   5.7116e+08   9.1866e+10   5.4639e+08
  3.7516e+01   3.7520e+01   3.6249e+00   5.4360e-06   4.9236e-06   1.8768e-06  -2.2731e-06   8.1107e-06   5.9457e+08   9.5620e+10   5.6874e+08
  3.8325e+01   3.8329e+01   3.6462e+00   2.5249e-06  -3.7924e-06  -1.2330e-06   3.0415e-06   7.9506e-06   6.1886e+08   9.9512e+10   5.9194e+08
  3.9151e+01   3.9155e+01   3.6675e+00   1.1198e-05   3.9896e-06   1.2597e-07   1.6402e-06   7.7941e-06   6.4414e+08   1.0356e+11   6.1605e+08
  3.9995e+01   3.9999e+01   3.6888e+00  -3.5862e-06   4.8479e-06  -3.1364e-06   4.4540e-06   7.6409e-06   6.7035e+08   1.0775e+11   6.4107e+08
  4.0857e+01   4.0861e+01   3.7101e+00   7.9185e-06   2.1859e-06   1.2408e-06   6.5339e-06   7.4915e-06   6.9754e+08   1.1210e+11   6.6699e+08
  4.1737e+01   4.1741e+01   3.7315e+00   4.8514e-06   5.5415e-06  -5.6581e-06   1.0665e-06   7.3434e-06   7.2607e+08   1.1667e+11   6.9424e+08
  4.2637e+01   4.2641e+01   3.7528e+00   1.4465e-06  -4.4895e-06   1.2815e-07  -2.9895e-06   7.1993e-06   7.5553e+08   1.2139e+11   7.2235e+08
  4.3556e+01   4.3560e+01   3.7741e+00   2.3981e-06  -4.1998e-07  -6.4184e-07  -7.5368e-06   7.0583e-06   7.8618e+08   1.2630e+11   7.5158e+08
  4.4494e+01   4.4499e+01   3.7954e+00  -2.3173e-06   7.0468e-06   7.2684e-07   8.6101e-07   6.9192e-06   8.1817e+08   1.3143e+11   7.8214e+08
  4.5453e+01   4.5458e+01   3.8168e+00   1.9509e-06   1.0193e-06   4.6971e-06  -9.3276e-07   6.7837e-06   8.5130e+08   1.3674e+11   8.1376e+08
  4.6433e+01   4.6437e+01   3.8381e+00  -2.5305e-06  -5.6655e-06  -6.3712e-06   3.4548e-06   6.6513e-06   8.8571e+08   1.4225e+11   8.4661e+08
  4.7434e+01   4.7438e+01   3.8594e+00   3.2352e-06   1.4177e-06  -3.0561e-06  -1.2033e-06   6.5207e-06   9.2158e+08   1.4800e+11   8.8087e+08
  4.8456e+01   4.8461e+01   3.8807e+00   1.8485e-06   9.7126e-06  -2.8179e-06  -1.1621e-06   6.3944e-06   9.5862e+08   1.5392e+11   9.1618e+08
  4.9500e+01   4.9505e+01   3.9021e+00  -7.0474e-07  -1.9451e-06  -2.8005e-06  -1.2523e-06   6.2706e-06   9.9713e+08   1.6007e+11   9.5286e+08
  5.0567e+01   5.0572e+01   3.9234e+00   1.2644e-06   7.7396e-06   9.0901e-07  -1.9628e-06   6.1489e-06   1.0372e+09   1.6648e+11   9.9108e+08
  5.1657e+01   5.1662e+01   3.9447e+00  -3.4610e-06  -1.3892e-06  -1.0576e-06   3.4695e-07   6.0303e-06   1.0786e+09   1.7309e+11   1.0305e+09
  5.2770e+01   5.2776e+01   3.9660e+00   2.3425e-06   1.8420e-06   1.3319e-06  -3.3698e-06   5.9134e-06   1.1218e+09   1.8002e+11   1.0718e+09
  5.3908e+01   5.3913e+01   3.9874e+00   2.6343e-06  -1.5918e-06   2.1966e-06  -3.0720e-06   5.7993e-06   1.1668e+09   1.8719e+11   1.1146e+09
  5.5070e+01   5.5075e+01   4.0087e+00   2.8830e-07   5.3394e-06   1.6180e-06   2.5194e-06   5.6874e-06   1.2134e+09   1.9463e+11   1.1590e+09
  5.6256e+01   5.6262e+01   4.0300e+00  -3.4038e-06   2.4308e-06  -2.9899e-06  -1.3796e-06   5.5787e-06   1.2617e+09   2.0232e+11   1.2050e+09
  5.7469e+01   5.7475e+01   4.0513e+00   2.1424e-06  -1.9801e-06   2.8742e-06  -2.9333e-06   5.4708e-06   1.3120e+09   2.1039e+11   1.2531e+09
  5.8707e+01   5.8713e+01   4.0726e+00   3.0104e-06   6.0550e-08  -3.5113e-06   2.1854e-06   5.3652e-06   1.3645e+09   2.1878e+11   1.3030e+09
  5.9973e+01   5.9979e+01   4.0940e+00   2.4246e-06   1.3750e-06  -2.9132e-06  -3.0987e-06   5.2614e-06   1.4189e+09   2.2752e+11   1.3550e+09
  6.1265e+01   6.1271e+01   4.1153e+00  -1.9086e-06  -9.1346e-07  -3.8788e-06   5.5012e-06   5.1594e-06   1.4759e+09   2.3663e+11   1.4093e+09
  6.2586e+01   6.2592e+01   4.1366e+00   2.4031e-06   2.0645e-07   2.7466e-06  -1.1439e-07   5.0596e-06   1.5351e+09   2.4609e+11   1.4658e+09
  6.3934e+01   6.3941e+01   4.1579e+00   1.0258e-06  -1.3257e-06   3.1221e-06   2.7475e-06   4.9621e-06   1.5966e+09   2.5590e+11   1.5243e+09
  6.5312e+01   6.5319e+01   4.1793e+00   5.3312e-06  -1.6998e-06   6.9818e-07  -1.7577e-06   4.8660e-06   1.6604e+09   2.6613e+11   1.5853e+09
  6.6720e+01   6.6727e+01   4.2006e+00   5.7210e-06   1.5705e-06  -3.4802e-06  -4.8796e-06   4.7714e-06   1.7272e+09   2.7683e+11   1.6490e+09
  6.8158e+01   6.8165e+01   4.2219e+00   5.1759e-06   5.1514e-06  -5.3453e-07   1.2170e-06   4.6789e-06   1.7965e+09   2.8792e+11   1.7151e+09
  6.9627e+01   6.9634e+01   4.2432e+00  -2.4089e-08  -1.4842e-06  -4.4317e-07   5.9914e-07   4.5883e-06   1.8685e+09   2.9944e+11   1.7837e+09
  7.1127e+01   7.1135e+01   4.2646e+00   4.7603e-06   1.2383e-06  -3.7115e-06   2.3077e-06   4.4990e-06   1.9439e+09   3.1149e+11   1.8555e+09
  7.2660e+01   7.2668e+01   4.2859e+00   1.3942e-06  -1.4762e-06  -9.6546e-07   1.2068e-06   4.4116e-06   2.0218e+09   3.2399e+11   1.9299e+09
  7.4226e+01   7.4235e+01   4.3072e+00   2.0027e-06  -1.9337e-06  -5.5716e-07  -7.1543e-07   4.3257e-06   2.1030e+09   3.3704e+11   2.0074e+09
  7.5826e+01   7.5834e+01   4.3285e+00   3.0798e-07   2.5579e-06  -8.0241e-07   6.1187e-08   4.2416e-06   2.1873e+09   3.5058e+11   2.0880e+09
  7.7460e+01   7.7469e+01   4.3499e+00  -7.3230e-08  -2.5470e-06   2.7446e-06  -5.0728e-06   4.1599e-06   2.2746e+09   3.6455e+11   2.1712e+09
  7.9130e+01   7.9139e+01   4.3712e+00   3.4242e-06   4.2176e-07   5.4565e-07   2.1563e-06   4.0797e-06   2.3655e+09   3.7907e+11   2.2578e+09
  8.0835e+01   8.0844e+01   4.3925e+00   1.8673e-06   8.3246e-07   7.1146e-08   5.3889e-07   4.0020e-06   2.4589e+09   3.9401e+11   2.3468e+09
  8.2577e+01   8.2587e+01   4.4138e+00  -2.1523e-06  -9.8415e-07  -3.0106e-06   1.6831e-06   3.9256e-06   2.5561e+09   4.0957e+11   2.4394e+09
  8.4357e+01   8.4367e+01   4.4352e+00   3.2684e-06   7.6367e-07   7.0797e-08  -1.6708e-06   3.8503e-06   2.6575e+09   4.2579e+11   2.5360e+09
  8.6175e+01   8.6185e+01   4.4565e+00   2.6807e-07  -1.7272e-06  -1.4346e-06  -1.5701e-06   3.7772e-06   2.7622e+09   4.4254e+11   2.6357e+09
  8.8032e+01   8.8043e+01   4.4778e+00   1.6297e-06  -2.4858e-07   2.3888e-06   5.3475e-07   3.7053e-06   2.8710e+09   4.5996e+11   2.7394e+09
  8.9930e+01   8.9940e+01   4.4991e+00  -2.0016e-06  -9.5012e-07  -1.3114e-07  -1.7071e-06   3.6350e-06   2.9833e+09   4.7799e+11   2.8465e+09
  9.1868e+01   9.1879e+01   4.5204e+00   2.2241e-08  -2.1436e-06   6.0132e-07   2.0896e-06   3.5664e-06   3.0999e+09   4.9666e+11   2.9576e+09
  9.3848e+01   9.3859e+01   4.5418e+00   2.3249e-06  -1.6680e-06  -9.6222e-07  -9.4224e-07   3.4991e-06   3.2211e+09   5.1604e+11   3.0731e+09
  9.5870e+01   9.5882e+01   4.5631e+00   1.7259e-06  -8.8757e-07  -3.5475e-06  -2.1281e-06   3.4333e-06   3.3468e+09   5.3612e+11   3.1927e+09
  9.7937e+01   9.7948e+01   4.5844e+00   6.7843e-07   2.7150e-06  -5.2057e-08   3.3582e-07   3.3691e-06   3.4764e+09   5.5687e+11   3.3162e+09
  1.0005e+02   1.0006e+02   4.6057e+00   3.8395e-06  -7.2690e-07  -2.2531e-06   2.5523e-07   3.3067e-06   3.6100e+09   5.7819e+11   3.4433e+09
  1.0220e+02   1.0222e+02   4.6271e+00   1.6511e-07   1.7768e-06   7.1265e-07  -2.5288e-07   3.2450e-06   3.7494e+09   6.0053e+11   3.5761e+09
  1.0441e+02   1.0442e+02   4.6484e+00   2.5039e-07   2.6890e-06   9.4839e-08  -9.3361e-07   3.1850e-06   3.8930e+09   6.2352e+11   3.7128e+09
  1.0666e+02   1.0667e+02   4.6697e+00   7.6949e-07   3.6468e-06   1.3077e-07   9.6181e-07   3.1260e-06   4.0420e+09   6.4739e+11   3.8547e+09
  1.0896e+02   1.0897e+02   4.6910e+00   3.0376e-06  -7.1030e-07  -4.3834e-07  -8.5499e-07   3.0689e-06   4.1952e+09   6.7186e+11   4.0006e+09
  1.1130e+02   1.1132e+02   4.7124e+00  -2.1972e-06   9.8435e-07  -2.9754e-07  -1.7086e-06   3.0125e-06   4.3551e+09   6.9740e+11   4.1527e+09
  1.1370e+02   1.1372e+02   4.7337e+00   1.2843e-06   1.3466e-07   2.0440e-07   2.2833e-07   2.9577e-06   4.5197e+09   7.2371e+11   4.3093e+09
  1.1615e+02   1.1617e+02   4.7550e+00  -8.3511e-07  -9.0785e-07   1.7706e-06   3.5835e-07   2.9042e-06   4.6895e+09   7.5077e+11   4.4706e+09
  1.1866e+02   1.1867e+02   4.7763e+00   2.7434e-06   5.6973e-07   2.3381e-07   3.7512e-07   2.8514e-06   4.8658e+09   7.7902e+11   4.6385e+09
  1.2121e+02   1.2123e+02   4.7977e+00  -3.1421e-07   6.3318e-07   2.9328e-07  -5.4648e-07   2.7995e-06   5.0485e+09   8.0830e+11   4.8126e+09
  1.2383e+02   1.2384e+02   4.8190e+00   1.0632e-06  -5.7975e-07  -1.6800e-06   1.3793e-06   2.7496e-06   5.2360e+09   8.3820e+11   4.9907e+09
  1.2649e+02   1.2651e+02   4.8403e+00   2.9822e-06   3.0596e-06   9.8945e-07  -7.4212e-07   2.7010e-06   5.4284e+09   8.6889e+11   5.1734e+09
  1.2922e+02   1.2924e+02   4.8616e+00   2.8833e-06   3.1069e-06  -1.3830e-06   1.7384e-06   2.6536e-06   5.6266e+09   9.0051e+11   5.3617e+09
  1.3201e+02   1.3202e+02   4.8830e+00   9.4843e-07   1.7300e-06  -2.6342e-06  -3.5365e-07   2.6073e-06   5.8310e+09   9.3310e+11   5.5557e+09
  1.3485e+02   1.3487e+02   4.9043e+00   3.5891e-07  -1.9937e-08   8.6424e-08  -9.9375e-07   2.5618e-06   6.0426e+09   9.6686e+11   5.7564e+09
  1.3776e+02   1.3778e+02   4.9256e+00  -3.2610e-07   3.6446e-07   3.4673e-07  -5.7078e-07   2.5177e-06   6.2586e+09   1.0013e+12   5.9617e+09
  1.4073e+02   1.4075e+02   4.9469e+00  -1.3430e-06  -6.5319e-07   1.1551e-06  -8.1362e-07   2.4746e-06   6.4823e+09   1.0368e+12   6.1735e+09
  1.4376e+02   1.4378e+02   4.9683e+00   2.1364e-07   1.7416e-06  -9.8414e-07   5.7620e-07   2.4325e-06   6.7122e+09   1.0735e+12   6.3916e+09
  1.4686e+02   1.4688e+02   4.9896e+00   8.4926e-07   1.0322e-06  -8.2175e-07  -2.1876e-06   2.3920e-06   6.9475e+09   1.1108e+12   6.6137e+09
  1.5002e+02   1.5005e+02   5.0109e+00  -1.4701e-06   6.5230e-07  -3.3646e-07   9.4560e-07   2.3518e-06   7.1910e+09   1.1494e+12   6.8443e+09
  1.5326e+02   1.5328e+02   5.0323e+00   1.7986e-06  -1.0760e-06  -5.0025e-07  -1.4983e-06   2.3132e-06   7.4396e+09   1.1887e+12   7.0786e+09
  1.5656e+02   1.5658e+02   5.0536e+00   6.8916e-07   8.8572e-08   9.5626e-07  -6.2987e-07   2.2753e-06   7.6960e+09   1.2293e+12   7.3206e+09
  1.5993e+02   1.5996e+02   5.0749e+00   1.5552e-07   1.5030e-06   5.4405e-07  -2.8375e-07   2.2385e-06   7.9589e+09   1.2708e+12   7.5681e+09
  1.6338e+02   1.6341e+02   5.0962e+00   3.7065e-07   3.2151e-08   6.4330e-07  -1.0548e-06   2.2026e-06   8.2273e+09   1.3133e+12   7.8215e+09
  1.6690e+02   1.6693e+02   5.1176e+00   1.3052e-06   2.0846e-06   1.1706e-06  -1.0787e-06   2.1671e-06   8.5066e+09   1.3576e+12   8.0849e+09
  1.7050e+02   1.7053e+02   5.1389e+00  -2.9662e-07   1.6421e-06   1.1246e-06  -4.5755e-07   2.1329e-06   8.7899e+09   1.4023e+12   8.3514e+09
  1.7417e+02   1.7420e+02   5.1602e+00   1.4138e-07   9.6010e-07  -1.1104e-06   7.9869e-07   2.0991e-06   9.0866e+09   1.4490e+12   8.6302e+09
  1.7793e+02   1.7796e+02   5.1815e+00   1.9892e-06  -2.2134e-07   3.4211e-07   8.1199e-07   2.0665e-06   9.3858e+09   1.4962e+12   8.9112e+09
  1.8176e+02   1.8180e+02   5.2029e+00   1.1138e-06  -6.0202e-08   2.5227e-06   1.5335e-07   2.0348e-06   9.6928e+09   1.5446e+12   9.1992e+09
  1.8568e+02   1.8571e+02   5.2242e+00  -1.1230e-06   3.0964e-06  -4.2890e-07   4.1243e-07   2.0037e-06   1.0009e+10   1.5943e+12   9.4954e+09
  1.8968e+02   1.8972e+02   5.2455e+00  -1.0858e-06   1.1625e-06  -4.8551e-07  -1.7662e-06   1.9736e-06   1.0332e+10   1.6450e+12   9.7975e+09
  1.9377e+02   1.9381e+02   5.2669e+00   2.2017e-06   4.4422e-07  -3.8698e-07  -6.3325e-07   1.9444e-06   1.0660e+10   1.6966e+12   1.0104e+10
  1.9794e+02   1.9799e+02   5.2882e+00   4.9909e-07  -4.2120e-07  -1.3921e-07   1.3010e-07   1.9159e-06   1.0997e+10   1.7492e+12   1.0418e+10
  2.0221e+02   2.0225e+02   5.3095e+00  -2.4212e-07  -1.0802e-06   7.8292e-07   9.1985e-09   1.8886e-06   1.1339e+10   1.8026e+12   1.0736e+10
  2.0657e+02   2.0661e+02   5.3308e+00   2.6341e-07  -1.3954e-06   7.7674e-07  -9.9810e-09   1.8624e-06   1.1684e+10   1.8564e+12   1.1056e+10
  2.1102e+02   2.1107e+02   5.3522e+00   4.7122e-08   8.6017e-07  -9.3383e-07  -9.7883e-07   1.8368e-06   1.2039e+10   1.9113e+12   1.1384e+10
  2.1557e+02   2.1562e+02   5.3735e+00   6.4055e-08   4.7917e-07   3.8518e-07   9.9126e-07   1.8120e-06   1.2400e+10   1.9672e+12   1.1717e+10
  2.2021e+02   2.2027e+02   5.3948e+00  -4.5474e-08   2.5175e-06  -1.2629e-06   1.4361e-07   1.7882e-06   1.2763e+10   2.0234e+12   1.2052e+10
  2.2496e+02   2.2502e+02   5.4162e+00  -5.5528e-07  -2.6978e-07   1.6316e-06   8.4412e-08   1.7651e-06   1.3135e+10   2.0808e+12   1.2394e+10
  2.2981e+02   2.2987e+02   5.4375e+00  -3.5018e-07  -8.4582e-08  -2.1870e-07  -1.8445e-07   1.7425e-06   1.3516e+10   2.1393e+12   1.2742e+10
  2.3476e+02   2.3482e+02   5.4588e+00   6.5110e-07   5.0210e-07  -1.1406e-06  -6.0066e-07   1.7212e-06   1.3893e+10   2.1972e+12   1.3086e+10
  2.3982e+02   2.3989e+02   5.4801e+00  -6.9790e-07  -4.0683e-07  -3.7524e-07  -6.9869e-07   1.7002e-06   1.4287e+10   2.2575e+12   1.3444e+10
  2.4499e+02   2.4506e+02   5.5015e+00  -2.2533e-06   1.5665e-06   1.0418e-06  -2.1551e-07   1.6799e-06   1.4677e+10   2.3174e+12   1.3800e+10
  2.5027e+02   2.5034e+02   5.5228e+00   3.6162e-07   5.3822e-07  -4.3975e-07   1.5480e-06   1.6597e-06   1.5080e+10   2.3793e+12   1.4167e+10
  2.5566e+02   2.5574e+02   5.5441e+00  -1.1184e-07  -2.9761e-07  -9.9133e-07  -2.3678e-07   1.6404e-06   1.5483e+10   2.4410e+12   1.4533e+10
  2.6117e+02   2.6125e+02   5.5655e+00  -5.7862e-07   1.1818e-07  -6.1407e-07   6.0242e-07   1.6216e-06   1.5888e+10   2.5030e+12   1.4901e+10
  2.6680e+02   2.6689e+02   5.5868e+00  -3.6690e-07   1.6854e-06   2.0732e-07   1.0941e-06   1.6034e-06   1.6296e+10   2.5652e+12   1.5271e+10
  2.7255e+02   2.7264e+02   5.6081e+00  -8.2946e-07   9.9958e-08  -1.2041e-06   1.9819e-06   1.5863e-06   1.6700e+10   2.6265e+12   1.5636e+10
  2.7843e+02   2.7852e+02   5.6295e+00  -5.5815e-07   1.5156e-06  -4.5792e-08  -8.3847e-07   1.5702e-06   1.7096e+10   2.6861e+12   1.5991e+10
  2.8443e+02   2.8453e+02   5.6508e+00   1.3565e-06   2.2567e-06   5.0884e-07   9.2284e-07   1.5550e-06   1.7495e+10   2.7463e+12   1.6347e+10
  2.9056e+02   2.9066e+02   5.6721e+00  -1.1330e-06   2.4515e-06   4.3545e-08   2.9618e-07   1.5405e-06   1.7894e+10   2.8060e+12   1.6703e+10
  2.9682e+02   2.9693e+02   5.6935e+00  -6.5309e-07   4.2451e-07  -1.1506e-07   7.2323e-07   1.5267e-06   1.8290e+10   2.8649e+12   1.7053e+10
  3.0322e+02   3.0333e+02   5.7148e+00  -2.0681e-07  -1.5659e-07   3.0087e-08  -2.1246e-07   1.5131e-06   1.8693e+10   2.9244e+12   1.7407e+10
  3.0975e+02   3.0987e+02   5.7361e+00  -6.4655e-07   4.9030e-07   2.1750e-07   3.0252e-07   1.5003e-06   1.9084e+10   2.9826e+12   1.7754e+10
  3.1643e+02   3.1656e+02   5.7575e+00  -1.3145e-06   1.1958e-06  -3.7041e-07  -5.8877e-07   1.4881e-06   1.9474e+10   3.0400e+12   1.8095e+10
  3.2325e+02   3.2338e+02   5.7788e+00   1.5426e-07   1.0153e-06  -5.5694e-07   5.7825e-07   1.4769e-06   1.9848e+10   3.0946e+12   1.8420e+10
  3.3021e+02   3.3036e+02   5.8002e+00  -8.2072e-08  -6.7021e-07   1.8159e-06   8.8456e-08   1.4661e-06   2.0220e+10   3.1488e+12   1.8743e+10
  3.3733e+02   3.3748e+02   5.8215e+00  -1.6183e-06   1.4287e-06   8.2205e-07   1.3654e-06   1.4561e-06   2.0575e+10   3.2003e+12   1.9051e+10
  3.4460e+02   3.4476e+02   5.8428e+00  -7.8870e-08  -1.0655e-08  -3.0573e-07   4.4852e-07   1.4467e-06   2.0926e+10   3.2512e+12   1.9353e+10
  3.5203e+02   3.5220e+02   5.8642e+00  -5.3142e-07  -9.2905e-08  -4.5739e-07  -1.6954e-07   1.4375e-06   2.1267e+10   3.3009e+12   1.9649e+10
  3.5961e+02   3.5980e+02   5.8855e+00  -1.7859e-07   1.0146e-07   2.6171e-07   4.5639e-07   1.4289e-06   2.1603e+10   3.3502e+12   1.9939e+10
  3.6736e+02   3.6756e+02   5.9069e+00  -1.0059e-07   2.1255e-07   2.7860e-07  -3.7442e-07   1.4195e-06   2.1940e+10   3.4002e+12   2.0236e+10
  3.7528e+02   3.7548e+02   5.9282e+00  -7.8387e-08  -6.6091e-07  -1.0555e-06  -2.3891e-07   1.4095e-06   2.2276e+10   3.4518e+12   2.0540e+10
  3.8337e+02   3.8358e+02   5.9495e+00  -6.4161e-07   5.4431e-07   9.1302e-07  -1.3557e-06   1.4000e-06   2.2580e+10   3.4988e+12   2.0820e+10
  3.9163e+02   3.9186e+02   5.9709e+00  -3.7423e-07  -3.3034e-07   7.8848e-08   2.1374e-07   1.3905e-06   2.2867e+10   3.5440e+12   2.1089e+10
