# bin_2_3
5.997277307485956835e-08
6.030694554324797974e-08
6.061379313180897359e-08
6.093076764686448356e-08
6.125008169742498389e-08
6.156924229318134815e-08
6.188530347013988209e-08
6.219977138533288108e-08
6.251228073026451302e-08
6.282246722063248681e-08
6.313036715278345341e-08
6.343771539074797222e-08
6.373787363828972481e-08
6.403672689941222555e-08
6.433200500817762819e-08
6.462327248661828718e-08
6.491031973829478428e-08
6.519267606723711417e-08
6.547007733597095125e-08
6.574214109312940902e-08
6.600485819143311430e-08
6.626908102146111367e-08
6.652320872170713654e-08
6.677061787512579731e-08
6.701088691366018867e-08
6.724434759337159804e-08
6.746845163569022034e-08
6.768499863958456590e-08
6.789289344089808618e-08
6.809186514676292237e-08
6.828089834910444559e-08
6.846032565976987753e-08
6.862944123146322444e-08
6.878978358673030217e-08
6.893387597406623400e-08
6.907060187178925076e-08
6.922483315316137353e-08
6.930527008918174080e-08
6.939567092352427296e-08
6.948857047141687134e-08
6.955984340506466332e-08
6.961695928161269072e-08
6.965953096175030403e-08
6.968686195799764414e-08
6.969879539034272450e-08
6.970049587633846518e-08
6.967565262203622366e-08
6.963919498058287980e-08
6.958569567643056294e-08
6.951474692561010517e-08
6.942608316002266786e-08
6.931900433194972534e-08
6.919389841504884869e-08
6.904900589976928807e-08
6.888523220100740903e-08
6.870182979196229662e-08
6.849996517488487103e-08
6.827499935268754277e-08
6.803085102501348942e-08
6.776591074980758452e-08
6.748037944642767372e-08
6.717269756928279843e-08
6.684402593793820157e-08
6.649363968872266191e-08
6.612184669954326779e-08
6.572533915789819113e-08
6.531006158784380694e-08
6.487066837960738320e-08
6.440935355628371453e-08
6.392531889134073826e-08
6.341871683407249193e-08
6.288943742302581510e-08
6.233766131440940519e-08
6.176329094072062949e-08
6.116628608299468213e-08
6.055481154292268627e-08
5.990618271953072445e-08
5.924300778515465804e-08
5.855792262532950034e-08
5.785115995052829069e-08
5.712320319983448444e-08
5.637408140419373480e-08
5.560444078760795533e-08
5.481449595710854413e-08
5.400472058039453549e-08
5.317679513986234278e-08
5.232796122727596769e-08
5.146157598974070883e-08
5.057773081001119313e-08
4.967819272564941837e-08
4.875960250858215954e-08
4.782660568630387140e-08
4.687884922136041466e-08
4.591668227132119466e-08
4.493751478916517736e-08
4.395340656858103052e-08
4.295378850471188789e-08
4.194366843549817318e-08
4.092348337766386739e-08
3.989548431627396602e-08
3.886185834663964611e-08
3.782027786601989500e-08
3.676974450613757822e-08
3.573085999026448042e-08
3.465938540038653154e-08
3.359871682891061524e-08
3.253586898834090472e-08
3.147275767963264661e-08
3.041235977444895352e-08
2.935487310667232145e-08
2.830239286844754503e-08
2.725580610779048171e-08
2.621604221936816092e-08
2.518669275612401808e-08
2.416214112609642854e-08
2.314937201259670060e-08
2.214897821922120748e-08
2.116147696691987259e-08
2.018826374664907716e-08
1.923060052271299193e-08
1.828932014162721944e-08
1.736613774161157616e-08
1.646188609904641679e-08
1.557777477965953934e-08
1.471464417967697189e-08
1.387405200721683889e-08
1.305645942662565892e-08
1.226294760260230213e-08
1.149434636605596342e-08
1.075145227262631551e-08
1.003493206114714470e-08
9.345477088772578468e-09
8.683608103480424648e-09
8.049745523460270768e-09
7.444472677404744800e-09
6.867535622710385878e-09
6.319644001994906871e-09
5.800633003256175576e-09
5.310588748583374594e-09
4.848992228348945460e-09
4.415949590476684614e-09
4.010926082838238904e-09
3.633499174749200555e-09
3.282830797433817084e-09
2.958277201003960463e-09
2.658940476331960621e-09
2.383818754002655184e-09
2.131754359215886329e-09
1.901677086748444887e-09
1.692009015686764727e-09
1.501225258570108476e-09
1.327440264138648929e-09
1.169181218618684421e-09
1.025471216351652320e-09
8.948016094738802375e-10
7.756486827232231445e-10
6.665134790303120910e-10
5.659366157184825953e-10
4.720674965532401655e-10
3.827521990356062797e-10
2.958807522942009872e-10
2.094853966491439154e-10
1.217359662628890578e-10
3.126446766855257811e-11
-6.306106367733951960e-11
-1.618023824717069222e-10
-2.655206272184193264e-10
-3.738640306083894296e-10
-4.852578328031526463e-10
-6.000091583957086999e-10
-7.192739236594228632e-10
-8.420808104468240879e-10
-9.664148654006546855e-10
-1.091612266640131419e-09
-1.217407597194328574e-09
-1.341813863203351812e-09
-1.462161864577812164e-09
-1.575647344394073341e-09
-1.679729378594676468e-09
-1.771497303137751974e-09
-1.847713127520782651e-09
-1.905469586315240903e-09
-1.942096823818211159e-09
-1.955641035150030959e-09
-1.945176619465781051e-09
-1.910975835603547069e-09
-1.854489697951231801e-09
-1.778138683274557550e-09
-1.685210353695258080e-09
-1.579647403169770188e-09
-1.465825006602676575e-09
-1.348409923563964284e-09
-1.232093064038261439e-09
-1.121578669638144297e-09
-1.021318764572306393e-09
-9.353326551689291550e-10
-8.668326813827746071e-10
-8.181264706169838222e-10
-7.901105757403300102e-10
-7.821149053391607324e-10
-7.915427330388782467e-10
-8.139337474014975708e-10
-8.432528578142073678e-10
-8.725682619798589886e-10
-8.949830987680132230e-10
-9.044780383669007484e-10
-8.966142614385645084e-10
-8.691193671291260433e-10
-8.222583503282020059e-10
-7.590057037639816928e-10
-6.846647036389216188e-10
-6.059917972032850279e-10
-5.301437863896417139e-10
-4.635517327725627647e-10
-4.111709462967420010e-10
-3.755738891798470477e-10
-3.564193032670398677e-10
-3.503662062169767075e-10
-3.518403894079758518e-10
-3.543805485374052351e-10
-3.521004245933011268e-10
-3.407429114115776574e-10
-3.188054992025884502e-10
-2.876666870298349642e-10
-2.511218287759238002e-10
-2.140612789298800581e-10
-1.811809558591478379e-10
-1.555432248389473731e-10
-1.377855013234689308e-10
-1.262426042173011216e-10
-1.178371806507981288e-10
-1.093058662469015608e-10
-9.834131959503241108e-11
-8.434578940064156002e-11
-6.792016687398193775e-11
-5.121019393103760882e-11
-3.592085976040022983e-11
-2.303278320108996652e-11
-1.256995082021014103e-11
-3.813150673224083362e-12
4.121509711927824984e-12
1.190397692052246465e-11
1.976341303725762743e-11
2.757614251760928210e-11
3.500166217064934922e-11
4.168026336154043967e-11
4.741658661390032113e-11
5.223217828767608558e-11
5.634557342666799451e-11
6.004444657357119970e-11
6.347380914324571975e-11
6.656500136809228255e-11
6.916372401099478246e-11
7.117458936531832470e-11
7.265091069971525748e-11
7.373430375842367606e-11
7.451375491328713388e-11
7.497312608629211052e-11
7.506376723849680531e-11
7.479507581440033276e-11
7.423669757838163504e-11
7.342552457158986810e-11
7.236443806679337300e-11
7.106274169847395593e-11
6.954867857572696781e-11
6.784018710975774874e-11
6.595648642657931494e-11
6.391333615281898363e-11
6.172979549934569165e-11
5.942303051335019241e-11
5.700476882467055531e-11
5.449615999996259502e-11
5.190827923600494273e-11
4.925483824240018520e-11
4.654920518014244713e-11
4.380660765527116961e-11
4.103592836195642226e-11
3.825162811144457688e-11
3.546487634951291194e-11
3.268549080507471465e-11
2.992246830328152087e-11
2.718458021974315108e-11
2.448038077685870713e-11
2.181797716405863150e-11
1.920499338552613832e-11
1.664862411742937339e-11
1.415516962938143872e-11
1.172951242632792857e-11
9.376197224977351474e-12
7.099391525182991270e-12
4.903036931901056294e-12
2.790725914060835923e-12
7.656391212200978800e-13
-1.169367654281857780e-12
-3.012426069981072015e-12
-4.761401029983325440e-12
-6.416207491372403169e-12
-7.976713452107651978e-12
-9.442633202457246591e-12
-1.081412284046566382e-11
-1.209159986110969298e-11
-1.327565570461445405e-11
-1.436691766875266976e-11
-1.536739326155692189e-11
-1.627873805899540281e-11
-1.710352499627232053e-11
-1.784390935363310294e-11
-1.850241094307597953e-11
-1.908166051514945020e-11
-1.958432836647465684e-11
-2.001322075029548144e-11
-2.037113785719927512e-11
-2.066138839810919089e-11
-2.088720733024899200e-11
-2.105217048371692080e-11
-2.115946892619699244e-11
-2.121250180751909132e-11
-2.121459026882110111e-11
-2.116950138714737045e-11
-2.107963585113504171e-11
-2.094789952420276365e-11
-2.077864206831404491e-11
-2.057428986394322730e-11
-2.033789451788211373e-11
-2.007241607254480633e-11
-1.978081844545275637e-11
-1.946612619088576677e-11
-1.913066753885111946e-11
-1.877688138063138972e-11
-1.840703420653006241e-11
-1.802327102290020847e-11
-1.762793944774199988e-11
-1.722311545230265113e-11
-1.681051726316607970e-11
-1.639203424444081396e-11
-1.596924635729079289e-11
-1.554364056168649020e-11
-1.511644785560396593e-11
-1.468946847906176775e-11
-1.426346664321607581e-11
-1.383948549754395643e-11
-1.341864762199907540e-11
-1.300207814254375802e-11
-1.259031222601418520e-11
-1.218404644260801349e-11
-1.178388907135930394e-11
-1.139066324809663046e-11
-1.100482971478675363e-11
-1.062659295066081143e-11
-1.025623047819240147e-11
-9.893976639432367715e-12
-9.540095570916210509e-12
-9.195012122179642105e-12
-8.858620925328565389e-12
-8.531258898991828303e-12
-8.212989117957166993e-12
-7.903713413649793173e-12
-7.603054891823045805e-12
-7.311608350058404726e-12
-7.029212807587890221e-12
-6.755389371692770755e-12
-6.490501686743326059e-12
-6.234074453630732044e-12
-5.986039437657185608e-12
-5.745990443768775838e-12
-5.514589331318066352e-12
-5.291193936894709825e-12
-5.075579989870601953e-12
-4.867658976114968476e-12
-4.667288898872616407e-12
-4.474198102335032493e-12
-4.288118818736878639e-12
-4.109044215090507168e-12
-3.936621657248588136e-12
-3.770916847631405121e-12
-3.611587654658622866e-12
-3.458324069372526391e-12
-3.311393555331613357e-12
-3.170247327486840375e-12
-3.034905179225350935e-12
-2.905102165750932340e-12
-2.780773498106283155e-12
-2.661510791828104300e-12
-2.547307453737887541e-12
-2.437214446897905910e-12
-2.331877071975939038e-12
-2.230430343066023229e-12
-2.132685389087400426e-12
-2.038525493380062679e-12
-1.947855648103293894e-12
-1.860730898448655076e-12
-1.777198221182201122e-12
-1.697623717622594948e-12
-1.622139433747787846e-12
-1.551118300358610247e-12
-1.485061270671702789e-12
-1.423811793013752501e-12
-1.367264371190456518e-12
-1.314532095812103157e-12
-1.264557755545800438e-12
