# bin_1_5
4.094221262274837795e-07
4.150292192214063165e-07
4.207487305017116480e-07
4.265797220245692457e-07
4.325312251003566945e-07
4.385972035604889424e-07
4.447815951812359921e-07
4.510858315503599379e-07
4.575112348105953384e-07
4.640590890669586610e-07
4.707308270388741696e-07
4.775276707464329421e-07
4.844516073781160169e-07
4.915009469955234520e-07
4.986796134773647288e-07
5.059875822555675849e-07
5.134258019186859265e-07
5.209951645582864038e-07
5.286964097880369035e-07
5.365302852016138813e-07
5.444942711782446459e-07
5.525987663195473967e-07
5.608384758292168913e-07
5.692046415648481447e-07
5.777102401995364778e-07
5.863511986321593341e-07
5.951275914244993023e-07
6.040393612540528278e-07
6.130863065185580038e-07
6.222681202392979604e-07
6.315839637777698696e-07
6.410335058313969034e-07
6.506157428336354250e-07
6.603292498130619098e-07
6.701740782154593949e-07
6.801471299721835743e-07
6.902635023980609493e-07
7.004760049376323256e-07
7.108272070099693126e-07
7.213003438784641764e-07
7.318932718136056174e-07
7.426035790791113471e-07
7.534283411396219014e-07
7.643641734241269662e-07
7.754077290600905294e-07
7.865567509389197563e-07
7.978031258856257972e-07
8.091461992587082064e-07
8.205800918996183597e-07
8.320998855572563581e-07
8.437005009544638085e-07
8.553761740983522431e-07
8.671156936196477915e-07
8.789283177300732407e-07
8.907919783391868526e-07
9.027051165416539385e-07
9.146600371709396011e-07
9.266500957744898460e-07
9.386659988375362408e-07
9.506996099859615119e-07
9.627416371640354073e-07
9.747817686895022944e-07
9.868107488051948602e-07
9.988176984005910046e-07
1.010791766892207240e-06
1.022726063441995939e-06
1.034610876076707171e-06
1.046430861891569179e-06
1.058171377288481552e-06
1.069817806808330228e-06
1.081355793572588530e-06
1.092770850705453584e-06
1.104048295231349155e-06
1.115172820990945551e-06
1.126130082901006488e-06
1.136903609946650307e-06
1.147474068761088938e-06
1.157823140203755082e-06
1.167935276991663748e-06
1.177793324709834681e-06
1.187377055879195364e-06
1.196666690657897258e-06
1.205644347849942910e-06
1.214290243639308742e-06
1.222580043880332436e-06
1.230491592320940896e-06
1.238007575067462889e-06
1.245107047857131054e-06
1.251766952384064431e-06
1.257965360604599185e-06
1.263681716496821909e-06
1.268893675330883963e-06
1.273578726403480846e-06
1.277715292575834654e-06
1.281282651300125985e-06
1.284263696857960255e-06
1.286639363480832709e-06
1.288383143266895177e-06
1.289487782462356788e-06
1.289935537917251322e-06
1.289669323758337917e-06
1.288686626329741056e-06
1.286989800656685560e-06
1.284563201073187856e-06
1.281391625754831009e-06
1.277466374077141030e-06
1.272778741356864488e-06
1.267322321141761020e-06
1.261093032313083718e-06
1.254089504400178204e-06
1.246312363711161547e-06
1.237765382840476306e-06
1.228455093917822473e-06
1.218391141427438239e-06
1.207586213375382929e-06
1.196056059742369350e-06
1.183819928723037143e-06
1.170898946035151944e-06
1.157316085428426011e-06
1.143097925038137343e-06
1.128275914583736081e-06
1.112885547650942651e-06
1.096965963345564589e-06
1.080559575990131834e-06
1.063711179732688240e-06
1.046468450265854382e-06
1.028878817213759493e-06
1.010991731488139272e-06
9.928574386456276056e-07
9.745261797269305987e-07
9.560473903141560463e-07
9.374695849630056438e-07
9.188407934236782095e-07
9.002071135606342152e-07
8.816129843015681238e-07
8.631065570815744693e-07
8.447347445977996149e-07
8.265340005195685620e-07
8.085337788819490162e-07
7.907626642294650341e-07
7.732451000827527684e-07
7.559983800094599747e-07
7.390334281240974886e-07
7.223570845538408848e-07
7.059712193604968942e-07
6.898703556267558751e-07
6.740444482223878726e-07
6.584837594891768610e-07
6.431803419050973592e-07
6.281202950415594602e-07
6.133178173509703891e-07
5.987650491982669550e-07
5.844731843203046630e-07
5.704371097793014527e-07
5.566535601619703762e-07
5.431259990023861038e-07
5.298542457179753444e-07
5.168324833651197562e-07
5.040579294437267129e-07
4.915291877500081525e-07
4.792395945699285057e-07
4.671797024192291198e-07
4.553391925493733738e-07
4.437065859768669456e-07
4.322689637181102868e-07
4.210016679778121177e-07
4.098749777101596278e-07
3.988504658757693282e-07
3.878680933976257561e-07
3.768900478966682776e-07
3.659123915465101211e-07
3.549283144498263636e-07
3.439313979775195592e-07
3.329361877277487393e-07
3.219751815980194132e-07
3.110943156997241214e-07
3.003512879052768612e-07
2.898091245760591378e-07
2.795287912005075985e-07
2.695620799568686731e-07
2.599469407724145449e-07
2.507054470658792589e-07
2.418448032869851977e-07
2.333608701163028904e-07
2.252445247497821797e-07
2.174872608598909975e-07
2.100851637874327979e-07
2.030387605201083245e-07
1.963500543112145876e-07
1.900156262290179282e-07
1.840217108713784065e-07
1.783365484327664892e-07
1.729097790310312607e-07
1.676744735573555326e-07
1.625544123635378323e-07
1.574758362843106726e-07
1.523810869541949375e-07
1.472402126082403983e-07
1.420563387080081526e-07
1.368639163406141697e-07
1.317196488044872875e-07
1.266891204718152077e-07
1.218342412371977117e-07
1.172065157722342862e-07
1.128459066377600308e-07
1.087782980929650742e-07
1.050091064366437355e-07
1.015178301752863761e-07
9.825702384580552541e-08
9.516032249800501739e-08
9.215642783822829977e-08
8.918520810446960364e-08
8.620892125586795982e-08
8.321680330203994168e-08
8.022557712593102931e-08
7.727468793111265194e-08
7.441512459677188298e-08
7.169530697673140575e-08
6.914771275081874513e-08
6.678088042224144654e-08
6.457731202845236942e-08
6.249754124675308287e-08
6.049340947385655402e-08
5.852313817890066907e-08
5.656470821424017256e-08
5.462166748085257793e-08
5.271994500724165252e-08
5.089459860046567081e-08
4.917149501367927075e-08
4.755639936760998692e-08
4.603397212082089026e-08
4.457617852532153437e-08
4.315671157725943645e-08
4.176313918983396964e-08
4.040091064382136224e-08
3.908624155898155039e-08
3.783339936199869760e-08
3.664464866660350963e-08
3.551077971436778684e-08
3.441745744647386552e-08
3.335472550539667859e-08
3.232219882232412940e-08
3.132621527669098625e-08
3.037175592213548110e-08
2.945772415718054518e-08
2.857784000334795545e-08
2.772624854780226241e-08
2.690122834840061284e-08
2.610446651192916022e-08
2.533699533885827900e-08
2.459722411565840868e-08
2.388204048114153906e-08
2.318938490751803481e-08
2.251886437603979155e-08
2.187049016971408622e-08
2.124325122790299678e-08
2.063549587793292898e-08
2.004613278131474993e-08
1.947464553958243048e-08
1.892047274221050734e-08
1.838264160292184492e-08
1.786026771759991205e-08
1.735271343313370335e-08
1.685936630430622774e-08
1.637961877962860881e-08
1.591288931107672040e-08
1.545862301410450007e-08
1.501629206367611279e-08
1.458539896562326979e-08
1.416547976983732106e-08
1.375610557931612194e-08
1.335688450748614138e-08
1.296745586768107175e-08
1.258747931755891134e-08
1.221663219442270464e-08
1.185460912622574022e-08
1.150112405420527594e-08
1.115591345034631122e-08
1.081873756613876923e-08
1.048938197504064376e-08
1.016765464067037418e-08
9.853375995488631088e-09
9.546375478102931573e-09
9.246490947495109210e-09
8.953569777318744482e-09
8.667471033671149869e-09
8.388066801672529606e-09
8.115243259582168567e-09
7.848900366005511580e-09
7.588944165974975765e-09
7.335282932471475411e-09
7.087826826164284152e-09
6.846488303829928827e-09
6.611183325866782442e-09
6.381832310559712410e-09
6.158360960720382038e-09
5.940700340883724854e-09
5.728783157138933382e-09
5.522540866757345071e-09
5.321903341566031969e-09
5.126799152698660056e-09
4.937155896890998525e-09
4.752900559531491528e-09
4.573959905196049749e-09
4.400260703079659676e-09
4.231728637336887848e-09
4.068287525882044046e-09
3.909859047855434677e-09
3.756363028154401335e-09
3.607717328116565501e-09
3.463837703810399214e-09
3.324637930950160336e-09
3.190029591624246917e-09
3.059922475383308754e-09
2.934225366974165835e-09
2.812846054895071069e-09
2.695691596179906551e-09
2.582668173883464964e-09
2.473680831059185603e-09
2.368633167315720925e-09
2.267427387248612461e-09
2.169964593534956964e-09
2.076145835950334433e-09
1.985872787245621435e-09
1.899047814161859099e-09
1.815573868470614020e-09
1.735354439112001076e-09
1.658293311487120742e-09
1.584294388965916524e-09
1.513262387316479373e-09
1.445102374341332039e-09
1.379721057080307659e-09
1.317026864923316163e-09
1.256929986956806123e-09
1.199342222271725698e-09
1.144177025254232261e-09
1.091349353689375624e-09
1.040775679026716323e-09
9.923740169766338467e-10
9.460642784628554147e-10
9.017686416418156042e-10
8.594107256618323328e-10
8.189163152127911010e-10
7.802136440054910283e-10
7.432330637321547687e-10
7.079070781858534422e-10
6.741700836757056827e-10
6.419582918393477167e-10
6.112097813922475970e-10
5.818645284797802884e-10
5.538641117228705934e-10
5.271523532278125116e-10
5.016753682614579699e-10
4.773813898603813716e-10
4.542208868117185040e-10
4.321447964431670500e-10
4.111063317726866495e-10
3.910610568296473494e-10
3.719645825267670668e-10
3.537746114813091170e-10
3.364509395745129869e-10
3.199548657336119334e-10
3.042494735854372423e-10
2.892991673779318063e-10
2.750698019333124294e-10
2.615282017128012982e-10
2.486427315125176826e-10
2.363835178128583389e-10
2.247209801124185215e-10
2.136289797577631779e-10
2.030823480183509467e-10
1.930562392704902934e-10
1.835269079878395762e-10
1.744703471029307296e-10
1.658633085145150842e-10
1.576829384638082812e-10
1.499070722586418957e-10
1.425067579539111347e-10
1.350858434258844397e-10
1.274013152283933662e-10
1.198176588234658331e-10
1.125257050936710896e-10
1.056162305599422486e-10
9.911415751885096147e-11
9.301138532251508612e-11
8.727829075934679045e-11
8.180841728743263258e-11
7.648332738542809423e-11
7.145266650382437335e-11
6.669797449007384897e-11
6.212900045096394267e-11
5.762043993519769418e-11
5.331021730461962991e-11
4.917871603682924783e-11
4.508501230921650705e-11
4.104544870032428975e-11
3.740541615583433929e-11
3.414767681646852898e-11
3.088143074224060121e-11
2.783761903365028541e-11
