# bin_1_2
9.209436852343429542e-08
9.312846896218222136e-08
9.417932259936984659e-08
9.524461098848974401e-08
9.633181002236827825e-08
9.743360781217815155e-08
9.855249795821864527e-08
9.968851063614707114e-08
1.008416632155519707e-07
1.020118476375197197e-07
1.031992061699090547e-07
1.044036933017660070e-07
1.056260572326392440e-07
1.068634617809450149e-07
1.081185903862000386e-07
1.093903968263259920e-07
1.106787418385005542e-07
1.119834970196401336e-07
1.133044266228165930e-07
1.146413505580245510e-07
1.159909345041657313e-07
1.173624270472946300e-07
1.187503995001426932e-07
1.201447993310202445e-07
1.215582327217446282e-07
1.229860406663529579e-07
1.244278443886067229e-07
1.258832214871064901e-07
1.273517799512377795e-07
1.288330608403894087e-07
1.303262678832032799e-07
1.318312268348204894e-07
1.333472163959804373e-07
1.348732619785920531e-07
1.364097791935564592e-07
1.379544777303840983e-07
1.395229118019602523e-07
1.410696157357591140e-07
1.426374393243613274e-07
1.442111129195536874e-07
1.457898066680973379e-07
1.473726170013815298e-07
1.489584173307105743e-07
1.505459719024772136e-07
1.521341373571520758e-07
1.537232743902550722e-07
1.553079959499505855e-07
1.568908049893404932e-07
1.584691083572507129e-07
1.600414855729046133e-07
1.616065427552417391e-07
1.631625306914061072e-07
1.647028256227319422e-07
1.662406823458010657e-07
1.677593448912736542e-07
1.692620646477804548e-07
1.707466129974461023e-07
1.722119964153165520e-07
1.736551112866103079e-07
1.750743364683525458e-07
1.764676016348006872e-07
1.778321239007104277e-07
1.791662160348700109e-07
1.804671131303303228e-07
1.817326380191428525e-07
1.829624561502197122e-07
1.841554811770533330e-07
1.853069822679320264e-07
1.864134263515716655e-07
1.874712314659571546e-07
1.884773475527065895e-07
1.894287675806629992e-07
1.903224428684925440e-07
1.911552872046646293e-07
1.919252187172821803e-07
1.926289010746400491e-07
1.932623505623232032e-07
1.938224979354382819e-07
1.943063753317316957e-07
1.947106332944734073e-07
1.950314162847029356e-07
1.952650437400187706e-07
1.954084335987553424e-07
1.954581832038994430e-07
1.954107260778382654e-07
1.952631119403888674e-07
1.950118077334126235e-07
1.946540546991143673e-07
1.941869999891039174e-07
1.936077999574293265e-07
1.929137335756544572e-07
1.921023065712792075e-07
1.911713684595026914e-07
1.901186420149713156e-07
1.889424179849393369e-07
1.876408081807332439e-07
1.862124626187274802e-07
1.846573046366619929e-07
1.829738963346081643e-07
1.811618340019312330e-07
1.792243452528831668e-07
1.771615390656883088e-07
1.749725376374903923e-07
1.726627962488527115e-07
1.702322320347217398e-07
1.676850377605601321e-07
1.650253520589928438e-07
1.622578388552720541e-07
1.593880671232743982e-07
1.564225613190483462e-07
1.533681088159828588e-07
1.502326699355923691e-07
1.470248087494170849e-07
1.437539385993355175e-07
1.404301788562913132e-07
1.370641491196066375e-07
1.336673962854029165e-07
1.302510748930715139e-07
1.268260852730337558e-07
1.234039412119727567e-07
1.199974257987663023e-07
1.166200401635351631e-07
1.132855269530350713e-07
1.100078017934391685e-07
1.068001830381148470e-07
1.036762091190469588e-07
1.006469858496818175e-07
9.772333131641855812e-08
9.491462092847229105e-08
9.222856475220220056e-08
8.967096983271778880e-08
8.724577428356263583e-08
8.495531458666326086e-08
8.279978367345908202e-08
8.077763836177353641e-08
7.888829883688461284e-08
7.712941957397811230e-08
7.549264177471706714e-08
7.396126238594772401e-08
7.252709487451333814e-08
7.117378616788307219e-08
6.988398000548898447e-08
6.863827410776581506e-08
6.741635593792423155e-08
6.619730272120672316e-08
6.495953871835935066e-08
6.368283278939714749e-08
6.235044558159430053e-08
6.094935389814632532e-08
5.946893913084290495e-08
5.790297941735447007e-08
5.624998084887403062e-08
5.451310396917903852e-08
5.269961089648880238e-08
5.082102559862816775e-08
4.889300363143027681e-08
4.693410912065979728e-08
4.496652764394942600e-08
4.301348191328997591e-08
4.109927100257742198e-08
3.924741599130906567e-08
3.747946527540556332e-08
3.581334621629457694e-08
3.426122858179140713e-08
3.282963513213941910e-08
3.151881065054139225e-08
3.032243960225474841e-08
2.922848988965339434e-08
2.822285003116278798e-08
2.728939678281387468e-08
2.641142481407004160e-08
2.557583519839106813e-08
2.477378843374990477e-08
2.399960049043243517e-08
2.325086256403901448e-08
2.252832943060284452e-08
2.183476455296769262e-08
2.117291278925732174e-08
2.054355994059610758e-08
1.994402032254632097e-08
1.936795743065918944e-08
1.880604491915465008e-08
1.824731441149641308e-08
1.768086376723474486e-08
1.709863720273534395e-08
1.649754869979870060e-08
1.588106393866767666e-08
1.525883600654540592e-08
1.464503528000031576e-08
1.405503824365132816e-08
1.350160055073431962e-08
1.299173801521816847e-08
1.252548470248081588e-08
1.209646043669405534e-08
1.169449495270068198e-08
1.130937395689386200e-08
1.093447187867424360e-08
1.056847028707160057e-08
1.021451322646668378e-08
9.877647493512451547e-09
9.561627091576265716e-09
9.266558417307119195e-09
8.988111864716993212e-09
8.719220333751990785e-09
8.453007835360982368e-09
8.185441949191761426e-09
7.916234438658308910e-09
7.648266203449995517e-09
7.385726735544498179e-09
7.132383214056823111e-09
6.890672199885879708e-09
6.662535049030254503e-09
6.449485761812410997e-09
6.252482838438723620e-09
6.070767571099097469e-09
5.901273656982033604e-09
5.739310427224374938e-09
5.580448623648738093e-09
5.422038843657750303e-09
5.263753501493152021e-09
5.107150394664351500e-09
4.954469876346151781e-09
4.808498318988792022e-09
4.670966108259165202e-09
4.542446046965046360e-09
4.422015416491932260e-09
4.307560554255496972e-09
4.196568963453418709e-09
4.087196766855502674e-09
3.978964902853722645e-09
3.872545139005013489e-09
3.769324884766206616e-09
3.670569868326636898e-09
3.576645219257608147e-09
3.486849699764101445e-09
3.399891778506873234e-09
3.314658911461410296e-09
3.230785100008455705e-09
3.148614936479277808e-09
3.068807920046864448e-09
2.991724116034209354e-09
2.917126141619978642e-09
2.844402401848798879e-09
2.773081635652880471e-09
2.703070406062787602e-09
2.634566874037957276e-09
2.567738691434113450e-09
2.502527608372822354e-09
2.438684306425327473e-09
2.376004968919791121e-09
2.314448071882792828e-09
2.254071377442210927e-09
2.194880837847344546e-09
2.136793005581331023e-09
2.079703695284838179e-09
2.023571338125850730e-09
1.968402262260223960e-09
1.914178503135140293e-09
1.860855061858282588e-09
1.808393040902055652e-09
1.756785333079665354e-09
1.706026819465908556e-09
1.656101482692749870e-09
1.606996114168502430e-09
1.558701946911028839e-09
1.511213505637419173e-09
1.464528181640876182e-09
1.418645853891081153e-09
1.373568261233139296e-09
1.329298520341631357e-09
1.285840805150332989e-09
1.243199774739714736e-09
1.201376779073910474e-09
1.160385909454512582e-09
1.120229962923596872e-09
1.080916116879851475e-09
1.042451436220809744e-09
1.004842950345884669e-09
9.680971277637662575e-10
9.322197243383252287e-10
8.972157477556911004e-10
8.630896618788089292e-10
8.298451763385315655e-10
7.974849661592524879e-10
7.660129266714294006e-10
7.354242093241412939e-10
7.057201706617079405e-10
6.768982063717370561e-10
6.489543334280339194e-10
6.218834292501323451e-10
5.956791730665207395e-10
5.703339437112446755e-10
5.458388151425241953e-10
5.221835884740155690e-10
4.993567774615687615e-10
4.773456011572876682e-10
4.561360848049821634e-10
4.357133153689314142e-10
4.160616046323858638e-10
3.971645471009251042e-10
3.790050859287495429e-10
3.615654493247669556e-10
3.448272684719583800e-10
3.287718121040014490e-10
3.133798098944297703e-10
2.986315860999459634e-10
2.845073277606652067e-10
2.709872056011903407e-10
2.580514738074188224e-10
2.456805558879436094e-10
2.338550581415482170e-10
2.225554124466550865e-10
2.117632088391364658e-10
2.014588246281626773e-10
1.916236881895657979e-10
1.822395132487166203e-10
1.732894376682004617e-10
1.647541271747694186e-10
1.566189760467617104e-10
1.488649350656307352e-10
1.414774136292422745e-10
1.344408511132008397e-10
1.277401389345896324e-10
1.213603182926042567e-10
1.152881892055196067e-10
1.095096853936788774e-10
1.040117364403707747e-10
9.878182409684814135e-11
9.380778316105283113e-11
8.907798998965306326e-11
8.458095157907404980e-11
8.030651377437318434e-11
7.624317066958744922e-11
7.238127424912474946e-11
6.871218469782495325e-11
6.522647609561610627e-11
6.191538270219189111e-11
5.877057790320177884e-11
5.578393310129046552e-11
5.294794640177220773e-11
5.025495295635547313e-11
4.769861857586502630e-11
4.527125045173787299e-11
4.296765337271963240e-11
4.078136621626582877e-11
3.870661726528511364e-11
3.673772493273400131e-11
3.486928821407314781e-11
3.309631186000006049e-11
3.141414927670106762e-11
2.981848382817994054e-11
2.830421174445848283e-11
2.686836256810198164e-11
2.550629145175757865e-11
2.421462241754917210e-11
2.298961543350014647e-11
2.182789250190309907e-11
2.072631857180913874e-11
1.968175258788824104e-11
1.869118645465353114e-11
1.775182274997389913e-11
1.686091022320208257e-11
1.601574844640182876e-11
1.521355195703741541e-11
1.445225890891902591e-11
1.372963387595024165e-11
1.304385658657205337e-11
1.239354068502550789e-11
1.177710692977105977e-11
1.119492694322449382e-11
1.067120195253631784e-11
1.021135363665532196e-11
9.800653001622674676e-12
9.425979209661925687e-12
9.079204926626750783e-12
8.752145269233829488e-12
8.441154099407198447e-12
8.137942203927653896e-12
7.624350590936954688e-12
6.776497157167454197e-12
5.821545120258711378e-12
4.887625617652341769e-12
4.055604691852378496e-12
3.376950844459144147e-12
2.857477364220122235e-12
2.501996049376952238e-12
2.308844088241450715e-12
2.177730725735293555e-12
2.038489802633404621e-12
1.947622215316267056e-12
1.934140992479191726e-12
1.859377993172593957e-12
1.764971404188000801e-12
1.698775427823610245e-12
1.595278935417079687e-12
1.436450607774013383e-12
1.328197436507595382e-12
1.301614297677689423e-12
1.305724234826147593e-12
1.419973996773353156e-12
