# bin_2_1
4.328494611445523714e-08
4.345303969932238007e-08
4.359267592192103358e-08
4.374318567102171047e-08
4.389107424323395087e-08
4.403648749616502486e-08
4.417912530565968554e-08
4.431880708961991999e-08
4.445535751408025168e-08
4.458846581931728274e-08
4.471803039613007213e-08
4.484611674730383128e-08
4.496615610068741909e-08
4.508412348198575317e-08
4.519772199816753308e-08
4.530678179862315778e-08
4.541109482267018095e-08
4.551051070391552649e-08
4.560469935042886306e-08
4.569348148760764053e-08
4.577286013433917797e-08
4.585422043806148402e-08
4.592573253323912748e-08
4.591940446703447098e-08
4.604994858940841440e-08
4.610289329399165785e-08
4.614754830588037798e-08
4.618583581948967693e-08
4.621697707394223626e-08
4.624077432685787567e-08
4.625646685605163500e-08
4.626459570069725653e-08
4.626467681326519826e-08
4.625830909798478351e-08
4.623877100028476631e-08
4.621463848152350437e-08
4.618060154485691813e-08
4.613759330616723730e-08
4.608550837138591878e-08
4.602415510109842690e-08
4.595335343629155488e-08
4.587295724787473510e-08
4.578281018146715350e-08
4.568265816860981237e-08
4.557246144817494350e-08
4.545753464028944277e-08
4.532255650460431311e-08
4.518206178460554382e-08
4.503118423293122206e-08
4.486984569588195367e-08
4.469811284226606777e-08
4.451562699902816528e-08
4.432311506488533054e-08
4.411914245228955929e-08
4.390496562709775265e-08
4.368016365101550128e-08
4.344612000729980531e-08
4.319885502754978499e-08
4.294221475515797383e-08
4.267521801355832402e-08
4.239819859065641330e-08
4.211006417348458831e-08
4.181204851541040264e-08
4.150402736510363661e-08
4.118638247423292043e-08
4.085805225048936527e-08
4.052049061341200812e-08
4.017315121213835307e-08
3.981701777873027561e-08
3.945162458959869773e-08
3.907732790028866958e-08
3.869438142355023049e-08
3.830305040777719691e-08
3.790357846505341851e-08
3.749602435739833388e-08
3.708827082411307051e-08
3.665938757247004158e-08
3.623038718824515321e-08
3.579482982557933547e-08
3.535294960199035816e-08
3.490529998552213258e-08
3.445198657129580250e-08
3.399357289160120283e-08
3.353037817583755926e-08
3.306277454960867385e-08
3.259208172958722433e-08
3.211614533070840809e-08
3.163751739620203346e-08
3.115635804855552131e-08
3.067281476647380063e-08
3.018727824977430653e-08
2.970012265699148090e-08
2.921186962043239535e-08
2.872290958149488061e-08
2.822973411898486537e-08
2.774433027736314165e-08
2.725556585587932923e-08
2.676750904696393121e-08
2.628087705929895954e-08
2.579585539475517371e-08
2.531275157191649357e-08
2.483167032087488816e-08
2.435160209755081333e-08
2.387842467941624427e-08
2.340700335782908847e-08
2.293904687769785199e-08
2.247477526781988219e-08
2.201451743267220213e-08
2.155896623305996774e-08
2.110735233944755170e-08
2.066085664758437484e-08
2.021937196054529141e-08
1.978296482011691460e-08
1.935188205248204787e-08
1.892674558485355170e-08
1.850606727698435825e-08
1.809166241816483899e-08
1.768294030298179031e-08
1.728001223929386881e-08
1.688288524773169906e-08
1.649164638249907457e-08
1.610628683774770982e-08
1.572676412447490622e-08
1.535309387873545000e-08
1.498525875202733079e-08
1.462320165077633406e-08
1.426687598084912916e-08
1.391623736111054513e-08
1.357119544378368624e-08
1.323171085322073387e-08
1.289772355114441213e-08
1.256914423786374708e-08
1.224591349401215849e-08
1.192795879813817801e-08
1.161540417901292727e-08
1.130767764542672855e-08
1.100524462773157927e-08
1.071073470458548124e-08
1.041557340467517860e-08
1.012828892187494602e-08
9.846033681199834185e-09
9.568788597316849398e-09
9.296565518246584498e-09
9.029386862035991809e-09
8.767286426660881811e-09
8.510293750853307878e-09
8.258444212958773154e-09
8.011791690833271123e-09
7.770391480027979035e-09
7.534283077355162195e-09
7.303518142758754887e-09
7.078162199707643938e-09
6.858300812357864972e-09
6.643941721002671036e-09
6.435013739474606106e-09
6.231513012487936036e-09
6.033474581264002682e-09
5.839191031951946288e-09
5.654103971864447989e-09
5.472841988533218385e-09
5.297180455797042869e-09
5.127151177658632091e-09
4.962691591640659602e-09
4.803795618895385725e-09
4.650364264969394660e-09
4.502341270750945638e-09
4.359567550106998413e-09
4.221958293479707921e-09
4.089340606032590622e-09
3.961405562603007462e-09
3.837985916177807998e-09
3.719261490415402717e-09
3.605094060632521335e-09
3.494989217120872130e-09
3.388444316920906762e-09
3.285502437742244422e-09
3.185757024040173791e-09
3.089007365751083733e-09
2.994914495758567032e-09
2.903062448766063721e-09
2.813193628634829100e-09
2.725007387213191332e-09
2.638293657891544912e-09
2.552929937338042972e-09
2.468868816544848065e-09
2.386142145251419618e-09
2.304877340467691378e-09
2.225171433044410162e-09
2.147284679327145043e-09
2.071423795230583542e-09
1.997789495491538337e-09
1.926662785713208713e-09
1.858241118086898966e-09
1.792776988563322022e-09
1.730464380439215854e-09
1.671388826878313337e-09
1.615640146225521990e-09
1.563132055818390073e-09
1.513772343937948316e-09
1.467262434164329566e-09
1.423266257523770393e-09
1.381316812859232091e-09
1.340874332820498737e-09
1.301389812404445887e-09
1.262387737150986985e-09
1.223562610891342848e-09
1.184796501892673825e-09
1.146132051840261675e-09
1.107714341492420966e-09
1.069810944143415620e-09
1.032734522480267859e-09
9.969365716478880147e-10
9.628215378310371274e-10
9.306874877111463756e-10
9.006294259760387367e-10
8.725109753959734475e-10
8.460549498562725249e-10
8.209499522706308693e-10
7.966872388246640052e-10
7.728514962886887832e-10
7.491363547984672213e-10
7.254318027444898377e-10
7.018357654809862760e-10
6.786042098289162518e-10
6.560798482856111325e-10
6.345636528068577595e-10
6.142271261379436536e-10
5.949578091379354706e-10
5.766601264985554398e-10
5.589850300774120470e-10
5.416575440420775898e-10
5.245050781043720944e-10
5.075390796456266473e-10
4.909222071631223793e-10
4.748553508400499077e-10
4.594836253841384548e-10
4.448206893559115696e-10
4.307445561277703210e-10
4.170610344453049485e-10
4.036196302122935818e-10
3.903917312940851769e-10
3.774717927003429510e-10
3.649912134977906173e-10
3.530155807660422400e-10
3.415006364649584183e-10
3.303377081967067179e-10
3.194271658675722949e-10
3.087475489713560219e-10
2.983539622467987016e-10
2.883113842675159309e-10
2.786285744746209480e-10
2.692577341585526937e-10
2.601422423662512069e-10
2.512629530769383035e-10
2.426394236204633031e-10
2.342922866504844043e-10
2.262146155715008381e-10
2.183808612978388122e-10
2.107741059038623208e-10
2.033945087088936035e-10
1.962444893278887716e-10
1.893178169119288898e-10
1.826039949414481308e-10
1.760966406561049960e-10
1.697919968230735102e-10
1.636853702636578314e-10
1.577711100367731375e-10
1.520438814600677079e-10
1.464988152540150483e-10
1.411312399815392157e-10
1.359366137811618417e-10
1.309104741899137078e-10
1.260484515420408680e-10
1.213460491374026486e-10
1.167987292886574796e-10
1.124019103230089353e-10
1.081517126846759809e-10
1.040441718912525178e-10
1.000754035762520593e-10
9.624149524813116383e-11
9.253859707105200572e-11
8.896294672160465908e-11
8.551083008161419990e-11
8.217860350130211722e-11
7.896275045927246931e-11
7.585991544894310707e-11
7.286682507775805241e-11
6.998019323560020763e-11
6.719675768105064644e-11
6.451333371016296137e-11
6.192639538400451741e-11
5.943303309978730293e-11
5.703029151484202356e-11
5.471530682101764276e-11
5.248529575895904266e-11
5.033754935736434996e-11
4.826940684668753282e-11
4.627826105858819317e-11
4.436157041239396801e-11
4.251680929494650369e-11
4.074169372233762951e-11
3.903386907302396713e-11
3.739105283714055157e-11
3.581059588708009977e-11
3.429067048067227999e-11
3.282916914194076462e-11
3.142412808117954224e-11
3.007369921036124711e-11
2.877593365419872985e-11
2.752898442332439888e-11
2.633084673408677084e-11
2.518021598513535359e-11
2.407517620073220654e-11
2.301396000679407847e-11
2.199523710144746129e-11
2.101762215569464525e-11
2.007927133735625464e-11
1.917902745872406496e-11
1.831554520659793012e-11
1.748786328356815412e-11
1.669366658845644207e-11
1.593279961186742201e-11
1.520371252684156243e-11
1.450472805650056749e-11
1.383528332583385086e-11
1.319423956531242163e-11
1.258024108822129578e-11
1.199250251629135354e-11
1.143003447458024065e-11
1.089190408994986664e-11
1.037712038225364365e-11
9.885071912003753730e-12
9.414200300816399178e-12
8.964057399736396146e-12
8.534056720369667716e-12
8.123313846844844204e-12
7.730798522116380624e-12
7.356112783405150459e-12
6.998286134793862321e-12
6.656699035684862762e-12
6.330896247271488477e-12
6.019910823062144446e-12
5.723369170014150688e-12
5.440615855190727498e-12
5.170935970407639325e-12
4.914078734779073464e-12
4.669070971537648313e-12
4.435749293062201898e-12
4.213483077310649164e-12
4.001864534832970855e-12
3.800294329908161214e-12
3.608442551755573900e-12
3.425864628243300410e-12
3.252126754146416839e-12
3.086857040348740905e-12
2.929608438194081659e-12
2.780082003848698066e-12
2.637854304896735320e-12
2.502742075535794411e-12
2.374210712857066411e-12
2.252114035619543506e-12
2.136050162919861272e-12
2.025763583463555808e-12
1.921071828858786910e-12
1.821760644406990092e-12
1.727324047342730821e-12
1.637677181214247798e-12
1.552534102506624629e-12
1.471789289685963431e-12
1.395115675369503502e-12
1.322287643000482949e-12
1.253289125442622512e-12
1.187889442516613912e-12
1.125801553713846267e-12
1.066905660069420510e-12
1.011073755213392039e-12
9.581665741509077724e-13
9.078864096145198086e-13
8.602904220167144605e-13
8.151129471179979688e-13
7.723058078600902707e-13
7.317656890730689756e-13
6.932637720517974087e-13
6.568189245104518627e-13
6.222927156414750705e-13
5.896077286259040567e-13
5.586838669930502138e-13
5.294423061176063020e-13
5.017901196746086889e-13
4.756368545816410085e-13
4.508759072940636462e-13
4.274047910239576460e-13
4.051228239251871489e-13
3.839199595959219689e-13
3.637039296353210307e-13
3.443702182549188232e-13
3.258697680542079922e-13
3.081833923641619235e-13
2.913521011805971806e-13
2.754462029934695301e-13
