# bin_1_1
-6.661659205830284199e-09
-6.967321886546549718e-09
-7.281413448630974157e-09
-7.606374061318530404e-09
-7.935275540812434368e-09
-8.275318265077036926e-09
-8.624317481495339677e-09
-8.982426881944439950e-09
-9.349793580111763738e-09
-9.726625803749687316e-09
-1.011302343101360196e-08
-1.050900164472466527e-08
-1.091392836784238886e-08
-1.133066851838822425e-08
-1.175657421375689760e-08
-1.219268274538237277e-08
-1.263910571037306375e-08
-1.309591973371748599e-08
-1.356328358914005641e-08
-1.404127497361070320e-08
-1.452980354398300334e-08
-1.502933333093639326e-08
-1.553531663660154582e-08
-1.606081558513525814e-08
-1.659297647138176686e-08
-1.713618696223900529e-08
-1.769046324782659073e-08
-1.825584487107522776e-08
-1.883226357428739917e-08
-1.941971264729716393e-08
-2.001844382263082132e-08
-2.062805356135564548e-08
-2.124863364923976186e-08
-2.188036081416249072e-08
-2.252245074696674063e-08
-2.317598686674434763e-08
-2.383913566460050244e-08
-2.451325068780772972e-08
-2.519765062230758494e-08
-2.589216685662628143e-08
-2.659663359899690342e-08
-2.731082505493147230e-08
-2.803453832743680929e-08
-2.876754228121064658e-08
-2.950950046498287260e-08
-3.025841241099370461e-08
-3.101826390535483307e-08
-3.178463154389892813e-08
-3.255839453583011022e-08
-3.333911944638013602e-08
-3.412633499534792456e-08
-3.491952447686305018e-08
-3.571792714015297238e-08
-3.652157337180329300e-08
-3.732926156416364433e-08
-3.814056276303595546e-08
-3.895480556757674145e-08
-3.977124204100897801e-08
-4.058929180029733245e-08
-4.140801816602818040e-08
-4.222665489681961201e-08
-4.304422923661035062e-08
-4.386009783662643098e-08
-4.467315407787998296e-08
-4.548249066141838956e-08
-4.628729312827222133e-08
-4.708703543189644647e-08
-4.788092167345556264e-08
-4.866727857245443009e-08
-4.944501529839498204e-08
-5.021258221338231013e-08
-5.096854112973269175e-08
-5.171151471562539139e-08
-5.244020783789780433e-08
-5.315355047510214615e-08
-5.384971209812237114e-08
-5.452754087390645973e-08
-5.518553374535814504e-08
-5.582239921552331148e-08
-5.643678068633488261e-08
-5.702695383887980510e-08
-5.759144231607439872e-08
-5.812872452345653643e-08
-5.863725655253059609e-08
-5.911520470001324252e-08
-5.956049581255576246e-08
-5.997274918353518485e-08
-6.034951551293599023e-08
-6.068925028311634412e-08
-6.099068711633525987e-08
-6.125241162861052667e-08
-6.147299071900346803e-08
-6.165101649331587202e-08
-6.178513385068690155e-08
-6.187412435228228839e-08
-6.191676004287183222e-08
-6.191193427773288291e-08
-6.185869540001504517e-08
-6.175639054465772200e-08
-6.160379628808092280e-08
-6.140095332653046988e-08
-6.114728219907406610e-08
-6.084287782984119740e-08
-6.048638524627575264e-08
-6.007931630868646656e-08
-5.962160067442751902e-08
-5.911384198879241579e-08
-5.855690714559979506e-08
-5.795190421466724993e-08
-5.730018600700769214e-08
-5.660343140935988866e-08
-5.586353482399698645e-08
-5.508274980226776590e-08
-5.426351809804342234e-08
-5.340856694017982966e-08
-5.252114718064047125e-08
-5.160429612233171940e-08
-5.066162087315382068e-08
-4.969660225934322143e-08
-4.871280483024325000e-08
-4.771402688200986386e-08
-4.670428644853812901e-08
-4.568806073638333051e-08
-4.466994478504367248e-08
-4.365466411841551861e-08
-4.264692104391725140e-08
-4.165122613099680127e-08
-4.067187122246799277e-08
-3.971288729964885038e-08
-3.877781104999273243e-08
-3.786961344209632663e-08
-3.699071764012045618e-08
-3.614301364544385941e-08
-3.532781310251833689e-08
-3.454580363402788838e-08
-3.379748965268485909e-08
-3.308339137589977013e-08
-3.240320994362555989e-08
-3.175535743094690483e-08
-3.113738167729925272e-08
-3.054611437449846286e-08
-2.997766916117464933e-08
-2.942747260518047783e-08
-2.889047249324288998e-08
-2.836109115761595456e-08
-2.783317264708964584e-08
-2.730066036792485251e-08
-2.675841135612322605e-08
-2.620185052240379212e-08
-2.562752727472712704e-08
-2.503283392308821055e-08
-2.441685661654927031e-08
-2.378008944565455364e-08
-2.312390008622438096e-08
-2.245087059266442546e-08
-2.176497918889029932e-08
-2.107095046770543256e-08
-2.037401489542585742e-08
-1.968013507831372308e-08
-1.899546127555656359e-08
-1.832609664108907442e-08
-1.767758690166445304e-08
-1.705478940765582976e-08
-1.646149863072630653e-08
-1.589939171991024702e-08
-1.536922526353925258e-08
-1.486918600112092939e-08
-1.439614971876146718e-08
-1.394574118038636629e-08
-1.351257361530270372e-08
-1.309129793970303512e-08
-1.267774902618047367e-08
-1.226939312523361124e-08
-1.186537923644364465e-08
-1.146659223279743013e-08
-1.107544603354842878e-08
-1.069545113535673416e-08
-1.033052555560940138e-08
-9.984100138652969551e-09
-9.658229625914350908e-09
-9.352934086435667267e-09
-9.066064530979173536e-09
-8.793559797809287750e-09
-8.530093947147926201e-09
-8.269966064819540084e-09
-8.008337311708582384e-09
-7.742222918102919529e-09
-7.471228256082931043e-09
-7.197757210646856427e-09
-6.926371964059610936e-09
-6.662675534370599984e-09
-6.411882030208526169e-09
-6.177502580263678434e-09
-5.960586224131045553e-09
-5.759515754990342038e-09
-5.570697611744511616e-09
-5.389832488981555704e-09
-5.213224800119811937e-09
-5.038768265904957084e-09
-4.866241050225319308e-09
-4.696920380755388353e-09
-4.532747951604217386e-09
-4.375340213324603712e-09
-4.225364757490192660e-09
-4.082472531665509310e-09
-3.945663379251693502e-09
-3.813808240289402065e-09
-3.686043027770277041e-09
-3.561913090943743254e-09
-3.441195057175822566e-09
-3.323876554884603301e-09
-3.210107668131573897e-09
-3.100307580181754734e-09
-2.995411683255665159e-09
-2.896063526219173556e-09
-2.802360236282670658e-09
-2.713620707397687355e-09
-2.628705015076408262e-09
-2.546363720918760581e-09
-2.465856280565449475e-09
-2.387094512082996194e-09
-2.310620817297011533e-09
-2.236981413283032431e-09
-2.166672557660427744e-09
-2.099878976849722338e-09
-2.036404725070078716e-09
-1.975802313905732503e-09
-1.917491171054639775e-09
-1.860996576588781342e-09
-1.806106339529889800e-09
-1.752886252158753191e-09
-1.701557208654709481e-09
-1.652302864967712054e-09
-1.605139082000751107e-09
-1.559900293132619017e-09
-1.516315894964674638e-09
-1.474136217615595381e-09
-1.433226582292940199e-09
-1.393581406370813237e-09
-1.355271456330309274e-09
-1.318336569007060708e-09
-1.282700198339617301e-09
-1.248211065088607445e-09
-1.214736358015271320e-09
-1.182215873189423241e-09
-1.150649292898848142e-09
-1.120038766127039344e-09
-1.090345013738454943e-09
-1.061487647414670878e-09
-1.033392729227356075e-09
-1.006024518930580248e-09
-9.793710853342066872e-10
-9.534085902069354059e-10
-9.280938066927367605e-10
-9.033823887157662550e-10
-8.792475146485646988e-10
-8.556709005190026681e-10
-8.326288979465673589e-10
-8.100928112448741977e-10
-7.880387648576806592e-10
-7.664500586882298259e-10
-7.453101755448169661e-10
-7.246022528438852586e-10
-7.043111248650323181e-10
-6.844232459338219579e-10
-6.649265379676024404e-10
-6.458103250817179651e-10
-6.270652041499968834e-10
-6.086830340395954221e-10
-5.906592416264481508e-10
-5.729828173524011061e-10
-5.556507064084776279e-10
-5.386582785431385570e-10
-5.220017519263242479e-10
-5.056780971334641820e-10
-4.896848672509768932e-10
-4.740202083349760938e-10
-4.586824177437471489e-10
-4.436701047154568813e-10
-4.289820420628235702e-10
-4.146171938942932786e-10
-4.005747921116256647e-10
-3.868542382178653543e-10
-3.734549748162944786e-10
-3.603763886787866946e-10
-3.476176952961141202e-10
-3.351775451582733564e-10
-3.230559755130125336e-10
-3.112503528354572081e-10
-2.997594405564535945e-10
-2.885814712762146603e-10
-2.777144586227804491e-10
-2.671561538997935581e-10
-2.569039733063604525e-10
-2.469549946678202721e-10
-2.373059562954393924e-10
-2.279533325765403726e-10
-2.188933180207731634e-10
-2.101216963489200502e-10
-2.016340207475771706e-10
-1.934259103366766252e-10
-1.854924943262069230e-10
-1.778287734643830255e-10
-1.704295324865620225e-10
-1.632893928437475122e-10
-1.564028365687808725e-10
-1.497640566473040851e-10
-1.433671819861506250e-10
-1.372061146496393767e-10
-1.312752505315583552e-10
-1.255683425641172721e-10
-1.200793613164861266e-10
-1.148022517793248869e-10
-1.097313486748737154e-10
-1.048599551970816425e-10
-1.001823519282712633e-10
-9.569248502444610915e-11
-9.138433965655893615e-11
-8.725196418290990463e-11
-8.328972976084538940e-11
-7.949198536071213007e-11
-7.585306605526703960e-11
-7.236744236140706279e-11
-6.902950855714116205e-11
-6.583441494773778826e-11
-6.277651865077928855e-11
-5.985108692506367214e-11
-5.705300054715006033e-11
-5.437738634291779825e-11
-5.181991341322007508e-11
-4.937547626029669843e-11
-4.704012358675081564e-11
-4.480922252738394202e-11
-4.267868247353650209e-11
-4.064445168924855431e-11
-3.870255584035639870e-11
-3.684930000738708851e-11
-3.508093596044998174e-11
-3.339397526736504090e-11
-3.178483595149885832e-11
-3.025051063655317231e-11
-2.878747011136575078e-11
-2.739283384314512308e-11
-2.606354101289027578e-11
-2.479706616240679363e-11
-2.359042114330188098e-11
-2.244102932067176226e-11
-2.134643339471653438e-11
-2.030418035411527022e-11
-1.931165674384808721e-11
-1.836723097148707263e-11
-1.746804082779841141e-11
-1.661216069691317983e-11
-1.579744723754526867e-11
-1.502189577454860498e-11
-1.428355065397707715e-11
-1.358061809741480498e-11
-1.291146273207535475e-11
-1.227465169113739969e-11
-1.166892849191607735e-11
-1.109314156511505660e-11
-1.054629436933774756e-11
-1.002749753258760217e-11
-9.536021958364215597e-12
-9.070676795272632557e-12
-8.630274842201057359e-12
-8.213252780060768084e-12
-7.817662031040472276e-12
-7.441333000727099306e-12
-7.066728334962955443e-12
-6.468269629084732621e-12
-5.598348162217761391e-12
-4.605480100921924234e-12
-3.601170352020648243e-12
-2.657661347122312742e-12
-1.824638828829881291e-12
-1.112285600867725169e-12
-5.148430447096486556e-13
-6.592720170030910585e-14
1.957215921055385468e-13
3.284228187119585165e-13
4.088025886768668889e-13
5.103628833593645888e-13
6.524272402665106059e-13
7.968918357890173943e-13
9.457821939492617602e-13
1.116931764937574013e-12
1.258502998734084946e-12
1.322067265350052896e-12
1.346291005246074647e-12
1.351485944890693385e-12
1.300632370266702333e-12
1.223454936334836161e-12
1.148958114274369162e-12
1.066618482538787264e-12
9.741694121122741756e-13
8.962072118650110278e-13
8.367333295173387533e-13
7.791954711843041513e-13
7.385050105867263956e-13
