# bin_1_3
2.110123475353407825e-07
2.137568327611624401e-07
2.165537073239890078e-07
2.194011569661536296e-07
2.223072281127207755e-07
2.252650719235097971e-07
2.282777090020424124e-07
2.313456724457245265e-07
2.344694742545657523e-07
2.376494903456546012e-07
2.408863365521294585e-07
2.441804248624760615e-07
2.475329492864787692e-07
2.509414712773358831e-07
2.544091670277150327e-07
2.579353093333057929e-07
2.615201631798275672e-07
2.651639616987603017e-07
2.688668119380114036e-07
2.726288569402454351e-07
2.764470407277020721e-07
2.803309664805995391e-07
2.842753718214807610e-07
2.882705175088051170e-07
2.923291569811979171e-07
2.964468212018803967e-07
3.006232653563599294e-07
3.048581626388137146e-07
3.091511716756017356e-07
3.135018384242411550e-07
3.179093228797336020e-07
3.223733620835999421e-07
3.268930985505551095e-07
3.314673526359884606e-07
3.360963691642698203e-07
3.407775065507402571e-07
3.455260847530730979e-07
3.502959917846879037e-07
3.551298646284361509e-07
3.600118318714238205e-07
3.649405075844354458e-07
3.699143579565478330e-07
3.749315084663163078e-07
3.799898829136853333e-07
3.850874189759237473e-07
3.902234513944414137e-07
3.953915368794726767e-07
4.005929552632098649e-07
4.058238454824586791e-07
4.110814308291879201e-07
4.163628840643076779e-07
4.216648910629317811e-07
4.269790418951954436e-07
4.323170064214574833e-07
4.376599579290910828e-07
4.430092529773148012e-07
4.483605183077430036e-07
4.537105443289707278e-07
4.590537972392754592e-07
4.643862002056118722e-07
4.697027605242677971e-07
4.749978958694324612e-07
4.802669886768509831e-07
4.855041563093960301e-07
4.907038583365766271e-07
4.958631587154728110e-07
5.009776516577190510e-07
5.060385714088000717e-07
5.110381319257800108e-07
5.159685100218389732e-07
5.208223000637900046e-07
5.255920774748325358e-07
5.302703137039801139e-07
5.348492051913267727e-07
5.393219421162760689e-07
5.436801421948360480e-07
5.479142188701033606e-07
5.520155697600661782e-07
5.559762140124058136e-07
5.597875213313214562e-07
5.634395839169329558e-07
5.669226704865175081e-07
5.702282096893683582e-07
5.733467101899505388e-07
5.762664357984456515e-07
5.789770160368565629e-07
5.814700614363307994e-07
5.837357385469801640e-07
5.857630777245198657e-07
5.875422059979961192e-07
5.890638098199402893e-07
5.903177606379470285e-07
5.912941084558509724e-07
5.919832840459418352e-07
5.923764545564910800e-07
5.924656064482888054e-07
5.922422954561232468e-07
5.916849701958691603e-07
5.908235808299220435e-07
5.896149378748565096e-07
5.880617729303558516e-07
5.861605615705723775e-07
5.839072684088079928e-07
5.813010755964293882e-07
5.783361451382767204e-07
5.750121431393095005e-07
5.713288043771922655e-07
5.672870103083197275e-07
5.628891565251423109e-07
5.581392888595331469e-07
5.530424242026430897e-07
5.476071661335696921e-07
5.418387272139629853e-07
5.357489610099236852e-07
5.293497450098673913e-07
5.226544758326918509e-07
5.156785093066570162e-07
5.084377483684467346e-07
5.009487061609756605e-07
4.932296778030810129e-07
4.853016221994398289e-07
4.771875659989760018e-07
4.689120718044552776e-07
4.605011293711358438e-07
4.519813056657236097e-07
4.433804257383815399e-07
4.347247432651421351e-07
4.260411160796456548e-07
4.173558001144557878e-07
4.086939760762196897e-07
4.000792745675905112e-07
3.915336976988713503e-07
3.830779192783767245e-07
3.747304034165278171e-07
3.665077322382434708e-07
3.584283323612455215e-07
3.505088191548809115e-07
3.427597784385303134e-07
3.351792796601570902e-07
3.277751775907719852e-07
3.205456298471143365e-07
3.134857219667249752e-07
3.065864957250054490e-07
2.998365352491192132e-07
2.932217333325410730e-07
2.867244016783918035e-07
2.803256760380130992e-07
2.740088641025539963e-07
2.677602294352746082e-07
2.615669617575870817e-07
2.554196768099639626e-07
2.493140637295759689e-07
2.432481731349757070e-07
2.372192630462308226e-07
2.312277151592317744e-07
2.252807841808519118e-07
2.193857695224258467e-07
2.135497769759043626e-07
2.077830465709871960e-07
2.020976539767393666e-07
1.965036506269625625e-07
1.910095282007361639e-07
1.856221193514824899e-07
1.803458240956305119e-07
1.751799238510654821e-07
1.701180808940216110e-07
1.651484025857147796e-07
1.602555907937049415e-07
1.554227870283356308e-07
1.506374752941643286e-07
1.458936283461444044e-07
1.411902217251985240e-07
1.365325651576248966e-07
1.319337151402097018e-07
1.274131538981883142e-07
1.229950574593556739e-07
1.187059342224155026e-07
1.145704771217086383e-07
1.106077153763683884e-07
1.068275034754293817e-07
1.032293008699435412e-07
9.980253063177809172e-08
9.652864673135955046e-08
9.338438647113173750e-08
9.034671199368650341e-08
8.739708010844530799e-08
8.452478340373115163e-08
8.172741792267535033e-08
7.901021718915161280e-08
7.638145097694487061e-08
7.384848347750777548e-08
7.141341133600815083e-08
6.907030818867258015e-08
6.680607678932825254e-08
6.460276081307824433e-08
6.244281283042650070e-08
6.031459860372256640e-08
5.821587284214151284e-08
5.615362108877670534e-08
5.414113520613699024e-08
5.219321956209349561e-08
5.032206463207448045e-08
4.853373896742601381e-08
4.682872437725875369e-08
4.520490691641936168e-08
4.365900341088514610e-08
4.218649814463474492e-08
4.078072525624181453e-08
3.943229800075518382e-08
3.812971564537261020e-08
3.686160412343965555e-08
3.562021360843329090e-08
3.440356743239276267e-08
3.321511182569579253e-08
3.206139054489435302e-08
3.094931942155542080e-08
2.988392291641487816e-08
2.886762423960429613e-08
2.790012034164852596e-08
2.697859134340913491e-08
2.609794597423449106e-08
2.525179280692112956e-08
2.443342817328890070e-08
2.363822064660853103e-08
2.286428750690356613e-08
2.211319294271603812e-08
2.138864864701912743e-08
2.069453205870003579e-08
2.003248046195730812e-08
1.940087397239669413e-08
1.879558802970238428e-08
1.821182772384138100e-08
1.764608989380283749e-08
1.709746984645393550e-08
1.656731606433144778e-08
1.605754416390442306e-08
1.556882174637948397e-08
1.509988315437438042e-08
1.464835697417635717e-08
1.421198484044197875e-08
1.378962850280726945e-08
1.338134704424410156e-08
1.298760792884435803e-08
1.260831442205892545e-08
1.224250604902533280e-08
1.188885389350465807e-08
1.154643011958243336e-08
1.121494798186639256e-08
1.089432133487413116e-08
1.058417940956703196e-08
1.028386321168002587e-08
9.992720760220822355e-09
9.710319783563807041e-09
9.436376847646905526e-09
9.170582987929645786e-09
8.912520356657584934e-09
8.661773269153555438e-09
8.418018691724257168e-09
8.180987438751528924e-09
7.950396250087702457e-09
7.725940900412725258e-09
7.507351470471209087e-09
7.294391903534909882e-09
7.086836594780195089e-09
6.884470786348290740e-09
6.687093088088519428e-09
6.494514910396800501e-09
6.306560039749539180e-09
6.123065021329456443e-09
5.943879183037550332e-09
5.768863736426233976e-09
5.597891070621782155e-09
5.430843586260839126e-09
5.267612489109160703e-09
5.108096878000057530e-09
4.952203110057641584e-09
4.799844912805064578e-09
4.650943936915485934e-09
4.505428962101999672e-09
4.363235437609782080e-09
4.224304643203246140e-09
4.088582211296007642e-09
3.956017212195849716e-09
3.826561583942047160e-09
3.700170191219580487e-09
3.576801108323478685e-09
3.456415376848140812e-09
3.338976570843429133e-09
3.224450726843808942e-09
3.112804894483735314e-09
3.004006405872345358e-09
2.898022614868385694e-09
2.794820887060724232e-09
2.694368798737108723e-09
2.596634095756201174e-09
2.501584593859343015e-09
2.409187927347821258e-09
2.319411050882992846e-09
2.232219996630182373e-09
2.147579638513185232e-09
2.065453848826362774e-09
1.985805571915368250e-09
1.908596839221399903e-09
1.833788791021160380e-09
1.761341646186812094e-09
1.691214446170636183e-09
1.623365440131927556e-09
1.557751881048960372e-09
1.494330258874064568e-09
1.433056312775685934e-09
1.373885008194737663e-09
1.316770697409135914e-09
1.261666936502687260e-09
1.208526720669061556e-09
1.157302891075693561e-09
1.107948009403947828e-09
1.060414594081400790e-09
1.014655125558618628e-09
9.706220338342580558e-10
9.282675935042746242e-10
8.875441383799267081e-10
8.484041965340249126e-10
8.108015482837994864e-10
7.746875852868634811e-10
7.400172701386864796e-10
7.067451202603796445e-10
6.748261739684898074e-10
6.442161720673272930e-10
6.148713039932283330e-10
5.867483631991197781e-10
5.598051919459431463e-10
5.340000785850350404e-10
5.092924891754586455e-10
4.856429567643853674e-10
4.630129118343284540e-10
4.413647149544224285e-10
4.206615080086667228e-10
4.008673716223579188e-10
3.819471872714855058e-10
3.638668911918254084e-10
3.465937183531204336e-10
3.300954938753899705e-10
3.143411294894108664e-10
2.993007698401901096e-10
2.849453927952004253e-10
2.712468204268817739e-10
2.581777187511559109e-10
2.457116491100697051e-10
2.338231890307793123e-10
2.224878908832250546e-10
2.116819469541542438e-10
2.013826639052260592e-10
1.915682045499132007e-10
1.822175314332638358e-10
1.733102206299729139e-10
1.648267645077841098e-10
1.567481998973136401e-10
1.490565454244697890e-10
1.417342133304742228e-10
1.347643305643463644e-10
1.281309867387905108e-10
1.218186203317118113e-10
1.158123361537876518e-10
1.100978056877655429e-10
1.046615169901470321e-10
9.949031599954731109e-11
9.457217948305137695e-11
8.989537001096824415e-11
8.544889459082457787e-11
8.122361977236434233e-11
7.722857795420864580e-11
7.345420532459564360e-11
6.987892742285817002e-11
6.648626486247603100e-11
6.326483485332635246e-11
6.020449049138031309e-11
5.729731511452366593e-11
5.452948604519574496e-11
5.161821132290243717e-11
4.839670727612786937e-11
4.514200799964938637e-11
4.200227631055368978e-11
3.905723900788752370e-11
3.633320818717568522e-11
3.381756213011546581e-11
3.149438396604884677e-11
2.930761099318537343e-11
2.716860957224144742e-11
2.514692079435956658e-11
2.324737477600527128e-11
2.142787822333648118e-11
1.959560648755011989e-11
1.784134508877207100e-11
1.617307156163400931e-11
1.451084408521511382e-11
1.286718547527766736e-11
1.144379565036254591e-11
1.024849307177333347e-11
9.118504531747596759e-12
8.231272787827344123e-12
