# xi_wedges_like_simulation_bin_1
2.804457360312140879e-01
1.846489408808497379e-01
1.327975841456908168e-01
9.425117530281831857e-02
6.842467365139148772e-02
5.214350936257616115e-02
3.938386535278387557e-02
3.248498802187823470e-02
2.495083059575500806e-02
1.912398301028358713e-02
1.590879441816876044e-02
1.290621100586678872e-02
1.131540446888521997e-02
1.066777766050946638e-02
9.165575413635163038e-03
8.796806287438433195e-03
8.306411631438061216e-03
6.516084462829603748e-03
5.520185595901389367e-03
4.662600357295098273e-03
4.561047203388266663e-03
3.123961812326214726e-03
3.459627964588060742e-03
2.105549996541245753e-03
1.210556218367924439e-03
1.001234276500602947e-03
1.107049587476042346e-03
6.738604855270730574e-04
2.332349522868929492e-01
1.531607597827678025e-01
1.047303796676212345e-01
7.352770581190541666e-02
5.112288612812197763e-02
3.660433738158964945e-02
2.718981678156799642e-02
2.225141388740361006e-02
1.586442099208310030e-02
1.158981191601410159e-02
1.021383781712971797e-02
8.417515094238494158e-03
6.339299666769365044e-03
4.595113194109522355e-03
6.117261062426592247e-03
6.495035129939290795e-03
6.857167660251929468e-03
5.759733886392065169e-03
5.546992998832950966e-03
4.301131350937221695e-03
2.878902491542879773e-03
2.075115391535647426e-03
7.007381140258630908e-04
2.609174474817187758e-04
7.929237755292329118e-05
3.542065902545198791e-04
-6.979146134516403966e-05
-7.842289113025220377e-04
1.612711962963710721e-01
9.452365999382786321e-02
5.828711380367036787e-02
3.586388459684258789e-02
2.485844189864009138e-02
1.535952690396262532e-02
9.103242514448644379e-03
3.529658381607418162e-03
1.366503035110531918e-03
6.431876066319639883e-04
-5.178972901998112489e-04
-1.017087710740271177e-03
-7.688828018221063529e-04
-5.389878651510747985e-04
6.575221922451599064e-04
5.098851747568041489e-04
-7.871421742947903042e-04
-1.726836609820464130e-03
-2.341456018634387008e-03
-2.661223248114874020e-03
-2.483364532342394182e-03
-3.167617553818080547e-03
-3.904465057455035713e-03
-4.516504244824519343e-03
-4.477744431837989494e-03
-3.763101890383837873e-03
-3.819879171950488553e-03
-3.826969599063147990e-03
