# xi_wedges_like_theory_bin_2
2.575578817819604849e-01
1.693105779808766753e-01
1.166416456938257906e-01
8.339264835291466949e-02
6.118486656879482816e-02
4.579895866732493909e-02
3.497952216750718768e-02
2.711307035214433406e-02
2.122770599389190230e-02
1.675986156317534406e-02
1.333618915923327763e-02
1.069440826393245822e-02
8.741236610490544720e-03
7.535949793363240674e-03
7.191919458752767287e-03
7.386279303372888377e-03
7.212816597963072653e-03
6.239574674546791155e-03
4.870647009083297133e-03
3.578173008576478534e-03
2.566266238493704593e-03
1.851808474098200511e-03
1.358801695299684340e-03
1.025243676704447804e-03
7.989580784954010461e-04
6.320619374885753277e-04
5.090163293910988625e-04
4.195406926721584394e-04
2.149580827834970675e-01
1.371600263104173212e-01
9.182583700209610844e-02
6.366911207027049768e-02
4.529086841165920474e-02
3.276186593446129419e-02
2.411693552984331065e-02
1.796725315372194737e-02
1.345905291876890730e-02
1.010480260771220648e-02
7.609349520505750974e-03
5.769466468346374707e-03
4.539051807266525872e-03
3.976954984851693679e-03
4.116647458806960494e-03
4.619988030194335966e-03
4.711003341196791372e-03
4.015499161410112337e-03
2.870975745863631710e-03
1.729757781889564548e-03
8.309610047811706460e-04
2.209293855823308195e-04
-1.600034144850507798e-04
-3.769441212235296831e-04
-4.878727302783069362e-04
-5.419999768223491762e-04
-5.598241609948704286e-04
-5.542263960438586264e-04
1.420947243714511532e-01
8.117205319143108722e-02
4.819674347157829747e-02
2.884862099304888808e-02
1.697971596693958682e-02
9.482508127208456178e-03
4.676755285642436241e-03
1.595820019290095093e-03
-4.391040185599420515e-04
-1.771243956469023811e-03
-2.566702910951164894e-03
-2.927276082523180053e-03
-2.832112763260999453e-03
-2.246756436267107870e-03
-1.266306389398904209e-03
-2.289921833234494035e-04
3.226980574675966597e-04
1.276229542335422591e-04
-5.881969293433009140e-04
-1.437535805171495217e-03
-2.138548866202882957e-03
-2.582053878972050912e-03
-2.786005541321701692e-03
-2.810770880335015584e-03
-2.722327891055195855e-03
-2.576174098518791301e-03
-2.403755757023945741e-03
-2.223872927561196255e-03
