# theory
2.269798474398136993e-04
2.779020699588706836e-04
3.674206390389632686e-04
1.251044026822890681e-03
1.567204569638967499e-03
1.988414016844656292e-03
2.661732764609292968e-03
3.349993993346001269e-03
4.218202796758913076e-03
3.207681823635135775e-03
4.040720337316021718e-03
5.080796010476490605e-03
1.279269142297234955e-03
1.568672586597607416e-03
1.938100411066566529e-03
2.312284842397299440e-03
2.738537628947452802e-03
2.256910034809702856e-03
2.760669509130303338e-03
3.427148506324176683e-03
4.071776640475039365e-03
4.799368840509864002e-03
2.169696783412719804e-06
3.038486945186339812e-06
3.945092469748653704e-06
5.099808180433012023e-06
6.290777871906028646e-06
7.426799948046077753e-06
8.372458186088584857e-06
9.007609821315423954e-06
2.311666113473459688e-06
3.358971557230307409e-06
4.551833008357146012e-06
6.083466600174278975e-06
7.569925347275580348e-06
8.704880952695068265e-06
9.194858097593690244e-06
8.992515897954223535e-06
1.892292652783441629e-06
2.850892624986873874e-06
3.986397072788684270e-06
5.417895077600488838e-06
6.705289993410830043e-06
7.459646517317411815e-06
7.347865354916754651e-06
6.387269603604555984e-06
1.568727162183637134e-06
2.478180740875191986e-06
3.608020363945610937e-06
5.005219347598847994e-06
6.158066386328704050e-06
6.579617982200473935e-06
5.886966100083851160e-06
4.171586878669539786e-06
1.526770000099454115e-06
2.439473625605283431e-06
3.584199089749576199e-06
4.986108123334515683e-06
6.110827148549655579e-06
6.440884060489531487e-06
5.583074845953324654e-06
3.662168303518687575e-06
1.012245598661136326e-05
1.357256507013713718e-05
1.739328344150694366e-05
2.327261495445154098e-05
3.091525636928038980e-05
4.001744727574188862e-05
4.933477753244918420e-05
5.725015154975294010e-05
1.161710907862799893e-05
1.549948787358066137e-05
1.980178801930588110e-05
2.652815072390696862e-05
3.545015056193655625e-05
4.628710617452015696e-05
5.756687209389782663e-05
6.722381102794230414e-05
1.335101630547192431e-05
1.776052748219142605e-05
2.268804679739689053e-05
3.056221302091247007e-05
4.123661883245811921e-05
5.440059968706866043e-05
6.818009123369148756e-05
7.982262779306358328e-05
1.377405879702245263e-05
1.831997942198149406e-05
2.341594888027566517e-05
3.161980781715783520e-05
4.280922730713774204e-05
5.664982326532444848e-05
7.112264376727881181e-05
8.324224814989345618e-05
1.843374769711892842e-05
2.419287128987468222e-05
3.015720827398642547e-05
3.937767455762166698e-05
5.194985245637222178e-05
6.824924137678041014e-05
8.703661689329257752e-05
1.056968237134766990e-04
2.576166202362253297e-05
3.360596966886053409e-05
4.141423773926597050e-05
5.354683799995190645e-05
7.041271704939959584e-05
9.303502359126473087e-05
1.202394196406407706e-04
1.485970236147612835e-04
2.785675884394805575e-05
3.632750993677674397e-05
4.463270537280404605e-05
5.763990385211067774e-05
7.583209478637991860e-05
1.004547867468696758e-04
1.303314369199888730e-04
1.617159946996197563e-04
4.614159095658036018e-05
5.956695553026477419e-05
7.225017042320814632e-05
9.114042763745460688e-05
1.172017950947897491e-04
1.533927135999308257e-04
1.999110722453530554e-04
2.531727973761024506e-04
5.450562310934859074e-05
7.013727068917808617e-05
8.482307383721743852e-05
1.063620992730314550e-04
1.359474885286526217e-04
1.773554287965986229e-04
2.314529470815017030e-04
2.947908410018712944e-04
7.163829932018753979e-05
9.187445657931990603e-05
1.109479615901738810e-04
1.374968360009396710e-04
1.733082942633753869e-04
2.232802220022131522e-04
2.897586531701546678e-04
3.704551992608307118e-04
