# bin_2
0.000000000000000000e+00
0.000000000000000000e+00
0.000000000000000000e+00
0.000000000000000000e+00
0.000000000000000000e+00
0.000000000000000000e+00
0.000000000000000000e+00
0.000000000000000000e+00
0.000000000000000000e+00
0.000000000000000000e+00
0.000000000000000000e+00
0.000000000000000000e+00
0.000000000000000000e+00
0.000000000000000000e+00
0.000000000000000000e+00
0.000000000000000000e+00
0.000000000000000000e+00
0.000000000000000000e+00
0.000000000000000000e+00
0.000000000000000000e+00
0.000000000000000000e+00
0.000000000000000000e+00
0.000000000000000000e+00
0.000000000000000000e+00
0.000000000000000000e+00
0.000000000000000000e+00
0.000000000000000000e+00
0.000000000000000000e+00
0.000000000000000000e+00
0.000000000000000000e+00
0.000000000000000000e+00
0.000000000000000000e+00
0.000000000000000000e+00
0.000000000000000000e+00
0.000000000000000000e+00
0.000000000000000000e+00
0.000000000000000000e+00
0.000000000000000000e+00
0.000000000000000000e+00
0.000000000000000000e+00
0.000000000000000000e+00
0.000000000000000000e+00
0.000000000000000000e+00
0.000000000000000000e+00
0.000000000000000000e+00
0.000000000000000000e+00
0.000000000000000000e+00
0.000000000000000000e+00
0.000000000000000000e+00
0.000000000000000000e+00
0.000000000000000000e+00
6.392360763923607081e+00
6.385361463853614694e+00
7.410258974102589491e+00
7.137286271372862423e+00
6.667333266673332481e+00
7.105289471052894434e+00
6.541345865413458860e+00
5.219478052194780560e+00
5.203479652034796565e+00
5.010498950104989468e+00
4.709529047095290188e+00
4.609539046095390447e+00
4.149585041495850390e+00
3.627637236276372690e+00
3.239676032396760608e+00
2.772722727727227277e+00
2.529747025297469865e+00
2.272772722727727235e+00
2.001799820017998055e+00
1.677832216778322172e+00
1.345865413458654292e+00
1.178882111788821074e+00
1.207879212078792008e+00
8.439156084391560286e-01
7.599240075992400589e-01
0.000000000000000000e+00
0.000000000000000000e+00
0.000000000000000000e+00
0.000000000000000000e+00
