KIDS_1p2_m35p1 0.608108108 1.824324324 -35.6099 -34.6209
KIDS_2p4_m35p1 1.824324324 3.0405405405 -35.6099 -34.6209
KIDS_3p6_m35p1 3.0405405405 4.256756757 -35.6099 -34.6209
KIDS_4p9_m35p1 4.256756757 5.472972973 -35.6099 -34.6209
KIDS_6p1_m35p1 5.472972973 6.689189189 -35.6099 -34.6209
KIDS_7p3_m35p1 6.689189189 7.9054054055 -35.6099 -34.6209
KIDS_8p5_m35p1 7.9054054055 9.121621622 -35.6099 -34.6209
KIDS_9p7_m35p1 9.121621622 10.337837838 -35.6099 -34.6209
KIDS_10p9_m35p1 10.337837838 11.554054054 -35.6099 -34.6209
KIDS_12p2_m35p1 11.554054054 12.77027027 -35.6099 -34.6209
KIDS_13p4_m35p1 12.77027027 13.9864864865 -35.6099 -34.6209
KIDS_14p6_m35p1 13.9864864865 15.202702703 -35.6099 -34.6209
KIDS_15p8_m35p1 15.202702703 16.418918919 -35.6099 -34.6209
KIDS_17p0_m35p1 16.418918919 17.635135135 -35.6099 -34.6209
KIDS_18p2_m35p1 17.635135135 18.851351351 -35.6099 -34.6209
KIDS_19p5_m35p1 18.851351351 20.0675675675 -35.6099 -34.6209
KIDS_20p7_m35p1 20.0675675675 21.283783784 -35.6099 -34.6209
KIDS_21p9_m35p1 21.283783784 22.5 -35.6099 -34.6209
KIDS_23p1_m35p1 22.5 23.716216216 -35.6099 -34.6209
KIDS_24p3_m35p1 23.716216216 24.9324324325 -35.6099 -34.6209
KIDS_25p5_m35p1 24.9324324325 26.148648649 -35.6099 -34.6209
KIDS_26p8_m35p1 26.148648649 27.364864865 -35.6099 -34.6209
KIDS_28p0_m35p1 27.364864865 28.581081081 -35.6099 -34.6209
KIDS_29p2_m35p1 28.581081081 29.797297297 -35.6099 -34.6209
KIDS_30p4_m35p1 29.797297297 31.0135135135 -35.6099 -34.6209
KIDS_31p6_m35p1 31.0135135135 32.22972973 -35.6099 -34.6209
KIDS_32p8_m35p1 32.22972973 33.445945946 -35.6099 -34.6209
KIDS_34p1_m35p1 33.445945946 34.662162162 -35.6099 -34.6209
KIDS_35p3_m35p1 34.662162162 35.878378378 -35.6099 -34.6209
KIDS_36p5_m35p1 35.878378378 37.0945945945 -35.6099 -34.6209
KIDS_37p7_m35p1 37.0945945945 38.310810811 -35.6099 -34.6209
KIDS_38p9_m35p1 38.310810811 39.527027027 -35.6099 -34.6209
KIDS_40p1_m35p1 39.527027027 40.743243243 -35.6099 -34.6209
KIDS_41p4_m35p1 40.743243243 41.9594594595 -35.6099 -34.6209
KIDS_42p6_m35p1 41.9594594595 43.175675676 -35.6099 -34.6209
KIDS_43p8_m35p1 43.175675676 44.391891892 -35.6099 -34.6209
KIDS_45p0_m35p1 44.391891892 45.608108108 -35.6099 -34.6209
KIDS_46p2_m35p1 45.608108108 46.824324324 -35.6099 -34.6209
KIDS_47p4_m35p1 46.824324324 48.0405405405 -35.6099 -34.6209
KIDS_48p6_m35p1 48.0405405405 49.256756757 -35.6099 -34.6209
KIDS_49p9_m35p1 49.256756757 50.472972973 -35.6099 -34.6209
KIDS_51p1_m35p1 50.472972973 51.689189189 -35.6099 -34.6209
KIDS_52p3_m35p1 51.689189189 52.9054054055 -35.6099 -34.6209
KIDS_53p5_m35p1 52.9054054055 54.1369888758 -35.6099 -34.6209
KIDS_329p6_m35p1 328.971119233 330.202702703 -35.6099 -34.6209
KIDS_330p8_m35p1 330.202702703 331.418918919 -35.6099 -34.6209
KIDS_332p0_m35p1 331.418918919 332.635135135 -35.6099 -34.6209
KIDS_333p2_m35p1 332.635135135 333.851351351 -35.6099 -34.6209
KIDS_334p5_m35p1 333.851351351 335.067567567 -35.6099 -34.6209
KIDS_335p7_m35p1 335.067567567 336.283783784 -35.6099 -34.6209
KIDS_336p9_m35p1 336.283783784 337.5 -35.6099 -34.6209
KIDS_338p1_m35p1 337.5 338.716216216 -35.6099 -34.6209
KIDS_339p3_m35p1 338.716216216 339.932432433 -35.6099 -34.6209
KIDS_340p5_m35p1 339.932432433 341.148648649 -35.6099 -34.6209
KIDS_341p8_m35p1 341.148648649 342.364864865 -35.6099 -34.6209
KIDS_343p0_m35p1 342.364864865 343.581081081 -35.6099 -34.6209
KIDS_344p2_m35p1 343.581081081 344.797297297 -35.6099 -34.6209
KIDS_345p4_m35p1 344.797297297 346.013513514 -35.6099 -34.6209
KIDS_346p6_m35p1 346.013513514 347.22972973 -35.6099 -34.6209
KIDS_347p8_m35p1 347.22972973 348.445945946 -35.6099 -34.6209
KIDS_349p1_m35p1 348.445945946 349.662162162 -35.6099 -34.6209
KIDS_350p3_m35p1 349.662162162 350.878378378 -35.6099 -34.6209
KIDS_351p5_m35p1 350.878378378 352.094594594 -35.6099 -34.6209
KIDS_352p7_m35p1 352.094594594 353.310810811 -35.6099 -34.6209
KIDS_353p9_m35p1 353.310810811 354.527027027 -35.6099 -34.6209
KIDS_355p1_m35p1 354.527027027 355.743243243 -35.6099 -34.6209
KIDS_356p4_m35p1 355.743243243 356.959459459 -35.6099 -34.6209
KIDS_357p6_m35p1 356.959459459 358.175675676 -35.6099 -34.6209
KIDS_358p8_m35p1 358.175675676 359.392129573 -35.6099 -34.6209
KIDS_0p0_m35p1 359.392129573 0.608108108 -35.6099 -34.6209
KIDS_1p2_m34p1 0.6 1.8 -34.6209 -33.6319
KIDS_2p4_m34p1 1.8 3.0 -34.6209 -33.6319
KIDS_3p6_m34p1 3.0 4.2 -34.6209 -33.6319
KIDS_4p8_m34p1 4.2 5.4 -34.6209 -33.6319
KIDS_6p0_m34p1 5.4 6.6 -34.6209 -33.6319
KIDS_7p2_m34p1 6.6 7.8 -34.6209 -33.6319
KIDS_8p4_m34p1 7.8 9.0 -34.6209 -33.6319
KIDS_9p6_m34p1 9.0 10.2 -34.6209 -33.6319
KIDS_10p8_m34p1 10.2 11.4 -34.6209 -33.6319
KIDS_12p0_m34p1 11.4 12.6 -34.6209 -33.6319
KIDS_13p2_m34p1 12.6 13.8 -34.6209 -33.6319
KIDS_14p4_m34p1 13.8 15.0 -34.6209 -33.6319
KIDS_15p6_m34p1 15.0 16.2 -34.6209 -33.6319
KIDS_16p8_m34p1 16.2 17.4 -34.6209 -33.6319
KIDS_18p0_m34p1 17.4 18.6 -34.6209 -33.6319
KIDS_19p2_m34p1 18.6 19.8 -34.6209 -33.6319
KIDS_20p4_m34p1 19.8 21.0 -34.6209 -33.6319
KIDS_21p6_m34p1 21.0 22.2 -34.6209 -33.6319
KIDS_22p8_m34p1 22.2 23.4 -34.6209 -33.6319
KIDS_24p0_m34p1 23.4 24.6 -34.6209 -33.6319
KIDS_25p2_m34p1 24.6 25.8 -34.6209 -33.6319
KIDS_26p4_m34p1 25.8 27.0 -34.6209 -33.6319
KIDS_27p6_m34p1 27.0 28.2 -34.6209 -33.6319
KIDS_28p8_m34p1 28.2 29.4 -34.6209 -33.6319
KIDS_30p0_m34p1 29.4 30.6 -34.6209 -33.6319
KIDS_31p2_m34p1 30.6 31.8 -34.6209 -33.6319
KIDS_32p4_m34p1 31.8 33.0 -34.6209 -33.6319
KIDS_33p6_m34p1 33.0 34.2 -34.6209 -33.6319
KIDS_34p8_m34p1 34.2 35.4 -34.6209 -33.6319
KIDS_36p0_m34p1 35.4 36.6 -34.6209 -33.6319
KIDS_37p2_m34p1 36.6 37.8 -34.6209 -33.6319
KIDS_38p4_m34p1 37.8 39.0 -34.6209 -33.6319
KIDS_39p6_m34p1 39.0 40.2 -34.6209 -33.6319
KIDS_40p8_m34p1 40.2 41.4 -34.6209 -33.6319
KIDS_42p0_m34p1 41.4 42.6 -34.6209 -33.6319
KIDS_43p2_m34p1 42.6 43.8 -34.6209 -33.6319
KIDS_44p4_m34p1 43.8 45.0 -34.6209 -33.6319
KIDS_45p6_m34p1 45.0 46.2 -34.6209 -33.6319
KIDS_46p8_m34p1 46.2 47.4 -34.6209 -33.6319
KIDS_48p0_m34p1 47.4 48.6 -34.6209 -33.6319
KIDS_49p2_m34p1 48.6 49.8 -34.6209 -33.6319
KIDS_50p4_m34p1 49.8 51.0 -34.6209 -33.6319
KIDS_51p6_m34p1 51.0 52.2 -34.6209 -33.6319
KIDS_52p8_m34p1 52.2 53.4160892021 -34.6209 -33.6319
KIDS_330p0_m34p1 329.383910798 330.6 -34.6209 -33.6319
KIDS_331p2_m34p1 330.6 331.8 -34.6209 -33.6319
KIDS_332p4_m34p1 331.8 333.0 -34.6209 -33.6319
KIDS_333p6_m34p1 333.0 334.2 -34.6209 -33.6319
KIDS_334p8_m34p1 334.2 335.4 -34.6209 -33.6319
KIDS_336p0_m34p1 335.4 336.6 -34.6209 -33.6319
KIDS_337p2_m34p1 336.6 337.8 -34.6209 -33.6319
KIDS_338p4_m34p1 337.8 339.0 -34.6209 -33.6319
KIDS_339p6_m34p1 339.0 340.2 -34.6209 -33.6319
KIDS_340p8_m34p1 340.2 341.4 -34.6209 -33.6319
KIDS_342p0_m34p1 341.4 342.6 -34.6209 -33.6319
KIDS_343p2_m34p1 342.6 343.8 -34.6209 -33.6319
KIDS_344p4_m34p1 343.8 345.0 -34.6209 -33.6319
KIDS_345p6_m34p1 345.0 346.2 -34.6209 -33.6319
KIDS_346p8_m34p1 346.2 347.4 -34.6209 -33.6319
KIDS_348p0_m34p1 347.4 348.6 -34.6209 -33.6319
KIDS_349p2_m34p1 348.6 349.8 -34.6209 -33.6319
KIDS_350p4_m34p1 349.8 351.0 -34.6209 -33.6319
KIDS_351p6_m34p1 351.0 352.2 -34.6209 -33.6319
KIDS_352p8_m34p1 352.2 353.4 -34.6209 -33.6319
KIDS_354p0_m34p1 353.4 354.6 -34.6209 -33.6319
KIDS_355p2_m34p1 354.6 355.8 -34.6209 -33.6319
KIDS_356p4_m34p1 355.8 357.0 -34.6209 -33.6319
KIDS_357p6_m34p1 357.0 358.2 -34.6209 -33.6319
KIDS_358p8_m34p1 358.2 359.400044601 -34.6209 -33.6319
KIDS_0p0_m34p1 359.400044601 0.6 -34.6209 -33.6319
KIDS_1p2_m33p1 0.594059406 1.782178218 -33.6319 -32.6429
KIDS_2p4_m33p1 1.782178218 2.97029703 -33.6319 -32.6429
KIDS_3p6_m33p1 2.97029703 4.158415842 -33.6319 -32.6429
KIDS_4p8_m33p1 4.158415842 5.3465346535 -33.6319 -32.6429
KIDS_5p9_m33p1 5.3465346535 6.534653465 -33.6319 -32.6429
KIDS_7p1_m33p1 6.534653465 7.722772277 -33.6319 -32.6429
KIDS_8p3_m33p1 7.722772277 8.910891089 -33.6319 -32.6429
KIDS_9p5_m33p1 8.910891089 10.099009901 -33.6319 -32.6429
KIDS_10p7_m33p1 10.099009901 11.287128713 -33.6319 -32.6429
KIDS_11p9_m33p1 11.287128713 12.475247525 -33.6319 -32.6429
KIDS_13p1_m33p1 12.475247525 13.663366337 -33.6319 -32.6429
KIDS_14p3_m33p1 13.663366337 14.8514851485 -33.6319 -32.6429
KIDS_15p4_m33p1 14.8514851485 16.03960396 -33.6319 -32.6429
KIDS_16p6_m33p1 16.03960396 17.227722772 -33.6319 -32.6429
KIDS_17p8_m33p1 17.227722772 18.415841584 -33.6319 -32.6429
KIDS_19p0_m33p1 18.415841584 19.603960396 -33.6319 -32.6429
KIDS_20p2_m33p1 19.603960396 20.792079208 -33.6319 -32.6429
KIDS_21p4_m33p1 20.792079208 21.98019802 -33.6319 -32.6429
KIDS_22p6_m33p1 21.98019802 23.168316832 -33.6319 -32.6429
KIDS_23p8_m33p1 23.168316832 24.3564356435 -33.6319 -32.6429
KIDS_25p0_m33p1 24.3564356435 25.544554455 -33.6319 -32.6429
KIDS_26p1_m33p1 25.544554455 26.732673267 -33.6319 -32.6429
KIDS_27p3_m33p1 26.732673267 27.920792079 -33.6319 -32.6429
KIDS_28p5_m33p1 27.920792079 29.108910891 -33.6319 -32.6429
KIDS_29p7_m33p1 29.108910891 30.297029703 -33.6319 -32.6429
KIDS_30p9_m33p1 30.297029703 31.485148515 -33.6319 -32.6429
KIDS_32p1_m33p1 31.485148515 32.673267327 -33.6319 -32.6429
KIDS_33p3_m33p1 32.673267327 33.861386139 -33.6319 -32.6429
KIDS_34p5_m33p1 33.861386139 35.0495049505 -33.6319 -32.6429
KIDS_35p6_m33p1 35.0495049505 36.237623762 -33.6319 -32.6429
KIDS_36p8_m33p1 36.237623762 37.425742574 -33.6319 -32.6429
KIDS_38p0_m33p1 37.425742574 38.613861386 -33.6319 -32.6429
KIDS_39p2_m33p1 38.613861386 39.801980198 -33.6319 -32.6429
KIDS_40p4_m33p1 39.801980198 40.99009901 -33.6319 -32.6429
KIDS_41p6_m33p1 40.99009901 42.178217822 -33.6319 -32.6429
KIDS_42p8_m33p1 42.178217822 43.366336634 -33.6319 -32.6429
KIDS_44p0_m33p1 43.366336634 44.554455446 -33.6319 -32.6429
KIDS_45p1_m33p1 44.554455446 45.7425742575 -33.6319 -32.6429
KIDS_46p3_m33p1 45.7425742575 46.930693069 -33.6319 -32.6429
KIDS_47p5_m33p1 46.930693069 48.118811881 -33.6319 -32.6429
KIDS_48p7_m33p1 48.118811881 49.306930693 -33.6319 -32.6429
KIDS_49p9_m33p1 49.306930693 50.495049505 -33.6319 -32.6429
KIDS_51p1_m33p1 50.495049505 51.683168317 -33.6319 -32.6429
KIDS_52p3_m33p1 51.683168317 52.871287129 -33.6319 -32.6429
KIDS_53p5_m33p1 52.871287129 54.0744018727 -33.6319 -32.6429
KIDS_330p3_m33p1 329.687974365 330.891089109 -33.6319 -32.6429
KIDS_331p5_m33p1 330.891089109 332.079207921 -33.6319 -32.6429
KIDS_332p7_m33p1 332.079207921 333.267326733 -33.6319 -32.6429
KIDS_333p9_m33p1 333.267326733 334.455445544 -33.6319 -32.6429
KIDS_335p0_m33p1 334.455445544 335.643564356 -33.6319 -32.6429
KIDS_336p2_m33p1 335.643564356 336.831683168 -33.6319 -32.6429
KIDS_337p4_m33p1 336.831683168 338.01980198 -33.6319 -32.6429
KIDS_338p6_m33p1 338.01980198 339.207920792 -33.6319 -32.6429
KIDS_339p8_m33p1 339.207920792 340.396039604 -33.6319 -32.6429
KIDS_341p0_m33p1 340.396039604 341.584158416 -33.6319 -32.6429
KIDS_342p2_m33p1 341.584158416 342.772277228 -33.6319 -32.6429
KIDS_343p4_m33p1 342.772277228 343.96039604 -33.6319 -32.6429
KIDS_344p6_m33p1 343.96039604 345.148514852 -33.6319 -32.6429
KIDS_345p7_m33p1 345.148514852 346.336633663 -33.6319 -32.6429
KIDS_346p9_m33p1 346.336633663 347.524752475 -33.6319 -32.6429
KIDS_348p1_m33p1 347.524752475 348.712871287 -33.6319 -32.6429
KIDS_349p3_m33p1 348.712871287 349.900990099 -33.6319 -32.6429
KIDS_350p5_m33p1 349.900990099 351.089108911 -33.6319 -32.6429
KIDS_351p7_m33p1 351.089108911 352.277227723 -33.6319 -32.6429
KIDS_352p9_m33p1 352.277227723 353.465346535 -33.6319 -32.6429
KIDS_354p1_m33p1 353.465346535 354.653465347 -33.6319 -32.6429
KIDS_355p2_m33p1 354.653465347 355.841584158 -33.6319 -32.6429
KIDS_356p4_m33p1 355.841584158 357.02970297 -33.6319 -32.6429
KIDS_357p6_m33p1 357.02970297 358.217821782 -33.6319 -32.6429
KIDS_358p8_m33p1 358.217821782 359.405968263 -33.6319 -32.6429
KIDS_0p0_m33p1 359.405968263 0.594059406 -33.6319 -32.6429
KIDS_1p2_m32p1 0.588235294 1.764705882 -32.6429 -31.65385
KIDS_2p4_m32p1 1.764705882 2.9411764705 -32.6429 -31.65385
KIDS_3p5_m32p1 2.9411764705 4.117647059 -32.6429 -31.65385
KIDS_4p7_m32p1 4.117647059 5.294117647 -32.6429 -31.65385
KIDS_5p9_m32p1 5.294117647 6.470588235 -32.6429 -31.65385
KIDS_7p1_m32p1 6.470588235 7.6470588235 -32.6429 -31.65385
KIDS_8p2_m32p1 7.6470588235 8.823529412 -32.6429 -31.65385
KIDS_9p4_m32p1 8.823529412 10.0 -32.6429 -31.65385
KIDS_10p6_m32p1 10.0 11.176470588 -32.6429 -31.65385
KIDS_11p8_m32p1 11.176470588 12.3529411765 -32.6429 -31.65385
KIDS_12p9_m32p1 12.3529411765 13.529411765 -32.6429 -31.65385
KIDS_14p1_m32p1 13.529411765 14.705882353 -32.6429 -31.65385
KIDS_15p3_m32p1 14.705882353 15.882352941 -32.6429 -31.65385
KIDS_16p5_m32p1 15.882352941 17.0588235295 -32.6429 -31.65385
KIDS_17p6_m32p1 17.0588235295 18.235294118 -32.6429 -31.65385
KIDS_18p8_m32p1 18.235294118 19.411764706 -32.6429 -31.65385
KIDS_20p0_m32p1 19.411764706 20.588235294 -32.6429 -31.65385
KIDS_21p2_m32p1 20.588235294 21.764705882 -32.6429 -31.65385
KIDS_22p4_m32p1 21.764705882 22.9411764705 -32.6429 -31.65385
KIDS_23p5_m32p1 22.9411764705 24.117647059 -32.6429 -31.65385
KIDS_24p7_m32p1 24.117647059 25.294117647 -32.6429 -31.65385
KIDS_25p9_m32p1 25.294117647 26.470588235 -32.6429 -31.65385
KIDS_27p1_m32p1 26.470588235 27.6470588235 -32.6429 -31.65385
KIDS_28p2_m32p1 27.6470588235 28.823529412 -32.6429 -31.65385
KIDS_29p4_m32p1 28.823529412 30.0 -32.6429 -31.65385
KIDS_30p6_m32p1 30.0 31.176470588 -32.6429 -31.65385
KIDS_31p8_m32p1 31.176470588 32.3529411765 -32.6429 -31.65385
KIDS_32p9_m32p1 32.3529411765 33.529411765 -32.6429 -31.65385
KIDS_34p1_m32p1 33.529411765 34.705882353 -32.6429 -31.65385
KIDS_35p3_m32p1 34.705882353 35.882352941 -32.6429 -31.65385
KIDS_36p5_m32p1 35.882352941 37.058823529 -32.6429 -31.65385
KIDS_37p6_m32p1 37.058823529 38.2352941175 -32.6429 -31.65385
KIDS_38p8_m32p1 38.2352941175 39.411764706 -32.6429 -31.65385
KIDS_40p0_m32p1 39.411764706 40.588235294 -32.6429 -31.65385
KIDS_41p2_m32p1 40.588235294 41.7647058825 -32.6429 -31.65385
KIDS_42p4_m32p1 41.7647058825 42.941176471 -32.6429 -31.65385
KIDS_43p5_m32p1 42.941176471 44.117647059 -32.6429 -31.65385
KIDS_44p7_m32p1 44.117647059 45.294117647 -32.6429 -31.65385
KIDS_45p9_m32p1 45.294117647 46.470588235 -32.6429 -31.65385
KIDS_47p1_m32p1 46.470588235 47.6470588235 -32.6429 -31.65385
KIDS_48p2_m32p1 47.6470588235 48.823529412 -32.6429 -31.65385
KIDS_49p4_m32p1 48.823529412 50.0 -32.6429 -31.65385
KIDS_50p6_m32p1 50.0 51.176470588 -32.6429 -31.65385
KIDS_51p8_m32p1 51.176470588 52.3529411765 -32.6429 -31.65385
KIDS_52p9_m32p1 52.3529411765 53.5435341855 -32.6429 -31.65385
KIDS_329p4_m32p1 328.809406992 330.0 -32.6429 -31.65385
KIDS_330p6_m32p1 330.0 331.176470588 -32.6429 -31.65385
KIDS_331p8_m32p1 331.176470588 332.352941176 -32.6429 -31.65385
KIDS_332p9_m32p1 332.352941176 333.529411765 -32.6429 -31.65385
KIDS_334p1_m32p1 333.529411765 334.705882353 -32.6429 -31.65385
KIDS_335p3_m32p1 334.705882353 335.882352941 -32.6429 -31.65385
KIDS_336p5_m32p1 335.882352941 337.05882353 -32.6429 -31.65385
KIDS_337p6_m32p1 337.05882353 338.235294118 -32.6429 -31.65385
KIDS_338p8_m32p1 338.235294118 339.411764706 -32.6429 -31.65385
KIDS_340p0_m32p1 339.411764706 340.588235294 -32.6429 -31.65385
KIDS_341p2_m32p1 340.588235294 341.764705882 -32.6429 -31.65385
KIDS_342p4_m32p1 341.764705882 342.94117647 -32.6429 -31.65385
KIDS_343p5_m32p1 342.94117647 344.117647059 -32.6429 -31.65385
KIDS_344p7_m32p1 344.117647059 345.294117647 -32.6429 -31.65385
KIDS_345p9_m32p1 345.294117647 346.470588235 -32.6429 -31.65385
KIDS_347p1_m32p1 346.470588235 347.647058824 -32.6429 -31.65385
KIDS_348p2_m32p1 347.647058824 348.823529412 -32.6429 -31.65385
KIDS_349p4_m32p1 348.823529412 350.0 -32.6429 -31.65385
KIDS_350p6_m32p1 350.0 351.176470588 -32.6429 -31.65385
KIDS_351p8_m32p1 351.176470588 352.352941176 -32.6429 -31.65385
KIDS_352p9_m32p1 352.352941176 353.529411765 -32.6429 -31.65385
KIDS_354p1_m32p1 353.529411765 354.705882353 -32.6429 -31.65385
KIDS_355p3_m32p1 354.705882353 355.882352941 -32.6429 -31.65385
KIDS_356p5_m32p1 355.882352941 357.05882353 -32.6429 -31.65385
KIDS_357p6_m32p1 357.05882353 358.235294118 -32.6429 -31.65385
KIDS_358p8_m32p1 358.235294118 359.411943563 -32.6429 -31.65385
KIDS_0p0_m32p1 359.411943563 0.588235294 -32.6429 -31.65385
KIDS_1p2_m31p2 0.582524272 1.7475728155 -31.65385 -30.6648
KIDS_2p3_m31p2 1.7475728155 2.912621359 -31.65385 -30.6648
KIDS_3p5_m31p2 2.912621359 4.077669903 -31.65385 -30.6648
KIDS_4p7_m31p2 4.077669903 5.2427184465 -31.65385 -30.6648
KIDS_5p8_m31p2 5.2427184465 6.40776699 -31.65385 -30.6648
KIDS_7p0_m31p2 6.40776699 7.572815534 -31.65385 -30.6648
KIDS_8p2_m31p2 7.572815534 8.737864078 -31.65385 -30.6648
KIDS_9p3_m31p2 8.737864078 9.9029126215 -31.65385 -30.6648
KIDS_10p5_m31p2 9.9029126215 11.067961165 -31.65385 -30.6648
KIDS_11p7_m31p2 11.067961165 12.233009709 -31.65385 -30.6648
KIDS_12p8_m31p2 12.233009709 13.3980582525 -31.65385 -30.6648
KIDS_14p0_m31p2 13.3980582525 14.563106796 -31.65385 -30.6648
KIDS_15p1_m31p2 14.563106796 15.72815534 -31.65385 -30.6648
KIDS_16p3_m31p2 15.72815534 16.8932038835 -31.65385 -30.6648
KIDS_17p5_m31p2 16.8932038835 18.058252427 -31.65385 -30.6648
KIDS_18p6_m31p2 18.058252427 19.223300971 -31.65385 -30.6648
KIDS_19p8_m31p2 19.223300971 20.3883495145 -31.65385 -30.6648
KIDS_21p0_m31p2 20.3883495145 21.553398058 -31.65385 -30.6648
KIDS_22p1_m31p2 21.553398058 22.718446602 -31.65385 -30.6648
KIDS_23p3_m31p2 22.718446602 23.883495146 -31.65385 -30.6648
KIDS_24p5_m31p2 23.883495146 25.0485436895 -31.65385 -30.6648
KIDS_25p6_m31p2 25.0485436895 26.213592233 -31.65385 -30.6648
KIDS_26p8_m31p2 26.213592233 27.3786407765 -31.65385 -30.6648
KIDS_28p0_m31p2 27.3786407765 28.54368932 -31.65385 -30.6648
KIDS_29p1_m31p2 28.54368932 29.708737864 -31.65385 -30.6648
KIDS_30p3_m31p2 29.708737864 30.873786408 -31.65385 -30.6648
KIDS_31p5_m31p2 30.873786408 32.0388349515 -31.65385 -30.6648
KIDS_32p6_m31p2 32.0388349515 33.203883495 -31.65385 -30.6648
KIDS_33p8_m31p2 33.203883495 34.368932039 -31.65385 -30.6648
KIDS_35p0_m31p2 34.368932039 35.5339805825 -31.65385 -30.6648
KIDS_36p1_m31p2 35.5339805825 36.699029126 -31.65385 -30.6648
KIDS_37p3_m31p2 36.699029126 37.86407767 -31.65385 -30.6648
KIDS_38p4_m31p2 37.86407767 39.0291262135 -31.65385 -30.6648
KIDS_39p6_m31p2 39.0291262135 40.194174757 -31.65385 -30.6648
KIDS_40p8_m31p2 40.194174757 41.359223301 -31.65385 -30.6648
KIDS_41p9_m31p2 41.359223301 42.5242718445 -31.65385 -30.6648
KIDS_43p1_m31p2 42.5242718445 43.689320388 -31.65385 -30.6648
KIDS_44p3_m31p2 43.689320388 44.854368932 -31.65385 -30.6648
KIDS_45p4_m31p2 44.854368932 46.019417476 -31.65385 -30.6648
KIDS_46p6_m31p2 46.019417476 47.1844660195 -31.65385 -30.6648
KIDS_47p8_m31p2 47.1844660195 48.349514563 -31.65385 -30.6648
KIDS_48p9_m31p2 48.349514563 49.514563107 -31.65385 -30.6648
KIDS_50p1_m31p2 49.514563107 50.6796116505 -31.65385 -30.6648
KIDS_51p3_m31p2 50.6796116505 51.844660194 -31.65385 -30.6648
KIDS_52p4_m31p2 51.844660194 53.0231652682 -31.65385 -30.6648
KIDS_329p7_m31p2 329.112757062 330.291262136 -31.65385 -30.6648
KIDS_330p9_m31p2 330.291262136 331.45631068 -31.65385 -30.6648
KIDS_332p0_m31p2 331.45631068 332.621359223 -31.65385 -30.6648
KIDS_333p2_m31p2 332.621359223 333.786407767 -31.65385 -30.6648
KIDS_334p4_m31p2 333.786407767 334.951456311 -31.65385 -30.6648
KIDS_335p5_m31p2 334.951456311 336.116504855 -31.65385 -30.6648
KIDS_336p7_m31p2 336.116504855 337.281553398 -31.65385 -30.6648
KIDS_337p9_m31p2 337.281553398 338.446601942 -31.65385 -30.6648
KIDS_339p0_m31p2 338.446601942 339.611650486 -31.65385 -30.6648
KIDS_340p2_m31p2 339.611650486 340.776699029 -31.65385 -30.6648
KIDS_341p4_m31p2 340.776699029 341.941747573 -31.65385 -30.6648
KIDS_342p5_m31p2 341.941747573 343.106796116 -31.65385 -30.6648
KIDS_343p7_m31p2 343.106796116 344.27184466 -31.65385 -30.6648
KIDS_344p9_m31p2 344.27184466 345.436893204 -31.65385 -30.6648
KIDS_346p0_m31p2 345.436893204 346.601941748 -31.65385 -30.6648
KIDS_347p2_m31p2 346.601941748 347.766990291 -31.65385 -30.6648
KIDS_348p3_m31p2 347.766990291 348.932038835 -31.65385 -30.6648
KIDS_349p5_m31p2 348.932038835 350.097087378 -31.65385 -30.6648
KIDS_350p7_m31p2 350.097087378 351.262135922 -31.65385 -30.6648
KIDS_351p8_m31p2 351.262135922 352.427184466 -31.65385 -30.6648
KIDS_353p0_m31p2 352.427184466 353.59223301 -31.65385 -30.6648
KIDS_354p2_m31p2 353.59223301 354.757281553 -31.65385 -30.6648
KIDS_355p3_m31p2 354.757281553 355.922330097 -31.65385 -30.6648
KIDS_356p5_m31p2 355.922330097 357.087378641 -31.65385 -30.6648
KIDS_357p7_m31p2 357.087378641 358.252427184 -31.65385 -30.6648
KIDS_358p8_m31p2 358.252427184 359.417466129 -31.65385 -30.6648
KIDS_0p0_m31p2 359.417466129 0.582524272 -31.65385 -30.6648
KIDS_1p2_m30p2 0.575079872 1.7252396165 -30.6648 -29.6758
KIDS_2p3_m30p2 1.7252396165 2.875399361 -30.6648 -29.6758
KIDS_3p5_m30p2 2.875399361 4.0255591055 -30.6648 -29.6758
KIDS_4p6_m30p2 4.0255591055 5.17571885 -30.6648 -29.6758
KIDS_5p8_m30p2 5.17571885 6.325878594 -30.6648 -29.6758
KIDS_6p9_m30p2 6.325878594 7.4760383385 -30.6648 -29.6758
KIDS_8p1_m30p2 7.4760383385 8.626198083 -30.6648 -29.6758
KIDS_9p2_m30p2 8.626198083 9.7763578275 -30.6648 -29.6758
KIDS_10p4_m30p2 9.7763578275 10.926517572 -30.6648 -29.6758
KIDS_11p5_m30p2 10.926517572 12.076677316 -30.6648 -29.6758
KIDS_12p7_m30p2 12.076677316 13.2268370605 -30.6648 -29.6758
KIDS_13p8_m30p2 13.2268370605 14.376996805 -30.6648 -29.6758
KIDS_15p0_m30p2 14.376996805 15.5271565495 -30.6648 -29.6758
KIDS_16p1_m30p2 15.5271565495 16.677316294 -30.6648 -29.6758
KIDS_17p3_m30p2 16.677316294 17.827476038 -30.6648 -29.6758
KIDS_18p4_m30p2 17.827476038 18.9776357825 -30.6648 -29.6758
KIDS_19p6_m30p2 18.9776357825 20.127795527 -30.6648 -29.6758
KIDS_20p7_m30p2 20.127795527 21.2779552715 -30.6648 -29.6758
KIDS_21p9_m30p2 21.2779552715 22.428115016 -30.6648 -29.6758
KIDS_23p0_m30p2 22.428115016 23.5782747605 -30.6648 -29.6758
KIDS_24p2_m30p2 23.5782747605 24.728434505 -30.6648 -29.6758
KIDS_25p3_m30p2 24.728434505 25.878594249 -30.6648 -29.6758
KIDS_26p5_m30p2 25.878594249 27.0287539935 -30.6648 -29.6758
KIDS_27p6_m30p2 27.0287539935 28.178913738 -30.6648 -29.6758
KIDS_28p8_m30p2 28.178913738 29.3290734825 -30.6648 -29.6758
KIDS_29p9_m30p2 29.3290734825 30.479233227 -30.6648 -29.6758
KIDS_31p1_m30p2 30.479233227 31.629392971 -30.6648 -29.6758
KIDS_32p2_m30p2 31.629392971 32.7795527155 -30.6648 -29.6758
KIDS_33p4_m30p2 32.7795527155 33.92971246 -30.6648 -29.6758
KIDS_34p5_m30p2 33.92971246 35.0798722045 -30.6648 -29.6758
KIDS_35p7_m30p2 35.0798722045 36.230031949 -30.6648 -29.6758
KIDS_36p8_m30p2 36.230031949 37.380191693 -30.6648 -29.6758
KIDS_38p0_m30p2 37.380191693 38.5303514375 -30.6648 -29.6758
KIDS_39p1_m30p2 38.5303514375 39.680511182 -30.6648 -29.6758
KIDS_40p3_m30p2 39.680511182 40.8306709265 -30.6648 -29.6758
KIDS_41p4_m30p2 40.8306709265 41.980830671 -30.6648 -29.6758
KIDS_42p6_m30p2 41.980830671 43.130990415 -30.6648 -29.6758
KIDS_43p7_m30p2 43.130990415 44.2811501595 -30.6648 -29.6758
KIDS_44p9_m30p2 44.2811501595 45.431309904 -30.6648 -29.6758
KIDS_46p0_m30p2 45.431309904 46.5814696485 -30.6648 -29.6758
KIDS_47p2_m30p2 46.5814696485 47.731629393 -30.6648 -29.6758
KIDS_48p3_m30p2 47.731629393 48.8817891375 -30.6648 -29.6758
KIDS_49p5_m30p2 48.8817891375 50.031948882 -30.6648 -29.6758
KIDS_50p6_m30p2 50.031948882 51.182108626 -30.6648 -29.6758
KIDS_51p8_m30p2 51.182108626 52.3322683705 -30.6648 -29.6758
KIDS_52p9_m30p2 52.3322683705 53.4972602916 -30.6648 -29.6758
KIDS_330p1_m30p2 329.505934596 330.670926517 -30.6648 -29.6758
KIDS_331p2_m30p2 330.670926517 331.821086262 -30.6648 -29.6758
KIDS_332p4_m30p2 331.821086262 332.971246006 -30.6648 -29.6758
KIDS_333p5_m30p2 332.971246006 334.121405751 -30.6648 -29.6758
KIDS_334p7_m30p2 334.121405751 335.271565495 -30.6648 -29.6758
KIDS_335p8_m30p2 335.271565495 336.42172524 -30.6648 -29.6758
KIDS_337p0_m30p2 336.42172524 337.571884984 -30.6648 -29.6758
KIDS_338p1_m30p2 337.571884984 338.722044729 -30.6648 -29.6758
KIDS_339p3_m30p2 338.722044729 339.872204473 -30.6648 -29.6758
KIDS_340p4_m30p2 339.872204473 341.022364217 -30.6648 -29.6758
KIDS_341p6_m30p2 341.022364217 342.172523962 -30.6648 -29.6758
KIDS_342p7_m30p2 342.172523962 343.322683706 -30.6648 -29.6758
KIDS_343p9_m30p2 343.322683706 344.472843451 -30.6648 -29.6758
KIDS_345p0_m30p2 344.472843451 345.623003195 -30.6648 -29.6758
KIDS_346p2_m30p2 345.623003195 346.77316294 -30.6648 -29.6758
KIDS_347p3_m30p2 346.77316294 347.923322684 -30.6648 -29.6758
KIDS_348p5_m30p2 347.923322684 349.073482428 -30.6648 -29.6758
KIDS_349p6_m30p2 349.073482428 350.223642172 -30.6648 -29.6758
KIDS_350p8_m30p2 350.223642172 351.373801917 -30.6648 -29.6758
KIDS_351p9_m30p2 351.373801917 352.523961661 -30.6648 -29.6758
KIDS_353p1_m30p2 352.523961661 353.674121406 -30.6648 -29.6758
KIDS_354p2_m30p2 353.674121406 354.82428115 -30.6648 -29.6758
KIDS_355p4_m30p2 354.82428115 355.974440894 -30.6648 -29.6758
KIDS_356p5_m30p2 355.974440894 357.124600639 -30.6648 -29.6758
KIDS_357p7_m30p2 357.124600639 358.274760383 -30.6648 -29.6758
KIDS_358p8_m30p2 358.274760383 359.424876152 -30.6648 -29.6758
KIDS_0p0_m30p2 359.424876152 0.575079872 -30.6648 -29.6758
KIDS_1p1_m29p2 0.569620253 1.7088607595 -29.6758 -28.6868
KIDS_2p3_m29p2 1.7088607595 2.848101266 -29.6758 -28.6868
KIDS_3p4_m29p2 2.848101266 3.987341772 -29.6758 -28.6868
KIDS_4p6_m29p2 3.987341772 5.1265822785 -29.6758 -28.6868
KIDS_5p7_m29p2 5.1265822785 6.265822785 -29.6758 -28.6868
KIDS_6p8_m29p2 6.265822785 7.405063291 -29.6758 -28.6868
KIDS_8p0_m29p2 7.405063291 8.5443037975 -29.6758 -28.6868
KIDS_9p1_m29p2 8.5443037975 9.683544304 -29.6758 -28.6868
KIDS_10p3_m29p2 9.683544304 10.82278481 -29.6758 -28.6868
KIDS_11p4_m29p2 10.82278481 11.9620253165 -29.6758 -28.6868
KIDS_12p5_m29p2 11.9620253165 13.101265823 -29.6758 -28.6868
KIDS_13p7_m29p2 13.101265823 14.240506329 -29.6758 -28.6868
KIDS_14p8_m29p2 14.240506329 15.3797468355 -29.6758 -28.6868
KIDS_15p9_m29p2 15.3797468355 16.518987342 -29.6758 -28.6868
KIDS_17p1_m29p2 16.518987342 17.658227848 -29.6758 -28.6868
KIDS_18p2_m29p2 17.658227848 18.7974683545 -29.6758 -28.6868
KIDS_19p4_m29p2 18.7974683545 19.936708861 -29.6758 -28.6868
KIDS_20p5_m29p2 19.936708861 21.075949367 -29.6758 -28.6868
KIDS_21p6_m29p2 21.075949367 22.2151898735 -29.6758 -28.6868
KIDS_22p8_m29p2 22.2151898735 23.35443038 -29.6758 -28.6868
KIDS_23p9_m29p2 23.35443038 24.493670886 -29.6758 -28.6868
KIDS_25p1_m29p2 24.493670886 25.6329113925 -29.6758 -28.6868
KIDS_26p2_m29p2 25.6329113925 26.772151899 -29.6758 -28.6868
KIDS_27p3_m29p2 26.772151899 27.911392405 -29.6758 -28.6868
KIDS_28p5_m29p2 27.911392405 29.0506329115 -29.6758 -28.6868
KIDS_29p6_m29p2 29.0506329115 30.189873418 -29.6758 -28.6868
KIDS_30p8_m29p2 30.189873418 31.329113924 -29.6758 -28.6868
KIDS_31p9_m29p2 31.329113924 32.4683544305 -29.6758 -28.6868
KIDS_33p0_m29p2 32.4683544305 33.607594937 -29.6758 -28.6868
KIDS_34p2_m29p2 33.607594937 34.746835443 -29.6758 -28.6868
KIDS_35p3_m29p2 34.746835443 35.8860759495 -29.6758 -28.6868
KIDS_36p5_m29p2 35.8860759495 37.025316456 -29.6758 -28.6868
KIDS_37p6_m29p2 37.025316456 38.164556962 -29.6758 -28.6868
KIDS_38p7_m29p2 38.164556962 39.303797468 -29.6758 -28.6868
KIDS_39p9_m29p2 39.303797468 40.4430379745 -29.6758 -28.6868
KIDS_41p0_m29p2 40.4430379745 41.582278481 -29.6758 -28.6868
KIDS_42p2_m29p2 41.582278481 42.7215189875 -29.6758 -28.6868
KIDS_43p3_m29p2 42.7215189875 43.860759494 -29.6758 -28.6868
KIDS_44p4_m29p2 43.860759494 45.0 -29.6758 -28.6868
KIDS_45p6_m29p2 45.0 46.139240506 -29.6758 -28.6868
KIDS_46p7_m29p2 46.139240506 47.2784810125 -29.6758 -28.6868
KIDS_47p8_m29p2 47.2784810125 48.417721519 -29.6758 -28.6868
KIDS_49p0_m29p2 48.417721519 49.5569620255 -29.6758 -28.6868
KIDS_50p1_m29p2 49.5569620255 50.696202532 -29.6758 -28.6868
KIDS_51p3_m29p2 50.696202532 51.835443038 -29.6758 -28.6868
KIDS_52p4_m29p2 51.835443038 52.974683544 -29.6758 -28.6868
KIDS_53p5_m29p2 52.974683544 54.1284417264 -29.6758 -28.6868
KIDS_330p4_m29p2 329.795608906 330.949367089 -29.6758 -28.6868
KIDS_331p5_m29p2 330.949367089 332.088607595 -29.6758 -28.6868
KIDS_332p7_m29p2 332.088607595 333.227848101 -29.6758 -28.6868
KIDS_333p8_m29p2 333.227848101 334.367088608 -29.6758 -28.6868
KIDS_334p9_m29p2 334.367088608 335.506329114 -29.6758 -28.6868
KIDS_336p1_m29p2 335.506329114 336.64556962 -29.6758 -28.6868
KIDS_337p2_m29p2 336.64556962 337.784810127 -29.6758 -28.6868
KIDS_338p4_m29p2 337.784810127 338.924050633 -29.6758 -28.6868
KIDS_339p5_m29p2 338.924050633 340.063291139 -29.6758 -28.6868
KIDS_340p6_m29p2 340.063291139 341.202531646 -29.6758 -28.6868
KIDS_341p8_m29p2 341.202531646 342.341772152 -29.6758 -28.6868
KIDS_342p9_m29p2 342.341772152 343.481012658 -29.6758 -28.6868
KIDS_344p1_m29p2 343.481012658 344.620253165 -29.6758 -28.6868
KIDS_345p2_m29p2 344.620253165 345.759493671 -29.6758 -28.6868
KIDS_346p3_m29p2 345.759493671 346.898734177 -29.6758 -28.6868
KIDS_347p5_m29p2 346.898734177 348.037974684 -29.6758 -28.6868
KIDS_348p6_m29p2 348.037974684 349.17721519 -29.6758 -28.6868
KIDS_349p7_m29p2 349.17721519 350.316455696 -29.6758 -28.6868
KIDS_350p9_m29p2 350.316455696 351.455696203 -29.6758 -28.6868
KIDS_352p0_m29p2 351.455696203 352.594936709 -29.6758 -28.6868
KIDS_353p2_m29p2 352.594936709 353.734177215 -29.6758 -28.6868
KIDS_354p3_m29p2 353.734177215 354.873417722 -29.6758 -28.6868
KIDS_355p4_m29p2 354.873417722 356.012658228 -29.6758 -28.6868
KIDS_356p6_m29p2 356.012658228 357.151898734 -29.6758 -28.6868
KIDS_357p7_m29p2 357.151898734 358.291139241 -29.6758 -28.6868
KIDS_358p9_m29p2 358.291139241 359.430448712 -29.6758 -28.6868
KIDS_0p0_m29p2 359.430448712 0.569620253 -29.6758 -28.6868
KIDS_1p1_m28p2 0.564263323 1.692789969 -28.6868 -27.6978
KIDS_2p3_m28p2 1.692789969 2.8213166145 -28.6868 -27.6978
KIDS_3p4_m28p2 2.8213166145 3.94984326 -28.6868 -27.6978
KIDS_4p5_m28p2 3.94984326 5.078369906 -28.6868 -27.6978
KIDS_5p6_m28p2 5.078369906 6.206896552 -28.6868 -27.6978
KIDS_6p8_m28p2 6.206896552 7.3354231975 -28.6868 -27.6978
KIDS_7p9_m28p2 7.3354231975 8.463949843 -28.6868 -27.6978
KIDS_9p0_m28p2 8.463949843 9.592476489 -28.6868 -27.6978
KIDS_10p2_m28p2 9.592476489 10.721003135 -28.6868 -27.6978
KIDS_11p3_m28p2 10.721003135 11.8495297805 -28.6868 -27.6978
KIDS_12p4_m28p2 11.8495297805 12.978056426 -28.6868 -27.6978
KIDS_13p5_m28p2 12.978056426 14.106583072 -28.6868 -27.6978
KIDS_14p7_m28p2 14.106583072 15.235109718 -28.6868 -27.6978
KIDS_15p8_m28p2 15.235109718 16.363636364 -28.6868 -27.6978
KIDS_16p9_m28p2 16.363636364 17.4921630095 -28.6868 -27.6978
KIDS_18p1_m28p2 17.4921630095 18.620689655 -28.6868 -27.6978
KIDS_19p2_m28p2 18.620689655 19.749216301 -28.6868 -27.6978
KIDS_20p3_m28p2 19.749216301 20.877742947 -28.6868 -27.6978
KIDS_21p4_m28p2 20.877742947 22.0062695925 -28.6868 -27.6978
KIDS_22p6_m28p2 22.0062695925 23.134796238 -28.6868 -27.6978
KIDS_23p7_m28p2 23.134796238 24.263322884 -28.6868 -27.6978
KIDS_24p8_m28p2 24.263322884 25.39184953 -28.6868 -27.6978
KIDS_26p0_m28p2 25.39184953 26.5203761755 -28.6868 -27.6978
KIDS_27p1_m28p2 26.5203761755 27.648902821 -28.6868 -27.6978
KIDS_28p2_m28p2 27.648902821 28.777429467 -28.6868 -27.6978
KIDS_29p3_m28p2 28.777429467 29.905956113 -28.6868 -27.6978
KIDS_30p5_m28p2 29.905956113 31.0344827585 -28.6868 -27.6978
KIDS_31p6_m28p2 31.0344827585 32.163009404 -28.6868 -27.6978
KIDS_32p7_m28p2 32.163009404 33.29153605 -28.6868 -27.6978
KIDS_33p9_m28p2 33.29153605 34.420062696 -28.6868 -27.6978
KIDS_35p0_m28p2 34.420062696 35.548589342 -28.6868 -27.6978
KIDS_36p1_m28p2 35.548589342 36.6771159875 -28.6868 -27.6978
KIDS_37p2_m28p2 36.6771159875 37.805642633 -28.6868 -27.6978
KIDS_38p4_m28p2 37.805642633 38.934169279 -28.6868 -27.6978
KIDS_39p5_m28p2 38.934169279 40.062695925 -28.6868 -27.6978
KIDS_40p6_m28p2 40.062695925 41.1912225705 -28.6868 -27.6978
KIDS_41p8_m28p2 41.1912225705 42.319749216 -28.6868 -27.6978
KIDS_42p9_m28p2 42.319749216 43.448275862 -28.6868 -27.6978
KIDS_44p0_m28p2 43.448275862 44.576802508 -28.6868 -27.6978
KIDS_45p1_m28p2 44.576802508 45.705329154 -28.6868 -27.6978
KIDS_46p3_m28p2 45.705329154 46.8338557995 -28.6868 -27.6978
KIDS_47p4_m28p2 46.8338557995 47.962382445 -28.6868 -27.6978
KIDS_48p5_m28p2 47.962382445 49.090909091 -28.6868 -27.6978
KIDS_49p7_m28p2 49.090909091 50.219435737 -28.6868 -27.6978
KIDS_50p8_m28p2 50.219435737 51.3479623825 -28.6868 -27.6978
KIDS_51p9_m28p2 51.3479623825 52.476489028 -28.6868 -27.6978
KIDS_53p0_m28p2 52.476489028 53.6193988344 -28.6868 -27.6978
KIDS_329p5_m28p2 328.951134081 330.094043887 -28.6868 -27.6978
KIDS_330p7_m28p2 330.094043887 331.222570533 -28.6868 -27.6978
KIDS_331p8_m28p2 331.222570533 332.351097179 -28.6868 -27.6978
KIDS_332p9_m28p2 332.351097179 333.479623824 -28.6868 -27.6978
KIDS_334p0_m28p2 333.479623824 334.60815047 -28.6868 -27.6978
KIDS_335p2_m28p2 334.60815047 335.736677116 -28.6868 -27.6978
KIDS_336p3_m28p2 335.736677116 336.865203762 -28.6868 -27.6978
KIDS_337p4_m28p2 336.865203762 337.993730408 -28.6868 -27.6978
KIDS_338p6_m28p2 337.993730408 339.122257053 -28.6868 -27.6978
KIDS_339p7_m28p2 339.122257053 340.250783699 -28.6868 -27.6978
KIDS_340p8_m28p2 340.250783699 341.379310345 -28.6868 -27.6978
KIDS_341p9_m28p2 341.379310345 342.50783699 -28.6868 -27.6978
KIDS_343p1_m28p2 342.50783699 343.636363636 -28.6868 -27.6978
KIDS_344p2_m28p2 343.636363636 344.764890282 -28.6868 -27.6978
KIDS_345p3_m28p2 344.764890282 345.893416928 -28.6868 -27.6978
KIDS_346p5_m28p2 345.893416928 347.021943574 -28.6868 -27.6978
KIDS_347p6_m28p2 347.021943574 348.150470219 -28.6868 -27.6978
KIDS_348p7_m28p2 348.150470219 349.278996865 -28.6868 -27.6978
KIDS_349p8_m28p2 349.278996865 350.407523511 -28.6868 -27.6978
KIDS_351p0_m28p2 350.407523511 351.536050157 -28.6868 -27.6978
KIDS_352p1_m28p2 351.536050157 352.664576803 -28.6868 -27.6978
KIDS_353p2_m28p2 352.664576803 353.793103448 -28.6868 -27.6978
KIDS_354p4_m28p2 353.793103448 354.921630094 -28.6868 -27.6978
KIDS_355p5_m28p2 354.921630094 356.05015674 -28.6868 -27.6978
KIDS_356p6_m28p2 356.05015674 357.178683385 -28.6868 -27.6978
KIDS_357p7_m28p2 357.178683385 358.307210031 -28.6868 -27.6978
KIDS_358p9_m28p2 358.307210031 359.435559919 -28.6868 -27.6978
KIDS_0p0_m28p2 359.435559919 0.564263323 -28.6868 -27.6978
KIDS_1p1_m27p2 0.5607476635 1.6822429905 -27.6978 -26.7088
KIDS_2p2_m27p2 1.6822429905 2.8037383175 -27.6978 -26.7088
KIDS_3p4_m27p2 2.8037383175 3.9252336445 -27.6978 -26.7088
KIDS_4p5_m27p2 3.9252336445 5.046728972 -27.6978 -26.7088
KIDS_5p6_m27p2 5.046728972 6.1682242995 -27.6978 -26.7088
KIDS_6p7_m27p2 6.1682242995 7.2897196265 -27.6978 -26.7088
KIDS_7p9_m27p2 7.2897196265 8.4112149535 -27.6978 -26.7088
KIDS_9p0_m27p2 8.4112149535 9.5327102805 -27.6978 -26.7088
KIDS_10p1_m27p2 9.5327102805 10.6542056075 -27.6978 -26.7088
KIDS_11p2_m27p2 10.6542056075 11.7757009345 -27.6978 -26.7088
KIDS_12p3_m27p2 11.7757009345 12.8971962615 -27.6978 -26.7088
KIDS_13p5_m27p2 12.8971962615 14.0186915885 -27.6978 -26.7088
KIDS_14p6_m27p2 14.0186915885 15.1401869155 -27.6978 -26.7088
KIDS_15p7_m27p2 15.1401869155 16.2616822425 -27.6978 -26.7088
KIDS_16p8_m27p2 16.2616822425 17.38317757 -27.6978 -26.7088
KIDS_17p9_m27p2 17.38317757 18.5046728975 -27.6978 -26.7088
KIDS_19p1_m27p2 18.5046728975 19.6261682245 -27.6978 -26.7088
KIDS_20p2_m27p2 19.6261682245 20.7476635515 -27.6978 -26.7088
KIDS_21p3_m27p2 20.7476635515 21.8691588785 -27.6978 -26.7088
KIDS_22p4_m27p2 21.8691588785 22.9906542055 -27.6978 -26.7088
KIDS_23p6_m27p2 22.9906542055 24.1121495325 -27.6978 -26.7088
KIDS_24p7_m27p2 24.1121495325 25.2336448595 -27.6978 -26.7088
KIDS_25p8_m27p2 25.2336448595 26.3551401865 -27.6978 -26.7088
KIDS_26p9_m27p2 26.3551401865 27.476635514 -27.6978 -26.7088
KIDS_28p0_m27p2 27.476635514 28.5981308415 -27.6978 -26.7088
KIDS_29p2_m27p2 28.5981308415 29.7196261685 -27.6978 -26.7088
KIDS_30p3_m27p2 29.7196261685 30.8411214955 -27.6978 -26.7088
KIDS_31p4_m27p2 30.8411214955 31.9626168225 -27.6978 -26.7088
KIDS_32p5_m27p2 31.9626168225 33.0841121495 -27.6978 -26.7088
KIDS_33p6_m27p2 33.0841121495 34.2056074765 -27.6978 -26.7088
KIDS_34p8_m27p2 34.2056074765 35.3271028035 -27.6978 -26.7088
KIDS_35p9_m27p2 35.3271028035 36.4485981305 -27.6978 -26.7088
KIDS_37p0_m27p2 36.4485981305 37.5700934575 -27.6978 -26.7088
KIDS_38p1_m27p2 37.5700934575 38.691588785 -27.6978 -26.7088
KIDS_39p3_m27p2 38.691588785 39.8130841125 -27.6978 -26.7088
KIDS_40p4_m27p2 39.8130841125 40.9345794395 -27.6978 -26.7088
KIDS_41p5_m27p2 40.9345794395 42.0560747665 -27.6978 -26.7088
KIDS_42p6_m27p2 42.0560747665 43.1775700935 -27.6978 -26.7088
KIDS_43p7_m27p2 43.1775700935 44.2990654205 -27.6978 -26.7088
KIDS_44p9_m27p2 44.2990654205 45.4205607475 -27.6978 -26.7088
KIDS_46p0_m27p2 45.4205607475 46.5420560745 -27.6978 -26.7088
KIDS_47p1_m27p2 46.5420560745 47.6635514015 -27.6978 -26.7088
KIDS_48p2_m27p2 47.6635514015 48.7850467285 -27.6978 -26.7088
KIDS_49p3_m27p2 48.7850467285 49.906542056 -27.6978 -26.7088
KIDS_50p5_m27p2 49.906542056 51.0280373835 -27.6978 -26.7088
KIDS_51p6_m27p2 51.0280373835 52.1495327105 -27.6978 -26.7088
KIDS_52p7_m27p2 52.1495327105 53.2837069576 -27.6978 -26.7088
KIDS_329p7_m27p2 329.146199584 330.280373832 -27.6978 -26.7088
KIDS_330p8_m27p2 330.280373832 331.401869159 -27.6978 -26.7088
KIDS_332p0_m27p2 331.401869159 332.523364486 -27.6978 -26.7088
KIDS_333p1_m27p2 332.523364486 333.644859814 -27.6978 -26.7088
KIDS_334p2_m27p2 333.644859814 334.76635514 -27.6978 -26.7088
KIDS_335p3_m27p2 334.76635514 335.887850468 -27.6978 -26.7088
KIDS_336p4_m27p2 335.887850468 337.009345795 -27.6978 -26.7088
KIDS_337p6_m27p2 337.009345795 338.130841121 -27.6978 -26.7088
KIDS_338p7_m27p2 338.130841121 339.252336448 -27.6978 -26.7088
KIDS_339p8_m27p2 339.252336448 340.373831775 -27.6978 -26.7088
KIDS_340p9_m27p2 340.373831775 341.495327103 -27.6978 -26.7088
KIDS_342p1_m27p2 341.495327103 342.61682243 -27.6978 -26.7088
KIDS_343p2_m27p2 342.61682243 343.738317757 -27.6978 -26.7088
KIDS_344p3_m27p2 343.738317757 344.859813084 -27.6978 -26.7088
KIDS_345p4_m27p2 344.859813084 345.981308411 -27.6978 -26.7088
KIDS_346p5_m27p2 345.981308411 347.102803739 -27.6978 -26.7088
KIDS_347p7_m27p2 347.102803739 348.224299066 -27.6978 -26.7088
KIDS_348p8_m27p2 348.224299066 349.345794393 -27.6978 -26.7088
KIDS_349p9_m27p2 349.345794393 350.46728972 -27.6978 -26.7088
KIDS_351p0_m27p2 350.46728972 351.588785046 -27.6978 -26.7088
KIDS_352p1_m27p2 351.588785046 352.710280373 -27.6978 -26.7088
KIDS_353p3_m27p2 352.710280373 353.8317757 -27.6978 -26.7088
KIDS_354p4_m27p2 353.8317757 354.953271028 -27.6978 -26.7088
KIDS_355p5_m27p2 354.953271028 356.074766356 -27.6978 -26.7088
KIDS_356p6_m27p2 356.074766356 357.196261682 -27.6978 -26.7088
KIDS_357p8_m27p2 357.196261682 358.317757009 -27.6978 -26.7088
KIDS_358p9_m27p2 358.317757009 359.439465628 -27.6978 -26.7088
KIDS_0p0_m27p2 359.439465628 0.5607476635 -27.6978 -26.7088
KIDS_1p1_m26p2 0.5555555555 1.6666666665 -26.7088 -25.7198
KIDS_2p2_m26p2 1.6666666665 2.7777777775 -26.7088 -25.7198
KIDS_3p3_m26p2 2.7777777775 3.8888888885 -26.7088 -25.7198
KIDS_4p4_m26p2 3.8888888885 5.0 -26.7088 -25.7198
KIDS_5p6_m26p2 5.0 6.1111111115 -26.7088 -25.7198
KIDS_6p7_m26p2 6.1111111115 7.2222222225 -26.7088 -25.7198
KIDS_7p8_m26p2 7.2222222225 8.3333333335 -26.7088 -25.7198
KIDS_8p9_m26p2 8.3333333335 9.4444444445 -26.7088 -25.7198
KIDS_10p0_m26p2 9.4444444445 10.5555555555 -26.7088 -25.7198
KIDS_11p1_m26p2 10.5555555555 11.6666666665 -26.7088 -25.7198
KIDS_12p2_m26p2 11.6666666665 12.7777777775 -26.7088 -25.7198
KIDS_13p3_m26p2 12.7777777775 13.8888888885 -26.7088 -25.7198
KIDS_14p4_m26p2 13.8888888885 15.0 -26.7088 -25.7198
KIDS_15p6_m26p2 15.0 16.1111111115 -26.7088 -25.7198
KIDS_16p7_m26p2 16.1111111115 17.2222222225 -26.7088 -25.7198
KIDS_17p8_m26p2 17.2222222225 18.3333333335 -26.7088 -25.7198
KIDS_18p9_m26p2 18.3333333335 19.4444444445 -26.7088 -25.7198
KIDS_20p0_m26p2 19.4444444445 20.5555555555 -26.7088 -25.7198
KIDS_21p1_m26p2 20.5555555555 21.6666666665 -26.7088 -25.7198
KIDS_22p2_m26p2 21.6666666665 22.7777777775 -26.7088 -25.7198
KIDS_23p3_m26p2 22.7777777775 23.8888888885 -26.7088 -25.7198
KIDS_24p4_m26p2 23.8888888885 25.0 -26.7088 -25.7198
KIDS_25p6_m26p2 25.0 26.1111111115 -26.7088 -25.7198
KIDS_26p7_m26p2 26.1111111115 27.2222222225 -26.7088 -25.7198
KIDS_27p8_m26p2 27.2222222225 28.3333333335 -26.7088 -25.7198
KIDS_28p9_m26p2 28.3333333335 29.4444444445 -26.7088 -25.7198
KIDS_30p0_m26p2 29.4444444445 30.5555555555 -26.7088 -25.7198
KIDS_31p1_m26p2 30.5555555555 31.6666666665 -26.7088 -25.7198
KIDS_32p2_m26p2 31.6666666665 32.7777777775 -26.7088 -25.7198
KIDS_33p3_m26p2 32.7777777775 33.8888888885 -26.7088 -25.7198
KIDS_34p4_m26p2 33.8888888885 35.0 -26.7088 -25.7198
KIDS_35p6_m26p2 35.0 36.1111111115 -26.7088 -25.7198
KIDS_36p7_m26p2 36.1111111115 37.2222222225 -26.7088 -25.7198
KIDS_37p8_m26p2 37.2222222225 38.3333333335 -26.7088 -25.7198
KIDS_38p9_m26p2 38.3333333335 39.4444444445 -26.7088 -25.7198
KIDS_40p0_m26p2 39.4444444445 40.5555555555 -26.7088 -25.7198
KIDS_41p1_m26p2 40.5555555555 41.6666666665 -26.7088 -25.7198
KIDS_42p2_m26p2 41.6666666665 42.7777777775 -26.7088 -25.7198
KIDS_43p3_m26p2 42.7777777775 43.8888888885 -26.7088 -25.7198
KIDS_44p4_m26p2 43.8888888885 45.0 -26.7088 -25.7198
KIDS_45p6_m26p2 45.0 46.1111111115 -26.7088 -25.7198
KIDS_46p7_m26p2 46.1111111115 47.2222222225 -26.7088 -25.7198
KIDS_47p8_m26p2 47.2222222225 48.3333333335 -26.7088 -25.7198
KIDS_48p9_m26p2 48.3333333335 49.4444444445 -26.7088 -25.7198
KIDS_50p0_m26p2 49.4444444445 50.5555555555 -26.7088 -25.7198
KIDS_51p1_m26p2 50.5555555555 51.6666666665 -26.7088 -25.7198
KIDS_52p2_m26p2 51.6666666665 52.7777777775 -26.7088 -25.7198
KIDS_53p3_m26p2 52.7777777775 53.9018012088 -26.7088 -25.7198
KIDS_330p0_m26p2 329.431532124 330.555555556 -26.7088 -25.7198
KIDS_331p1_m26p2 330.555555556 331.666666666 -26.7088 -25.7198
KIDS_332p2_m26p2 331.666666666 332.777777777 -26.7088 -25.7198
KIDS_333p3_m26p2 332.777777777 333.888888888 -26.7088 -25.7198
KIDS_334p4_m26p2 333.888888888 335.0 -26.7088 -25.7198
KIDS_335p6_m26p2 335.0 336.111111112 -26.7088 -25.7198
KIDS_336p7_m26p2 336.111111112 337.222222223 -26.7088 -25.7198
KIDS_337p8_m26p2 337.222222223 338.333333334 -26.7088 -25.7198
KIDS_338p9_m26p2 338.333333334 339.444444444 -26.7088 -25.7198
KIDS_340p0_m26p2 339.444444444 340.555555556 -26.7088 -25.7198
KIDS_341p1_m26p2 340.555555556 341.666666666 -26.7088 -25.7198
KIDS_342p2_m26p2 341.666666666 342.777777777 -26.7088 -25.7198
KIDS_343p3_m26p2 342.777777777 343.888888888 -26.7088 -25.7198
KIDS_344p4_m26p2 343.888888888 345.0 -26.7088 -25.7198
KIDS_345p6_m26p2 345.0 346.111111112 -26.7088 -25.7198
KIDS_346p7_m26p2 346.111111112 347.222222223 -26.7088 -25.7198
KIDS_347p8_m26p2 347.222222223 348.333333334 -26.7088 -25.7198
KIDS_348p9_m26p2 348.333333334 349.444444444 -26.7088 -25.7198
KIDS_350p0_m26p2 349.444444444 350.555555556 -26.7088 -25.7198
KIDS_351p1_m26p2 350.555555556 351.666666666 -26.7088 -25.7198
KIDS_352p2_m26p2 351.666666666 352.777777777 -26.7088 -25.7198
KIDS_353p3_m26p2 352.777777777 353.888888888 -26.7088 -25.7198
KIDS_354p4_m26p2 353.888888888 355.0 -26.7088 -25.7198
KIDS_355p6_m26p2 355.0 356.111111112 -26.7088 -25.7198
KIDS_356p7_m26p2 356.111111112 357.222222223 -26.7088 -25.7198
KIDS_357p8_m26p2 357.222222223 358.333333334 -26.7088 -25.7198
KIDS_358p9_m26p2 358.333333334 359.444678382 -26.7088 -25.7198
KIDS_0p0_m26p2 359.444678382 0.5555555555 -26.7088 -25.7198
KIDS_156p4_m4p5 155.92299411 156.935933148 -4.950535 -3.961535
KIDS_157p4_m4p5 156.935933148 157.938718663 -4.950535 -3.961535
KIDS_158p4_m4p5 157.938718663 158.941504178 -4.950535 -3.961535
KIDS_159p4_m4p5 158.941504178 159.944289693 -4.950535 -3.961535
KIDS_160p4_m4p5 159.944289693 160.947075209 -4.950535 -3.961535
KIDS_161p4_m4p5 160.947075209 161.949860725 -4.950535 -3.961535
KIDS_162p5_m4p5 161.949860725 162.952646239 -4.950535 -3.961535
KIDS_163p5_m4p5 162.952646239 163.955431755 -4.950535 -3.961535
KIDS_164p5_m4p5 163.955431755 164.958217271 -4.950535 -3.961535
KIDS_165p5_m4p5 164.958217271 165.961002785 -4.950535 -3.961535
KIDS_166p5_m4p5 165.961002785 166.9637883 -4.950535 -3.961535
KIDS_167p5_m4p5 166.9637883 167.966573816 -4.950535 -3.961535
KIDS_168p5_m4p5 167.966573816 168.969359332 -4.950535 -3.961535
KIDS_169p5_m4p5 168.969359332 169.972144846 -4.950535 -3.961535
KIDS_170p5_m4p5 169.972144846 170.974930362 -4.950535 -3.961535
KIDS_171p5_m4p5 170.974930362 171.977715878 -4.950535 -3.961535
KIDS_172p5_m4p5 171.977715878 172.980501393 -4.950535 -3.961535
KIDS_173p5_m4p5 172.980501393 173.983286908 -4.950535 -3.961535
KIDS_174p5_m4p5 173.983286908 174.986072423 -4.950535 -3.961535
KIDS_175p5_m4p5 174.986072423 175.988857938 -4.950535 -3.961535
KIDS_176p5_m4p5 175.988857938 176.991643454 -4.950535 -3.961535
KIDS_177p5_m4p5 176.991643454 177.99442897 -4.950535 -3.961535
KIDS_178p5_m4p5 177.99442897 178.997214485 -4.950535 -3.961535
KIDS_179p5_m4p5 178.997214485 180.0 -4.950535 -3.961535
KIDS_180p5_m4p5 180.0 181.002785515 -4.950535 -3.961535
KIDS_181p5_m4p5 181.002785515 182.00557103 -4.950535 -3.961535
KIDS_182p5_m4p5 182.00557103 183.008356546 -4.950535 -3.961535
KIDS_183p5_m4p5 183.008356546 184.011142062 -4.950535 -3.961535
KIDS_184p5_m4p5 184.011142062 185.013927577 -4.950535 -3.961535
KIDS_185p5_m4p5 185.013927577 186.016713092 -4.950535 -3.961535
KIDS_186p5_m4p5 186.016713092 187.019498607 -4.950535 -3.961535
KIDS_187p5_m4p5 187.019498607 188.022284122 -4.950535 -3.961535
KIDS_188p5_m4p5 188.022284122 189.025069638 -4.950535 -3.961535
KIDS_189p5_m4p5 189.025069638 190.027855154 -4.950535 -3.961535
KIDS_190p5_m4p5 190.027855154 191.030640668 -4.950535 -3.961535
KIDS_191p5_m4p5 191.030640668 192.033426184 -4.950535 -3.961535
KIDS_192p5_m4p5 192.033426184 193.0362117 -4.950535 -3.961535
KIDS_193p5_m4p5 193.0362117 194.038997215 -4.950535 -3.961535
KIDS_194p5_m4p5 194.038997215 195.041782729 -4.950535 -3.961535
KIDS_195p5_m4p5 195.041782729 196.044568245 -4.950535 -3.961535
KIDS_196p5_m4p5 196.044568245 197.047353761 -4.950535 -3.961535
KIDS_197p5_m4p5 197.047353761 198.050139275 -4.950535 -3.961535
KIDS_198p6_m4p5 198.050139275 199.052924791 -4.950535 -3.961535
KIDS_199p6_m4p5 199.052924791 200.055710307 -4.950535 -3.961535
KIDS_200p6_m4p5 200.055710307 201.058495822 -4.950535 -3.961535
KIDS_201p6_m4p5 201.058495822 202.061281337 -4.950535 -3.961535
KIDS_202p6_m4p5 202.061281337 203.064066852 -4.950535 -3.961535
KIDS_203p6_m4p5 203.064066852 204.066852367 -4.950535 -3.961535
KIDS_204p6_m4p5 204.066852367 205.069637883 -4.950535 -3.961535
KIDS_205p6_m4p5 205.069637883 206.072423399 -4.950535 -3.961535
KIDS_206p6_m4p5 206.072423399 207.075208914 -4.950535 -3.961535
KIDS_207p6_m4p5 207.075208914 208.077994429 -4.950535 -3.961535
KIDS_208p6_m4p5 208.077994429 209.080779944 -4.950535 -3.961535
KIDS_209p6_m4p5 209.080779944 210.083565459 -4.950535 -3.961535
KIDS_210p6_m4p5 210.083565459 211.086350975 -4.950535 -3.961535
KIDS_211p6_m4p5 211.086350975 212.089136491 -4.950535 -3.961535
KIDS_212p6_m4p5 212.089136491 213.091922006 -4.950535 -3.961535
KIDS_213p6_m4p5 213.091922006 214.094707521 -4.950535 -3.961535
KIDS_214p6_m4p5 214.094707521 215.097493036 -4.950535 -3.961535
KIDS_215p6_m4p5 215.097493036 216.100278551 -4.950535 -3.961535
KIDS_216p6_m4p5 216.100278551 217.103064067 -4.950535 -3.961535
KIDS_217p6_m4p5 217.103064067 218.105849583 -4.950535 -3.961535
KIDS_218p6_m4p5 218.105849583 219.108635097 -4.950535 -3.961535
KIDS_219p6_m4p5 219.108635097 220.111420613 -4.950535 -3.961535
KIDS_220p6_m4p5 220.111420613 221.114206128 -4.950535 -3.961535
KIDS_221p6_m4p5 221.114206128 222.116991644 -4.950535 -3.961535
KIDS_222p6_m4p5 222.116991644 223.119777158 -4.950535 -3.961535
KIDS_223p6_m4p5 223.119777158 224.122562674 -4.950535 -3.961535
KIDS_224p6_m4p5 224.122562674 225.135501712 -4.950535 -3.961535
KIDS_156p4_m3p5 155.923605259 156.935933148 -3.961535 -2.972525
KIDS_157p4_m3p5 156.935933148 157.938718663 -3.961535 -2.972525
KIDS_158p4_m3p5 157.938718663 158.941504178 -3.961535 -2.972525
KIDS_159p4_m3p5 158.941504178 159.944289694 -3.961535 -2.972525
KIDS_160p4_m3p5 159.944289694 160.947075209 -3.961535 -2.972525
KIDS_161p4_m3p5 160.947075209 161.949860725 -3.961535 -2.972525
KIDS_162p5_m3p5 161.949860725 162.952646239 -3.961535 -2.972525
KIDS_163p5_m3p5 162.952646239 163.955431755 -3.961535 -2.972525
KIDS_164p5_m3p5 163.955431755 164.958217271 -3.961535 -2.972525
KIDS_165p5_m3p5 164.958217271 165.961002785 -3.961535 -2.972525
KIDS_166p5_m3p5 165.961002785 166.9637883 -3.961535 -2.972525
KIDS_167p5_m3p5 166.9637883 167.966573816 -3.961535 -2.972525
KIDS_168p5_m3p5 167.966573816 168.969359332 -3.961535 -2.972525
KIDS_169p5_m3p5 168.969359332 169.972144846 -3.961535 -2.972525
KIDS_170p5_m3p5 169.972144846 170.974930362 -3.961535 -2.972525
KIDS_171p5_m3p5 170.974930362 171.977715877 -3.961535 -2.972525
KIDS_172p5_m3p5 171.977715877 172.980501393 -3.961535 -2.972525
KIDS_173p5_m3p5 172.980501393 173.983286908 -3.961535 -2.972525
KIDS_174p5_m3p5 173.983286908 174.986072423 -3.961535 -2.972525
KIDS_175p5_m3p5 174.986072423 175.988857939 -3.961535 -2.972525
KIDS_176p5_m3p5 175.988857939 176.991643454 -3.961535 -2.972525
KIDS_177p5_m3p5 176.991643454 177.99442897 -3.961535 -2.972525
KIDS_178p5_m3p5 177.99442897 178.997214484 -3.961535 -2.972525
KIDS_179p5_m3p5 178.997214484 180.0 -3.961535 -2.972525
KIDS_180p5_m3p5 180.0 181.002785516 -3.961535 -2.972525
KIDS_181p5_m3p5 181.002785516 182.00557103 -3.961535 -2.972525
KIDS_182p5_m3p5 182.00557103 183.008356546 -3.961535 -2.972525
KIDS_183p5_m3p5 183.008356546 184.011142061 -3.961535 -2.972525
KIDS_184p5_m3p5 184.011142061 185.013927577 -3.961535 -2.972525
KIDS_185p5_m3p5 185.013927577 186.016713092 -3.961535 -2.972525
KIDS_186p5_m3p5 186.016713092 187.019498607 -3.961535 -2.972525
KIDS_187p5_m3p5 187.019498607 188.022284123 -3.961535 -2.972525
KIDS_188p5_m3p5 188.022284123 189.025069638 -3.961535 -2.972525
KIDS_189p5_m3p5 189.025069638 190.027855154 -3.961535 -2.972525
KIDS_190p5_m3p5 190.027855154 191.030640668 -3.961535 -2.972525
KIDS_191p5_m3p5 191.030640668 192.033426184 -3.961535 -2.972525
KIDS_192p5_m3p5 192.033426184 193.0362117 -3.961535 -2.972525
KIDS_193p5_m3p5 193.0362117 194.038997215 -3.961535 -2.972525
KIDS_194p5_m3p5 194.038997215 195.041782729 -3.961535 -2.972525
KIDS_195p5_m3p5 195.041782729 196.044568245 -3.961535 -2.972525
KIDS_196p5_m3p5 196.044568245 197.047353761 -3.961535 -2.972525
KIDS_197p5_m3p5 197.047353761 198.050139275 -3.961535 -2.972525
KIDS_198p6_m3p5 198.050139275 199.052924791 -3.961535 -2.972525
KIDS_199p6_m3p5 199.052924791 200.055710306 -3.961535 -2.972525
KIDS_200p6_m3p5 200.055710306 201.058495822 -3.961535 -2.972525
KIDS_201p6_m3p5 201.058495822 202.061281337 -3.961535 -2.972525
KIDS_202p6_m3p5 202.061281337 203.064066852 -3.961535 -2.972525
KIDS_203p6_m3p5 203.064066852 204.066852368 -3.961535 -2.972525
KIDS_204p6_m3p5 204.066852368 205.069637883 -3.961535 -2.972525
KIDS_205p6_m3p5 205.069637883 206.072423399 -3.961535 -2.972525
KIDS_206p6_m3p5 206.072423399 207.075208913 -3.961535 -2.972525
KIDS_207p6_m3p5 207.075208913 208.077994429 -3.961535 -2.972525
KIDS_208p6_m3p5 208.077994429 209.080779945 -3.961535 -2.972525
KIDS_209p6_m3p5 209.080779945 210.083565459 -3.961535 -2.972525
KIDS_210p6_m3p5 210.083565459 211.086350975 -3.961535 -2.972525
KIDS_211p6_m3p5 211.086350975 212.08913649 -3.961535 -2.972525
KIDS_212p6_m3p5 212.08913649 213.091922006 -3.961535 -2.972525
KIDS_213p6_m3p5 213.091922006 214.094707521 -3.961535 -2.972525
KIDS_214p6_m3p5 214.094707521 215.097493036 -3.961535 -2.972525
KIDS_215p6_m3p5 215.097493036 216.100278552 -3.961535 -2.972525
KIDS_216p6_m3p5 216.100278552 217.103064067 -3.961535 -2.972525
KIDS_217p6_m3p5 217.103064067 218.105849583 -3.961535 -2.972525
KIDS_218p6_m3p5 218.105849583 219.108635097 -3.961535 -2.972525
KIDS_219p6_m3p5 219.108635097 220.111420613 -3.961535 -2.972525
KIDS_220p6_m3p5 220.111420613 221.114206128 -3.961535 -2.972525
KIDS_221p6_m3p5 221.114206128 222.116991644 -3.961535 -2.972525
KIDS_222p6_m3p5 222.116991644 223.119777158 -3.961535 -2.972525
KIDS_223p6_m3p5 223.119777158 224.122562674 -3.961535 -2.972525
KIDS_224p6_m3p5 224.122562674 225.134890563 -3.961535 -2.972525
KIDS_156p4_m2p5 155.924063034 156.935933148 -2.972525 -1.983515
KIDS_157p4_m2p5 156.935933148 157.938718663 -2.972525 -1.983515
KIDS_158p4_m2p5 157.938718663 158.941504178 -2.972525 -1.983515
KIDS_159p4_m2p5 158.941504178 159.944289693 -2.972525 -1.983515
KIDS_160p4_m2p5 159.944289693 160.947075209 -2.972525 -1.983515
KIDS_161p4_m2p5 160.947075209 161.949860725 -2.972525 -1.983515
KIDS_162p5_m2p5 161.949860725 162.952646239 -2.972525 -1.983515
KIDS_163p5_m2p5 162.952646239 163.955431755 -2.972525 -1.983515
KIDS_164p5_m2p5 163.955431755 164.958217271 -2.972525 -1.983515
KIDS_165p5_m2p5 164.958217271 165.961002785 -2.972525 -1.983515
KIDS_166p5_m2p5 165.961002785 166.9637883 -2.972525 -1.983515
KIDS_167p5_m2p5 166.9637883 167.966573816 -2.972525 -1.983515
KIDS_168p5_m2p5 167.966573816 168.969359332 -2.972525 -1.983515
KIDS_169p5_m2p5 168.969359332 169.972144846 -2.972525 -1.983515
KIDS_170p5_m2p5 169.972144846 170.974930362 -2.972525 -1.983515
KIDS_171p5_m2p5 170.974930362 171.977715878 -2.972525 -1.983515
KIDS_172p5_m2p5 171.977715878 172.980501393 -2.972525 -1.983515
KIDS_173p5_m2p5 172.980501393 173.983286908 -2.972525 -1.983515
KIDS_174p5_m2p5 173.983286908 174.986072423 -2.972525 -1.983515
KIDS_175p5_m2p5 174.986072423 175.988857938 -2.972525 -1.983515
KIDS_176p5_m2p5 175.988857938 176.991643454 -2.972525 -1.983515
KIDS_177p5_m2p5 176.991643454 177.99442897 -2.972525 -1.983515
KIDS_178p5_m2p5 177.99442897 178.997214485 -2.972525 -1.983515
KIDS_179p5_m2p5 178.997214485 180.0 -2.972525 -1.983515
KIDS_180p5_m2p5 180.0 181.002785515 -2.972525 -1.983515
KIDS_181p5_m2p5 181.002785515 182.00557103 -2.972525 -1.983515
KIDS_182p5_m2p5 182.00557103 183.008356546 -2.972525 -1.983515
KIDS_183p5_m2p5 183.008356546 184.011142062 -2.972525 -1.983515
KIDS_184p5_m2p5 184.011142062 185.013927577 -2.972525 -1.983515
KIDS_185p5_m2p5 185.013927577 186.016713092 -2.972525 -1.983515
KIDS_186p5_m2p5 186.016713092 187.019498607 -2.972525 -1.983515
KIDS_187p5_m2p5 187.019498607 188.022284122 -2.972525 -1.983515
KIDS_188p5_m2p5 188.022284122 189.025069638 -2.972525 -1.983515
KIDS_189p5_m2p5 189.025069638 190.027855154 -2.972525 -1.983515
KIDS_190p5_m2p5 190.027855154 191.030640668 -2.972525 -1.983515
KIDS_191p5_m2p5 191.030640668 192.033426184 -2.972525 -1.983515
KIDS_192p5_m2p5 192.033426184 193.0362117 -2.972525 -1.983515
KIDS_193p5_m2p5 193.0362117 194.038997215 -2.972525 -1.983515
KIDS_194p5_m2p5 194.038997215 195.041782729 -2.972525 -1.983515
KIDS_195p5_m2p5 195.041782729 196.044568245 -2.972525 -1.983515
KIDS_196p5_m2p5 196.044568245 197.047353761 -2.972525 -1.983515
KIDS_197p5_m2p5 197.047353761 198.050139275 -2.972525 -1.983515
KIDS_198p6_m2p5 198.050139275 199.052924791 -2.972525 -1.983515
KIDS_199p6_m2p5 199.052924791 200.055710307 -2.972525 -1.983515
KIDS_200p6_m2p5 200.055710307 201.058495822 -2.972525 -1.983515
KIDS_201p6_m2p5 201.058495822 202.061281337 -2.972525 -1.983515
KIDS_202p6_m2p5 202.061281337 203.064066852 -2.972525 -1.983515
KIDS_203p6_m2p5 203.064066852 204.066852367 -2.972525 -1.983515
KIDS_204p6_m2p5 204.066852367 205.069637883 -2.972525 -1.983515
KIDS_205p6_m2p5 205.069637883 206.072423399 -2.972525 -1.983515
KIDS_206p6_m2p5 206.072423399 207.075208914 -2.972525 -1.983515
KIDS_207p6_m2p5 207.075208914 208.077994429 -2.972525 -1.983515
KIDS_208p6_m2p5 208.077994429 209.080779944 -2.972525 -1.983515
KIDS_209p6_m2p5 209.080779944 210.083565459 -2.972525 -1.983515
KIDS_210p6_m2p5 210.083565459 211.086350975 -2.972525 -1.983515
KIDS_211p6_m2p5 211.086350975 212.089136491 -2.972525 -1.983515
KIDS_212p6_m2p5 212.089136491 213.091922006 -2.972525 -1.983515
KIDS_213p6_m2p5 213.091922006 214.094707521 -2.972525 -1.983515
KIDS_214p6_m2p5 214.094707521 215.097493036 -2.972525 -1.983515
KIDS_215p6_m2p5 215.097493036 216.100278551 -2.972525 -1.983515
KIDS_216p6_m2p5 216.100278551 217.103064067 -2.972525 -1.983515
KIDS_217p6_m2p5 217.103064067 218.105849583 -2.972525 -1.983515
KIDS_218p6_m2p5 218.105849583 219.108635097 -2.972525 -1.983515
KIDS_219p6_m2p5 219.108635097 220.111420613 -2.972525 -1.983515
KIDS_220p6_m2p5 220.111420613 221.114206128 -2.972525 -1.983515
KIDS_221p6_m2p5 221.114206128 222.116991644 -2.972525 -1.983515
KIDS_222p6_m2p5 222.116991644 223.119777158 -2.972525 -1.983515
KIDS_223p6_m2p5 223.119777158 224.122562674 -2.972525 -1.983515
KIDS_224p6_m2p5 224.122562674 225.12534819 -2.972525 -1.983515
KIDS_225p6_m2p5 225.12534819 226.128133704 -2.972525 -1.983515
KIDS_226p6_m2p5 226.128133704 227.13091922 -2.972525 -1.983515
KIDS_227p6_m2p5 227.13091922 228.133704736 -2.972525 -1.983515
KIDS_228p6_m2p5 228.133704736 229.136490251 -2.972525 -1.983515
KIDS_229p6_m2p5 229.136490251 230.139275766 -2.972525 -1.983515
KIDS_230p6_m2p5 230.139275766 231.142061281 -2.972525 -1.983515
KIDS_231p6_m2p5 231.142061281 232.144846796 -2.972525 -1.983515
KIDS_232p6_m2p5 232.144846796 233.147632312 -2.972525 -1.983515
KIDS_233p6_m2p5 233.147632312 234.150417828 -2.972525 -1.983515
KIDS_234p7_m2p5 234.150417828 235.153203343 -2.972525 -1.983515
KIDS_235p7_m2p5 235.153203343 236.155988858 -2.972525 -1.983515
KIDS_236p7_m2p5 236.155988858 237.158774373 -2.972525 -1.983515
KIDS_237p7_m2p5 237.158774373 238.170644487 -2.972525 -1.983515
KIDS_129p0_m1p5 128.489827729 129.5 -1.983515 -0.994505
KIDS_130p0_m1p5 129.5 130.5 -1.983515 -0.994505
KIDS_131p0_m1p5 130.5 131.5 -1.983515 -0.994505
KIDS_132p0_m1p5 131.5 132.5 -1.983515 -0.994505
KIDS_133p0_m1p5 132.5 133.5 -1.983515 -0.994505
KIDS_134p0_m1p5 133.5 134.5 -1.983515 -0.994505
KIDS_135p0_m1p5 134.5 135.5 -1.983515 -0.994505
KIDS_136p0_m1p5 135.5 136.5 -1.983515 -0.994505
KIDS_137p0_m1p5 136.5 137.5 -1.983515 -0.994505
KIDS_138p0_m1p5 137.5 138.5 -1.983515 -0.994505
KIDS_139p0_m1p5 138.5 139.5 -1.983515 -0.994505
KIDS_140p0_m1p5 139.5 140.5 -1.983515 -0.994505
KIDS_141p0_m1p5 140.5 141.510172271 -1.983515 -0.994505
KIDS_156p0_m1p5 155.489827729 156.5 -1.983515 -0.994505
KIDS_157p0_m1p5 156.5 157.5 -1.983515 -0.994505
KIDS_158p0_m1p5 157.5 158.5 -1.983515 -0.994505
KIDS_159p0_m1p5 158.5 159.5 -1.983515 -0.994505
KIDS_160p0_m1p5 159.5 160.5 -1.983515 -0.994505
KIDS_161p0_m1p5 160.5 161.5 -1.983515 -0.994505
KIDS_162p0_m1p5 161.5 162.5 -1.983515 -0.994505
KIDS_163p0_m1p5 162.5 163.5 -1.983515 -0.994505
KIDS_164p0_m1p5 163.5 164.5 -1.983515 -0.994505
KIDS_165p0_m1p5 164.5 165.5 -1.983515 -0.994505
KIDS_166p0_m1p5 165.5 166.5 -1.983515 -0.994505
KIDS_167p0_m1p5 166.5 167.5 -1.983515 -0.994505
KIDS_168p0_m1p5 167.5 168.5 -1.983515 -0.994505
KIDS_169p0_m1p5 168.5 169.5 -1.983515 -0.994505
KIDS_170p0_m1p5 169.5 170.5 -1.983515 -0.994505
KIDS_171p0_m1p5 170.5 171.5 -1.983515 -0.994505
KIDS_172p0_m1p5 171.5 172.5 -1.983515 -0.994505
KIDS_173p0_m1p5 172.5 173.5 -1.983515 -0.994505
KIDS_174p0_m1p5 173.5 174.5 -1.983515 -0.994505
KIDS_175p0_m1p5 174.5 175.5 -1.983515 -0.994505
KIDS_176p0_m1p5 175.5 176.5 -1.983515 -0.994505
KIDS_177p0_m1p5 176.5 177.5 -1.983515 -0.994505
KIDS_178p0_m1p5 177.5 178.5 -1.983515 -0.994505
KIDS_179p0_m1p5 178.5 179.5 -1.983515 -0.994505
KIDS_180p0_m1p5 179.5 180.5 -1.983515 -0.994505
KIDS_181p0_m1p5 180.5 181.5 -1.983515 -0.994505
KIDS_182p0_m1p5 181.5 182.5 -1.983515 -0.994505
KIDS_183p0_m1p5 182.5 183.5 -1.983515 -0.994505
KIDS_184p0_m1p5 183.5 184.5 -1.983515 -0.994505
KIDS_185p0_m1p5 184.5 185.5 -1.983515 -0.994505
KIDS_186p0_m1p5 185.5 186.5 -1.983515 -0.994505
KIDS_187p0_m1p5 186.5 187.5 -1.983515 -0.994505
KIDS_188p0_m1p5 187.5 188.5 -1.983515 -0.994505
KIDS_189p0_m1p5 188.5 189.5 -1.983515 -0.994505
KIDS_190p0_m1p5 189.5 190.5 -1.983515 -0.994505
KIDS_191p0_m1p5 190.5 191.5 -1.983515 -0.994505
KIDS_192p0_m1p5 191.5 192.5 -1.983515 -0.994505
KIDS_193p0_m1p5 192.5 193.5 -1.983515 -0.994505
KIDS_194p0_m1p5 193.5 194.5 -1.983515 -0.994505
KIDS_195p0_m1p5 194.5 195.5 -1.983515 -0.994505
KIDS_196p0_m1p5 195.5 196.5 -1.983515 -0.994505
KIDS_197p0_m1p5 196.5 197.5 -1.983515 -0.994505
KIDS_198p0_m1p5 197.5 198.5 -1.983515 -0.994505
KIDS_199p0_m1p5 198.5 199.5 -1.983515 -0.994505
KIDS_200p0_m1p5 199.5 200.5 -1.983515 -0.994505
KIDS_201p0_m1p5 200.5 201.5 -1.983515 -0.994505
KIDS_202p0_m1p5 201.5 202.5 -1.983515 -0.994505
KIDS_203p0_m1p5 202.5 203.5 -1.983515 -0.994505
KIDS_204p0_m1p5 203.5 204.5 -1.983515 -0.994505
KIDS_205p0_m1p5 204.5 205.5 -1.983515 -0.994505
KIDS_206p0_m1p5 205.5 206.5 -1.983515 -0.994505
KIDS_207p0_m1p5 206.5 207.5 -1.983515 -0.994505
KIDS_208p0_m1p5 207.5 208.5 -1.983515 -0.994505
KIDS_209p0_m1p5 208.5 209.5 -1.983515 -0.994505
KIDS_210p0_m1p5 209.5 210.5 -1.983515 -0.994505
KIDS_211p0_m1p5 210.5 211.5 -1.983515 -0.994505
KIDS_212p0_m1p5 211.5 212.5 -1.983515 -0.994505
KIDS_213p0_m1p5 212.5 213.5 -1.983515 -0.994505
KIDS_214p0_m1p5 213.5 214.5 -1.983515 -0.994505
KIDS_215p0_m1p5 214.5 215.5 -1.983515 -0.994505
KIDS_216p0_m1p5 215.5 216.5 -1.983515 -0.994505
KIDS_217p0_m1p5 216.5 217.5 -1.983515 -0.994505
KIDS_218p0_m1p5 217.5 218.5 -1.983515 -0.994505
KIDS_219p0_m1p5 218.5 219.5 -1.983515 -0.994505
KIDS_220p0_m1p5 219.5 220.5 -1.983515 -0.994505
KIDS_221p0_m1p5 220.5 221.5 -1.983515 -0.994505
KIDS_222p0_m1p5 221.5 222.5 -1.983515 -0.994505
KIDS_223p0_m1p5 222.5 223.5 -1.983515 -0.994505
KIDS_224p0_m1p5 223.5 224.5 -1.983515 -0.994505
KIDS_225p0_m1p5 224.5 225.5 -1.983515 -0.994505
KIDS_226p0_m1p5 225.5 226.5 -1.983515 -0.994505
KIDS_227p0_m1p5 226.5 227.5 -1.983515 -0.994505
KIDS_228p0_m1p5 227.5 228.5 -1.983515 -0.994505
KIDS_229p0_m1p5 228.5 229.5 -1.983515 -0.994505
KIDS_230p0_m1p5 229.5 230.5 -1.983515 -0.994505
KIDS_231p0_m1p5 230.5 231.5 -1.983515 -0.994505
KIDS_232p0_m1p5 231.5 232.5 -1.983515 -0.994505
KIDS_233p0_m1p5 232.5 233.5 -1.983515 -0.994505
KIDS_234p0_m1p5 233.5 234.5 -1.983515 -0.994505
KIDS_235p0_m1p5 234.5 235.5 -1.983515 -0.994505
KIDS_236p0_m1p5 235.5 236.5 -1.983515 -0.994505
KIDS_237p0_m1p5 236.5 237.5 -1.983515 -0.994505
KIDS_238p0_m1p5 237.5 238.510172271 -1.983515 -0.994505
KIDS_129p0_m0p5 128.48998058 129.5 -0.994505 0.0
KIDS_130p0_m0p5 129.5 130.5 -0.994505 0.0
KIDS_131p0_m0p5 130.5 131.5 -0.994505 0.0
KIDS_132p0_m0p5 131.5 132.5 -0.994505 0.0
KIDS_133p0_m0p5 132.5 133.5 -0.994505 0.0
KIDS_134p0_m0p5 133.5 134.5 -0.994505 0.0
KIDS_135p0_m0p5 134.5 135.5 -0.994505 0.0
KIDS_136p0_m0p5 135.5 136.5 -0.994505 0.0
KIDS_137p0_m0p5 136.5 137.5 -0.994505 0.0
KIDS_138p0_m0p5 137.5 138.5 -0.994505 0.0
KIDS_139p0_m0p5 138.5 139.5 -0.994505 0.0
KIDS_140p0_m0p5 139.5 140.5 -0.994505 0.0
KIDS_141p0_m0p5 140.5 141.51001942 -0.994505 0.0
KIDS_156p0_m0p5 155.48998058 156.5 -0.994505 0.0
KIDS_157p0_m0p5 156.5 157.5 -0.994505 0.0
KIDS_158p0_m0p5 157.5 158.5 -0.994505 0.0
KIDS_159p0_m0p5 158.5 159.5 -0.994505 0.0
KIDS_160p0_m0p5 159.5 160.5 -0.994505 0.0
KIDS_161p0_m0p5 160.5 161.5 -0.994505 0.0
KIDS_162p0_m0p5 161.5 162.5 -0.994505 0.0
KIDS_163p0_m0p5 162.5 163.5 -0.994505 0.0
KIDS_164p0_m0p5 163.5 164.5 -0.994505 0.0
KIDS_165p0_m0p5 164.5 165.5 -0.994505 0.0
KIDS_166p0_m0p5 165.5 166.5 -0.994505 0.0
KIDS_167p0_m0p5 166.5 167.5 -0.994505 0.0
KIDS_168p0_m0p5 167.5 168.5 -0.994505 0.0
KIDS_169p0_m0p5 168.5 169.5 -0.994505 0.0
KIDS_170p0_m0p5 169.5 170.5 -0.994505 0.0
KIDS_171p0_m0p5 170.5 171.5 -0.994505 0.0
KIDS_172p0_m0p5 171.5 172.5 -0.994505 0.0
KIDS_173p0_m0p5 172.5 173.5 -0.994505 0.0
KIDS_174p0_m0p5 173.5 174.5 -0.994505 0.0
KIDS_175p0_m0p5 174.5 175.5 -0.994505 0.0
KIDS_176p0_m0p5 175.5 176.5 -0.994505 0.0
KIDS_177p0_m0p5 176.5 177.5 -0.994505 0.0
KIDS_178p0_m0p5 177.5 178.5 -0.994505 0.0
KIDS_179p0_m0p5 178.5 179.5 -0.994505 0.0
KIDS_180p0_m0p5 179.5 180.5 -0.994505 0.0
KIDS_181p0_m0p5 180.5 181.5 -0.994505 0.0
KIDS_182p0_m0p5 181.5 182.5 -0.994505 0.0
KIDS_183p0_m0p5 182.5 183.5 -0.994505 0.0
KIDS_184p0_m0p5 183.5 184.5 -0.994505 0.0
KIDS_185p0_m0p5 184.5 185.5 -0.994505 0.0
KIDS_186p0_m0p5 185.5 186.5 -0.994505 0.0
KIDS_187p0_m0p5 186.5 187.5 -0.994505 0.0
KIDS_188p0_m0p5 187.5 188.5 -0.994505 0.0
KIDS_189p0_m0p5 188.5 189.5 -0.994505 0.0
KIDS_190p0_m0p5 189.5 190.5 -0.994505 0.0
KIDS_191p0_m0p5 190.5 191.5 -0.994505 0.0
KIDS_192p0_m0p5 191.5 192.5 -0.994505 0.0
KIDS_193p0_m0p5 192.5 193.5 -0.994505 0.0
KIDS_194p0_m0p5 193.5 194.5 -0.994505 0.0
KIDS_195p0_m0p5 194.5 195.5 -0.994505 0.0
KIDS_196p0_m0p5 195.5 196.5 -0.994505 0.0
KIDS_197p0_m0p5 196.5 197.5 -0.994505 0.0
KIDS_198p0_m0p5 197.5 198.5 -0.994505 0.0
KIDS_199p0_m0p5 198.5 199.5 -0.994505 0.0
KIDS_200p0_m0p5 199.5 200.5 -0.994505 0.0
KIDS_201p0_m0p5 200.5 201.5 -0.994505 0.0
KIDS_202p0_m0p5 201.5 202.5 -0.994505 0.0
KIDS_203p0_m0p5 202.5 203.5 -0.994505 0.0
KIDS_204p0_m0p5 203.5 204.5 -0.994505 0.0
KIDS_205p0_m0p5 204.5 205.5 -0.994505 0.0
KIDS_206p0_m0p5 205.5 206.5 -0.994505 0.0
KIDS_207p0_m0p5 206.5 207.5 -0.994505 0.0
KIDS_208p0_m0p5 207.5 208.5 -0.994505 0.0
KIDS_209p0_m0p5 208.5 209.5 -0.994505 0.0
KIDS_210p0_m0p5 209.5 210.5 -0.994505 0.0
KIDS_211p0_m0p5 210.5 211.5 -0.994505 0.0
KIDS_212p0_m0p5 211.5 212.5 -0.994505 0.0
KIDS_213p0_m0p5 212.5 213.5 -0.994505 0.0
KIDS_214p0_m0p5 213.5 214.5 -0.994505 0.0
KIDS_215p0_m0p5 214.5 215.5 -0.994505 0.0
KIDS_216p0_m0p5 215.5 216.5 -0.994505 0.0
KIDS_217p0_m0p5 216.5 217.5 -0.994505 0.0
KIDS_218p0_m0p5 217.5 218.5 -0.994505 0.0
KIDS_219p0_m0p5 218.5 219.5 -0.994505 0.0
KIDS_220p0_m0p5 219.5 220.5 -0.994505 0.0
KIDS_221p0_m0p5 220.5 221.5 -0.994505 0.0
KIDS_222p0_m0p5 221.5 222.5 -0.994505 0.0
KIDS_223p0_m0p5 222.5 223.5 -0.994505 0.0
KIDS_224p0_m0p5 223.5 224.5 -0.994505 0.0
KIDS_225p0_m0p5 224.5 225.5 -0.994505 0.0
KIDS_226p0_m0p5 225.5 226.5 -0.994505 0.0
KIDS_227p0_m0p5 226.5 227.5 -0.994505 0.0
KIDS_228p0_m0p5 227.5 228.5 -0.994505 0.0
KIDS_229p0_m0p5 228.5 229.5 -0.994505 0.0
KIDS_230p0_m0p5 229.5 230.5 -0.994505 0.0
KIDS_231p0_m0p5 230.5 231.5 -0.994505 0.0
KIDS_232p0_m0p5 231.5 232.5 -0.994505 0.0
KIDS_233p0_m0p5 232.5 233.5 -0.994505 0.0
KIDS_234p0_m0p5 233.5 234.5 -0.994505 0.0
KIDS_235p0_m0p5 234.5 235.5 -0.994505 0.0
KIDS_236p0_m0p5 235.5 236.5 -0.994505 0.0
KIDS_237p0_m0p5 236.5 237.5 -0.994505 0.0
KIDS_238p0_m0p5 237.5 238.51001942 -0.994505 0.0
KIDS_129p0_0p5 128.48998058 129.5 0.0 0.9945054945
KIDS_130p0_0p5 129.5 130.5 0.0 0.9945054945
KIDS_131p0_0p5 130.5 131.5 0.0 0.9945054945
KIDS_132p0_0p5 131.5 132.5 0.0 0.9945054945
KIDS_133p0_0p5 132.5 133.5 0.0 0.9945054945
KIDS_134p0_0p5 133.5 134.5 0.0 0.9945054945
KIDS_135p0_0p5 134.5 135.5 0.0 0.9945054945
KIDS_136p0_0p5 135.5 136.5 0.0 0.9945054945
KIDS_137p0_0p5 136.5 137.5 0.0 0.9945054945
KIDS_138p0_0p5 137.5 138.5 0.0 0.9945054945
KIDS_139p0_0p5 138.5 139.5 0.0 0.9945054945
KIDS_140p0_0p5 139.5 140.5 0.0 0.9945054945
KIDS_141p0_0p5 140.5 141.51001942 0.0 0.9945054945
KIDS_156p0_0p5 155.48998058 156.5 0.0 0.9945054945
KIDS_157p0_0p5 156.5 157.5 0.0 0.9945054945
KIDS_158p0_0p5 157.5 158.5 0.0 0.9945054945
KIDS_159p0_0p5 158.5 159.5 0.0 0.9945054945
KIDS_160p0_0p5 159.5 160.5 0.0 0.9945054945
KIDS_161p0_0p5 160.5 161.5 0.0 0.9945054945
KIDS_162p0_0p5 161.5 162.5 0.0 0.9945054945
KIDS_163p0_0p5 162.5 163.5 0.0 0.9945054945
KIDS_164p0_0p5 163.5 164.5 0.0 0.9945054945
KIDS_165p0_0p5 164.5 165.5 0.0 0.9945054945
KIDS_166p0_0p5 165.5 166.5 0.0 0.9945054945
KIDS_167p0_0p5 166.5 167.5 0.0 0.9945054945
KIDS_168p0_0p5 167.5 168.5 0.0 0.9945054945
KIDS_169p0_0p5 168.5 169.5 0.0 0.9945054945
KIDS_170p0_0p5 169.5 170.5 0.0 0.9945054945
KIDS_171p0_0p5 170.5 171.5 0.0 0.9945054945
KIDS_172p0_0p5 171.5 172.5 0.0 0.9945054945
KIDS_173p0_0p5 172.5 173.5 0.0 0.9945054945
KIDS_174p0_0p5 173.5 174.5 0.0 0.9945054945
KIDS_175p0_0p5 174.5 175.5 0.0 0.9945054945
KIDS_176p0_0p5 175.5 176.5 0.0 0.9945054945
KIDS_177p0_0p5 176.5 177.5 0.0 0.9945054945
KIDS_178p0_0p5 177.5 178.5 0.0 0.9945054945
KIDS_179p0_0p5 178.5 179.5 0.0 0.9945054945
KIDS_180p0_0p5 179.5 180.5 0.0 0.9945054945
KIDS_181p0_0p5 180.5 181.5 0.0 0.9945054945
KIDS_182p0_0p5 181.5 182.5 0.0 0.9945054945
KIDS_183p0_0p5 182.5 183.5 0.0 0.9945054945
KIDS_184p0_0p5 183.5 184.5 0.0 0.9945054945
KIDS_185p0_0p5 184.5 185.5 0.0 0.9945054945
KIDS_186p0_0p5 185.5 186.5 0.0 0.9945054945
KIDS_187p0_0p5 186.5 187.5 0.0 0.9945054945
KIDS_188p0_0p5 187.5 188.5 0.0 0.9945054945
KIDS_189p0_0p5 188.5 189.5 0.0 0.9945054945
KIDS_190p0_0p5 189.5 190.5 0.0 0.9945054945
KIDS_191p0_0p5 190.5 191.5 0.0 0.9945054945
KIDS_192p0_0p5 191.5 192.5 0.0 0.9945054945
KIDS_193p0_0p5 192.5 193.5 0.0 0.9945054945
KIDS_194p0_0p5 193.5 194.5 0.0 0.9945054945
KIDS_195p0_0p5 194.5 195.5 0.0 0.9945054945
KIDS_196p0_0p5 195.5 196.5 0.0 0.9945054945
KIDS_197p0_0p5 196.5 197.5 0.0 0.9945054945
KIDS_198p0_0p5 197.5 198.5 0.0 0.9945054945
KIDS_199p0_0p5 198.5 199.5 0.0 0.9945054945
KIDS_200p0_0p5 199.5 200.5 0.0 0.9945054945
KIDS_201p0_0p5 200.5 201.5 0.0 0.9945054945
KIDS_202p0_0p5 201.5 202.5 0.0 0.9945054945
KIDS_203p0_0p5 202.5 203.5 0.0 0.9945054945
KIDS_204p0_0p5 203.5 204.5 0.0 0.9945054945
KIDS_205p0_0p5 204.5 205.5 0.0 0.9945054945
KIDS_206p0_0p5 205.5 206.5 0.0 0.9945054945
KIDS_207p0_0p5 206.5 207.5 0.0 0.9945054945
KIDS_208p0_0p5 207.5 208.5 0.0 0.9945054945
KIDS_209p0_0p5 208.5 209.5 0.0 0.9945054945
KIDS_210p0_0p5 209.5 210.5 0.0 0.9945054945
KIDS_211p0_0p5 210.5 211.5 0.0 0.9945054945
KIDS_212p0_0p5 211.5 212.5 0.0 0.9945054945
KIDS_213p0_0p5 212.5 213.5 0.0 0.9945054945
KIDS_214p0_0p5 213.5 214.5 0.0 0.9945054945
KIDS_215p0_0p5 214.5 215.5 0.0 0.9945054945
KIDS_216p0_0p5 215.5 216.5 0.0 0.9945054945
KIDS_217p0_0p5 216.5 217.5 0.0 0.9945054945
KIDS_218p0_0p5 217.5 218.5 0.0 0.9945054945
KIDS_219p0_0p5 218.5 219.5 0.0 0.9945054945
KIDS_220p0_0p5 219.5 220.5 0.0 0.9945054945
KIDS_221p0_0p5 220.5 221.5 0.0 0.9945054945
KIDS_222p0_0p5 221.5 222.5 0.0 0.9945054945
KIDS_223p0_0p5 222.5 223.5 0.0 0.9945054945
KIDS_224p0_0p5 223.5 224.5 0.0 0.9945054945
KIDS_225p0_0p5 224.5 225.5 0.0 0.9945054945
KIDS_226p0_0p5 225.5 226.5 0.0 0.9945054945
KIDS_227p0_0p5 226.5 227.5 0.0 0.9945054945
KIDS_228p0_0p5 227.5 228.5 0.0 0.9945054945
KIDS_229p0_0p5 228.5 229.5 0.0 0.9945054945
KIDS_230p0_0p5 229.5 230.5 0.0 0.9945054945
KIDS_231p0_0p5 230.5 231.5 0.0 0.9945054945
KIDS_232p0_0p5 231.5 232.5 0.0 0.9945054945
KIDS_233p0_0p5 232.5 233.5 0.0 0.9945054945
KIDS_234p0_0p5 233.5 234.5 0.0 0.9945054945
KIDS_235p0_0p5 234.5 235.5 0.0 0.9945054945
KIDS_236p0_0p5 235.5 236.5 0.0 0.9945054945
KIDS_237p0_0p5 236.5 237.5 0.0 0.9945054945
KIDS_238p0_0p5 237.5 238.51001942 0.0 0.9945054945
KIDS_129p0_1p5 128.489827729 129.5 0.9945054945 1.983515
KIDS_130p0_1p5 129.5 130.5 0.9945054945 1.983515
KIDS_131p0_1p5 130.5 131.5 0.9945054945 1.983515
KIDS_132p0_1p5 131.5 132.5 0.9945054945 1.983515
KIDS_133p0_1p5 132.5 133.5 0.9945054945 1.983515
KIDS_134p0_1p5 133.5 134.5 0.9945054945 1.983515
KIDS_135p0_1p5 134.5 135.5 0.9945054945 1.983515
KIDS_136p0_1p5 135.5 136.5 0.9945054945 1.983515
KIDS_137p0_1p5 136.5 137.5 0.9945054945 1.983515
KIDS_138p0_1p5 137.5 138.5 0.9945054945 1.983515
KIDS_139p0_1p5 138.5 139.5 0.9945054945 1.983515
KIDS_140p0_1p5 139.5 140.5 0.9945054945 1.983515
KIDS_141p0_1p5 140.5 141.510172271 0.9945054945 1.983515
KIDS_156p0_1p5 155.489827729 156.5 0.9945054945 1.983515
KIDS_157p0_1p5 156.5 157.5 0.9945054945 1.983515
KIDS_158p0_1p5 157.5 158.5 0.9945054945 1.983515
KIDS_159p0_1p5 158.5 159.5 0.9945054945 1.983515
KIDS_160p0_1p5 159.5 160.5 0.9945054945 1.983515
KIDS_161p0_1p5 160.5 161.5 0.9945054945 1.983515
KIDS_162p0_1p5 161.5 162.5 0.9945054945 1.983515
KIDS_163p0_1p5 162.5 163.5 0.9945054945 1.983515
KIDS_164p0_1p5 163.5 164.5 0.9945054945 1.983515
KIDS_165p0_1p5 164.5 165.5 0.9945054945 1.983515
KIDS_166p0_1p5 165.5 166.5 0.9945054945 1.983515
KIDS_167p0_1p5 166.5 167.5 0.9945054945 1.983515
KIDS_168p0_1p5 167.5 168.5 0.9945054945 1.983515
KIDS_169p0_1p5 168.5 169.5 0.9945054945 1.983515
KIDS_170p0_1p5 169.5 170.5 0.9945054945 1.983515
KIDS_171p0_1p5 170.5 171.5 0.9945054945 1.983515
KIDS_172p0_1p5 171.5 172.5 0.9945054945 1.983515
KIDS_173p0_1p5 172.5 173.5 0.9945054945 1.983515
KIDS_174p0_1p5 173.5 174.5 0.9945054945 1.983515
KIDS_175p0_1p5 174.5 175.5 0.9945054945 1.983515
KIDS_176p0_1p5 175.5 176.5 0.9945054945 1.983515
KIDS_177p0_1p5 176.5 177.5 0.9945054945 1.983515
KIDS_178p0_1p5 177.5 178.5 0.9945054945 1.983515
KIDS_179p0_1p5 178.5 179.5 0.9945054945 1.983515
KIDS_180p0_1p5 179.5 180.5 0.9945054945 1.983515
KIDS_181p0_1p5 180.5 181.5 0.9945054945 1.983515
KIDS_182p0_1p5 181.5 182.5 0.9945054945 1.983515
KIDS_183p0_1p5 182.5 183.5 0.9945054945 1.983515
KIDS_184p0_1p5 183.5 184.5 0.9945054945 1.983515
KIDS_185p0_1p5 184.5 185.5 0.9945054945 1.983515
KIDS_186p0_1p5 185.5 186.5 0.9945054945 1.983515
KIDS_187p0_1p5 186.5 187.5 0.9945054945 1.983515
KIDS_188p0_1p5 187.5 188.5 0.9945054945 1.983515
KIDS_189p0_1p5 188.5 189.5 0.9945054945 1.983515
KIDS_190p0_1p5 189.5 190.5 0.9945054945 1.983515
KIDS_191p0_1p5 190.5 191.5 0.9945054945 1.983515
KIDS_192p0_1p5 191.5 192.5 0.9945054945 1.983515
KIDS_193p0_1p5 192.5 193.5 0.9945054945 1.983515
KIDS_194p0_1p5 193.5 194.5 0.9945054945 1.983515
KIDS_195p0_1p5 194.5 195.5 0.9945054945 1.983515
KIDS_196p0_1p5 195.5 196.5 0.9945054945 1.983515
KIDS_197p0_1p5 196.5 197.5 0.9945054945 1.983515
KIDS_198p0_1p5 197.5 198.5 0.9945054945 1.983515
KIDS_199p0_1p5 198.5 199.5 0.9945054945 1.983515
KIDS_200p0_1p5 199.5 200.5 0.9945054945 1.983515
KIDS_201p0_1p5 200.5 201.5 0.9945054945 1.983515
KIDS_202p0_1p5 201.5 202.5 0.9945054945 1.983515
KIDS_203p0_1p5 202.5 203.5 0.9945054945 1.983515
KIDS_204p0_1p5 203.5 204.5 0.9945054945 1.983515
KIDS_205p0_1p5 204.5 205.5 0.9945054945 1.983515
KIDS_206p0_1p5 205.5 206.5 0.9945054945 1.983515
KIDS_207p0_1p5 206.5 207.5 0.9945054945 1.983515
KIDS_208p0_1p5 207.5 208.5 0.9945054945 1.983515
KIDS_209p0_1p5 208.5 209.5 0.9945054945 1.983515
KIDS_210p0_1p5 209.5 210.5 0.9945054945 1.983515
KIDS_211p0_1p5 210.5 211.5 0.9945054945 1.983515
KIDS_212p0_1p5 211.5 212.5 0.9945054945 1.983515
KIDS_213p0_1p5 212.5 213.5 0.9945054945 1.983515
KIDS_214p0_1p5 213.5 214.5 0.9945054945 1.983515
KIDS_215p0_1p5 214.5 215.5 0.9945054945 1.983515
KIDS_216p0_1p5 215.5 216.5 0.9945054945 1.983515
KIDS_217p0_1p5 216.5 217.5 0.9945054945 1.983515
KIDS_218p0_1p5 217.5 218.5 0.9945054945 1.983515
KIDS_219p0_1p5 218.5 219.5 0.9945054945 1.983515
KIDS_220p0_1p5 219.5 220.5 0.9945054945 1.983515
KIDS_221p0_1p5 220.5 221.5 0.9945054945 1.983515
KIDS_222p0_1p5 221.5 222.5 0.9945054945 1.983515
KIDS_223p0_1p5 222.5 223.5 0.9945054945 1.983515
KIDS_224p0_1p5 223.5 224.5 0.9945054945 1.983515
KIDS_225p0_1p5 224.5 225.5 0.9945054945 1.983515
KIDS_226p0_1p5 225.5 226.5 0.9945054945 1.983515
KIDS_227p0_1p5 226.5 227.5 0.9945054945 1.983515
KIDS_228p0_1p5 227.5 228.5 0.9945054945 1.983515
KIDS_229p0_1p5 228.5 229.5 0.9945054945 1.983515
KIDS_230p0_1p5 229.5 230.5 0.9945054945 1.983515
KIDS_231p0_1p5 230.5 231.5 0.9945054945 1.983515
KIDS_232p0_1p5 231.5 232.5 0.9945054945 1.983515
KIDS_233p0_1p5 232.5 233.5 0.9945054945 1.983515
KIDS_234p0_1p5 233.5 234.5 0.9945054945 1.983515
KIDS_235p0_1p5 234.5 235.5 0.9945054945 1.983515
KIDS_236p0_1p5 235.5 236.5 0.9945054945 1.983515
KIDS_237p0_1p5 236.5 237.5 0.9945054945 1.983515
KIDS_238p0_1p5 237.5 238.510172271 0.9945054945 1.983515
KIDS_129p4_2p5 128.848854119 129.860724234 1.983515 2.972525
KIDS_130p4_2p5 129.860724234 130.863509749 1.983515 2.972525
KIDS_131p4_2p5 130.863509749 131.866295264 1.983515 2.972525
KIDS_132p4_2p5 131.866295264 132.86908078 1.983515 2.972525
KIDS_133p4_2p5 132.86908078 133.871866296 1.983515 2.972525
KIDS_134p4_2p5 133.871866296 134.87465181 1.983515 2.972525
KIDS_135p4_2p5 134.87465181 135.877437326 1.983515 2.972525
KIDS_136p4_2p5 135.877437326 136.880222842 1.983515 2.972525
KIDS_137p4_2p5 136.880222842 137.883008356 1.983515 2.972525
KIDS_138p4_2p5 137.883008356 138.885793872 1.983515 2.972525
KIDS_139p4_2p5 138.885793872 139.888579387 1.983515 2.972525
KIDS_140p4_2p5 139.888579387 140.891364903 1.983515 2.972525
KIDS_141p4_2p5 140.891364903 141.903235017 1.983515 2.972525
KIDS_150p1_2p2 149.572621813 150.593378187 1.71133 2.70033
KIDS_156p4_2p5 155.924063033 156.935933148 1.983515 2.972525
KIDS_157p4_2p5 156.935933148 157.938718663 1.983515 2.972525
KIDS_158p4_2p5 157.938718663 158.941504178 1.983515 2.972525
KIDS_159p4_2p5 158.941504178 159.944289693 1.983515 2.972525
KIDS_160p4_2p5 159.944289693 160.947075209 1.983515 2.972525
KIDS_161p4_2p5 160.947075209 161.949860725 1.983515 2.972525
KIDS_162p5_2p5 161.949860725 162.952646239 1.983515 2.972525
KIDS_163p5_2p5 162.952646239 163.955431755 1.983515 2.972525
KIDS_164p5_2p5 163.955431755 164.958217271 1.983515 2.972525
KIDS_165p5_2p5 164.958217271 165.961002785 1.983515 2.972525
KIDS_166p5_2p5 165.961002785 166.9637883 1.983515 2.972525
KIDS_167p5_2p5 166.9637883 167.966573816 1.983515 2.972525
KIDS_168p5_2p5 167.966573816 168.969359332 1.983515 2.972525
KIDS_169p5_2p5 168.969359332 169.972144846 1.983515 2.972525
KIDS_170p5_2p5 169.972144846 170.974930362 1.983515 2.972525
KIDS_171p5_2p5 170.974930362 171.977715878 1.983515 2.972525
KIDS_172p5_2p5 171.977715878 172.980501393 1.983515 2.972525
KIDS_173p5_2p5 172.980501393 173.983286908 1.983515 2.972525
KIDS_174p5_2p5 173.983286908 174.986072423 1.983515 2.972525
KIDS_175p5_2p5 174.986072423 175.988857939 1.983515 2.972525
KIDS_176p5_2p5 175.988857939 176.991643454 1.983515 2.972525
KIDS_177p5_2p5 176.991643454 177.99442897 1.983515 2.972525
KIDS_178p5_2p5 177.99442897 178.997214484 1.983515 2.972525
KIDS_179p5_2p5 178.997214484 180.0 1.983515 2.972525
KIDS_180p5_2p5 180.0 181.002785516 1.983515 2.972525
KIDS_181p5_2p5 181.002785516 182.00557103 1.983515 2.972525
KIDS_182p5_2p5 182.00557103 183.008356546 1.983515 2.972525
KIDS_183p5_2p5 183.008356546 184.011142061 1.983515 2.972525
KIDS_184p5_2p5 184.011142061 185.013927577 1.983515 2.972525
KIDS_185p5_2p5 185.013927577 186.016713092 1.983515 2.972525
KIDS_186p5_2p5 186.016713092 187.019498607 1.983515 2.972525
KIDS_187p5_2p5 187.019498607 188.022284122 1.983515 2.972525
KIDS_188p5_2p5 188.022284122 189.025069638 1.983515 2.972525
KIDS_189p5_2p5 189.025069638 190.027855154 1.983515 2.972525
KIDS_190p5_2p5 190.027855154 191.030640668 1.983515 2.972525
KIDS_191p5_2p5 191.030640668 192.033426184 1.983515 2.972525
KIDS_192p5_2p5 192.033426184 193.0362117 1.983515 2.972525
KIDS_193p5_2p5 193.0362117 194.038997215 1.983515 2.972525
KIDS_194p5_2p5 194.038997215 195.041782729 1.983515 2.972525
KIDS_195p5_2p5 195.041782729 196.044568245 1.983515 2.972525
KIDS_196p5_2p5 196.044568245 197.047353761 1.983515 2.972525
KIDS_197p5_2p5 197.047353761 198.050139275 1.983515 2.972525
KIDS_198p6_2p5 198.050139275 199.052924791 1.983515 2.972525
KIDS_199p6_2p5 199.052924791 200.055710307 1.983515 2.972525
KIDS_200p6_2p5 200.055710307 201.058495822 1.983515 2.972525
KIDS_201p6_2p5 201.058495822 202.061281337 1.983515 2.972525
KIDS_202p6_2p5 202.061281337 203.064066852 1.983515 2.972525
KIDS_203p6_2p5 203.064066852 204.066852368 1.983515 2.972525
KIDS_204p6_2p5 204.066852368 205.069637883 1.983515 2.972525
KIDS_205p6_2p5 205.069637883 206.072423399 1.983515 2.972525
KIDS_206p6_2p5 206.072423399 207.075208913 1.983515 2.972525
KIDS_207p6_2p5 207.075208913 208.077994429 1.983515 2.972525
KIDS_208p6_2p5 208.077994429 209.080779944 1.983515 2.972525
KIDS_209p6_2p5 209.080779944 210.083565459 1.983515 2.972525
KIDS_210p6_2p5 210.083565459 211.086350975 1.983515 2.972525
KIDS_211p6_2p5 211.086350975 212.08913649 1.983515 2.972525
KIDS_212p6_2p5 212.08913649 213.091922006 1.983515 2.972525
KIDS_213p6_2p5 213.091922006 214.094707521 1.983515 2.972525
KIDS_214p6_2p5 214.094707521 215.097493036 1.983515 2.972525
KIDS_215p6_2p5 215.097493036 216.100278551 1.983515 2.972525
KIDS_216p6_2p5 216.100278551 217.103064067 1.983515 2.972525
KIDS_217p6_2p5 217.103064067 218.105849583 1.983515 2.972525
KIDS_218p6_2p5 218.105849583 219.108635097 1.983515 2.972525
KIDS_219p6_2p5 219.108635097 220.111420613 1.983515 2.972525
KIDS_220p6_2p5 220.111420613 221.114206128 1.983515 2.972525
KIDS_221p6_2p5 221.114206128 222.116991644 1.983515 2.972525
KIDS_222p6_2p5 222.116991644 223.119777158 1.983515 2.972525
KIDS_223p6_2p5 223.119777158 224.122562674 1.983515 2.972525
KIDS_224p6_2p5 224.122562674 225.12534819 1.983515 2.972525
KIDS_225p6_2p5 225.12534819 226.128133704 1.983515 2.972525
KIDS_226p6_2p5 226.128133704 227.13091922 1.983515 2.972525
KIDS_227p6_2p5 227.13091922 228.133704736 1.983515 2.972525
KIDS_228p6_2p5 228.133704736 229.136490251 1.983515 2.972525
KIDS_229p6_2p5 229.136490251 230.139275766 1.983515 2.972525
KIDS_230p6_2p5 230.139275766 231.142061281 1.983515 2.972525
KIDS_231p6_2p5 231.142061281 232.144846797 1.983515 2.972525
KIDS_232p6_2p5 232.144846797 233.147632312 1.983515 2.972525
KIDS_233p6_2p5 233.147632312 234.150417828 1.983515 2.972525
KIDS_234p7_2p5 234.150417828 235.153203342 1.983515 2.972525
KIDS_235p7_2p5 235.153203342 236.155988858 1.983515 2.972525
KIDS_236p7_2p5 236.155988858 237.158774373 1.983515 2.972525
KIDS_237p7_2p5 237.158774373 238.170644488 1.983515 2.972525
KIDS_156p4_3p5 155.923605257 156.935933148 2.972525 3.961535
KIDS_157p4_3p5 156.935933148 157.938718663 2.972525 3.961535
KIDS_158p4_3p5 157.938718663 158.941504178 2.972525 3.961535
KIDS_159p4_3p5 158.941504178 159.944289693 2.972525 3.961535
KIDS_160p4_3p5 159.944289693 160.947075209 2.972525 3.961535
KIDS_161p4_3p5 160.947075209 161.949860725 2.972525 3.961535
KIDS_162p5_3p5 161.949860725 162.952646239 2.972525 3.961535
KIDS_163p5_3p5 162.952646239 163.955431755 2.972525 3.961535
KIDS_164p5_3p5 163.955431755 164.958217271 2.972525 3.961535
KIDS_165p5_3p5 164.958217271 165.961002785 2.972525 3.961535
KIDS_166p5_3p5 165.961002785 166.9637883 2.972525 3.961535
KIDS_167p5_3p5 166.9637883 167.966573816 2.972525 3.961535
KIDS_168p5_3p5 167.966573816 168.969359332 2.972525 3.961535
KIDS_169p5_3p5 168.969359332 169.972144846 2.972525 3.961535
KIDS_170p5_3p5 169.972144846 170.974930362 2.972525 3.961535
KIDS_171p5_3p5 170.974930362 171.977715878 2.972525 3.961535
KIDS_172p5_3p5 171.977715878 172.980501393 2.972525 3.961535
KIDS_173p5_3p5 172.980501393 173.983286908 2.972525 3.961535
KIDS_174p5_3p5 173.983286908 174.986072423 2.972525 3.961535
KIDS_175p5_3p5 174.986072423 175.988857938 2.972525 3.961535
KIDS_176p5_3p5 175.988857938 176.991643454 2.972525 3.961535
KIDS_177p5_3p5 176.991643454 177.99442897 2.972525 3.961535
KIDS_178p5_3p5 177.99442897 178.997214485 2.972525 3.961535
KIDS_179p5_3p5 178.997214485 180.0 2.972525 3.961535
KIDS_180p5_3p5 180.0 181.002785515 2.972525 3.961535
KIDS_181p5_3p5 181.002785515 182.00557103 2.972525 3.961535
KIDS_182p5_3p5 182.00557103 183.008356546 2.972525 3.961535
KIDS_183p5_3p5 183.008356546 184.011142062 2.972525 3.961535
KIDS_184p5_3p5 184.011142062 185.013927577 2.972525 3.961535
KIDS_185p5_3p5 185.013927577 186.016713092 2.972525 3.961535
KIDS_186p5_3p5 186.016713092 187.019498607 2.972525 3.961535
KIDS_187p5_3p5 187.019498607 188.022284122 2.972525 3.961535
KIDS_188p5_3p5 188.022284122 189.025069638 2.972525 3.961535
KIDS_189p5_3p5 189.025069638 190.027855154 2.972525 3.961535
KIDS_190p5_3p5 190.027855154 191.030640668 2.972525 3.961535
KIDS_191p5_3p5 191.030640668 192.033426184 2.972525 3.961535
KIDS_192p5_3p5 192.033426184 193.0362117 2.972525 3.961535
KIDS_193p5_3p5 193.0362117 194.038997215 2.972525 3.961535
KIDS_194p5_3p5 194.038997215 195.041782729 2.972525 3.961535
KIDS_195p5_3p5 195.041782729 196.044568245 2.972525 3.961535
KIDS_196p5_3p5 196.044568245 197.047353761 2.972525 3.961535
KIDS_197p5_3p5 197.047353761 198.050139275 2.972525 3.961535
KIDS_198p6_3p5 198.050139275 199.052924791 2.972525 3.961535
KIDS_199p6_3p5 199.052924791 200.055710307 2.972525 3.961535
KIDS_200p6_3p5 200.055710307 201.058495822 2.972525 3.961535
KIDS_201p6_3p5 201.058495822 202.061281337 2.972525 3.961535
KIDS_202p6_3p5 202.061281337 203.064066852 2.972525 3.961535
KIDS_203p6_3p5 203.064066852 204.066852367 2.972525 3.961535
KIDS_204p6_3p5 204.066852367 205.069637883 2.972525 3.961535
KIDS_205p6_3p5 205.069637883 206.072423399 2.972525 3.961535
KIDS_206p6_3p5 206.072423399 207.075208914 2.972525 3.961535
KIDS_207p6_3p5 207.075208914 208.077994429 2.972525 3.961535
KIDS_208p6_3p5 208.077994429 209.080779944 2.972525 3.961535
KIDS_209p6_3p5 209.080779944 210.083565459 2.972525 3.961535
KIDS_210p6_3p5 210.083565459 211.086350975 2.972525 3.961535
KIDS_211p6_3p5 211.086350975 212.089136491 2.972525 3.961535
KIDS_212p6_3p5 212.089136491 213.091922006 2.972525 3.961535
KIDS_213p6_3p5 213.091922006 214.094707521 2.972525 3.961535
KIDS_214p6_3p5 214.094707521 215.097493036 2.972525 3.961535
KIDS_215p6_3p5 215.097493036 216.100278551 2.972525 3.961535
KIDS_216p6_3p5 216.100278551 217.103064067 2.972525 3.961535
KIDS_217p6_3p5 217.103064067 218.105849583 2.972525 3.961535
KIDS_218p6_3p5 218.105849583 219.108635097 2.972525 3.961535
KIDS_219p6_3p5 219.108635097 220.111420613 2.972525 3.961535
KIDS_220p6_3p5 220.111420613 221.114206128 2.972525 3.961535
KIDS_221p6_3p5 221.114206128 222.116991644 2.972525 3.961535
KIDS_222p6_3p5 222.116991644 223.119777158 2.972525 3.961535
KIDS_223p6_3p5 223.119777158 224.122562674 2.972525 3.961535
KIDS_224p6_3p5 224.122562674 225.12534819 2.972525 3.961535
KIDS_225p6_3p5 225.12534819 226.128133704 2.972525 3.961535
KIDS_226p6_3p5 226.128133704 227.13091922 2.972525 3.961535
KIDS_227p6_3p5 227.13091922 228.133704736 2.972525 3.961535
KIDS_228p6_3p5 228.133704736 229.136490251 2.972525 3.961535
KIDS_229p6_3p5 229.136490251 230.139275766 2.972525 3.961535
KIDS_230p6_3p5 230.139275766 231.142061281 2.972525 3.961535
KIDS_231p6_3p5 231.142061281 232.144846796 2.972525 3.961535
KIDS_232p6_3p5 232.144846796 233.147632312 2.972525 3.961535
KIDS_233p6_3p5 233.147632312 234.150417828 2.972525 3.961535
KIDS_234p7_3p5 234.150417828 235.153203343 2.972525 3.961535
KIDS_235p7_3p5 235.153203343 236.155988858 2.972525 3.961535
KIDS_236p7_3p5 236.155988858 237.158774373 2.972525 3.961535
KIDS_237p7_3p5 237.158774373 238.171102264 2.972525 3.961535