# k_h
9.999999999999997430e-06
1.135319533907761715e-05
1.288950444072537616e-05
1.463370617394633699e-05
1.661393247274789317e-05
1.886212207133517043e-05
2.141453563853955704e-05
2.431234061999788888e-05
2.760227522090275023e-05
3.133740223858902320e-05
3.557796490339494518e-05
4.039235853150906273e-05
4.585823366142808367e-05
5.206374846632568708e-05
5.910899064227983422e-05
6.710759170575140552e-05
7.618855973704608377e-05
8.649836012976683903e-05
9.820327790631263535e-05
1.114920997008092768e-04
1.265791586667202879e-04
1.437077914199375310e-04
1.631542627737973675e-04
1.852322215674118155e-04
2.102977594546132610e-04
2.387551542458581923e-04
2.710633904364835351e-04
3.077435620898062024e-04
3.493872774749132116e-04
3.966662010161199820e-04
4.503428864545839507e-04
5.112830759482940579e-04
5.804696634805440666e-04
6.590185477903267013e-04
7.481966305138832004e-04
8.494422498263799097e-04
9.643883791544455211e-04
1.094888965127686995e-03
1.243048829569517533e-03
1.411257617811452567e-03
1.602228340877476882e-03
1.819041133178822111e-03
2.065192931479627354e-03
2.344653876397055550e-03
2.661931346126130121e-03
3.022142655178379229e-03
3.431097590679880582e-03
3.895392117442727543e-03
4.422514763163042963e-03
5.020967399614462492e-03
5.700402367896359457e-03
6.471778159406791665e-03
7.347536163492152973e-03
8.341801332506329145e-03
9.470610000772242479e-03
1.075216853189893060e-02
1.220714696613318939e-02
1.385901240393388328e-02
1.573440750285609591e-02
1.786358019245737339e-02
2.028087153802463419e-02
2.302526962179330533e-02
2.614103837511492709e-02
2.967843150390037099e-02
3.369450302212161075e-02
3.825402746632878409e-02
4.343054463316711744e-02
4.930754569028746037e-02
5.597981979123283630e-02
6.355498291362297880e-02
7.215521357901021060e-02
8.191922344953689317e-02
9.300449458481387099e-02
1.055898194433578519e-01
1.198781845958377806e-01
1.361000446610552139e-01
1.545170392694147909e-01
1.754262130041590317e-01
1.991648063830856186e-01
2.261156951536744120e-01
2.567135656310992609e-01
2.914519256800992553e-01
3.308910644196493833e-01
3.756670890311595845e-01
4.265021844233418125e-01
4.842162612301508240e-01
5.497401800103739467e-01
6.241307649397458412e-01
7.085878491488871722e-01
8.044736266284181481e-01
9.133346228248625520e-01
1.036926638287344549e+00
1.177243067676928545e+00
1.336547050891114363e+00
1.517407974863493880e+00
1.722742914769942901e+00
1.955863683039507306e+00
2.220530245015531978e+00
2.521011362799122413e+00
2.862153445389271855e+00
3.249458715591842850e+00
3.689173954438239367e+00
4.188391254457477508e+00
4.755162406834009481e+00
5.398628767382499305e+00
6.129168695925734767e+00
6.958564947100438935e+00
7.900194712408974418e+00
8.969245378672722424e+00
1.018295948281906327e+01
1.156091281383576508e+01
1.312533014735226899e+01
1.490144370527747597e+01
1.691790012202837801e+01
1.920722248123932729e+01
2.180633487506332102e+01
2.475715794659341995e+01
2.810728502080728930e+01
3.191074972923555109e+01
3.622889750924294816e+01
4.113137503418577978e+01
4.669725353279707747e+01
5.301630411562776857e+01
6.019044567806668056e+01
6.833538873292313554e+01
7.758250168566802074e+01
8.808092965317062806e+01
1.000000000000000426e+02
1.008120420908390145e+02
1.016306783052508393e+02
1.024559621902946276e+02
1.032879477278537905e+02
1.041266893381677221e+02
1.049722418833906801e+02
1.058246606711811211e+02
1.066840014583185337e+02
1.075503204543513363e+02
1.084236743252727706e+02
1.093041201972281584e+02
1.101917156602507646e+02
1.110865187720296063e+02
1.119885880617061247e+02
1.128979825337034413e+02
1.138147616715851456e+02
1.147389854419463830e+02
1.156707142983365912e+02
1.166100091852130731e+02
1.175569315419281935e+02
1.185115433067472992e+02
1.194739069209009443e+02
1.204440853326683225e+02
1.214221420014956010e+02
1.224081409021459024e+02
1.234021465288848134e+02
1.244042238996980245e+02
1.254144385605451362e+02
1.264328565896460219e+02
1.274595446018040263e+02
1.284945697527622315e+02
1.295379997435971120e+02
1.305899028251459981e+02
1.316503478024717708e+02
1.327194040393637522e+02
1.337971414628738955e+02
1.348836305678917995e+02
1.359789424217547094e+02
1.370831486688970529e+02
1.381963215355357306e+02
1.393185338343954527e+02
1.404498589694703412e+02
1.415903709408264035e+02
1.427401443494408397e+02
1.438992544020825903e+02
1.450677769162308266e+02
1.462457883250350221e+02
1.474333656823135641e+02
1.486305866675943719e+02
1.498375295911961302e+02
1.510542733993497961e+02
1.522808976793635054e+02
1.535174826648272131e+02
1.547641092408620409e+02
1.560208589494096998e+02
1.572878139945674150e+02
1.585650572479636935e+02
1.598526722541800495e+02
1.611507432362147370e+02
1.624593551009926387e+02
1.637785934449181013e+02
1.651085445594748649e+02
1.664492954368694200e+02
1.678009337757215746e+02
1.691635479868012624e+02
1.705372271988105126e+02
1.719220612642145340e+02
1.733181407651177892e+02
1.747255570191900631e+02
1.761444020856385748e+02
1.775747687712306231e+02
1.790167506363628149e+02
1.804704420011823345e+02
1.819359379517550792e+02
1.834133343462858363e+02
1.849027278213887371e+02
1.864042157984078187e+02
1.879178964897892001e+02
1.894438689055053260e+02
1.909822328595318481e+02
1.925330889763751827e+02
1.940965386976558023e+02
1.956726842887421469e+02
1.972616288454411801e+02
1.988634763007405297e+02
2.004783314316081260e+02
2.021062998658442780e+02
2.037474880889921565e+02
2.054020034513018800e+02
2.070699541747528087e+02
2.087514493601325682e+02
2.104465989941732573e+02
2.121555139567450396e+02
2.138783060281093640e+02
2.156150878962310173e+02
2.173659731641476753e+02
2.191310763574022928e+02
2.209105129315326792e+02
2.227043992796249938e+02
2.245128527399254494e+02
2.263359916035169590e+02
2.281739351220550702e+02
2.300268035155697817e+02
2.318947179803276697e+02
2.337778006967600390e+02
2.356761748374551644e+02
2.375899645752145375e+02
2.395192950911746834e+02
2.414642925829956255e+02
2.434250842731161129e+02
2.454017984170738487e+02
2.473945643118962892e+02
2.494035123045563580e+02
2.514287738005000961e+02
2.534704812722402494e+02
2.555287682680229580e+02
2.576037694205614343e+02
2.596956204558441641e+02
2.618044582020110624e+02
2.639304205983040674e+02
2.660736467040904358e+02
2.682342767079578039e+02
2.704124519368838833e+02
2.726083148654808497e+02
2.748220091253153896e+02
2.770536795143020186e+02
2.793034720061762641e+02
2.815715337600408361e+02
2.838580131299932532e+02
2.861630596748277640e+02
2.884868241678199752e+02
2.908294586065870249e+02
2.931911162230316563e+02
2.955719514933632581e+02
2.979721201482032598e+02
3.003917791827716997e+02
3.028310868671558183e+02
3.052902027566622678e+02
3.077692877022537346e+02
3.102685038610713377e+02
3.127880147070392809e+02
3.153279850415600549e+02
3.178885810042916660e+02
3.204699700840172341e+02
3.230723211295982651e+02
3.256958043610210325e+02
3.283405913805287923e+02
3.310068551838483017e+02
3.336947701715035350e+02
3.364045121602242148e+02
3.391362583944464291e+02
3.418901875579057901e+02
3.446664797853242703e+02
3.474653166741937866e+02
3.502868812966551673e+02
3.531313582114708538e+02
3.559989334760993529e+02
3.588897946588627974e+02
3.618041308512183036e+02
3.647421326801239729e+02
3.677039923205103378e+02
3.706899035078478164e+02
3.737000615508219425e+02
3.767346633441057406e+02
3.797939073812400466e+02
3.828779937676173404e+02
3.859871242335702277e+02
3.891215021475657636e+02
3.922813325295085178e+02
3.954668220641520975e+02
3.986781791146159435e+02
4.019156137360170078e+02
4.051793376892068750e+02
4.084695644546258109e+02
4.117865092462636198e+02
4.151303890257398166e+02
4.185014225164920276e+02
4.218998302180857536e+02
4.253258344206348056e+02
4.287796592193420224e+02
4.322615305291586196e+02
4.357716760995601248e+02
4.393103255294430483e+02
4.428777102821434255e+02
4.464740637005783128e+02
4.500996210225058576e+02
4.537546193959152561e+02
4.574392978945358550e+02
4.611538975334777888e+02
4.648986612849936364e+02
4.686738340943746834e+02
4.724796628959693976e+02
4.763163966293387830e+02
4.801842862555365059e+02
4.840835847735257289e+02
4.880145472367285038e+02
4.919774307697079507e+02
4.959724945849861797e+02
4.999999999999998295e+02
