# bin_2
0.000000000000000000e+00
6.800167971288613444e-02
6.800167971288613444e-02
6.800167971288613444e-02
6.800167971288613444e-02
6.800167971288613444e-02
6.800167971288613444e-02
6.800167971288613444e-02
6.800167971288613444e-02
6.800167971288613444e-02
6.800167971288613444e-02
6.800167971288613444e-02
6.800167971288613444e-02
6.800167971288613444e-02
6.800167971288613444e-02
6.800167971288613444e-02
6.800167971288613444e-02
6.800167971288613444e-02
6.800167971288613444e-02
6.800167971288613444e-02
6.800167971288613444e-02
6.800167971288613444e-02
6.800167971288613444e-02
6.800167971288613444e-02
6.800167971288613444e-02
6.800167971288613444e-02
6.800167971288613444e-02
6.800167971288613444e-02
6.800167971288613444e-02
6.800167971288613444e-02
6.800167971288613444e-02
6.800167971288613444e-02
6.800167971288613444e-02
6.800167971288613444e-02
6.800167971288613444e-02
6.800167971288613444e-02
6.800167971288613444e-02
6.800167971288613444e-02
6.800167971288613444e-02
6.800167971288613444e-02
6.800167971288613444e-02
6.800167971288613444e-02
6.800167971288613444e-02
6.800167971288613444e-02
6.800167971288613444e-02
6.800167971288613444e-02
6.800167971288613444e-02
6.800167971288613444e-02
6.800167971288613444e-02
6.800167971288613444e-02
6.800167971288613444e-02
8.504706040787667065e-02
8.504706040787667065e-02
8.504706040787667065e-02
8.504706040787667065e-02
8.504706040787667065e-02
8.504706040787667065e-02
8.504706040787667065e-02
8.504706040787667065e-02
8.504706040787667065e-02
8.504706040787667065e-02
8.504706040787667065e-02
8.504706040787667065e-02
8.504706040787667065e-02
8.504706040787667065e-02
8.504706040787667065e-02
8.504706040787667065e-02
8.504706040787667065e-02
8.504706040787667065e-02
8.504706040787667065e-02
8.504706040787667065e-02
8.504706040787667065e-02
8.504706040787667065e-02
8.504706040787667065e-02
8.504706040787667065e-02
8.504706040787667065e-02
8.504706040787667065e-02
8.504706040787667065e-02
8.504706040787667065e-02
8.504706040787667065e-02
8.504706040787667065e-02
8.504706040787667065e-02
8.504706040787667065e-02
8.504706040787667065e-02
8.504706040787667065e-02
8.504706040787667065e-02
8.504706040787667065e-02
8.504706040787667065e-02
8.504706040787667065e-02
8.504706040787667065e-02
8.504706040787667065e-02
8.504706040787667065e-02
8.504706040787667065e-02
8.504706040787667065e-02
8.504706040787667065e-02
8.504706040787667065e-02
8.504706040787667065e-02
8.504706040787667065e-02
8.504706040787667065e-02
8.504706040787667065e-02
8.504706040787667065e-02
2.860451782659583775e-01
2.860451782659583775e-01
2.860451782659583775e-01
2.860451782659583775e-01
2.860451782659583775e-01
2.860451782659583775e-01
2.860451782659583775e-01
2.860451782659583775e-01
2.860451782659583775e-01
2.860451782659583775e-01
2.860451782659583775e-01
2.860451782659583775e-01
2.860451782659583775e-01
2.860451782659583775e-01
2.860451782659583775e-01
2.860451782659583775e-01
2.860451782659583775e-01
2.860451782659583775e-01
2.860451782659583775e-01
2.860451782659583775e-01
2.860451782659583775e-01
2.860451782659583775e-01
2.860451782659583775e-01
2.860451782659583775e-01
2.860451782659583775e-01
2.860451782659583775e-01
2.860451782659583775e-01
2.860451782659583775e-01
2.860451782659583775e-01
2.860451782659583775e-01
2.860451782659583775e-01
2.860451782659583775e-01
2.860451782659583775e-01
2.860451782659583775e-01
2.860451782659583775e-01
2.860451782659583775e-01
2.860451782659583775e-01
2.860451782659583775e-01
2.860451782659583775e-01
2.860451782659583775e-01
2.860451782659583775e-01
2.860451782659583775e-01
2.860451782659583775e-01
2.860451782659583775e-01
2.860451782659583775e-01
2.860451782659583775e-01
2.860451782659583775e-01
2.860451782659583775e-01
2.860451782659583775e-01
2.860451782659583775e-01
3.199066557456903270e-01
3.199066557456903270e-01
3.199066557456903270e-01
3.199066557456903270e-01
3.199066557456903270e-01
3.199066557456903270e-01
3.199066557456903270e-01
3.199066557456903270e-01
3.199066557456903270e-01
3.199066557456903270e-01
3.199066557456903270e-01
3.199066557456903270e-01
3.199066557456903270e-01
3.199066557456903270e-01
3.199066557456903270e-01
3.199066557456903270e-01
3.199066557456903270e-01
3.199066557456903270e-01
3.199066557456903270e-01
3.199066557456903270e-01
3.199066557456903270e-01
3.199066557456903270e-01
3.199066557456903270e-01
3.199066557456903270e-01
3.199066557456903270e-01
3.199066557456903270e-01
3.199066557456903270e-01
3.199066557456903270e-01
3.199066557456903270e-01
3.199066557456903270e-01
3.199066557456903270e-01
3.199066557456903270e-01
3.199066557456903270e-01
3.199066557456903270e-01
3.199066557456903270e-01
3.199066557456903270e-01
3.199066557456903270e-01
3.199066557456903270e-01
3.199066557456903270e-01
3.199066557456903270e-01
3.199066557456903270e-01
3.199066557456903270e-01
3.199066557456903270e-01
3.199066557456903270e-01
3.199066557456903270e-01
3.199066557456903270e-01
3.199066557456903270e-01
3.199066557456903270e-01
3.199066557456903270e-01
3.199066557456903270e-01
1.030358571920550137e+00
1.030358571920550137e+00
1.030358571920550137e+00
1.030358571920550137e+00
1.030358571920550137e+00
1.030358571920550137e+00
1.030358571920550137e+00
1.030358571920550137e+00
1.030358571920550137e+00
1.030358571920550137e+00
1.030358571920550137e+00
1.030358571920550137e+00
1.030358571920550137e+00
1.030358571920550137e+00
1.030358571920550137e+00
1.030358571920550137e+00
1.030358571920550137e+00
1.030358571920550137e+00
1.030358571920550137e+00
1.030358571920550137e+00
1.030358571920550137e+00
1.030358571920550137e+00
1.030358571920550137e+00
1.030358571920550137e+00
1.030358571920550137e+00
1.030358571920550137e+00
1.030358571920550137e+00
1.030358571920550137e+00
1.030358571920550137e+00
1.030358571920550137e+00
1.030358571920550137e+00
1.030358571920550137e+00
1.030358571920550137e+00
1.030358571920550137e+00
1.030358571920550137e+00
1.030358571920550137e+00
1.030358571920550137e+00
1.030358571920550137e+00
1.030358571920550137e+00
1.030358571920550137e+00
1.030358571920550137e+00
1.030358571920550137e+00
1.030358571920550137e+00
1.030358571920550137e+00
1.030358571920550137e+00
1.030358571920550137e+00
1.030358571920550137e+00
1.030358571920550137e+00
1.030358571920550137e+00
1.030358571920550137e+00
1.223500865803995641e+00
1.223500865803995641e+00
1.223500865803995641e+00
1.223500865803995641e+00
1.223500865803995641e+00
1.223500865803995641e+00
1.223500865803995641e+00
1.223500865803995641e+00
1.223500865803995641e+00
1.223500865803995641e+00
1.223500865803995641e+00
1.223500865803995641e+00
1.223500865803995641e+00
1.223500865803995641e+00
1.223500865803995641e+00
1.223500865803995641e+00
1.223500865803995641e+00
1.223500865803995641e+00
1.223500865803995641e+00
1.223500865803995641e+00
1.223500865803995641e+00
1.223500865803995641e+00
1.223500865803995641e+00
1.223500865803995641e+00
1.223500865803995641e+00
1.223500865803995641e+00
1.223500865803995641e+00
1.223500865803995641e+00
1.223500865803995641e+00
1.223500865803995641e+00
1.223500865803995641e+00
1.223500865803995641e+00
1.223500865803995641e+00
1.223500865803995641e+00
1.223500865803995641e+00
1.223500865803995641e+00
1.223500865803995641e+00
1.223500865803995641e+00
1.223500865803995641e+00
1.223500865803995641e+00
1.223500865803995641e+00
1.223500865803995641e+00
1.223500865803995641e+00
1.223500865803995641e+00
1.223500865803995641e+00
1.223500865803995641e+00
1.223500865803995641e+00
1.223500865803995641e+00
1.223500865803995641e+00
1.223500865803995641e+00
2.816770037703242302e+00
2.816770037703242302e+00
2.816770037703242302e+00
2.816770037703242302e+00
2.816770037703242302e+00
2.816770037703242302e+00
2.816770037703242302e+00
2.816770037703242302e+00
2.816770037703242302e+00
2.816770037703242302e+00
2.816770037703242302e+00
2.816770037703242302e+00
2.816770037703242302e+00
2.816770037703242302e+00
2.816770037703242302e+00
2.816770037703242302e+00
2.816770037703242302e+00
2.816770037703242302e+00
2.816770037703242302e+00
2.816770037703242302e+00
2.816770037703242302e+00
2.816770037703242302e+00
2.816770037703242302e+00
2.816770037703242302e+00
2.816770037703242302e+00
2.816770037703242302e+00
2.816770037703242302e+00
2.816770037703242302e+00
2.816770037703242302e+00
2.816770037703242302e+00
2.816770037703242302e+00
2.816770037703242302e+00
2.816770037703242302e+00
2.816770037703242302e+00
2.816770037703242302e+00
2.816770037703242302e+00
2.816770037703242302e+00
2.816770037703242302e+00
2.816770037703242302e+00
2.816770037703242302e+00
2.816770037703242302e+00
2.816770037703242302e+00
2.816770037703242302e+00
2.816770037703242302e+00
2.816770037703242302e+00
2.816770037703242302e+00
2.816770037703242302e+00
2.816770037703242302e+00
2.816770037703242302e+00
2.816770037703242302e+00
2.654729274230894553e+00
2.654729274230894553e+00
2.654729274230894553e+00
2.654729274230894553e+00
2.654729274230894553e+00
2.654729274230894553e+00
2.654729274230894553e+00
2.654729274230894553e+00
2.654729274230894553e+00
2.654729274230894553e+00
2.654729274230894553e+00
2.654729274230894553e+00
2.654729274230894553e+00
2.654729274230894553e+00
2.654729274230894553e+00
2.654729274230894553e+00
2.654729274230894553e+00
2.654729274230894553e+00
2.654729274230894553e+00
2.654729274230894553e+00
2.654729274230894553e+00
2.654729274230894553e+00
2.654729274230894553e+00
2.654729274230894553e+00
2.654729274230894553e+00
2.654729274230894553e+00
2.654729274230894553e+00
2.654729274230894553e+00
2.654729274230894553e+00
2.654729274230894553e+00
2.654729274230894553e+00
2.654729274230894553e+00
2.654729274230894553e+00
2.654729274230894553e+00
2.654729274230894553e+00
2.654729274230894553e+00
2.654729274230894553e+00
2.654729274230894553e+00
2.654729274230894553e+00
2.654729274230894553e+00
2.654729274230894553e+00
2.654729274230894553e+00
2.654729274230894553e+00
2.654729274230894553e+00
2.654729274230894553e+00
2.654729274230894553e+00
2.654729274230894553e+00
2.654729274230894553e+00
2.654729274230894553e+00
2.654729274230894553e+00
2.372465460453006436e+00
2.372465460453006436e+00
2.372465460453006436e+00
2.372465460453006436e+00
2.372465460453006436e+00
2.372465460453006436e+00
2.372465460453006436e+00
2.372465460453006436e+00
2.372465460453006436e+00
2.372465460453006436e+00
2.372465460453006436e+00
2.372465460453006436e+00
2.372465460453006436e+00
2.372465460453006436e+00
2.372465460453006436e+00
2.372465460453006436e+00
2.372465460453006436e+00
2.372465460453006436e+00
2.372465460453006436e+00
2.372465460453006436e+00
2.372465460453006436e+00
2.372465460453006436e+00
2.372465460453006436e+00
2.372465460453006436e+00
2.372465460453006436e+00
2.372465460453006436e+00
2.372465460453006436e+00
2.372465460453006436e+00
2.372465460453006436e+00
2.372465460453006436e+00
2.372465460453006436e+00
2.372465460453006436e+00
2.372465460453006436e+00
2.372465460453006436e+00
2.372465460453006436e+00
2.372465460453006436e+00
2.372465460453006436e+00
2.372465460453006436e+00
2.372465460453006436e+00
2.372465460453006436e+00
2.372465460453006436e+00
2.372465460453006436e+00
2.372465460453006436e+00
2.372465460453006436e+00
2.372465460453006436e+00
2.372465460453006436e+00
2.372465460453006436e+00
2.372465460453006436e+00
2.372465460453006436e+00
2.372465460453006436e+00
2.021969483031518688e+00
2.021969483031518688e+00
2.021969483031518688e+00
2.021969483031518688e+00
2.021969483031518688e+00
2.021969483031518688e+00
2.021969483031518688e+00
2.021969483031518688e+00
2.021969483031518688e+00
2.021969483031518688e+00
2.021969483031518688e+00
2.021969483031518688e+00
2.021969483031518688e+00
2.021969483031518688e+00
2.021969483031518688e+00
2.021969483031518688e+00
2.021969483031518688e+00
2.021969483031518688e+00
2.021969483031518688e+00
2.021969483031518688e+00
2.021969483031518688e+00
2.021969483031518688e+00
2.021969483031518688e+00
2.021969483031518688e+00
2.021969483031518688e+00
2.021969483031518688e+00
2.021969483031518688e+00
2.021969483031518688e+00
2.021969483031518688e+00
2.021969483031518688e+00
2.021969483031518688e+00
2.021969483031518688e+00
2.021969483031518688e+00
2.021969483031518688e+00
2.021969483031518688e+00
2.021969483031518688e+00
2.021969483031518688e+00
2.021969483031518688e+00
2.021969483031518688e+00
2.021969483031518688e+00
2.021969483031518688e+00
2.021969483031518688e+00
2.021969483031518688e+00
2.021969483031518688e+00
2.021969483031518688e+00
2.021969483031518688e+00
2.021969483031518688e+00
2.021969483031518688e+00
2.021969483031518688e+00
2.021969483031518688e+00
2.441955645551131759e+00
2.441955645551131759e+00
2.441955645551131759e+00
2.441955645551131759e+00
2.441955645551131759e+00
2.441955645551131759e+00
2.441955645551131759e+00
2.441955645551131759e+00
2.441955645551131759e+00
2.441955645551131759e+00
2.441955645551131759e+00
2.441955645551131759e+00
2.441955645551131759e+00
2.441955645551131759e+00
2.441955645551131759e+00
2.441955645551131759e+00
2.441955645551131759e+00
2.441955645551131759e+00
2.441955645551131759e+00
2.441955645551131759e+00
2.441955645551131759e+00
2.441955645551131759e+00
2.441955645551131759e+00
2.441955645551131759e+00
2.441955645551131759e+00
2.441955645551131759e+00
2.441955645551131759e+00
2.441955645551131759e+00
2.441955645551131759e+00
2.441955645551131759e+00
2.441955645551131759e+00
2.441955645551131759e+00
2.441955645551131759e+00
2.441955645551131759e+00
2.441955645551131759e+00
2.441955645551131759e+00
2.441955645551131759e+00
2.441955645551131759e+00
2.441955645551131759e+00
2.441955645551131759e+00
2.441955645551131759e+00
2.441955645551131759e+00
2.441955645551131759e+00
2.441955645551131759e+00
2.441955645551131759e+00
2.441955645551131759e+00
2.441955645551131759e+00
2.441955645551131759e+00
2.441955645551131759e+00
2.441955645551131759e+00
1.013497284365117102e+00
1.013497284365117102e+00
1.013497284365117102e+00
1.013497284365117102e+00
1.013497284365117102e+00
1.013497284365117102e+00
1.013497284365117102e+00
1.013497284365117102e+00
1.013497284365117102e+00
1.013497284365117102e+00
1.013497284365117102e+00
1.013497284365117102e+00
1.013497284365117102e+00
1.013497284365117102e+00
1.013497284365117102e+00
1.013497284365117102e+00
1.013497284365117102e+00
1.013497284365117102e+00
1.013497284365117102e+00
1.013497284365117102e+00
1.013497284365117102e+00
1.013497284365117102e+00
1.013497284365117102e+00
1.013497284365117102e+00
1.013497284365117102e+00
1.013497284365117102e+00
1.013497284365117102e+00
1.013497284365117102e+00
1.013497284365117102e+00
1.013497284365117102e+00
1.013497284365117102e+00
1.013497284365117102e+00
1.013497284365117102e+00
1.013497284365117102e+00
1.013497284365117102e+00
1.013497284365117102e+00
1.013497284365117102e+00
1.013497284365117102e+00
1.013497284365117102e+00
1.013497284365117102e+00
1.013497284365117102e+00
1.013497284365117102e+00
1.013497284365117102e+00
1.013497284365117102e+00
1.013497284365117102e+00
1.013497284365117102e+00
1.013497284365117102e+00
1.013497284365117102e+00
1.013497284365117102e+00
1.013497284365117102e+00
9.251790781705315769e-01
9.251790781705315769e-01
9.251790781705315769e-01
9.251790781705315769e-01
9.251790781705315769e-01
9.251790781705315769e-01
9.251790781705315769e-01
9.251790781705315769e-01
9.251790781705315769e-01
9.251790781705315769e-01
9.251790781705315769e-01
9.251790781705315769e-01
9.251790781705315769e-01
9.251790781705315769e-01
9.251790781705315769e-01
9.251790781705315769e-01
9.251790781705315769e-01
9.251790781705315769e-01
9.251790781705315769e-01
9.251790781705315769e-01
9.251790781705315769e-01
9.251790781705315769e-01
9.251790781705315769e-01
9.251790781705315769e-01
9.251790781705315769e-01
9.251790781705315769e-01
9.251790781705315769e-01
9.251790781705315769e-01
9.251790781705315769e-01
9.251790781705315769e-01
9.251790781705315769e-01
9.251790781705315769e-01
9.251790781705315769e-01
9.251790781705315769e-01
9.251790781705315769e-01
9.251790781705315769e-01
9.251790781705315769e-01
9.251790781705315769e-01
9.251790781705315769e-01
9.251790781705315769e-01
9.251790781705315769e-01
9.251790781705315769e-01
9.251790781705315769e-01
9.251790781705315769e-01
9.251790781705315769e-01
9.251790781705315769e-01
9.251790781705315769e-01
9.251790781705315769e-01
9.251790781705315769e-01
9.251790781705315769e-01
6.430818672339186914e-01
6.430818672339186914e-01
6.430818672339186914e-01
6.430818672339186914e-01
6.430818672339186914e-01
6.430818672339186914e-01
6.430818672339186914e-01
6.430818672339186914e-01
6.430818672339186914e-01
6.430818672339186914e-01
6.430818672339186914e-01
6.430818672339186914e-01
6.430818672339186914e-01
6.430818672339186914e-01
6.430818672339186914e-01
6.430818672339186914e-01
6.430818672339186914e-01
6.430818672339186914e-01
6.430818672339186914e-01
6.430818672339186914e-01
6.430818672339186914e-01
6.430818672339186914e-01
6.430818672339186914e-01
6.430818672339186914e-01
6.430818672339186914e-01
6.430818672339186914e-01
6.430818672339186914e-01
6.430818672339186914e-01
6.430818672339186914e-01
6.430818672339186914e-01
6.430818672339186914e-01
6.430818672339186914e-01
6.430818672339186914e-01
6.430818672339186914e-01
6.430818672339186914e-01
6.430818672339186914e-01
6.430818672339186914e-01
6.430818672339186914e-01
6.430818672339186914e-01
6.430818672339186914e-01
6.430818672339186914e-01
6.430818672339186914e-01
6.430818672339186914e-01
6.430818672339186914e-01
6.430818672339186914e-01
6.430818672339186914e-01
6.430818672339186914e-01
6.430818672339186914e-01
6.430818672339186914e-01
6.430818672339186914e-01
4.760654189053458718e-01
4.760654189053458718e-01
4.760654189053458718e-01
4.760654189053458718e-01
4.760654189053458718e-01
4.760654189053458718e-01
4.760654189053458718e-01
4.760654189053458718e-01
4.760654189053458718e-01
4.760654189053458718e-01
4.760654189053458718e-01
4.760654189053458718e-01
4.760654189053458718e-01
4.760654189053458718e-01
4.760654189053458718e-01
4.760654189053458718e-01
4.760654189053458718e-01
4.760654189053458718e-01
4.760654189053458718e-01
4.760654189053458718e-01
4.760654189053458718e-01
4.760654189053458718e-01
4.760654189053458718e-01
4.760654189053458718e-01
4.760654189053458718e-01
4.760654189053458718e-01
4.760654189053458718e-01
4.760654189053458718e-01
4.760654189053458718e-01
4.760654189053458718e-01
4.760654189053458718e-01
4.760654189053458718e-01
4.760654189053458718e-01
4.760654189053458718e-01
4.760654189053458718e-01
4.760654189053458718e-01
4.760654189053458718e-01
4.760654189053458718e-01
4.760654189053458718e-01
4.760654189053458718e-01
4.760654189053458718e-01
4.760654189053458718e-01
4.760654189053458718e-01
4.760654189053458718e-01
4.760654189053458718e-01
4.760654189053458718e-01
4.760654189053458718e-01
4.760654189053458718e-01
4.760654189053458718e-01
4.760654189053458718e-01
3.500321695116247467e-01
3.500321695116247467e-01
3.500321695116247467e-01
3.500321695116247467e-01
3.500321695116247467e-01
3.500321695116247467e-01
3.500321695116247467e-01
3.500321695116247467e-01
3.500321695116247467e-01
3.500321695116247467e-01
3.500321695116247467e-01
3.500321695116247467e-01
3.500321695116247467e-01
3.500321695116247467e-01
3.500321695116247467e-01
3.500321695116247467e-01
3.500321695116247467e-01
3.500321695116247467e-01
3.500321695116247467e-01
3.500321695116247467e-01
3.500321695116247467e-01
3.500321695116247467e-01
3.500321695116247467e-01
3.500321695116247467e-01
3.500321695116247467e-01
3.500321695116247467e-01
3.500321695116247467e-01
3.500321695116247467e-01
3.500321695116247467e-01
3.500321695116247467e-01
3.500321695116247467e-01
3.500321695116247467e-01
3.500321695116247467e-01
3.500321695116247467e-01
3.500321695116247467e-01
3.500321695116247467e-01
3.500321695116247467e-01
3.500321695116247467e-01
3.500321695116247467e-01
3.500321695116247467e-01
3.500321695116247467e-01
3.500321695116247467e-01
3.500321695116247467e-01
3.500321695116247467e-01
3.500321695116247467e-01
3.500321695116247467e-01
3.500321695116247467e-01
3.500321695116247467e-01
3.500321695116247467e-01
3.500321695116247467e-01
1.938502059563054492e-01
1.938502059563054492e-01
1.938502059563054492e-01
1.938502059563054492e-01
1.938502059563054492e-01
1.938502059563054492e-01
1.938502059563054492e-01
1.938502059563054492e-01
1.938502059563054492e-01
1.938502059563054492e-01
1.938502059563054492e-01
1.938502059563054492e-01
1.938502059563054492e-01
1.938502059563054492e-01
1.938502059563054492e-01
1.938502059563054492e-01
1.938502059563054492e-01
1.938502059563054492e-01
1.938502059563054492e-01
1.938502059563054492e-01
1.938502059563054492e-01
1.938502059563054492e-01
1.938502059563054492e-01
1.938502059563054492e-01
1.938502059563054492e-01
1.938502059563054492e-01
1.938502059563054492e-01
1.938502059563054492e-01
1.938502059563054492e-01
1.938502059563054492e-01
1.938502059563054492e-01
1.938502059563054492e-01
1.938502059563054492e-01
1.938502059563054492e-01
1.938502059563054492e-01
1.938502059563054492e-01
1.938502059563054492e-01
1.938502059563054492e-01
1.938502059563054492e-01
1.938502059563054492e-01
1.938502059563054492e-01
1.938502059563054492e-01
1.938502059563054492e-01
1.938502059563054492e-01
1.938502059563054492e-01
1.938502059563054492e-01
1.938502059563054492e-01
1.938502059563054492e-01
1.938502059563054492e-01
1.938502059563054492e-01
1.833754273175450811e-01
1.833754273175450811e-01
1.833754273175450811e-01
1.833754273175450811e-01
1.833754273175450811e-01
1.833754273175450811e-01
1.833754273175450811e-01
1.833754273175450811e-01
1.833754273175450811e-01
1.833754273175450811e-01
1.833754273175450811e-01
1.833754273175450811e-01
1.833754273175450811e-01
1.833754273175450811e-01
1.833754273175450811e-01
1.833754273175450811e-01
1.833754273175450811e-01
1.833754273175450811e-01
1.833754273175450811e-01
1.833754273175450811e-01
1.833754273175450811e-01
1.833754273175450811e-01
1.833754273175450811e-01
1.833754273175450811e-01
1.833754273175450811e-01
1.833754273175450811e-01
1.833754273175450811e-01
1.833754273175450811e-01
1.833754273175450811e-01
1.833754273175450811e-01
1.833754273175450811e-01
1.833754273175450811e-01
1.833754273175450811e-01
1.833754273175450811e-01
1.833754273175450811e-01
1.833754273175450811e-01
1.833754273175450811e-01
1.833754273175450811e-01
1.833754273175450811e-01
1.833754273175450811e-01
1.833754273175450811e-01
1.833754273175450811e-01
1.833754273175450811e-01
1.833754273175450811e-01
1.833754273175450811e-01
1.833754273175450811e-01
1.833754273175450811e-01
1.833754273175450811e-01
1.833754273175450811e-01
1.833754273175450811e-01
6.781087645889311011e-02
6.781087645889311011e-02
6.781087645889311011e-02
6.781087645889311011e-02
6.781087645889311011e-02
6.781087645889311011e-02
6.781087645889311011e-02
6.781087645889311011e-02
6.781087645889311011e-02
6.781087645889311011e-02
6.781087645889311011e-02
6.781087645889311011e-02
6.781087645889311011e-02
6.781087645889311011e-02
6.781087645889311011e-02
6.781087645889311011e-02
6.781087645889311011e-02
6.781087645889311011e-02
6.781087645889311011e-02
6.781087645889311011e-02
6.781087645889311011e-02
6.781087645889311011e-02
6.781087645889311011e-02
6.781087645889311011e-02
6.781087645889311011e-02
6.781087645889311011e-02
6.781087645889311011e-02
6.781087645889311011e-02
6.781087645889311011e-02
6.781087645889311011e-02
6.781087645889311011e-02
6.781087645889311011e-02
6.781087645889311011e-02
6.781087645889311011e-02
6.781087645889311011e-02
6.781087645889311011e-02
6.781087645889311011e-02
6.781087645889311011e-02
6.781087645889311011e-02
6.781087645889311011e-02
6.781087645889311011e-02
6.781087645889311011e-02
6.781087645889311011e-02
6.781087645889311011e-02
6.781087645889311011e-02
6.781087645889311011e-02
6.781087645889311011e-02
6.781087645889311011e-02
6.781087645889311011e-02
6.781087645889311011e-02
8.725071798944973589e-02
8.725071798944973589e-02
8.725071798944973589e-02
8.725071798944973589e-02
8.725071798944973589e-02
8.725071798944973589e-02
8.725071798944973589e-02
8.725071798944973589e-02
8.725071798944973589e-02
8.725071798944973589e-02
8.725071798944973589e-02
8.725071798944973589e-02
8.725071798944973589e-02
8.725071798944973589e-02
8.725071798944973589e-02
8.725071798944973589e-02
8.725071798944973589e-02
8.725071798944973589e-02
8.725071798944973589e-02
8.725071798944973589e-02
8.725071798944973589e-02
8.725071798944973589e-02
8.725071798944973589e-02
8.725071798944973589e-02
8.725071798944973589e-02
8.725071798944973589e-02
8.725071798944973589e-02
8.725071798944973589e-02
8.725071798944973589e-02
8.725071798944973589e-02
8.725071798944973589e-02
8.725071798944973589e-02
8.725071798944973589e-02
8.725071798944973589e-02
8.725071798944973589e-02
8.725071798944973589e-02
8.725071798944973589e-02
8.725071798944973589e-02
8.725071798944973589e-02
8.725071798944973589e-02
8.725071798944973589e-02
8.725071798944973589e-02
8.725071798944973589e-02
8.725071798944973589e-02
8.725071798944973589e-02
8.725071798944973589e-02
8.725071798944973589e-02
8.725071798944973589e-02
8.725071798944973589e-02
8.725071798944973589e-02
1.615759555454295837e-01
1.615759555454295837e-01
1.615759555454295837e-01
1.615759555454295837e-01
1.615759555454295837e-01
1.615759555454295837e-01
1.615759555454295837e-01
1.615759555454295837e-01
1.615759555454295837e-01
1.615759555454295837e-01
1.615759555454295837e-01
1.615759555454295837e-01
1.615759555454295837e-01
1.615759555454295837e-01
1.615759555454295837e-01
1.615759555454295837e-01
1.615759555454295837e-01
1.615759555454295837e-01
1.615759555454295837e-01
1.615759555454295837e-01
1.615759555454295837e-01
1.615759555454295837e-01
1.615759555454295837e-01
1.615759555454295837e-01
1.615759555454295837e-01
1.615759555454295837e-01
1.615759555454295837e-01
1.615759555454295837e-01
1.615759555454295837e-01
1.615759555454295837e-01
1.615759555454295837e-01
1.615759555454295837e-01
1.615759555454295837e-01
1.615759555454295837e-01
1.615759555454295837e-01
1.615759555454295837e-01
1.615759555454295837e-01
1.615759555454295837e-01
1.615759555454295837e-01
1.615759555454295837e-01
1.615759555454295837e-01
1.615759555454295837e-01
1.615759555454295837e-01
1.615759555454295837e-01
1.615759555454295837e-01
1.615759555454295837e-01
1.615759555454295837e-01
1.615759555454295837e-01
1.615759555454295837e-01
1.615759555454295837e-01
9.329158101141507564e-02
9.329158101141507564e-02
9.329158101141507564e-02
9.329158101141507564e-02
9.329158101141507564e-02
9.329158101141507564e-02
9.329158101141507564e-02
9.329158101141507564e-02
9.329158101141507564e-02
9.329158101141507564e-02
9.329158101141507564e-02
9.329158101141507564e-02
9.329158101141507564e-02
9.329158101141507564e-02
9.329158101141507564e-02
9.329158101141507564e-02
9.329158101141507564e-02
9.329158101141507564e-02
9.329158101141507564e-02
9.329158101141507564e-02
9.329158101141507564e-02
9.329158101141507564e-02
9.329158101141507564e-02
9.329158101141507564e-02
9.329158101141507564e-02
9.329158101141507564e-02
9.329158101141507564e-02
9.329158101141507564e-02
9.329158101141507564e-02
9.329158101141507564e-02
9.329158101141507564e-02
9.329158101141507564e-02
9.329158101141507564e-02
9.329158101141507564e-02
9.329158101141507564e-02
9.329158101141507564e-02
9.329158101141507564e-02
9.329158101141507564e-02
9.329158101141507564e-02
9.329158101141507564e-02
9.329158101141507564e-02
9.329158101141507564e-02
9.329158101141507564e-02
9.329158101141507564e-02
9.329158101141507564e-02
9.329158101141507564e-02
9.329158101141507564e-02
9.329158101141507564e-02
9.329158101141507564e-02
9.329158101141507564e-02
8.221921218124401964e-02
8.221921218124401964e-02
8.221921218124401964e-02
8.221921218124401964e-02
8.221921218124401964e-02
8.221921218124401964e-02
8.221921218124401964e-02
8.221921218124401964e-02
8.221921218124401964e-02
8.221921218124401964e-02
8.221921218124401964e-02
8.221921218124401964e-02
8.221921218124401964e-02
8.221921218124401964e-02
8.221921218124401964e-02
8.221921218124401964e-02
8.221921218124401964e-02
8.221921218124401964e-02
8.221921218124401964e-02
8.221921218124401964e-02
8.221921218124401964e-02
8.221921218124401964e-02
8.221921218124401964e-02
8.221921218124401964e-02
8.221921218124401964e-02
8.221921218124401964e-02
8.221921218124401964e-02
8.221921218124401964e-02
8.221921218124401964e-02
8.221921218124401964e-02
8.221921218124401964e-02
8.221921218124401964e-02
8.221921218124401964e-02
8.221921218124401964e-02
8.221921218124401964e-02
8.221921218124401964e-02
8.221921218124401964e-02
8.221921218124401964e-02
8.221921218124401964e-02
8.221921218124401964e-02
8.221921218124401964e-02
8.221921218124401964e-02
8.221921218124401964e-02
8.221921218124401964e-02
8.221921218124401964e-02
8.221921218124401964e-02
8.221921218124401964e-02
8.221921218124401964e-02
8.221921218124401964e-02
8.221921218124401964e-02
4.724363570146711960e-02
4.724363570146711960e-02
4.724363570146711960e-02
4.724363570146711960e-02
4.724363570146711960e-02
4.724363570146711960e-02
4.724363570146711960e-02
4.724363570146711960e-02
4.724363570146711960e-02
4.724363570146711960e-02
4.724363570146711960e-02
4.724363570146711960e-02
4.724363570146711960e-02
4.724363570146711960e-02
4.724363570146711960e-02
4.724363570146711960e-02
4.724363570146711960e-02
4.724363570146711960e-02
4.724363570146711960e-02
4.724363570146711960e-02
4.724363570146711960e-02
4.724363570146711960e-02
4.724363570146711960e-02
4.724363570146711960e-02
4.724363570146711960e-02
4.724363570146711960e-02
4.724363570146711960e-02
4.724363570146711960e-02
4.724363570146711960e-02
4.724363570146711960e-02
4.724363570146711960e-02
4.724363570146711960e-02
4.724363570146711960e-02
4.724363570146711960e-02
4.724363570146711960e-02
4.724363570146711960e-02
4.724363570146711960e-02
4.724363570146711960e-02
4.724363570146711960e-02
4.724363570146711960e-02
4.724363570146711960e-02
4.724363570146711960e-02
4.724363570146711960e-02
4.724363570146711960e-02
4.724363570146711960e-02
4.724363570146711960e-02
4.724363570146711960e-02
4.724363570146711960e-02
4.724363570146711960e-02
4.724363570146711960e-02
6.021407690170602761e-02
6.021407690170602761e-02
6.021407690170602761e-02
6.021407690170602761e-02
6.021407690170602761e-02
6.021407690170602761e-02
6.021407690170602761e-02
6.021407690170602761e-02
6.021407690170602761e-02
6.021407690170602761e-02
6.021407690170602761e-02
6.021407690170602761e-02
6.021407690170602761e-02
6.021407690170602761e-02
6.021407690170602761e-02
6.021407690170602761e-02
6.021407690170602761e-02
6.021407690170602761e-02
6.021407690170602761e-02
6.021407690170602761e-02
6.021407690170602761e-02
6.021407690170602761e-02
6.021407690170602761e-02
6.021407690170602761e-02
6.021407690170602761e-02
6.021407690170602761e-02
6.021407690170602761e-02
6.021407690170602761e-02
6.021407690170602761e-02
6.021407690170602761e-02
6.021407690170602761e-02
6.021407690170602761e-02
6.021407690170602761e-02
6.021407690170602761e-02
6.021407690170602761e-02
6.021407690170602761e-02
6.021407690170602761e-02
6.021407690170602761e-02
6.021407690170602761e-02
6.021407690170602761e-02
6.021407690170602761e-02
6.021407690170602761e-02
6.021407690170602761e-02
6.021407690170602761e-02
6.021407690170602761e-02
6.021407690170602761e-02
6.021407690170602761e-02
6.021407690170602761e-02
6.021407690170602761e-02
6.021407690170602761e-02
3.948520338776591310e-02
3.948520338776591310e-02
3.948520338776591310e-02
3.948520338776591310e-02
3.948520338776591310e-02
3.948520338776591310e-02
3.948520338776591310e-02
3.948520338776591310e-02
3.948520338776591310e-02
3.948520338776591310e-02
3.948520338776591310e-02
3.948520338776591310e-02
3.948520338776591310e-02
3.948520338776591310e-02
3.948520338776591310e-02
3.948520338776591310e-02
3.948520338776591310e-02
3.948520338776591310e-02
3.948520338776591310e-02
3.948520338776591310e-02
3.948520338776591310e-02
3.948520338776591310e-02
3.948520338776591310e-02
3.948520338776591310e-02
3.948520338776591310e-02
3.948520338776591310e-02
3.948520338776591310e-02
3.948520338776591310e-02
3.948520338776591310e-02
3.948520338776591310e-02
3.948520338776591310e-02
3.948520338776591310e-02
3.948520338776591310e-02
3.948520338776591310e-02
3.948520338776591310e-02
3.948520338776591310e-02
3.948520338776591310e-02
3.948520338776591310e-02
3.948520338776591310e-02
3.948520338776591310e-02
3.948520338776591310e-02
3.948520338776591310e-02
3.948520338776591310e-02
3.948520338776591310e-02
3.948520338776591310e-02
3.948520338776591310e-02
3.948520338776591310e-02
3.948520338776591310e-02
3.948520338776591310e-02
3.948520338776591310e-02
5.354382314599782922e-02
5.354382314599782922e-02
5.354382314599782922e-02
5.354382314599782922e-02
5.354382314599782922e-02
5.354382314599782922e-02
5.354382314599782922e-02
5.354382314599782922e-02
5.354382314599782922e-02
5.354382314599782922e-02
5.354382314599782922e-02
5.354382314599782922e-02
5.354382314599782922e-02
5.354382314599782922e-02
5.354382314599782922e-02
5.354382314599782922e-02
5.354382314599782922e-02
5.354382314599782922e-02
5.354382314599782922e-02
5.354382314599782922e-02
5.354382314599782922e-02
5.354382314599782922e-02
5.354382314599782922e-02
5.354382314599782922e-02
5.354382314599782922e-02
5.354382314599782922e-02
5.354382314599782922e-02
5.354382314599782922e-02
5.354382314599782922e-02
5.354382314599782922e-02
5.354382314599782922e-02
5.354382314599782922e-02
5.354382314599782922e-02
5.354382314599782922e-02
5.354382314599782922e-02
5.354382314599782922e-02
5.354382314599782922e-02
5.354382314599782922e-02
5.354382314599782922e-02
5.354382314599782922e-02
5.354382314599782922e-02
5.354382314599782922e-02
5.354382314599782922e-02
5.354382314599782922e-02
5.354382314599782922e-02
5.354382314599782922e-02
5.354382314599782922e-02
5.354382314599782922e-02
5.354382314599782922e-02
5.354382314599782922e-02
3.595856324381010993e-02
3.595856324381010993e-02
3.595856324381010993e-02
3.595856324381010993e-02
3.595856324381010993e-02
3.595856324381010993e-02
3.595856324381010993e-02
3.595856324381010993e-02
3.595856324381010993e-02
3.595856324381010993e-02
3.595856324381010993e-02
3.595856324381010993e-02
3.595856324381010993e-02
3.595856324381010993e-02
3.595856324381010993e-02
3.595856324381010993e-02
3.595856324381010993e-02
3.595856324381010993e-02
3.595856324381010993e-02
3.595856324381010993e-02
3.595856324381010993e-02
3.595856324381010993e-02
3.595856324381010993e-02
3.595856324381010993e-02
3.595856324381010993e-02
3.595856324381010993e-02
3.595856324381010993e-02
3.595856324381010993e-02
3.595856324381010993e-02
3.595856324381010993e-02
3.595856324381010993e-02
3.595856324381010993e-02
3.595856324381010993e-02
3.595856324381010993e-02
3.595856324381010993e-02
3.595856324381010993e-02
3.595856324381010993e-02
3.595856324381010993e-02
3.595856324381010993e-02
3.595856324381010993e-02
3.595856324381010993e-02
3.595856324381010993e-02
3.595856324381010993e-02
3.595856324381010993e-02
3.595856324381010993e-02
3.595856324381010993e-02
3.595856324381010993e-02
3.595856324381010993e-02
3.595856324381010993e-02
3.595856324381010993e-02
2.112253022743255590e-02
2.112253022743255590e-02
2.112253022743255590e-02
2.112253022743255590e-02
2.112253022743255590e-02
2.112253022743255590e-02
2.112253022743255590e-02
2.112253022743255590e-02
2.112253022743255590e-02
2.112253022743255590e-02
2.112253022743255590e-02
2.112253022743255590e-02
2.112253022743255590e-02
2.112253022743255590e-02
2.112253022743255590e-02
2.112253022743255590e-02
2.112253022743255590e-02
2.112253022743255590e-02
2.112253022743255590e-02
2.112253022743255590e-02
2.112253022743255590e-02
2.112253022743255590e-02
2.112253022743255590e-02
2.112253022743255590e-02
2.112253022743255590e-02
2.112253022743255590e-02
2.112253022743255590e-02
2.112253022743255590e-02
2.112253022743255590e-02
2.112253022743255590e-02
2.112253022743255590e-02
2.112253022743255590e-02
2.112253022743255590e-02
2.112253022743255590e-02
2.112253022743255590e-02
2.112253022743255590e-02
2.112253022743255590e-02
2.112253022743255590e-02
2.112253022743255590e-02
2.112253022743255590e-02
2.112253022743255590e-02
2.112253022743255590e-02
2.112253022743255590e-02
2.112253022743255590e-02
2.112253022743255590e-02
2.112253022743255590e-02
2.112253022743255590e-02
2.112253022743255590e-02
2.112253022743255590e-02
2.112253022743255590e-02
1.513451810679600912e-02
1.513451810679600912e-02
1.513451810679600912e-02
1.513451810679600912e-02
1.513451810679600912e-02
1.513451810679600912e-02
1.513451810679600912e-02
1.513451810679600912e-02
1.513451810679600912e-02
1.513451810679600912e-02
1.513451810679600912e-02
1.513451810679600912e-02
1.513451810679600912e-02
1.513451810679600912e-02
1.513451810679600912e-02
1.513451810679600912e-02
1.513451810679600912e-02
1.513451810679600912e-02
1.513451810679600912e-02
1.513451810679600912e-02
1.513451810679600912e-02
1.513451810679600912e-02
1.513451810679600912e-02
1.513451810679600912e-02
1.513451810679600912e-02
1.513451810679600912e-02
1.513451810679600912e-02
1.513451810679600912e-02
1.513451810679600912e-02
1.513451810679600912e-02
1.513451810679600912e-02
1.513451810679600912e-02
1.513451810679600912e-02
1.513451810679600912e-02
1.513451810679600912e-02
1.513451810679600912e-02
1.513451810679600912e-02
1.513451810679600912e-02
1.513451810679600912e-02
1.513451810679600912e-02
1.513451810679600912e-02
1.513451810679600912e-02
1.513451810679600912e-02
1.513451810679600912e-02
1.513451810679600912e-02
1.513451810679600912e-02
1.513451810679600912e-02
1.513451810679600912e-02
1.513451810679600912e-02
1.513451810679600912e-02
1.113270985923782951e-02
1.113270985923782951e-02
1.113270985923782951e-02
1.113270985923782951e-02
1.113270985923782951e-02
1.113270985923782951e-02
1.113270985923782951e-02
1.113270985923782951e-02
1.113270985923782951e-02
1.113270985923782951e-02
1.113270985923782951e-02
1.113270985923782951e-02
1.113270985923782951e-02
1.113270985923782951e-02
1.113270985923782951e-02
1.113270985923782951e-02
1.113270985923782951e-02
1.113270985923782951e-02
1.113270985923782951e-02
1.113270985923782951e-02
1.113270985923782951e-02
1.113270985923782951e-02
1.113270985923782951e-02
1.113270985923782951e-02
1.113270985923782951e-02
1.113270985923782951e-02
1.113270985923782951e-02
1.113270985923782951e-02
1.113270985923782951e-02
1.113270985923782951e-02
1.113270985923782951e-02
1.113270985923782951e-02
1.113270985923782951e-02
1.113270985923782951e-02
1.113270985923782951e-02
1.113270985923782951e-02
1.113270985923782951e-02
1.113270985923782951e-02
1.113270985923782951e-02
1.113270985923782951e-02
1.113270985923782951e-02
1.113270985923782951e-02
1.113270985923782951e-02
1.113270985923782951e-02
1.113270985923782951e-02
1.113270985923782951e-02
1.113270985923782951e-02
1.113270985923782951e-02
1.113270985923782951e-02
1.113270985923782951e-02
1.558476578540096517e-02
1.558476578540096517e-02
1.558476578540096517e-02
1.558476578540096517e-02
1.558476578540096517e-02
1.558476578540096517e-02
1.558476578540096517e-02
1.558476578540096517e-02
1.558476578540096517e-02
1.558476578540096517e-02
1.558476578540096517e-02
1.558476578540096517e-02
1.558476578540096517e-02
1.558476578540096517e-02
1.558476578540096517e-02
1.558476578540096517e-02
1.558476578540096517e-02
1.558476578540096517e-02
1.558476578540096517e-02
1.558476578540096517e-02
1.558476578540096517e-02
1.558476578540096517e-02
1.558476578540096517e-02
1.558476578540096517e-02
1.558476578540096517e-02
1.558476578540096517e-02
1.558476578540096517e-02
1.558476578540096517e-02
1.558476578540096517e-02
1.558476578540096517e-02
1.558476578540096517e-02
1.558476578540096517e-02
1.558476578540096517e-02
1.558476578540096517e-02
1.558476578540096517e-02
1.558476578540096517e-02
1.558476578540096517e-02
1.558476578540096517e-02
1.558476578540096517e-02
1.558476578540096517e-02
1.558476578540096517e-02
1.558476578540096517e-02
1.558476578540096517e-02
1.558476578540096517e-02
1.558476578540096517e-02
1.558476578540096517e-02
1.558476578540096517e-02
1.558476578540096517e-02
1.558476578540096517e-02
1.558476578540096517e-02
1.059485068649068315e-02
1.059485068649068315e-02
1.059485068649068315e-02
1.059485068649068315e-02
1.059485068649068315e-02
1.059485068649068315e-02
1.059485068649068315e-02
1.059485068649068315e-02
1.059485068649068315e-02
1.059485068649068315e-02
1.059485068649068315e-02
1.059485068649068315e-02
1.059485068649068315e-02
1.059485068649068315e-02
1.059485068649068315e-02
1.059485068649068315e-02
1.059485068649068315e-02
1.059485068649068315e-02
1.059485068649068315e-02
1.059485068649068315e-02
1.059485068649068315e-02
1.059485068649068315e-02
1.059485068649068315e-02
1.059485068649068315e-02
1.059485068649068315e-02
1.059485068649068315e-02
1.059485068649068315e-02
1.059485068649068315e-02
1.059485068649068315e-02
1.059485068649068315e-02
1.059485068649068315e-02
1.059485068649068315e-02
1.059485068649068315e-02
1.059485068649068315e-02
1.059485068649068315e-02
1.059485068649068315e-02
1.059485068649068315e-02
1.059485068649068315e-02
1.059485068649068315e-02
1.059485068649068315e-02
1.059485068649068315e-02
1.059485068649068315e-02
1.059485068649068315e-02
1.059485068649068315e-02
1.059485068649068315e-02
1.059485068649068315e-02
1.059485068649068315e-02
1.059485068649068315e-02
1.059485068649068315e-02
1.059485068649068315e-02
3.686466869669560113e-03
3.686466869669560113e-03
3.686466869669560113e-03
3.686466869669560113e-03
3.686466869669560113e-03
3.686466869669560113e-03
3.686466869669560113e-03
3.686466869669560113e-03
3.686466869669560113e-03
3.686466869669560113e-03
3.686466869669560113e-03
3.686466869669560113e-03
3.686466869669560113e-03
3.686466869669560113e-03
3.686466869669560113e-03
3.686466869669560113e-03
3.686466869669560113e-03
3.686466869669560113e-03
3.686466869669560113e-03
3.686466869669560113e-03
3.686466869669560113e-03
3.686466869669560113e-03
3.686466869669560113e-03
3.686466869669560113e-03
3.686466869669560113e-03
3.686466869669560113e-03
3.686466869669560113e-03
3.686466869669560113e-03
3.686466869669560113e-03
3.686466869669560113e-03
3.686466869669560113e-03
3.686466869669560113e-03
3.686466869669560113e-03
3.686466869669560113e-03
3.686466869669560113e-03
3.686466869669560113e-03
3.686466869669560113e-03
3.686466869669560113e-03
3.686466869669560113e-03
3.686466869669560113e-03
3.686466869669560113e-03
3.686466869669560113e-03
3.686466869669560113e-03
3.686466869669560113e-03
3.686466869669560113e-03
3.686466869669560113e-03
3.686466869669560113e-03
3.686466869669560113e-03
3.686466869669560113e-03
3.686466869669560113e-03
2.031743649721916636e-02
2.031743649721916636e-02
2.031743649721916636e-02
2.031743649721916636e-02
2.031743649721916636e-02
2.031743649721916636e-02
2.031743649721916636e-02
2.031743649721916636e-02
2.031743649721916636e-02
2.031743649721916636e-02
2.031743649721916636e-02
2.031743649721916636e-02
2.031743649721916636e-02
2.031743649721916636e-02
2.031743649721916636e-02
2.031743649721916636e-02
2.031743649721916636e-02
2.031743649721916636e-02
2.031743649721916636e-02
2.031743649721916636e-02
2.031743649721916636e-02
2.031743649721916636e-02
2.031743649721916636e-02
2.031743649721916636e-02
2.031743649721916636e-02
2.031743649721916636e-02
2.031743649721916636e-02
2.031743649721916636e-02
2.031743649721916636e-02
2.031743649721916636e-02
2.031743649721916636e-02
2.031743649721916636e-02
2.031743649721916636e-02
2.031743649721916636e-02
2.031743649721916636e-02
2.031743649721916636e-02
2.031743649721916636e-02
2.031743649721916636e-02
2.031743649721916636e-02
2.031743649721916636e-02
2.031743649721916636e-02
2.031743649721916636e-02
2.031743649721916636e-02
2.031743649721916636e-02
2.031743649721916636e-02
2.031743649721916636e-02
2.031743649721916636e-02
2.031743649721916636e-02
2.031743649721916636e-02
2.031743649721916636e-02
5.750063062610482473e-03
5.750063062610482473e-03
5.750063062610482473e-03
5.750063062610482473e-03
5.750063062610482473e-03
5.750063062610482473e-03
5.750063062610482473e-03
5.750063062610482473e-03
5.750063062610482473e-03
5.750063062610482473e-03
5.750063062610482473e-03
5.750063062610482473e-03
5.750063062610482473e-03
5.750063062610482473e-03
5.750063062610482473e-03
5.750063062610482473e-03
5.750063062610482473e-03
5.750063062610482473e-03
5.750063062610482473e-03
5.750063062610482473e-03
5.750063062610482473e-03
5.750063062610482473e-03
5.750063062610482473e-03
5.750063062610482473e-03
5.750063062610482473e-03
5.750063062610482473e-03
5.750063062610482473e-03
5.750063062610482473e-03
5.750063062610482473e-03
5.750063062610482473e-03
5.750063062610482473e-03
5.750063062610482473e-03
5.750063062610482473e-03
5.750063062610482473e-03
5.750063062610482473e-03
5.750063062610482473e-03
5.750063062610482473e-03
5.750063062610482473e-03
5.750063062610482473e-03
5.750063062610482473e-03
5.750063062610482473e-03
5.750063062610482473e-03
5.750063062610482473e-03
5.750063062610482473e-03
5.750063062610482473e-03
5.750063062610482473e-03
5.750063062610482473e-03
5.750063062610482473e-03
5.750063062610482473e-03
5.750063062610482473e-03
1.904590481228893642e-02
1.904590481228893642e-02
1.904590481228893642e-02
1.904590481228893642e-02
1.904590481228893642e-02
1.904590481228893642e-02
1.904590481228893642e-02
1.904590481228893642e-02
1.904590481228893642e-02
1.904590481228893642e-02
1.904590481228893642e-02
1.904590481228893642e-02
1.904590481228893642e-02
1.904590481228893642e-02
1.904590481228893642e-02
1.904590481228893642e-02
1.904590481228893642e-02
1.904590481228893642e-02
1.904590481228893642e-02
1.904590481228893642e-02
1.904590481228893642e-02
1.904590481228893642e-02
1.904590481228893642e-02
1.904590481228893642e-02
1.904590481228893642e-02
1.904590481228893642e-02
1.904590481228893642e-02
1.904590481228893642e-02
1.904590481228893642e-02
1.904590481228893642e-02
1.904590481228893642e-02
1.904590481228893642e-02
1.904590481228893642e-02
1.904590481228893642e-02
1.904590481228893642e-02
1.904590481228893642e-02
1.904590481228893642e-02
1.904590481228893642e-02
1.904590481228893642e-02
1.904590481228893642e-02
1.904590481228893642e-02
1.904590481228893642e-02
1.904590481228893642e-02
1.904590481228893642e-02
1.904590481228893642e-02
1.904590481228893642e-02
1.904590481228893642e-02
1.904590481228893642e-02
1.904590481228893642e-02
1.904590481228893642e-02
1.230303981825561083e-02
1.230303981825561083e-02
1.230303981825561083e-02
1.230303981825561083e-02
1.230303981825561083e-02
1.230303981825561083e-02
1.230303981825561083e-02
1.230303981825561083e-02
1.230303981825561083e-02
1.230303981825561083e-02
1.230303981825561083e-02
1.230303981825561083e-02
1.230303981825561083e-02
1.230303981825561083e-02
1.230303981825561083e-02
1.230303981825561083e-02
1.230303981825561083e-02
1.230303981825561083e-02
1.230303981825561083e-02
1.230303981825561083e-02
1.230303981825561083e-02
1.230303981825561083e-02
1.230303981825561083e-02
1.230303981825561083e-02
1.230303981825561083e-02
1.230303981825561083e-02
1.230303981825561083e-02
1.230303981825561083e-02
1.230303981825561083e-02
1.230303981825561083e-02
1.230303981825561083e-02
1.230303981825561083e-02
1.230303981825561083e-02
1.230303981825561083e-02
1.230303981825561083e-02
1.230303981825561083e-02
1.230303981825561083e-02
1.230303981825561083e-02
1.230303981825561083e-02
1.230303981825561083e-02
1.230303981825561083e-02
1.230303981825561083e-02
1.230303981825561083e-02
1.230303981825561083e-02
1.230303981825561083e-02
1.230303981825561083e-02
1.230303981825561083e-02
1.230303981825561083e-02
1.230303981825561083e-02
1.230303981825561083e-02
2.032821668106636268e-02
2.032821668106636268e-02
2.032821668106636268e-02
2.032821668106636268e-02
2.032821668106636268e-02
2.032821668106636268e-02
2.032821668106636268e-02
2.032821668106636268e-02
2.032821668106636268e-02
2.032821668106636268e-02
2.032821668106636268e-02
2.032821668106636268e-02
2.032821668106636268e-02
2.032821668106636268e-02
2.032821668106636268e-02
2.032821668106636268e-02
2.032821668106636268e-02
2.032821668106636268e-02
2.032821668106636268e-02
2.032821668106636268e-02
2.032821668106636268e-02
2.032821668106636268e-02
2.032821668106636268e-02
2.032821668106636268e-02
2.032821668106636268e-02
2.032821668106636268e-02
2.032821668106636268e-02
2.032821668106636268e-02
2.032821668106636268e-02
2.032821668106636268e-02
2.032821668106636268e-02
2.032821668106636268e-02
2.032821668106636268e-02
2.032821668106636268e-02
2.032821668106636268e-02
2.032821668106636268e-02
2.032821668106636268e-02
2.032821668106636268e-02
2.032821668106636268e-02
2.032821668106636268e-02
2.032821668106636268e-02
2.032821668106636268e-02
2.032821668106636268e-02
2.032821668106636268e-02
2.032821668106636268e-02
2.032821668106636268e-02
2.032821668106636268e-02
2.032821668106636268e-02
2.032821668106636268e-02
2.032821668106636268e-02
1.091449613778174531e-02
1.091449613778174531e-02
1.091449613778174531e-02
1.091449613778174531e-02
1.091449613778174531e-02
1.091449613778174531e-02
1.091449613778174531e-02
1.091449613778174531e-02
1.091449613778174531e-02
1.091449613778174531e-02
1.091449613778174531e-02
1.091449613778174531e-02
1.091449613778174531e-02
1.091449613778174531e-02
1.091449613778174531e-02
1.091449613778174531e-02
1.091449613778174531e-02
1.091449613778174531e-02
1.091449613778174531e-02
1.091449613778174531e-02
1.091449613778174531e-02
1.091449613778174531e-02
1.091449613778174531e-02
1.091449613778174531e-02
1.091449613778174531e-02
1.091449613778174531e-02
1.091449613778174531e-02
1.091449613778174531e-02
1.091449613778174531e-02
1.091449613778174531e-02
1.091449613778174531e-02
1.091449613778174531e-02
1.091449613778174531e-02
1.091449613778174531e-02
1.091449613778174531e-02
1.091449613778174531e-02
1.091449613778174531e-02
1.091449613778174531e-02
1.091449613778174531e-02
1.091449613778174531e-02
1.091449613778174531e-02
1.091449613778174531e-02
1.091449613778174531e-02
1.091449613778174531e-02
1.091449613778174531e-02
1.091449613778174531e-02
1.091449613778174531e-02
1.091449613778174531e-02
1.091449613778174531e-02
1.091449613778174531e-02
0.000000000000000000e+00
