0.000 0.000
0.010 0.000
0.020 0.000
0.030 0.000
0.040 0.000
0.050 0.000
0.060 0.000
0.070 0.000
0.080 0.000
0.090 0.000
0.100 0.000
0.110 0.000
0.120 0.000
0.130 0.000
0.140 0.000
0.150 0.000
0.160 0.000
0.170 0.000
0.180 0.000
0.190 0.000
0.200 1.466
0.210 1.972
0.220 1.956
0.230 1.820
0.240 1.723
0.250 2.057
0.260 2.012
0.270 2.045
0.280 2.465
0.290 2.547
0.300 2.703
0.310 3.282
0.320 3.255
0.330 2.585
0.340 3.106
0.350 3.134
0.360 2.928
0.370 2.896
0.380 3.210
0.390 3.168
0.400 3.102
0.410 2.976
0.420 3.187
0.430 3.367
0.440 4.680
0.450 5.442
0.460 6.134
0.470 6.884
0.480 6.980
0.490 6.967
0.500 0.000
0.510 0.000
0.520 0.000
0.530 0.000
0.540 0.000
0.550 0.000
0.560 0.000
0.570 0.000
0.580 0.000
0.590 0.000
0.600 0.000
0.610 0.000
0.620 0.000
0.630 0.000
0.640 0.000
0.650 0.000
0.660 0.000
0.670 0.000
0.680 0.000
0.690 0.000
0.700 0.000
0.710 0.000
0.720 0.000
0.730 0.000
0.740 0.000
0.750 0.000
0.760 0.000
0.770 0.000
0.780 0.000
0.790 0.000
