# tt
1.102232910156250000e+03
1.033023925781250000e+03
9.668579711914062500e+02
9.156005249023437500e+02
8.784490356445312500e+02
8.528781127929687500e+02
8.359611816406250000e+02
8.256706542968750000e+02
8.206057739257812500e+02
8.192041015625000000e+02
8.214427490234375000e+02
8.260281372070312500e+02
8.316251220703125000e+02
8.385556030273437500e+02
8.473641357421875000e+02
8.578292846679687500e+02
8.695196533203125000e+02
8.819311523437500000e+02
8.946514892578125000e+02
9.077084960937500000e+02
9.212120971679687500e+02
9.351572875976562500e+02
9.495014648437500000e+02
9.641643676757812500e+02
9.790811157226562500e+02
9.942866210937500000e+02
1.009814758300781250e+03
1.025597534179687500e+03
1.041570678710937500e+03
1.057791381835937500e+03
1.074325195312500000e+03
1.091152465820312500e+03
1.108215332031250000e+03
1.125389892578125000e+03
1.142597412109375000e+03
1.160008300781250000e+03
1.177795166015625000e+03
1.195887084960937500e+03
1.214152832031250000e+03
1.232489746093750000e+03
1.250907592773437500e+03
1.269444335937500000e+03
1.288137817382812500e+03
1.307026489257812500e+03
1.326139404296875000e+03
1.345471191406250000e+03
1.365007690429687500e+03
1.384734863281250000e+03
1.404638427734375000e+03
1.424708129882812500e+03
1.444948974609375000e+03
1.465370117187500000e+03
1.485980468750000000e+03
1.506788940429687500e+03
1.527802856445312500e+03
1.549022216796875000e+03
1.570445434570312500e+03
1.592070800781250000e+03
1.613896606445312500e+03
1.635922607421875000e+03
1.658152587890625000e+03
1.680591918945312500e+03
1.703245849609375000e+03
1.726119628906250000e+03
1.749217163085937500e+03
1.772537109375000000e+03
1.796076782226562500e+03
1.819833740234375000e+03
1.843805297851562500e+03
1.867992065429687500e+03
1.892407104492187500e+03
1.917067016601562500e+03
1.941988159179687500e+03
1.967187133789062500e+03
1.992674804687500000e+03
2.018439941406250000e+03
2.044465942382812500e+03
2.070736083984375000e+03
2.097234130859375000e+03
2.123947021484375000e+03
2.150879150390625000e+03
2.178038574218750000e+03
2.205433593750000000e+03
2.233072265625000000e+03
2.260960205078125000e+03
2.289092041015625000e+03
2.317460205078125000e+03
2.346056640625000000e+03
2.374873291015625000e+03
2.403903564453125000e+03
2.433144042968750000e+03
2.462593017578125000e+03
2.492248535156250000e+03
2.522108398437500000e+03
2.552171142578125000e+03
2.582434326171875000e+03
2.612895996093750000e+03
2.643553955078125000e+03
2.674406738281250000e+03
2.705452148437500000e+03
2.736687988281250000e+03
2.768112548828125000e+03
2.799723632812500000e+03
2.831519531250000000e+03
2.863497802734375000e+03
2.895656738281250000e+03
2.927994628906250000e+03
2.960509033203125000e+03
2.993197998046875000e+03
3.026058593750000000e+03
3.059082275390625000e+03
3.092259765625000000e+03
3.125581542968750000e+03
3.159038330078125000e+03
3.192620361328125000e+03
3.226318359375000000e+03
3.260123046875000000e+03
3.294024414062500000e+03
3.328013671875000000e+03
3.362081054687500000e+03
3.396217041015625000e+03
3.430412109375000000e+03
3.464656982421875000e+03
3.498942138671875000e+03
3.533258056640625000e+03
3.567595214843750000e+03
3.601944335937500000e+03
3.636296142578125000e+03
3.670640869140625000e+03
3.704969238281250000e+03
3.739273193359375000e+03
3.773543945312500000e+03
3.807773681640625000e+03
3.841954101562500000e+03
3.876076904296875000e+03
3.910134033203125000e+03
3.944116943359375000e+03
3.978017578125000000e+03
4.011827636718750000e+03
4.045539062500000000e+03
4.079143798828125000e+03
4.112633300781250000e+03
4.145999511718750000e+03
4.179233886718750000e+03
4.212329101562500000e+03
4.245275878906250000e+03
4.278066406250000000e+03
4.310692382812500000e+03
4.343145996093750000e+03
4.375418457031250000e+03
4.407500976562500000e+03
4.439384765625000000e+03
4.471061035156250000e+03
4.502520996093750000e+03
4.533755371093750000e+03
4.564755371093750000e+03
4.595512207031250000e+03
4.626016601562500000e+03
4.656260742187500000e+03
4.686234375000000000e+03
4.715929687500000000e+03
4.745336914062500000e+03
4.774447753906250000e+03
4.803252929687500000e+03
4.831744140625000000e+03
4.859911132812500000e+03
4.887746582031250000e+03
4.915241210937500000e+03
4.942385253906250000e+03
4.969170410156250000e+03
4.995587890625000000e+03
5.021628906250000000e+03
5.047284667968750000e+03
5.072545410156250000e+03
5.097402832031250000e+03
5.121848632812500000e+03
5.145875000000000000e+03
5.169473632812500000e+03
5.192636718750000000e+03
5.215355468750000000e+03
5.237622558593750000e+03
5.259429687500000000e+03
5.280767578125000000e+03
5.301629882812500000e+03
5.322007812500000000e+03
5.341893554687500000e+03
5.361277343750000000e+03
5.380153320312500000e+03
5.398512695312500000e+03
5.416346679687500000e+03
5.433647460937500000e+03
5.450407226562500000e+03
5.466617675781250000e+03
5.482270507812500000e+03
5.497357910156250000e+03
5.511872070312500000e+03
5.525804199218750000e+03
5.539146972656250000e+03
5.551891113281250000e+03
5.564031250000000000e+03
5.575565429687500000e+03
5.586495117187500000e+03
5.596820800781250000e+03
5.606541992187500000e+03
5.615659667968750000e+03
5.624174804687500000e+03
5.632087890625000000e+03
5.639399414062500000e+03
5.646109375000000000e+03
5.652219238281250000e+03
5.657728515625000000e+03
5.662638671875000000e+03
5.666950195312500000e+03
5.670663085937500000e+03
5.673777832031250000e+03
5.676295898437500000e+03
5.678216308593750000e+03
5.679541015625000000e+03
5.680270507812500000e+03
5.680403808593750000e+03
5.679943359375000000e+03
5.678888183593750000e+03
5.677240234375000000e+03
5.674999023437500000e+03
5.672165527343750000e+03
5.668739746093750000e+03
5.664722656250000000e+03
5.660115234375000000e+03
5.654917480468750000e+03
5.649129882812500000e+03
5.642752929687500000e+03
5.635787597656250000e+03
5.628234375000000000e+03
5.620093261718750000e+03
5.611365722656250000e+03
5.602051757812500000e+03
5.592151367187500000e+03
5.581666015625000000e+03
5.570595703125000000e+03
5.558940917968750000e+03
5.546703125000000000e+03
5.533881835937500000e+03
5.520478027343750000e+03
5.506491699218750000e+03
5.491924316406250000e+03
5.476775390625000000e+03
5.461046386718750000e+03
5.444737792968750000e+03
5.427849609375000000e+03
5.410384277343750000e+03
5.392350097656250000e+03
5.373757812500000000e+03
5.354616210937500000e+03
5.334937011718750000e+03
5.314729492187500000e+03
5.294003417968750000e+03
5.272770019531250000e+03
5.251038085937500000e+03
5.228819335937500000e+03
5.206122070312500000e+03
5.182958007812500000e+03
5.159335937500000000e+03
5.135266601562500000e+03
5.110760253906250000e+03
5.085827148437500000e+03
5.060477050781250000e+03
5.034719726562500000e+03
5.008566406250000000e+03
4.982025878906250000e+03
4.955109375000000000e+03
4.927826171875000000e+03
4.900187011718750000e+03
4.872201660156250000e+03
4.843879882812500000e+03
4.815232910156250000e+03
4.786270019531250000e+03
4.757000976562500000e+03
4.727437011718750000e+03
4.697587402343750000e+03
4.667462890625000000e+03
4.637072753906250000e+03
4.606427734375000000e+03
4.575538085937500000e+03
4.544413085937500000e+03
4.513063476562500000e+03
4.481499511718750000e+03
4.449731445312500000e+03
4.417768554687500000e+03
4.385621582031250000e+03
4.353300292968750000e+03
4.320814941406250000e+03
4.288176269531250000e+03
4.255393554687500000e+03
4.222477050781250000e+03
4.189437011718750000e+03
4.156283691406250000e+03
4.123027343750000000e+03
4.089677734375000000e+03
4.056245117187500000e+03
4.022739013671875000e+03
3.989169433593750000e+03
3.955545410156250000e+03
3.921875976562500000e+03
3.888170654296875000e+03
3.854438720703125000e+03
3.820689208984375000e+03
3.786931152343750000e+03
3.753174316406250000e+03
3.719427246093750000e+03
3.685700195312500000e+03
3.652001220703125000e+03
3.618340087890625000e+03
3.584726318359375000e+03
3.551168701171875000e+03
3.517676757812500000e+03
3.484259277343750000e+03
3.450925781250000000e+03
3.417685791015625000e+03
3.384548095703125000e+03
3.351521972656250000e+03
3.318616943359375000e+03
3.285842041015625000e+03
3.253206787109375000e+03
3.220719726562500000e+03
3.188390625000000000e+03
3.156228759765625000e+03
3.124242919921875000e+03
3.092442871093750000e+03
3.060837402343750000e+03
3.029436035156250000e+03
2.998248046875000000e+03
2.967282470703125000e+03
2.936548339843750000e+03
2.906055419921875000e+03
2.875812500000000000e+03
2.845828857421875000e+03
2.816114013671875000e+03
2.786676757812500000e+03
2.757526855468750000e+03
2.728673095703125000e+03
2.700125000000000000e+03
2.671891845703125000e+03
2.643982421875000000e+03
2.616406250000000000e+03
2.589172607421875000e+03
2.562290527343750000e+03
2.535769531250000000e+03
2.509618896484375000e+03
2.483847167968750000e+03
2.458462890625000000e+03
2.433468505859375000e+03
2.408864990234375000e+03
2.384653564453125000e+03
2.360835205078125000e+03
2.337411376953125000e+03
2.314383056640625000e+03
2.291751464843750000e+03
2.269517578125000000e+03
2.247682861328125000e+03
2.226248046875000000e+03
2.205214843750000000e+03
2.184583740234375000e+03
2.164356445312500000e+03
2.144533691406250000e+03
2.125117187500000000e+03
2.106107421875000000e+03
2.087506103515625000e+03
2.069313720703125000e+03
2.051532226562500000e+03
2.034162231445312500e+03
2.017205200195312500e+03
2.000661987304687500e+03
1.984533935546875000e+03
1.968822021484375000e+03
1.953527709960937500e+03
1.938651977539062500e+03
1.924195800781250000e+03
1.910160644531250000e+03
1.896547485351562500e+03
1.883357421875000000e+03
1.870591796875000000e+03
1.858251586914062500e+03
1.846338134765625000e+03
1.834852172851562500e+03
1.823795532226562500e+03
1.813168701171875000e+03
1.802973144531250000e+03
1.793210083007812500e+03
1.783880493164062500e+03
1.774985595703125000e+03
1.766526733398437500e+03
1.758504638671875000e+03
1.750920654296875000e+03
1.743776245117187500e+03
1.737072143554687500e+03
1.730809570312500000e+03
1.724989868164062500e+03
1.719613891601562500e+03
1.714683227539062500e+03
1.710197387695312500e+03
1.706151611328125000e+03
1.702539306640625000e+03
1.699354492187500000e+03
1.696590698242187500e+03
1.694241455078125000e+03
1.692301025390625000e+03
1.690762573242187500e+03
1.689620117187500000e+03
1.688867187500000000e+03
1.688497558593750000e+03
1.688504882812500000e+03
1.688883056640625000e+03
1.689625488281250000e+03
1.690726318359375000e+03
1.692178833007812500e+03
1.693977050781250000e+03
1.696114379882812500e+03
1.698584716796875000e+03
1.701381835937500000e+03
1.704499267578125000e+03
1.707930786132812500e+03
1.711670166015625000e+03
1.715711181640625000e+03
1.720047241210937500e+03
1.724672363281250000e+03
1.729580078125000000e+03
1.734764282226562500e+03
1.740218505859375000e+03
1.745936279296875000e+03
1.751911865234375000e+03
1.758138549804687500e+03
1.764609985351562500e+03
1.771320190429687500e+03
1.778262817382812500e+03
1.785431152343750000e+03
1.792819580078125000e+03
1.800421264648437500e+03
1.808230102539062500e+03
1.816239990234375000e+03
1.824444213867187500e+03
1.832836914062500000e+03
1.841411499023437500e+03
1.850161865234375000e+03
1.859081665039062500e+03
1.868164550781250000e+03
1.877404296875000000e+03
1.886794433593750000e+03
1.896328979492187500e+03
1.906001464843750000e+03
1.915805664062500000e+03
1.925734741210937500e+03
1.935782348632812500e+03
1.945941650390625000e+03
1.956206298828125000e+03
1.966569335937500000e+03
1.977024658203125000e+03
1.987565063476562500e+03
1.998184204101562500e+03
2.008875488281250000e+03
2.019632202148437500e+03
2.030447875976562500e+03
2.041315551757812500e+03
2.052229003906250000e+03
2.063181396484375000e+03
2.074166015625000000e+03
2.085176757812500000e+03
2.096206542968750000e+03
2.107248535156250000e+03
2.118296630859375000e+03
2.129344238281250000e+03
2.140384033203125000e+03
2.151410400390625000e+03
2.162415527343750000e+03
2.173393798828125000e+03
2.184338378906250000e+03
2.195242431640625000e+03
2.206099365234375000e+03
2.216902587890625000e+03
2.227645751953125000e+03
2.238321533203125000e+03
2.248924072265625000e+03
2.259446533203125000e+03
2.269882080078125000e+03
2.280224121093750000e+03
2.290466308593750000e+03
2.300601806640625000e+03
2.310624023437500000e+03
2.320526367187500000e+03
2.330302490234375000e+03
2.339945068359375000e+03
2.349447998046875000e+03
2.358804687500000000e+03
2.368008300781250000e+03
2.377052490234375000e+03
2.385930175781250000e+03
2.394635253906250000e+03
2.403160644531250000e+03
2.411500244140625000e+03
2.419646972656250000e+03
2.427595458984375000e+03
2.435343750000000000e+03
2.442891601562500000e+03
2.450237548828125000e+03
2.457381591796875000e+03
2.464322509765625000e+03
2.471059814453125000e+03
2.477592529296875000e+03
2.483920166015625000e+03
2.490041992187500000e+03
2.495957031250000000e+03
2.501664794921875000e+03
2.507164550781250000e+03
2.512455566406250000e+03
2.517537109375000000e+03
2.522408203125000000e+03
2.527068603515625000e+03
2.531517089843750000e+03
2.535753173828125000e+03
2.539776123046875000e+03
2.543584960937500000e+03
2.547179443359375000e+03
2.550558349609375000e+03
2.553721435546875000e+03
2.556667480468750000e+03
2.559395996093750000e+03
2.561906250000000000e+03
2.564197753906250000e+03
2.566269287109375000e+03
2.568120605468750000e+03
2.569750488281250000e+03
2.571158447265625000e+03
2.572343750000000000e+03
2.573305908203125000e+03
2.574043701171875000e+03
2.574556884765625000e+03
2.574844482421875000e+03
2.574905761718750000e+03
2.574739990234375000e+03
2.574346435546875000e+03
2.573724365234375000e+03
2.572873291015625000e+03
2.571792236328125000e+03
2.570480224609375000e+03
2.568937255859375000e+03
2.567161621093750000e+03
2.565153564453125000e+03
2.562911865234375000e+03
2.560436035156250000e+03
2.557724853515625000e+03
2.554778808593750000e+03
2.551601318359375000e+03
2.548196777343750000e+03
2.544569335937500000e+03
2.540723632812500000e+03
2.536663574218750000e+03
2.532394042968750000e+03
2.527918701171875000e+03
2.523242431640625000e+03
2.518369140625000000e+03
2.513303466796875000e+03
2.508049560546875000e+03
2.502611816406250000e+03
2.496994628906250000e+03
2.491202148437500000e+03
2.485238769531250000e+03
2.479108886718750000e+03
2.472816894531250000e+03
2.466366699218750000e+03
2.459763183593750000e+03
2.453010498046875000e+03
2.446112548828125000e+03
2.439074462890625000e+03
2.431899902343750000e+03
2.424593261718750000e+03
2.417159179687500000e+03
2.409601562500000000e+03
2.401925292968750000e+03
2.394134521484375000e+03
2.386233154296875000e+03
2.378225585937500000e+03
2.370116699218750000e+03
2.361910400390625000e+03
2.353611328125000000e+03
2.345223144531250000e+03
2.336750976562500000e+03
2.328198486328125000e+03
2.319570556640625000e+03
2.310871093750000000e+03
2.302104492187500000e+03
2.293275390625000000e+03
2.284387939453125000e+03
2.275446044921875000e+03
2.266454833984375000e+03
2.257417968750000000e+03
2.248340087890625000e+03
2.239225341796875000e+03
2.230078369140625000e+03
2.220903076171875000e+03
2.211704345703125000e+03
2.202485595703125000e+03
2.193252197265625000e+03
2.184007324218750000e+03
2.174756103515625000e+03
2.165502197265625000e+03
2.156250000000000000e+03
2.147004150390625000e+03
2.137768310546875000e+03
2.128546875000000000e+03
2.119344482421875000e+03
2.110165283203125000e+03
2.101012939453125000e+03
2.091892089843750000e+03
2.082807128906250000e+03
2.073762207031250000e+03
2.064761474609375000e+03
2.055809326171875000e+03
2.046909790039062500e+03
2.038067260742187500e+03
2.029286010742187500e+03
2.020570068359375000e+03
2.011924072265625000e+03
2.003351928710937500e+03
1.994858032226562500e+03
1.986446777343750000e+03
1.978121948242187500e+03
1.969888183593750000e+03
1.961749633789062500e+03
1.953710693359375000e+03
1.945775268554687500e+03
1.937947875976562500e+03
1.930232666015625000e+03
1.922633911132812500e+03
1.915155761718750000e+03
1.907802490234375000e+03
1.900578613281250000e+03
1.893488037109375000e+03
1.886535278320312500e+03
1.879724243164062500e+03
1.873059326171875000e+03
1.866545043945312500e+03
1.860185424804687500e+03
1.853984497070312500e+03
1.847947021484375000e+03
1.842076660156250000e+03
1.836378295898437500e+03
1.830855590820312500e+03
1.825512939453125000e+03
1.820354980468750000e+03
1.815385498046875000e+03
1.810608032226562500e+03
1.806023437500000000e+03
1.801631225585937500e+03
1.797431274414062500e+03
1.793423339843750000e+03
1.789607177734375000e+03
1.785982666015625000e+03
1.782549560546875000e+03
1.779307617187500000e+03
1.776256591796875000e+03
1.773396362304687500e+03
1.770726684570312500e+03
1.768247314453125000e+03
1.765957885742187500e+03
1.763858398437500000e+03
1.761948608398437500e+03
1.760228271484375000e+03
1.758697265625000000e+03
1.757355346679687500e+03
1.756202026367187500e+03
1.755237548828125000e+03
1.754461181640625000e+03
1.753873168945312500e+03
1.753473022460937500e+03
1.753260864257812500e+03
1.753235839843750000e+03
1.753398437500000000e+03
1.753747924804687500e+03
1.754284423828125000e+03
1.755007568359375000e+03
1.755917114257812500e+03
1.757012939453125000e+03
1.758294677734375000e+03
1.759762329101562500e+03
1.761415649414062500e+03
1.763254272460937500e+03
1.765278198242187500e+03
1.767486816406250000e+03
1.769880371093750000e+03
1.772458374023437500e+03
1.775220703125000000e+03
1.778167236328125000e+03
1.781297607421875000e+03
1.784611450195312500e+03
1.788108886718750000e+03
1.791789550781250000e+03
1.795653320312500000e+03
1.799699829101562500e+03
1.803928833007812500e+03
1.808340454101562500e+03
1.812933349609375000e+03
1.817704589843750000e+03
1.822650024414062500e+03
1.827765502929687500e+03
1.833047241210937500e+03
1.838490966796875000e+03
1.844093017578125000e+03
1.849849121093750000e+03
1.855755615234375000e+03
1.861808227539062500e+03
1.868002807617187500e+03
1.874335693359375000e+03
1.880802734375000000e+03
1.887400024414062500e+03
1.894123291015625000e+03
1.900968872070312500e+03
1.907932617187500000e+03
1.915010498046875000e+03
1.922198486328125000e+03
1.929492919921875000e+03
1.936889160156250000e+03
1.944383789062500000e+03
1.951972534179687500e+03
1.959651367187500000e+03
1.967416503906250000e+03
1.975263793945312500e+03
1.983189208984375000e+03
1.991188964843750000e+03
1.999258666992187500e+03
2.007394531250000000e+03
2.015592773437500000e+03
2.023849121093750000e+03
2.032159545898437500e+03
2.040520263671875000e+03
2.048927001953125000e+03
2.057375976562500000e+03
2.065863037109375000e+03
2.074384521484375000e+03
2.082936035156250000e+03
2.091513671875000000e+03
2.100113769531250000e+03
2.108731933593750000e+03
2.117364013671875000e+03
2.126006591796875000e+03
2.134655029296875000e+03
2.143305908203125000e+03
2.151954833984375000e+03
2.160597900390625000e+03
2.169231201171875000e+03
2.177850830078125000e+03
2.186452392578125000e+03
2.195032958984375000e+03
2.203587890625000000e+03
2.212114501953125000e+03
2.220608398437500000e+03
2.229066406250000000e+03
2.237485107421875000e+03
2.245859863281250000e+03
2.254187988281250000e+03
2.262465820312500000e+03
2.270689208984375000e+03
2.278854736328125000e+03
2.286958740234375000e+03
2.294997802734375000e+03
2.302968017578125000e+03
2.310865722656250000e+03
2.318687500000000000e+03
2.326429443359375000e+03
2.334088134765625000e+03
2.341659912109375000e+03
2.349141357421875000e+03
2.356528076171875000e+03
2.363817382812500000e+03
2.371004882812500000e+03
2.378087158203125000e+03
2.385060791015625000e+03
2.391921875000000000e+03
2.398666992187500000e+03
2.405292480468750000e+03
2.411794677734375000e+03
2.418169677734375000e+03
2.424414306640625000e+03
2.430524414062500000e+03
2.436496582031250000e+03
2.442327392578125000e+03
2.448012939453125000e+03
2.453549804687500000e+03
2.458934326171875000e+03
2.464162353515625000e+03
2.469230957031250000e+03
2.474135986328125000e+03
2.478874023437500000e+03
2.483441650390625000e+03
2.487834716796875000e+03
2.492050048828125000e+03
2.496083740234375000e+03
2.499932128906250000e+03
2.503591796875000000e+03
2.507058837890625000e+03
2.510330078125000000e+03
2.513401855468750000e+03
2.516274169921875000e+03
2.518946533203125000e+03
2.521419677734375000e+03
2.523692871093750000e+03
2.525766601562500000e+03
2.527641113281250000e+03
2.529315917968750000e+03
2.530791503906250000e+03
2.532067626953125000e+03
2.533144287109375000e+03
2.534021972656250000e+03
2.534700439453125000e+03
2.535179687500000000e+03
2.535459716796875000e+03
2.535540771484375000e+03
2.535423095703125000e+03
2.535105957031250000e+03
2.534590332031250000e+03
2.533875488281250000e+03
2.532962158203125000e+03
2.531849609375000000e+03
2.530538574218750000e+03
2.529028808593750000e+03
2.527320312500000000e+03
2.525413330078125000e+03
2.523307861328125000e+03
2.521003906250000000e+03
2.518501220703125000e+03
2.515800292968750000e+03
2.512900878906250000e+03
2.509803466796875000e+03
2.506507324218750000e+03
2.503013183593750000e+03
2.499320800781250000e+03
2.495430419921875000e+03
2.491341796875000000e+03
2.487055175781250000e+03
2.482570556640625000e+03
2.477887939453125000e+03
2.473007568359375000e+03
2.467929199218750000e+03
2.462653076171875000e+03
2.457179199218750000e+03
2.451507568359375000e+03
2.445638183593750000e+03
2.439571289062500000e+03
2.433306640625000000e+03
2.426844726562500000e+03
2.420185302734375000e+03
2.413328613281250000e+03
2.406278320312500000e+03
2.399037353515625000e+03
2.391608886718750000e+03
2.383996826171875000e+03
2.376204101562500000e+03
2.368234619140625000e+03
2.360091308593750000e+03
2.351778076171875000e+03
2.343297607421875000e+03
2.334654052734375000e+03
2.325850341796875000e+03
2.316890380859375000e+03
2.307776855468750000e+03
2.298513671875000000e+03
2.289104003906250000e+03
2.279551513671875000e+03
2.269859619140625000e+03
2.260031005859375000e+03
2.250070068359375000e+03
2.239979736328125000e+03
2.229763183593750000e+03
2.219424560546875000e+03
2.208966308593750000e+03
2.198392578125000000e+03
2.187706542968750000e+03
2.176911376953125000e+03
2.166010742187500000e+03
2.155008056640625000e+03
2.143906494140625000e+03
2.132709716796875000e+03
2.121421386718750000e+03
2.110044189453125000e+03
2.098581787109375000e+03
2.087037597656250000e+03
2.075415527343750000e+03
2.063718261718750000e+03
2.051949707031250000e+03
2.040112915039062500e+03
2.028211425781250000e+03
2.016248901367187500e+03
2.004228149414062500e+03
1.992153198242187500e+03
1.980027099609375000e+03
1.967853271484375000e+03
1.955635253906250000e+03
1.943376464843750000e+03
1.931080200195312500e+03
1.918749877929687500e+03
1.906388916015625000e+03
1.894000610351562500e+03
1.881588378906250000e+03
1.869155395507812500e+03
1.856704833984375000e+03
1.844240112304687500e+03
1.831764160156250000e+03
1.819280395507812500e+03
1.806792114257812500e+03
1.794302612304687500e+03
1.781814697265625000e+03
1.769332153320312500e+03
1.756857910156250000e+03
1.744395141601562500e+03
1.731947265625000000e+03
1.719517456054687500e+03
1.707108886718750000e+03
1.694724975585937500e+03
1.682368652343750000e+03
1.670043579101562500e+03
1.657752563476562500e+03
1.645498901367187500e+03
1.633286254882812500e+03
1.621117309570312500e+03
1.608995605468750000e+03
1.596924316406250000e+03
1.584906616210937500e+03
1.572945922851562500e+03
1.561045288085937500e+03
1.549207885742187500e+03
1.537437255859375000e+03
1.525736328125000000e+03
1.514108520507812500e+03
1.502557006835937500e+03
1.491084960937500000e+03
1.479695678710937500e+03
1.468392456054687500e+03
1.457178466796875000e+03
1.446056884765625000e+03
1.435031005859375000e+03
1.424104125976562500e+03
1.413279296875000000e+03
1.402559936523437500e+03
1.391949340820312500e+03
1.381450439453125000e+03
1.371066772460937500e+03
1.360801391601562500e+03
1.350657714843750000e+03
1.340638671875000000e+03
1.330747680664062500e+03
1.320988159179687500e+03
1.311362548828125000e+03
1.301872070312500000e+03
1.292516967773437500e+03
1.283297607421875000e+03
1.274214721679687500e+03
1.265268676757812500e+03
1.256459838867187500e+03
1.247788696289062500e+03
1.239255737304687500e+03
1.230861450195312500e+03
1.222606201171875000e+03
1.214490478515625000e+03
1.206514648437500000e+03
1.198679443359375000e+03
1.190985107421875000e+03
1.183432006835937500e+03
1.176020874023437500e+03
1.168751953125000000e+03
1.161625854492187500e+03
1.154642822265625000e+03
1.147803466796875000e+03
1.141108276367187500e+03
1.134557495117187500e+03
1.128151855468750000e+03
1.121891601562500000e+03
1.115777343750000000e+03
1.109809326171875000e+03
1.103988159179687500e+03
1.098314453125000000e+03
1.092788330078125000e+03
1.087410522460937500e+03
1.082181274414062500e+03
1.077101196289062500e+03
1.072170532226562500e+03
1.067390136718750000e+03
1.062760131835937500e+03
1.058281005859375000e+03
1.053953247070312500e+03
1.049777465820312500e+03
1.045753784179687500e+03
1.041883056640625000e+03
1.038165405273437500e+03
1.034601562500000000e+03
1.031191772460937500e+03
1.027936523437500000e+03
1.024836303710937500e+03
1.021891723632812500e+03
1.019102966308593750e+03
1.016470642089843750e+03
1.013995178222656250e+03
1.011676513671875000e+03
1.009513244628906250e+03
1.007502990722656250e+03
1.005643798828125000e+03
1.003933532714843750e+03
1.002370117187500000e+03
1.000951538085937500e+03
9.996754150390625000e+02
9.985399780273437500e+02
9.975429687500000000e+02
9.966822509765625000e+02
9.959558105468750000e+02
9.953616333007812500e+02
9.948975219726562500e+02
9.945613403320312500e+02
9.943509521484375000e+02
9.942644653320312500e+02
9.942996826171875000e+02
9.944544067382812500e+02
9.947266235351562500e+02
9.951143798828125000e+02
9.956152954101562500e+02
9.962275390625000000e+02
9.969488525390625000e+02
9.977771606445312500e+02
9.987103271484375000e+02
9.997464599609375000e+02
1.000883239746093750e+03
1.002118713378906250e+03
1.003450683593750000e+03
1.004877136230468750e+03
1.006395935058593750e+03
1.008004882812500000e+03
1.009702148437500000e+03
1.011485351562500000e+03
1.013352539062500000e+03
1.015301696777343750e+03
1.017330505371093750e+03
1.019437072753906250e+03
1.021619262695312500e+03
1.023874816894531250e+03
1.026201782226562500e+03
1.028598144531250000e+03
1.031061645507812500e+03
1.033590209960937500e+03
1.036181884765625000e+03
1.038834350585937500e+03
1.041545654296875000e+03
1.044313720703125000e+03
1.047136474609375000e+03
1.050011596679687500e+03
1.052936889648437500e+03
1.055909912109375000e+03
1.058928100585937500e+03
1.061989257812500000e+03
1.065090820312500000e+03
1.068230224609375000e+03
1.071405395507812500e+03
1.074613769531250000e+03
1.077852905273437500e+03
1.081120239257812500e+03
1.084413574218750000e+03
1.087730346679687500e+03
1.091068359375000000e+03
1.094424926757812500e+03
1.097797729492187500e+03
1.101184326171875000e+03
1.104582397460937500e+03
1.107989501953125000e+03
1.111403198242187500e+03
1.114820922851562500e+03
1.118240234375000000e+03
1.121659179687500000e+03
1.125074829101562500e+03
1.128484985351562500e+03
1.131887084960937500e+03
1.135278930664062500e+03
1.138658081054687500e+03
1.142021850585937500e+03
1.145368041992187500e+03
1.148694213867187500e+03
1.151997924804687500e+03
1.155276733398437500e+03
1.158528320312500000e+03
1.161750122070312500e+03
1.164939697265625000e+03
1.168094726562500000e+03
1.171212890625000000e+03
1.174291625976562500e+03
1.177328613281250000e+03
1.180321166992187500e+03
1.183267211914062500e+03
1.186164184570312500e+03
1.189009521484375000e+03
1.191801147460937500e+03
1.194536376953125000e+03
1.197212768554687500e+03
1.199828002929687500e+03
1.202379760742187500e+03
1.204865356445312500e+03
1.207282958984375000e+03
1.209631469726562500e+03
1.211910644531250000e+03
1.214119628906250000e+03
1.216257812500000000e+03
1.218325073242187500e+03
1.220320434570312500e+03
1.222243408203125000e+03
1.224093627929687500e+03
1.225870605468750000e+03
1.227573364257812500e+03
1.229201782226562500e+03
1.230755004882812500e+03
1.232232666015625000e+03
1.233634155273437500e+03
1.234958984375000000e+03
1.236206420898437500e+03
1.237376098632812500e+03
1.238467285156250000e+03
1.239479614257812500e+03
1.240412475585937500e+03
1.241265258789062500e+03
1.242037475585937500e+03
1.242728515625000000e+03
1.243337890625000000e+03
1.243864990234375000e+03
1.244309326171875000e+03
1.244670166015625000e+03
1.244947143554687500e+03
1.245139648437500000e+03
1.245247192382812500e+03
1.245269042968750000e+03
1.245204956054687500e+03
1.245053955078125000e+03
1.244815795898437500e+03
1.244489990234375000e+03
1.244075683593750000e+03
1.243572509765625000e+03
1.242979980468750000e+03
1.242297363281250000e+03
1.241524291992187500e+03
1.240659912109375000e+03
1.239703979492187500e+03
1.238655883789062500e+03
1.237515014648437500e+03
1.236280761718750000e+03
1.234952636718750000e+03
1.233530151367187500e+03
1.232012573242187500e+03
1.230399536132812500e+03
1.228690795898437500e+03
1.226887207031250000e+03
1.224990234375000000e+03
1.223001342773437500e+03
1.220921630859375000e+03
1.218752807617187500e+03
1.216495971679687500e+03
1.214152465820312500e+03
1.211723876953125000e+03
1.209211425781250000e+03
1.206616333007812500e+03
1.203940063476562500e+03
1.201183959960937500e+03
1.198349487304687500e+03
1.195437866210937500e+03
1.192450683593750000e+03
1.189388916015625000e+03
1.186254272460937500e+03
1.183047851562500000e+03
1.179771118164062500e+03
1.176425537109375000e+03
1.173012329101562500e+03
1.169532714843750000e+03
1.165988403320312500e+03
1.162380493164062500e+03
1.158710327148437500e+03
1.154979614257812500e+03
1.151189208984375000e+03
1.147340820312500000e+03
1.143435546875000000e+03
1.139475097656250000e+03
1.135460449218750000e+03
1.131393188476562500e+03
1.127274658203125000e+03
1.123106079101562500e+03
1.118888916015625000e+03
1.114624511718750000e+03
1.110314331054687500e+03
1.105959472656250000e+03
1.101561523437500000e+03
1.097121704101562500e+03
1.092641357421875000e+03
1.088122070312500000e+03
1.083564941406250000e+03
1.078971435546875000e+03
1.074342773437500000e+03
1.069680664062500000e+03
1.064986083984375000e+03
1.060260620117187500e+03
1.055505493164062500e+03
1.050722167968750000e+03
1.045912231445312500e+03
1.041077392578125000e+03
1.036219238281250000e+03
1.031339599609375000e+03
1.026439941406250000e+03
1.021522094726562500e+03
1.016587585449218750e+03
1.011638061523437500e+03
1.006675354003906250e+03
1.001701049804687500e+03
9.967167968750000000e+02
9.917241821289062500e+02
9.867250366210937500e+02
9.817208862304687500e+02
9.767133178710937500e+02
9.717042236328125000e+02
9.666952514648437500e+02
9.616878662109375000e+02
9.566838378906250000e+02
9.516848754882812500e+02
9.466925659179687500e+02
9.417086181640625000e+02
9.367346801757812500e+02
9.317723999023437500e+02
9.268235473632812500e+02
9.218896484375000000e+02
9.169723510742187500e+02
9.120734863281250000e+02
9.071945190429687500e+02
9.023373413085937500e+02
8.975033569335937500e+02
8.926944580078125000e+02
8.879122314453125000e+02
8.831581420898437500e+02
8.784342041015625000e+02
8.737418212890625000e+02
8.690828247070312500e+02
8.644587402343750000e+02
8.598712768554687500e+02
8.553221435546875000e+02
8.508129882812500000e+02
8.463453979492187500e+02
8.419211425781250000e+02
8.375418090820312500e+02
8.332091674804687500e+02
8.289247436523437500e+02
8.246902465820312500e+02
8.205073852539062500e+02
8.163778076171875000e+02
8.123029174804687500e+02
8.082833862304687500e+02
8.043195800781250000e+02
8.004119873046875000e+02
7.965608520507812500e+02
7.927667846679687500e+02
7.890300903320312500e+02
7.853511352539062500e+02
7.817302856445312500e+02
7.781680908203125000e+02
7.746649169921875000e+02
7.712210693359375000e+02
7.678370361328125000e+02
7.645132446289062500e+02
7.612500610351562500e+02
7.580479125976562500e+02
7.549071655273437500e+02
7.518282470703125000e+02
7.488116455078125000e+02
7.458576049804687500e+02
7.429666137695312500e+02
7.401390991210937500e+02
7.373753662109375000e+02
7.346759643554687500e+02
7.320413208007812500e+02
7.294716186523437500e+02
7.269674072265625000e+02
7.245291748046875000e+02
7.221571655273437500e+02
7.198519287109375000e+02
7.176137084960937500e+02
7.154429931640625000e+02
7.133403320312500000e+02
7.113058471679687500e+02
7.093401489257812500e+02
7.074435424804687500e+02
7.056165161132812500e+02
7.038594360351562500e+02
7.021727294921875000e+02
7.005567016601562500e+02
6.990119018554687500e+02
6.975386352539062500e+02
6.961373291015625000e+02
6.948084716796875000e+02
6.935523071289062500e+02
6.923693847656250000e+02
6.912600708007812500e+02
6.902247314453125000e+02
6.892637939453125000e+02
6.883776855468750000e+02
6.875665283203125000e+02
6.868296508789062500e+02
6.861659545898437500e+02
6.855745239257812500e+02
6.850543823242187500e+02
6.846044311523437500e+02
6.842236938476562500e+02
6.839113769531250000e+02
6.836661376953125000e+02
6.834873657226562500e+02
6.833737182617187500e+02
6.833244628906250000e+02
6.833385009765625000e+02
6.834147949218750000e+02
6.835524291992187500e+02
6.837503051757812500e+02
6.840076293945312500e+02
6.843231811523437500e+02
6.846961669921875000e+02
6.851254272460937500e+02
6.856099853515625000e+02
6.861489868164062500e+02
6.867413940429687500e+02
6.873860473632812500e+02
6.880821533203125000e+02
6.888286743164062500e+02
6.896245727539062500e+02
6.904688110351562500e+02
6.913604736328125000e+02
6.922985229492187500e+02
6.932820434570312500e+02
6.943099975585937500e+02
6.953812866210937500e+02
6.964951171875000000e+02
6.976503906250000000e+02
6.988460083007812500e+02
7.000811767578125000e+02
7.013547363281250000e+02
7.026658325195312500e+02
7.040133666992187500e+02
7.053964233398437500e+02
7.068139648437500000e+02
7.082649536132812500e+02
7.097484741210937500e+02
7.112635498046875000e+02
7.128090209960937500e+02
7.143840942382812500e+02
7.159877319335937500e+02
7.176188354492187500e+02
7.192764892578125000e+02
7.209597167968750000e+02
7.226671752929687500e+02
7.243975830078125000e+02
7.261496582031250000e+02
7.279222412109375000e+02
7.297139282226562500e+02
7.315234375000000000e+02
7.333494873046875000e+02
7.351908569335937500e+02
7.370462036132812500e+02
7.389142456054687500e+02
7.407937622070312500e+02
7.426834106445312500e+02
7.445819091796875000e+02
7.464879760742187500e+02
7.484003906250000000e+02
7.503176879882812500e+02
7.522388305664062500e+02
7.541623535156250000e+02
7.560870361328125000e+02
7.580116577148437500e+02
7.599348144531250000e+02
7.618552856445312500e+02
7.637717895507812500e+02
7.656830444335937500e+02
7.675877075195312500e+02
7.694845581054687500e+02
7.713723144531250000e+02
7.732496948242187500e+02
7.751153564453125000e+02
7.769680786132812500e+02
7.788065185546875000e+02
7.806294555664062500e+02
7.824356079101562500e+02
7.842236328125000000e+02
7.859922485351562500e+02
7.877402343750000000e+02
7.894663085937500000e+02
7.911690673828125000e+02
7.928473510742187500e+02
7.944998168945312500e+02
7.961252441406250000e+02
7.977222290039062500e+02
7.992896118164062500e+02
8.008260498046875000e+02
8.023302612304687500e+02
8.038009643554687500e+02
8.052369384765625000e+02
8.066367797851562500e+02
8.079992675781250000e+02
8.093233032226562500e+02
8.106082763671875000e+02
8.118537597656250000e+02
8.130593872070312500e+02
8.142246704101562500e+02
8.153492431640625000e+02
8.164327392578125000e+02
8.174746704101562500e+02
8.184746093750000000e+02
8.194321899414062500e+02
8.203470458984375000e+02
8.212186279296875000e+02
8.220465698242187500e+02
8.228305053710937500e+02
8.235700073242187500e+02
8.242645874023437500e+02
8.249139404296875000e+02
8.255176391601562500e+02
8.260751342773437500e+02
8.265861816406250000e+02
8.270502319335937500e+02
8.274669189453125000e+02
8.278358764648437500e+02
8.281566162109375000e+02
8.284287719726562500e+02
8.286519165039062500e+02
8.288256225585937500e+02
8.289494018554687500e+02
8.290230712890625000e+02
8.290459594726562500e+02
8.290178222656250000e+02
8.289381103515625000e+02
8.288065185546875000e+02
8.286224975585937500e+02
8.283858642578125000e+02
8.280959472656250000e+02
8.277525024414062500e+02
8.273550415039062500e+02
8.269031982421875000e+02
8.263964843750000000e+02
8.258345336914062500e+02
8.252169189453125000e+02
8.245432128906250000e+02
8.238130493164062500e+02
8.230259399414062500e+02
8.221815795898437500e+02
8.212794189453125000e+02
8.203191528320312500e+02
8.193003540039062500e+02
8.182224731445312500e+02
8.170853881835937500e+02
8.158896484375000000e+02
8.146358032226562500e+02
8.133244628906250000e+02
8.119564208984375000e+02
8.105322265625000000e+02
8.090526123046875000e+02
8.075182495117187500e+02
8.059296875000000000e+02
8.042876586914062500e+02
8.025928344726562500e+02
8.008458862304687500e+02
7.990473632812500000e+02
7.971979980468750000e+02
7.952985229492187500e+02
7.933494262695312500e+02
7.913515014648437500e+02
7.893053588867187500e+02
7.872116088867187500e+02
7.850710449218750000e+02
7.828842163085937500e+02
7.806517944335937500e+02
7.783744506835937500e+02
7.760527954101562500e+02
7.736875610351562500e+02
7.712794189453125000e+02
7.688289184570312500e+02
7.663368530273437500e+02
7.638037719726562500e+02
7.612303466796875000e+02
7.586173095703125000e+02
7.559652099609375000e+02
7.532748413085937500e+02
7.505466918945312500e+02
7.477816162109375000e+02
7.449800415039062500e+02
7.421428833007812500e+02
7.392705688476562500e+02
7.363638916015625000e+02
7.334234619140625000e+02
7.304499511718750000e+02
7.274440307617187500e+02
7.244063110351562500e+02
7.213375244140625000e+02
7.182382202148437500e+02
7.151091918945312500e+02
7.119509887695312500e+02
7.087642822265625000e+02
7.055498046875000000e+02
7.023081054687500000e+02
6.990400390625000000e+02
6.957463989257812500e+02
6.924282226562500000e+02
6.890864257812500000e+02
6.857221069335937500e+02
6.823361816406250000e+02
6.789296264648437500e+02
6.755034179687500000e+02
6.720585937500000000e+02
6.685960083007812500e+02
6.651167602539062500e+02
6.616217651367187500e+02
6.581121215820312500e+02
6.545886840820312500e+02
6.510524291992187500e+02
6.475043945312500000e+02
6.439455566406250000e+02
6.403768920898437500e+02
6.367993164062500000e+02
6.332139282226562500e+02
6.296216430664062500e+02
6.260234375000000000e+02
6.224202270507812500e+02
6.188131713867187500e+02
6.152030639648437500e+02
6.115910034179687500e+02
6.079779663085937500e+02
6.043648071289062500e+02
6.007526855468750000e+02
5.971424560546875000e+02
5.935352172851562500e+02
5.899317626953125000e+02
5.863332519531250000e+02
5.827405395507812500e+02
5.791547241210937500e+02
5.755766601562500000e+02
5.720074462890625000e+02
5.684479980468750000e+02
5.648992919921875000e+02
5.613623046875000000e+02
5.578381347656250000e+02
5.543275756835937500e+02
5.508317260742187500e+02
5.473515014648437500e+02
5.438879394531250000e+02
5.404420166015625000e+02
5.370147094726562500e+02
5.336069946289062500e+02
5.302197875976562500e+02
5.268541259765625000e+02
5.235109252929687500e+02
5.201906738281250000e+02
5.168937988281250000e+02
5.136207885742187500e+02
5.103720092773437500e+02
5.071478881835937500e+02
5.039489135742187500e+02
5.007754516601562500e+02
4.976279907226562500e+02
4.945068969726562500e+02
4.914126892089843750e+02
4.883457336425781250e+02
4.853064575195312500e+02
4.822953186035156250e+02
4.793127746582031250e+02
4.763591918945312500e+02
4.734350280761718750e+02
4.705407104492187500e+02
4.676766967773437500e+02
4.648433837890625000e+02
4.620412597656250000e+02
4.592707214355468750e+02
4.565321655273437500e+02
4.538259887695312500e+02
4.511528015136718750e+02
4.485128479003906250e+02
4.459066467285156250e+02
4.433346252441406250e+02
4.407971801757812500e+02
4.382947387695312500e+02
4.358278198242187500e+02
4.333967590332031250e+02
4.310020141601562500e+02
4.286440124511718750e+02
4.263232116699218750e+02
4.240400085449218750e+02
4.217948913574218750e+02
4.195882263183593750e+02
4.174205017089843750e+02
4.152920837402343750e+02
4.132034301757812500e+02
4.111549987792968750e+02
4.091471862792968750e+02
4.071804504394531250e+02
4.052552185058593750e+02
4.033718872070312500e+02
4.015309448242187500e+02
3.997327575683593750e+02
3.979778137207031250e+02
3.962665100097656250e+02
3.945991516113281250e+02
3.929755859375000000e+02
3.913953552246093750e+02
3.898581542968750000e+02
3.883637084960937500e+02
3.869115905761718750e+02
3.855014953613281250e+02
3.841330261230468750e+02
3.828059082031250000e+02
3.815197753906250000e+02
3.802742309570312500e+02
3.790689697265625000e+02
3.779036560058593750e+02
3.767779541015625000e+02
3.756914672851562500e+02
3.746438903808593750e+02
3.736348571777343750e+02
3.726640319824218750e+02
3.717310485839843750e+02
3.708356323242187500e+02
3.699773559570312500e+02
3.691558837890625000e+02
3.683709106445312500e+02
3.676220703125000000e+02
3.669090270996093750e+02
3.662314147949218750e+02
3.655888977050781250e+02
3.649811401367187500e+02
3.644077758789062500e+02
3.638684692382812500e+02
3.633629150390625000e+02
3.628906860351562500e+02
3.624514770507812500e+02
3.620449523925781250e+02
3.616707763671875000e+02
3.613285827636718750e+02
3.610180358886718750e+02
3.607387390136718750e+02
3.604904479980468750e+02
3.602727355957031250e+02
3.600852661132812500e+02
3.599277038574218750e+02
3.597997131347656250e+02
3.597009887695312500e+02
3.596311035156250000e+02
3.595897216796875000e+02
3.595765686035156250e+02
3.595912170410156250e+02
3.596333923339843750e+02
3.597026977539062500e+02
3.597987365722656250e+02
3.599209289550781250e+02
3.600686035156250000e+02
3.602410888671875000e+02
3.604377136230468750e+02
3.606578674316406250e+02
3.609008483886718750e+02
3.611659851074218750e+02
3.614526367187500000e+02
3.617601623535156250e+02
3.620878601074218750e+02
3.624350891113281250e+02
3.628011779785156250e+02
3.631854858398437500e+02
3.635873107910156250e+02
3.640060424804687500e+02
3.644409790039062500e+02
3.648915100097656250e+02
3.653569030761718750e+02
3.658365478515625000e+02
3.663297729492187500e+02
3.668359069824218750e+02
3.673543090820312500e+02
3.678843078613281250e+02
3.684252014160156250e+02
3.689764099121093750e+02
3.695372009277343750e+02
3.701069641113281250e+02
3.706849975585937500e+02
3.712706604003906250e+02
3.718633117675781250e+02
3.724622497558593750e+02
3.730668029785156250e+02
3.736763916015625000e+02
3.742902526855468750e+02
3.749078063964843750e+02
3.755283508300781250e+02
3.761512145996093750e+02
3.767757873535156250e+02
3.774013671875000000e+02
3.780272827148437500e+02
3.786528930664062500e+02
3.792775268554687500e+02
3.799005432128906250e+02
3.805212707519531250e+02
3.811390380859375000e+02
3.817532043457031250e+02
3.823630981445312500e+02
3.829680175781250000e+02
3.835673828125000000e+02
3.841605529785156250e+02
3.847470397949218750e+02
3.853265991210937500e+02
3.858988342285156250e+02
3.864633483886718750e+02
3.870198364257812500e+02
3.875679016113281250e+02
3.881071777343750000e+02
3.886373291015625000e+02
3.891580200195312500e+02
3.896688232421875000e+02
3.901694641113281250e+02
3.906595153808593750e+02
3.911386413574218750e+02
3.916065063476562500e+02
3.920627136230468750e+02
3.925069274902343750e+02
3.929387817382812500e+02
3.933579406738281250e+02
3.937640075683593750e+02
3.941566467285156250e+02
3.945354919433593750e+02
3.949001770019531250e+02
3.952503356933593750e+02
3.955856323242187500e+02
3.959057006835937500e+02
3.962102050781250000e+02
3.964987487792968750e+02
3.967709960937500000e+02
3.970265808105468750e+02
3.972651367187500000e+02
3.974862976074218750e+02
3.976897277832031250e+02
3.978750610351562500e+02
3.980419311523437500e+02
3.981900024414062500e+02
3.983188781738281250e+02
3.984282531738281250e+02
3.985177001953125000e+02
3.985869140625000000e+02
3.986354980468750000e+02
3.986631164550781250e+02
3.986694335937500000e+02
3.986540527343750000e+02
3.986166076660156250e+02
3.985567626953125000e+02
3.984741821289062500e+02
3.983684692382812500e+02
3.982392578125000000e+02
3.980862121582031250e+02
3.979090576171875000e+02
3.977078857421875000e+02
3.974828491210937500e+02
3.972341003417968750e+02
3.969618835449218750e+02
3.966662597656250000e+02
3.963475036621093750e+02
3.960057067871093750e+02
3.956410827636718750e+02
3.952537841796875000e+02
3.948439941406250000e+02
3.944118652343750000e+02
3.939575805664062500e+02
3.934813232421875000e+02
3.929832153320312500e+02
3.924634399414062500e+02
3.919222106933593750e+02
3.913596801757812500e+02
3.907760009765625000e+02
3.901713256835937500e+02
3.895458679199218750e+02
3.888997802734375000e+02
3.882332153320312500e+02
3.875463562011718750e+02
3.868394165039062500e+02
3.861124877929687500e+02
3.853657531738281250e+02
3.845994262695312500e+02
3.838136901855468750e+02
3.830086364746093750e+02
3.821844787597656250e+02
3.813414001464843750e+02
3.804795532226562500e+02
3.795991210937500000e+02
3.787002258300781250e+02
3.777831420898437500e+02
3.768479309082031250e+02
3.758948059082031250e+02
3.749239196777343750e+02
3.739354858398437500e+02
3.729296264648437500e+02
3.719065551757812500e+02
3.708663940429687500e+02
3.698093261718750000e+02
3.687355346679687500e+02
3.676452026367187500e+02
3.665385131835937500e+02
3.654155578613281250e+02
3.642765502929687500e+02
3.631216735839843750e+02
3.619511413574218750e+02
3.607653198242187500e+02
3.595646362304687500e+02
3.583495483398437500e+02
3.571204223632812500e+02
3.558777160644531250e+02
3.546218872070312500e+02
3.533533020019531250e+02
3.520724182128906250e+02
3.507796325683593750e+02
3.494754028320312500e+02
3.481601562500000000e+02
3.468342590332031250e+02
3.454982299804687500e+02
3.441524353027343750e+02
3.427973022460937500e+02
3.414332885742187500e+02
3.400607604980468750e+02
3.386802062988281250e+02
3.372919921875000000e+02
3.358966064453125000e+02
3.344944458007812500e+02
3.330859375000000000e+02
3.316714782714843750e+02
3.302515258789062500e+02
3.288265075683593750e+02
3.273968200683593750e+02
3.259629516601562500e+02
3.245252075195312500e+02
3.230841369628906250e+02
3.216401367187500000e+02
3.201935729980468750e+02
3.187449340820312500e+02
3.172946166992187500e+02
3.158430480957031250e+02
3.143906555175781250e+02
3.129378356933593750e+02
3.114850769042968750e+02
3.100327758789062500e+02
3.085813293457031250e+02
3.071311950683593750e+02
3.056828002929687500e+02
3.042365722656250000e+02
3.027929077148437500e+02
3.013522338867187500e+02
2.999150085449218750e+02
2.984816589355468750e+02
2.970525207519531250e+02
2.956281433105468750e+02
2.942088928222656250e+02
2.927951660156250000e+02
2.913872375488281250e+02
2.899853820800781250e+02
2.885898742675781250e+02
2.872009277343750000e+02
2.858187866210937500e+02
2.844437561035156250e+02
2.830760498046875000e+02
2.817159729003906250e+02
2.803637084960937500e+02
2.790195922851562500e+02
2.776838073730468750e+02
2.763566589355468750e+02
2.750383605957031250e+02
2.737292175292968750e+02
2.724294128417968750e+02
2.711392517089843750e+02
2.698590087890625000e+02
2.685888977050781250e+02
2.673291931152343750e+02
2.660801391601562500e+02
2.648420410156250000e+02
2.636150512695312500e+02
2.623995056152343750e+02
2.611956481933593750e+02
2.600036926269531250e+02
2.588239440917968750e+02
2.576566467285156250e+02
2.565020446777343750e+02
2.553603668212890625e+02
2.542319183349609375e+02
2.531169281005859375e+02
2.520156402587890625e+02
2.509283447265625000e+02
2.498552703857421875e+02
2.487966766357421875e+02
2.477528228759765625e+02
2.467239532470703125e+02
2.457103118896484375e+02
2.447121887207031250e+02
2.437298583984375000e+02
2.427635040283203125e+02
2.418134155273437500e+02
2.408798522949218750e+02
2.399630584716796875e+02
2.390633239746093750e+02
2.381808319091796875e+02
2.373159027099609375e+02
2.364687957763671875e+02
2.356397247314453125e+02
2.348288879394531250e+02
2.340362854003906250e+02
2.332617492675781250e+02
2.325052490234375000e+02
2.317666320800781250e+02
2.310458526611328125e+02
2.303427581787109375e+02
2.296572723388671875e+02
2.289892883300781250e+02
2.283387145996093750e+02
2.277054290771484375e+02
2.270893554687500000e+02
2.264903869628906250e+02
2.259084167480468750e+02
2.253433532714843750e+02
2.247951049804687500e+02
2.242635345458984375e+02
2.237485961914062500e+02
2.232501220703125000e+02
2.227680816650390625e+02
2.223023376464843750e+02
2.218527832031250000e+02
2.214193420410156250e+02
2.210018768310546875e+02
2.206003265380859375e+02
2.202145843505859375e+02
2.198445281982421875e+02
2.194900817871093750e+02
2.191511077880859375e+02
2.188275756835937500e+02
2.185193023681640625e+02
2.182262268066406250e+02
2.179482727050781250e+02
2.176853332519531250e+02
2.174372558593750000e+02
2.172039794921875000e+02
2.169854125976562500e+02
2.167814178466796875e+02
2.165919494628906250e+02
2.164168701171875000e+02
2.162560577392578125e+02
2.161094665527343750e+02
2.159769592285156250e+02
2.158584594726562500e+02
2.157538452148437500e+02
2.156630249023437500e+02
2.155859069824218750e+02
2.155223693847656250e+02
2.154723205566406250e+02
2.154356842041015625e+02
2.154122924804687500e+02
2.154019012451171875e+02
2.154041900634765625e+02
2.154188842773437500e+02
2.154456787109375000e+02
2.154842681884765625e+02
2.155343475341796875e+02
2.155956268310546875e+02
2.156678009033203125e+02
2.157505798339843750e+02
2.158436584472656250e+02
2.159467315673828125e+02
2.160595245361328125e+02
2.161817016601562500e+02
2.163129730224609375e+02
2.164530639648437500e+02
2.166016387939453125e+02
2.167584533691406250e+02
2.169231414794921875e+02
2.170954742431640625e+02
2.172750701904296875e+02
2.174617004394531250e+02
2.176550445556640625e+02
2.178547668457031250e+02
2.180606384277343750e+02
2.182723083496093750e+02
2.184894714355468750e+02
2.187118530273437500e+02
2.189391479492187500e+02
2.191710815429687500e+02
2.194073028564453125e+02
2.196475524902343750e+02
2.198915100097656250e+02
2.201388854980468750e+02
2.203893737792968750e+02
2.206427154541015625e+02
2.208985443115234375e+02
2.211566009521484375e+02
2.214165802001953125e+02
2.216781616210937500e+02
2.219410858154296875e+02
2.222050323486328125e+02
2.224696807861328125e+02
2.227347717285156250e+02
2.230000000000000000e+02
2.232650299072265625e+02
2.235296020507812500e+02
2.237933959960937500e+02
2.240561218261718750e+02
2.243174743652343750e+02
2.245771636962890625e+02
2.248349914550781250e+02
2.250907440185546875e+02
2.253441772460937500e+02
2.255951385498046875e+02
2.258433685302734375e+02
2.260886993408203125e+02
2.263309173583984375e+02
2.265698242187500000e+02
2.268051757812500000e+02
2.270368041992187500e+02
2.272644805908203125e+02
2.274880065917968750e+02
2.277071838378906250e+02
2.279217987060546875e+02
2.281316223144531250e+02
2.283364868164062500e+02
2.285361480712890625e+02
2.287304382324218750e+02
2.289191131591796875e+02
2.291019744873046875e+02
2.292788391113281250e+02
2.294494934082031250e+02
2.296137237548828125e+02
2.297713012695312500e+02
2.299220428466796875e+02
2.300657501220703125e+02
2.302022247314453125e+02
2.303312072753906250e+02
2.304525299072265625e+02
2.305659790039062500e+02
2.306713409423828125e+02
2.307684326171875000e+02
2.308570556640625000e+02
2.309369201660156250e+02
2.310079193115234375e+02
2.310698089599609375e+02
2.311223449707031250e+02
2.311653747558593750e+02
2.311986846923828125e+02
2.312220458984375000e+02
2.312352447509765625e+02
2.312380981445312500e+02
2.312303924560546875e+02
2.312119140625000000e+02
2.311824645996093750e+02
2.311418609619140625e+02
2.310898284912109375e+02
2.310262298583984375e+02
2.309508209228515625e+02
2.308634490966796875e+02
2.307640991210937500e+02
2.306528320312500000e+02
2.305296783447265625e+02
2.303946838378906250e+02
2.302478790283203125e+02
2.300892944335937500e+02
2.299190063476562500e+02
2.297370147705078125e+02
2.295433959960937500e+02
2.293381652832031250e+02
2.291213989257812500e+02
2.288930664062500000e+02
2.286532745361328125e+02
2.284020233154296875e+02
2.281393890380859375e+02
2.278654022216796875e+02
2.275800781250000000e+02
2.272834777832031250e+02
2.269756317138671875e+02
2.266566009521484375e+02
2.263263854980468750e+02
2.259850921630859375e+02
2.256326751708984375e+02
2.252692565917968750e+02
2.248948211669921875e+02
2.245094451904296875e+02
2.241131439208984375e+02
2.237059478759765625e+02
2.232879486083984375e+02
2.228591461181640625e+02
2.224195709228515625e+02
2.219692840576171875e+02
2.215083312988281250e+02
2.210367584228515625e+02
2.205545959472656250e+02
2.200618438720703125e+02
2.195586090087890625e+02
2.190448760986328125e+02
2.185207366943359375e+02
2.179862060546875000e+02
2.174412994384765625e+02
2.168861236572265625e+02
2.163206481933593750e+02
2.157449340820312500e+02
2.151590423583984375e+02
2.145630187988281250e+02
2.139568634033203125e+02
2.133406524658203125e+02
2.127144317626953125e+02
2.120782318115234375e+02
2.114322357177734375e+02
2.107766723632812500e+02
2.101117248535156250e+02
2.094375915527343750e+02
2.087544860839843750e+02
2.080626068115234375e+02
2.073621368408203125e+02
2.066533050537109375e+02
2.059363098144531250e+02
2.052113494873046875e+02
2.044786071777343750e+02
2.037382965087890625e+02
2.029906311035156250e+02
2.022358093261718750e+02
2.014739990234375000e+02
2.007054595947265625e+02
1.999303436279296875e+02
1.991488800048828125e+02
1.983612670898437500e+02
1.975677032470703125e+02
1.967683868408203125e+02
1.959635162353515625e+02
1.951532897949218750e+02
1.943379516601562500e+02
1.935176391601562500e+02
1.926925964355468750e+02
1.918630218505859375e+02
1.910290985107421875e+02
1.901910400390625000e+02
1.893490447998046875e+02
1.885033264160156250e+02
1.876540832519531250e+02
1.868014984130859375e+02
1.859457855224609375e+02
1.850871582031250000e+02
1.842257995605468750e+02
1.833619232177734375e+02
1.824957122802734375e+02
1.816273956298828125e+02
1.807571716308593750e+02
1.798852233886718750e+02
1.790117645263671875e+02
1.781369781494140625e+02
1.772610931396484375e+02
1.763843078613281250e+02
1.755068054199218750e+02
1.746288146972656250e+02
1.737505035400390625e+02
1.728721008300781250e+02
1.719937896728515625e+02
1.711157379150390625e+02
1.702381286621093750e+02
1.693611145019531250e+02
1.684848480224609375e+02
1.676095275878906250e+02
1.667352752685546875e+02
1.658622894287109375e+02
1.649907073974609375e+02
1.641207275390625000e+02
1.632524871826171875e+02
1.623861694335937500e+02
1.615219268798828125e+02
1.606599273681640625e+02
1.598003234863281250e+02
1.589432830810546875e+02
1.580890045166015625e+02
1.572376251220703125e+02
1.563893127441406250e+02
1.555442352294921875e+02
1.547025299072265625e+02
1.538644104003906250e+02
1.530300140380859375e+02
1.521994934082031250e+02
1.513730468750000000e+02
1.505508117675781250e+02
1.497329559326171875e+02
1.489196624755859375e+02
1.481110839843750000e+02
1.473073730468750000e+02
1.465087127685546875e+02
1.457152557373046875e+02
1.449271850585937500e+02
1.441446380615234375e+02
1.433677978515625000e+02
1.425968322753906250e+02
1.418318939208984375e+02
1.410731658935546875e+02
1.403207855224609375e+02
1.395749206542968750e+02
1.388357696533203125e+02
1.381034698486328125e+02
1.373781890869140625e+02
1.366600952148437500e+02
1.359493560791015625e+02
1.352461395263671875e+02
1.345505828857421875e+02
1.338628845214843750e+02
1.331831970214843750e+02
1.325116729736328125e+02
1.318484802246093750e+02
1.311936187744140625e+02
1.305471191406250000e+02
1.299089508056640625e+02
1.292791595458984375e+02
1.286577148437500000e+02
1.280446472167968750e+02
1.274399337768554688e+02
1.268435974121093750e+02
1.262556457519531250e+02
1.256760711669921875e+02
1.251048889160156250e+02
1.245420989990234375e+02
1.239876861572265625e+02
1.234416885375976562e+02
1.229040908813476562e+02
1.223749008178710938e+02
1.218541107177734375e+02
1.213417510986328125e+02
1.208378067016601562e+02
1.203422927856445312e+02
1.198551940917968750e+02
1.193765335083007812e+02
1.189063110351562500e+02
1.184445343017578125e+02
1.179911956787109375e+02
1.175463104248046875e+02
1.171098861694335938e+02
1.166819076538085938e+02
1.162623977661132812e+02
1.158513488769531250e+02
1.154487762451171875e+02
1.150546722412109375e+02
1.146690597534179688e+02
1.142919235229492188e+02
1.139232635498046875e+02
1.135631103515625000e+02
1.132114562988281250e+02
1.128682861328125000e+02
1.125336380004882812e+02
1.122074890136718750e+02
1.118898544311523438e+02
1.115807342529296875e+02
1.112801437377929688e+02
1.109880752563476562e+02
1.107045364379882812e+02
1.104295196533203125e+02
1.101630554199218750e+02
1.099051361083984375e+02
1.096557617187500000e+02
1.094149093627929688e+02
1.091824951171875000e+02
1.089583892822265625e+02
1.087424545288085938e+02
1.085345993041992188e+02
1.083346710205078125e+02
1.081425704956054688e+02
1.079581832885742188e+02
1.077813568115234375e+02
1.076119918823242188e+02
1.074499511718750000e+02
1.072951354980468750e+02
1.071473922729492188e+02
1.070066299438476562e+02
1.068727111816406250e+02
1.067455139160156250e+02
1.066249237060546875e+02
1.065108108520507812e+02
1.064030532836914062e+02
1.063015365600585938e+02
1.062061386108398438e+02
1.061167373657226562e+02
1.060331954956054688e+02
1.059554138183593750e+02
1.058832550048828125e+02
1.058166046142578125e+02
1.057553405761718750e+02
1.056993331909179688e+02
1.056484756469726562e+02
1.056026306152343750e+02
1.055616836547851562e+02
1.055255126953125000e+02
1.054939956665039062e+02
1.054670181274414062e+02
1.054444351196289062e+02
1.054261474609375000e+02
1.054120330810546875e+02
1.054019622802734375e+02
1.053958129882812500e+02
1.053934631347656250e+02
1.053947906494140625e+02
1.053996810913085938e+02
1.054079971313476562e+02
1.054196395874023438e+02
1.054344711303710938e+02
1.054523696899414062e+02
1.054732208251953125e+02
1.054969024658203125e+02
1.055232849121093750e+02
1.055522460937500000e+02
1.055836791992187500e+02
1.056174468994140625e+02
1.056534500122070312e+02
1.056915588378906250e+02
1.057316513061523438e+02
1.057736282348632812e+02
1.058173599243164062e+02
1.058627243041992188e+02
1.059096145629882812e+02
1.059579010009765625e+02
1.060074768066406250e+02
1.060582275390625000e+02
1.061100234985351562e+02
1.061627502441406250e+02
1.062163009643554688e+02
1.062705459594726562e+02
1.063253631591796875e+02
1.063806533813476562e+02
1.064362792968750000e+02
1.064921417236328125e+02
1.065481109619140625e+02
1.066040725708007812e+02
1.066599044799804688e+02
1.067154998779296875e+02
1.067707366943359375e+02
1.068254928588867188e+02
1.068796539306640625e+02
1.069330978393554688e+02
1.069857101440429688e+02
1.070373764038085938e+02
1.070879821777343750e+02
1.071373977661132812e+02
1.071855239868164062e+02
1.072322158813476562e+02
1.072773818969726562e+02
1.073208847045898438e+02
1.073626251220703125e+02
1.074024734497070312e+02
1.074403152465820312e+02
1.074760360717773438e+02
1.075095138549804688e+02
1.075406341552734375e+02
1.075692672729492188e+02
1.075953140258789062e+02
1.076186523437500000e+02
1.076391601562500000e+02
1.076567153930664062e+02
1.076712036132812500e+02
1.076825180053710938e+02
1.076905288696289062e+02
1.076951370239257812e+02
1.076962966918945312e+02
1.076939926147460938e+02
1.076881942749023438e+02
1.076788711547851562e+02
1.076660003662109375e+02
1.076495513916015625e+02
1.076295013427734375e+02
1.076058273315429688e+02
1.075784988403320312e+02
1.075474929809570312e+02
1.075127792358398438e+02
1.074743347167968750e+02
1.074321289062500000e+02
1.073861389160156250e+02
1.073363418579101562e+02
1.072827072143554688e+02
1.072252044677734375e+02
1.071638183593750000e+02
1.070985183715820312e+02
1.070292739868164062e+02
1.069560623168945312e+02
1.068788604736328125e+02
1.067976303100585938e+02
1.067123565673828125e+02
1.066230163574218750e+02
1.065295639038085938e+02
1.064319992065429688e+02
1.063302764892578125e+02
1.062243804931640625e+02
1.061142807006835938e+02
1.059999542236328125e+02
1.058813705444335938e+02
1.057584991455078125e+02
1.056313171386718750e+02
1.054998092651367188e+02
1.053639297485351562e+02
1.052236709594726562e+02
1.050790023803710938e+02
1.049298934936523438e+02
1.047763137817382812e+02
1.046182403564453125e+02
1.044556503295898438e+02
1.042885208129882812e+02
1.041168212890625000e+02
1.039405212402343750e+02
1.037596054077148438e+02
1.035740280151367188e+02
1.033837814331054688e+02
1.031888351440429688e+02
1.029891738891601562e+02
1.027848815917968750e+02
1.025760269165039062e+02
1.023627014160156250e+02
1.021449966430664062e+02
1.019229888916015625e+02
1.016967773437500000e+02
1.014664382934570312e+02
1.012320556640625000e+02
1.009937210083007812e+02
1.007515258789062500e+02
1.005055465698242188e+02
1.002558670043945312e+02
1.000025863647460938e+02
9.974577331542968750e+01
9.948553466796875000e+01
9.922193908691406250e+01
9.895507812500000000e+01
9.868504333496093750e+01
9.841191101074218750e+01
9.813578033447265625e+01
9.785671234130859375e+01
9.757482147216796875e+01
9.729018402099609375e+01
9.700288391113281250e+01
9.671301269531250000e+01
9.642063903808593750e+01
9.612586975097656250e+01
9.582877349853515625e+01
9.552945709228515625e+01
9.522798919677734375e+01
9.492446136474609375e+01
9.461895751953125000e+01
9.431156921386718750e+01
9.400238037109375000e+01
9.369147491455078125e+01
9.337893676757812500e+01
9.306486511230468750e+01
9.274932861328125000e+01
9.243241882324218750e+01
9.211422729492187500e+01
9.179483032226562500e+01
9.147433471679687500e+01
9.115279388427734375e+01
9.083032226562500000e+01
9.050699615478515625e+01
9.018289947509765625e+01
8.985812377929687500e+01
8.953275299072265625e+01
8.920686340332031250e+01
8.888053131103515625e+01
8.855379486083984375e+01
8.822664642333984375e+01
8.789910888671875000e+01
8.757116699218750000e+01
8.724284362792968750e+01
8.691414642333984375e+01
8.658509826660156250e+01
8.625567626953125000e+01
8.592591094970703125e+01
8.559580993652343750e+01
8.526538085937500000e+01
8.493462371826171875e+01
8.460355377197265625e+01
8.427217102050781250e+01
8.394050598144531250e+01
8.360853576660156250e+01
8.327629852294921875e+01
8.294378662109375000e+01
8.261100769042968750e+01
8.227796936035156250e+01
8.194469451904296875e+01
8.161117553710937500e+01
8.127742767333984375e+01
8.094346618652343750e+01
8.060928344726562500e+01
8.027490234375000000e+01
7.994032287597656250e+01
7.960556030273437500e+01
7.927061462402343750e+01
7.893550872802734375e+01
7.860023498535156250e+01
7.826480865478515625e+01
7.792922973632812500e+01
7.759352111816406250e+01
7.725769042968750000e+01
7.692173767089843750e+01
7.658567047119140625e+01
7.624950408935546875e+01
7.591324615478515625e+01
7.557690429687500000e+01
7.524048614501953125e+01
7.490399169921875000e+01
7.456744384765625000e+01
7.423085021972656250e+01
7.389420318603515625e+01
7.355753326416015625e+01
7.322082519531250000e+01
7.288410949707031250e+01
7.254738616943359375e+01
