# bands
2.050000000000000000e+01
2.150000000000000000e+01
2.250000000000000000e+01
2.350000000000000000e+01
2.450000000000000000e+01
2.550000000000000000e+01
2.650000000000000000e+01
2.750000000000000000e+01
2.850000000000000000e+01
2.950000000000000000e+01
3.050000000000000000e+01
3.150000000000000000e+01
3.250000000000000000e+01
3.350000000000000000e+01
3.450000000000000000e+01
3.550000000000000000e+01
3.650000000000000000e+01
3.750000000000000000e+01
3.850000000000000000e+01
3.950000000000000000e+01
4.050000000000000000e+01
4.150000000000000000e+01
4.250000000000000000e+01
4.350000000000000000e+01
4.450000000000000000e+01
4.550000000000000000e+01
4.650000000000000000e+01
4.750000000000000000e+01
4.850000000000000000e+01
4.950000000000000000e+01
5.050000000000000000e+01
5.150000000000000000e+01
5.250000000000000000e+01
5.350000000000000000e+01
5.450000000000000000e+01
5.550000000000000000e+01
5.650000000000000000e+01
5.750000000000000000e+01
5.850000000000000000e+01
5.950000000000000000e+01
6.050000000000000000e+01
6.150000000000000000e+01
6.250000000000000000e+01
6.350000000000000000e+01
6.450000000000000000e+01
6.550000000000000000e+01
6.650000000000000000e+01
6.750000000000000000e+01
6.850000000000000000e+01
6.950000000000000000e+01
7.050000000000000000e+01
7.150000000000000000e+01
7.250000000000000000e+01
7.350000000000000000e+01
7.450000000000000000e+01
7.550000000000000000e+01
7.650000000000000000e+01
7.750000000000000000e+01
7.850000000000000000e+01
7.950000000000000000e+01
8.050000000000000000e+01
8.150000000000000000e+01
8.250000000000000000e+01
8.350000000000000000e+01
8.450000000000000000e+01
8.550000000000000000e+01
8.650000000000000000e+01
8.750000000000000000e+01
8.850000000000000000e+01
8.950000000000000000e+01
9.050000000000000000e+01
9.150000000000000000e+01
9.250000000000000000e+01
9.350000000000000000e+01
9.450000000000000000e+01
9.550000000000000000e+01
9.650000000000000000e+01
9.750000000000000000e+01
9.850000000000000000e+01
9.950000000000000000e+01
1.005000000000000000e+02
1.015000000000000000e+02
1.025000000000000000e+02
1.035000000000000000e+02
1.045000000000000000e+02
1.055000000000000000e+02
1.065000000000000000e+02
1.075000000000000000e+02
1.085000000000000000e+02
1.095000000000000000e+02
1.105000000000000000e+02
1.115000000000000000e+02
1.125000000000000000e+02
1.135000000000000000e+02
1.145000000000000000e+02
1.155000000000000000e+02
1.165000000000000000e+02
1.175000000000000000e+02
1.185000000000000000e+02
1.195000000000000000e+02
1.205000000000000000e+02
1.215000000000000000e+02
1.225000000000000000e+02
1.235000000000000000e+02
1.245000000000000000e+02
1.255000000000000000e+02
1.265000000000000000e+02
1.275000000000000000e+02
1.285000000000000000e+02
1.295000000000000000e+02
1.305000000000000000e+02
1.315000000000000000e+02
1.325000000000000000e+02
1.335000000000000000e+02
1.345000000000000000e+02
1.355000000000000000e+02
1.365000000000000000e+02
1.375000000000000000e+02
1.385000000000000000e+02
1.395000000000000000e+02
1.405000000000000000e+02
1.415000000000000000e+02
1.425000000000000000e+02
1.435000000000000000e+02
1.445000000000000000e+02
1.455000000000000000e+02
1.465000000000000000e+02
1.475000000000000000e+02
1.485000000000000000e+02
1.495000000000000000e+02
1.505000000000000000e+02
1.515000000000000000e+02
1.525000000000000000e+02
1.535000000000000000e+02
1.545000000000000000e+02
1.555000000000000000e+02
1.565000000000000000e+02
1.575000000000000000e+02
1.585000000000000000e+02
1.595000000000000000e+02
