# bin_1
0.000000000000000000e+00
0.000000000000000000e+00
0.000000000000000000e+00
0.000000000000000000e+00
0.000000000000000000e+00
0.000000000000000000e+00
0.000000000000000000e+00
0.000000000000000000e+00
0.000000000000000000e+00
0.000000000000000000e+00
0.000000000000000000e+00
0.000000000000000000e+00
0.000000000000000000e+00
0.000000000000000000e+00
0.000000000000000000e+00
0.000000000000000000e+00
0.000000000000000000e+00
0.000000000000000000e+00
0.000000000000000000e+00
0.000000000000000000e+00
0.000000000000000000e+00
1.465282011814210916e+00
1.971034193245309485e+00
1.955042029405591020e+00
1.819108636767983622e+00
1.722156143489689928e+00
2.055992563643814108e+00
2.011014602844606092e+00
2.043998440764025482e+00
2.463792741556636745e+00
2.545752581235194434e+00
2.701676178672450135e+00
3.280392607622264922e+00
3.253405831142739402e+00
2.583733970354526122e+00
3.104478805385360918e+00
3.132465092104868010e+00
2.926565982668491994e+00
2.894581654989055064e+00
3.208427870343531385e+00
3.166448440264270303e+00
3.100480764425431079e+00
2.974542474187647834e+00
3.185439134823935703e+00
3.365350978020769546e+00
4.677707923117671918e+00
5.439334725984267038e+00
6.130995812052094429e+00
6.880628492038900923e+00
6.976581475077211714e+00
6.963587841957440183e+00
0.000000000000000000e+00
0.000000000000000000e+00
0.000000000000000000e+00
0.000000000000000000e+00
0.000000000000000000e+00
0.000000000000000000e+00
0.000000000000000000e+00
0.000000000000000000e+00
0.000000000000000000e+00
0.000000000000000000e+00
0.000000000000000000e+00
0.000000000000000000e+00
0.000000000000000000e+00
0.000000000000000000e+00
0.000000000000000000e+00
0.000000000000000000e+00
0.000000000000000000e+00
0.000000000000000000e+00
0.000000000000000000e+00
0.000000000000000000e+00
0.000000000000000000e+00
0.000000000000000000e+00
0.000000000000000000e+00
0.000000000000000000e+00
0.000000000000000000e+00
0.000000000000000000e+00
0.000000000000000000e+00
0.000000000000000000e+00
0.000000000000000000e+00
