# k_h
9.999999999999997430e-06
1.071891319205127554e-05
1.148951000187308771e-05
1.231550603292825403e-05
1.320088400831417438e-05
1.414991297434575428e-05
1.516716888470922367e-05
1.625755666443793416e-05
1.742633386009649561e-05
1.867913599020781522e-05
2.002200371815583463e-05
2.146141197858402930e-05
2.300430119772916760e-05
2.465811075822601606e-05
2.643081486974103598e-05
2.833096101839322587e-05
3.036771118035456218e-05
3.255088599835055787e-05
3.489101213406769862e-05
3.739937302478794407e-05
4.008806328898462134e-05
4.297004704320837593e-05
4.605922041145102034e-05
4.937047852838997845e-05
5.291978735958437040e-05
5.672426068491973050e-05
6.080224261649417423e-05
6.517339604882416918e-05
6.985879746785240865e-05
7.488103857590015463e-05
8.026433522257180400e-05
8.603464416684494321e-05
9.221978823334333469e-05
9.884959046625572563e-05
1.059560179277616515e-04
1.135733358343103986e-04
1.217382727739661942e-04
1.304901978014400823e-04
1.398713102647238958e-04
1.499268432786046202e-04
1.607052818261639417e-04
1.722585965398783973e-04
1.846424942895544350e-04
1.979166867853557658e-04
2.121451784910630578e-04
2.273965752357924737e-04
2.437444150122221006e-04
2.612675225563328716e-04
2.800503894183631196e-04
3.001835813575584296e-04
3.217641750250736896e-04
3.448962260405758233e-04
3.696912707195027588e-04
3.962688638701478009e-04
4.247571552536898946e-04
4.552935074866949262e-04
4.880251583654431047e-04
5.231099308056261612e-04
5.607169938205456639e-04
6.010276782070382356e-04
6.442363508721371881e-04
6.905513520162326465e-04
7.401959996915641457e-04
7.934096665797489914e-04
8.504489341802676065e-04
9.115888299750818944e-04
9.771241535346494086e-04
1.047370897959449144e-03
1.122667773510813063e-03
1.203377840777589093e-03
1.289890261253307966e-03
1.382622173764655243e-03
1.482020705798857635e-03
1.588565129428051942e-03
1.702769172225898934e-03
1.825183494319043784e-03
1.956398343517062703e-03
2.097046401323231137e-03
2.247805833548725991e-03
2.409403560239525410e-03
2.582618760682674035e-03
2.768286630392063647e-03
2.967302408188866609e-03
3.180625692794119674e-03
3.409285069746812238e-03
3.654383070957253291e-03
3.917101490809259644e-03
4.198707084443909637e-03
4.500557675700497806e-03
4.824108704165365469e-03
5.170920242896752915e-03
5.542664520663104742e-03
5.941133984965031763e-03
6.368249944718579712e-03
6.826071834272386812e-03
7.316807143427194425e-03
7.842822061337677286e-03
8.406652885618322302e-03
9.011018251665009124e-03
9.658832241158698054e-03
1.035321843295661758e-02
1.109752496412071306e-02
1.189534067370319990e-02
1.275051240713012506e-02
1.366716356462005684e-02
1.464971398307284879e-02
1.570290124729376360e-02
1.683180353330957293e-02
1.804186409392070922e-02
1.933891750455229638e-02
2.072921779595371730e-02
2.221946860939523830e-02
2.381685551976156501e-02
2.552908068239515341e-02
2.736439997074668201e-02
2.933166278390044596e-02
3.144035471591499764e-02
3.370064329271928172e-02
3.612342699709431004e-02
3.872038781812554842e-02
4.150404757850475329e-02
4.448782831127584547e-02
4.768611697714469216e-02
5.111433483440166320e-02
5.478901179593941018e-02
5.872786613189479726e-02
6.294988990221885017e-02
6.747544053110691997e-02
7.232633896483534053e-02
7.752597488629457689e-02
8.309941949353390200e-02
8.907354638610436026e-02
9.547716114208053273e-02
1.023411402105452589e-01
1.096985797892383041e-01
1.175849554052156021e-01
1.260382929679726705e-01
1.350993521198025904e-01
1.448118227674532743e-01
1.552225357427046426e-01
1.663816886076127655e-01
1.783430876931908216e-01
1.911644075385700858e-01
2.049074689815845451e-01
2.196385372416544413e-01
2.354286414322415422e-01
2.523539170434763723e-01
2.704959730463132317e-01
2.899422853882873685e-01
3.107866187782010181e-01
3.331294787934675483e-01
3.570785964900459186e-01
3.827494478516308418e-01
4.102658105827195478e-01
4.397603609302714878e-01
4.713753134116718257e-01
5.052631065335683180e-01
5.415871378079465392e-01
5.805225516094901783e-01
6.222570836730221266e-01
6.669919663030112744e-01
7.149428986597581304e-01
7.663410868007447529e-01
8.214343584919430175e-01
8.804883581643450086e-01
9.437878277775367808e-01
1.011637979766207618e+00
1.084365968689608550e+00
1.162322468679852783e+00
1.245883364295008233e+00
1.335451562929896641e+00
1.431458937523479191e+00
1.534368408930012473e+00
1.644676177994661037e+00
1.762914118095947780e+00
1.889652339691206384e+00
2.025501939230666792e+00
2.171117945694504225e+00
2.327202478960404441e+00
2.494508135230316004e+00
2.673841615839941621e+00
2.866067616948250851e+00
3.072112998861757038e+00
3.292971255097143946e+00
3.529707302730649143e+00
3.783462617131928329e+00
4.055460735840820341e+00
4.347013158125022869e+00
4.659525668664679543e+00
4.994505115855138122e+00
5.353566677410722896e+00
5.738441648302382347e+00
6.150985788580499047e+00
6.593188271333543682e+00
7.067181273927487517e+00
7.575250258771909273e+00
8.119844993183992443e+00
8.703591361485157663e+00
9.329304026284678031e+00
9.999999999999992895e+00
1.019852905968820522e+01
1.040099949813049207e+01
1.060748956314863456e+01
1.081807905601108288e+01
1.103284936227334434e+01
1.125188348323073306e+01
1.147526606799544524e+01
1.170308344621056484e+01
1.193542366141345745e+01
1.217237650506154445e+01
1.241403355123362573e+01
1.266048819202005937e+01
1.291183567361561124e+01
1.316817313312877502e+01
1.342959963612194052e+01
1.369621621489679164e+01
1.396812590753978256e+01
1.424543379774283380e+01
1.452824705541448935e+01
1.481667497809743850e+01
1.511082903320820137e+01
1.541082290111541830e+01
1.571677251907342843e+01
1.602879612602794879e+01
1.634701430831138680e+01
1.667155004624527592e+01
1.700252876166788951e+01
1.734007836640546074e+01
1.768432931170570299e+01
1.803541463865267502e+01
1.839347002958254862e+01
1.875863386052019166e+01
1.913104725465664657e+01
1.951085413688842252e+01
1.989820128943946287e+01
2.029323840858738492e+01
2.069611816251595116e+01
2.110699625031599425e+01
2.152603146215778196e+01
2.195338574065790027e+01
2.238922424346444373e+01
2.283371540708480651e+01
2.328703101198048842e+01
2.374934624895436031e+01
2.422083978685584071e+01
2.470169384163018833e+01
2.519209424673868369e+01
2.569223052497687121e+01
2.620229596171852648e+01
2.672248767961374938e+01
2.725300671477011960e+01
2.779405809444610753e+01
2.834585091628710174e+01
2.890859842913438982e+01
2.948251811543840972e+01
3.006783177530829221e+01
3.066476561222982511e+01
3.127355032048536643e+01
3.189442117430917989e+01
3.252761811881273957e+01
3.317338586271525003e+01
3.383197397291516495e+01
3.450363697093905557e+01
3.518863443130547353e+01
3.588723108184142774e+01
3.659969690599058367e+01
3.732630724715257742e+01
3.806734291509362578e+01
3.882309029446987125e+01
3.959384145550505707e+01
4.037989426686561956e+01
4.118155251077664758e+01
4.199912600042319610e+01
4.283293069968227229e+01
4.368328884523211997e+01
4.455052907108537852e+01
4.543498653559487366e+01
4.633700305098071937e+01
4.725692721542884556e+01
4.819511454781218873e+01
4.915192762508647206e+01
5.012773622241362403e+01
5.112291745606710691e+01
5.213785592917423628e+01
5.317294388035208641e+01
5.422858133529413038e+01
5.530517626136629872e+01
5.640314472527229128e+01
5.752291105384899339e+01
5.866490799805392697e+01
5.982957690020884911e+01
6.101736786456311279e+01
6.222873993124326120e+01
6.346416125365646366e+01
6.472410927941541559e+01
6.600907093485537303e+01
6.731954281321431210e+01
6.865603136654914351e+01
7.001905310146169370e+01
7.140913477871092141e+01
7.282681361678754683e+01
7.427263749953057470e+01
7.574716518786510733e+01
7.725096653574456695e+01
7.878462271037926712e+01
8.034872641683749350e+01
8.194388212710551045e+01
8.357070631369518310e+01
8.522982768788895669e+01
8.692188744271545886e+01
8.864753950074823763e+01
9.040745076682395620e+01
9.220230138577855428e+01
9.403278500529934547e+01
9.589960904399593744e+01
9.780349496479311711e+01
9.974517855375123077e+01
1.017254102044222321e+02
1.037449552078504098e+02
1.058045940483315377e+02
1.079051227050423734e+02
1.100473529596596904e+02
1.122321127100855023e+02
1.144602462904009883e+02
1.167326147971724453e+02
1.190500964222353417e+02
1.214135867920851979e+02
1.238239993140057891e+02
1.262822655290701448e+02
1.287893354721486219e+02
1.313461780390641422e+02
1.339537813610377555e+02
1.366131531865664783e+02
1.393253212708835633e+02
1.420913337731502395e+02
1.449122596615329996e+02
1.477891891263229525e+02
1.507232340012562020e+02
1.537155281931999014e+02
1.567672281203672071e+02
1.598795131592336247e+02
1.630535861003248215e+02
1.662906736130536558e+02
1.695920267197855651e+02
1.729589212793152910e+02
1.763926584799424688e+02
1.798945653423351700e+02
1.834659952323785319e+02
1.871083283842033325e+02
1.908229724335982382e+02
1.946113629620134589e+02
1.984749640513624627e+02
2.024152688498393502e+02
2.064338001489688850e+02
2.105321109721128039e+02
2.147117851746598092e+02
2.189744380561300829e+02
2.233217169844341186e+02
2.277553020325217972e+02
2.322769066276739522e+02
2.368882782136818435e+02
2.415911989261740587e+02
2.463874862813501920e+02
2.512789938783880928e+02
2.562676121157959415e+02
2.613552689219852141e+02
2.665439305003494042e+02
2.718356020891331468e+02
2.772323287363865916e+02
2.827361960903074305e+02
2.883493312052705164e+02
2.940739033638612909e+02
2.999121249152282758e+02
3.058662521300796584e+02
3.119385860726541750e+02
3.181314734900016674e+02
3.244473077189215360e+02
3.308885296109024807e+02
3.374576284754293169e+02
3.441571430420134448e+02
3.509896624413246968e+02
3.579578272058006405e+02
3.650643302901210063e+02
3.723119181119417931e+02
3.797033916132896820e+02
3.872416073430308643e+02
3.949294785608275902e+02
4.027699763630113239e+02
4.107661308308105959e+02
4.189210322013711902e+02
4.272378320620265981e+02
4.357197445682770649e+02
4.443700476859498849e+02
4.531920844580200765e+02
4.621892642965792675e+02
4.713650643004584140e+02
4.807230305990028114e+02
4.902667797225316235e+02
4.999999999999998295e+02
