# bin_7_5
8.532124010329129765e-07
8.525512626623119156e-07
8.518873453863509883e-07
8.512200880818322996e-07
8.505497423040072915e-07
8.498765683738566545e-07
8.492008145543881946e-07
8.485227454629182580e-07
8.478426389485080644e-07
8.471607870980597004e-07
8.464774947310376701e-07
8.457939167818865542e-07
8.451087158489871838e-07
8.444229982977801597e-07
8.437375729042591189e-07
8.430511030064889071e-07
8.423650599252026153e-07
8.416798291914094534e-07
8.409949432023382240e-07
8.403136918678829086e-07
8.396331527198965384e-07
8.389550034937576022e-07
8.382796645066756388e-07
8.376075720733468868e-07
8.369392035202696552e-07
8.362751144525725417e-07
8.356159369546188262e-07
8.349746123466401532e-07
8.343147437394697264e-07
8.336738277113085028e-07
8.330391996841589998e-07
8.324149228716371248e-07
8.317964195084217365e-07
8.311877556361359602e-07
8.305888174832995544e-07
8.300002850608178878e-07
8.294229041418806897e-07
8.288574371744314987e-07
8.283046087623706926e-07
8.277653130136674042e-07
8.272395239163918213e-07
8.267288835459440912e-07
8.262344707250367205e-07
8.257571417535687468e-07
8.252975325834941099e-07
8.248564932025128453e-07
8.244349408378394677e-07
8.240337809029169004e-07
8.236539302849144697e-07
8.232964793804184377e-07
8.229614052413011246e-07
8.226522172750714811e-07
8.223688877853773766e-07
8.221124375613859555e-07
8.218838153178072582e-07
8.216852281305769005e-07
8.215155696575379464e-07
8.213775416778843197e-07
8.212725664305115749e-07
8.212018941142962532e-07
8.211665240838278639e-07
8.211661233060787490e-07
8.212045387442781285e-07
8.212824965449506186e-07
8.214010651220395891e-07
8.215617120975474070e-07
8.217657836310136930e-07
8.220148500600984742e-07
8.223192794644858684e-07
8.226602893828410238e-07
8.230453125503312183e-07
8.234887052124676648e-07
8.239765819617823362e-07
8.245342764697260768e-07
8.251396436978876681e-07
8.258022466598919141e-07
8.265236839743411372e-07
8.273052746460641865e-07
8.281496958336613869e-07
8.290578898257855021e-07
8.300313499954650934e-07
8.310720804225923783e-07
8.321822301910968473e-07
8.333635356620181919e-07
8.346175261715700876e-07
8.359454707403097569e-07
8.373508404084146109e-07
8.388340933394710313e-07
8.403978256293342363e-07
8.420440005169304362e-07
8.429993874334899867e-07
8.455903809214316019e-07
8.474943697456256801e-07
8.494821321570573373e-07
8.515766266087058769e-07
8.537586034020750567e-07
8.560365452648331574e-07
8.584126880934592646e-07
8.608900687517742026e-07
8.634704421210235421e-07
8.661558546473961922e-07
8.689484417364738840e-07
8.718506916377436331e-07
8.748647740614931030e-07
8.779927803921202067e-07
8.812370448168536323e-07
8.845999971031232528e-07
8.880839259303145428e-07
8.916910239450517235e-07
8.954238349770552492e-07
8.992846026751468353e-07
9.032757740099928666e-07
9.073998000167043382e-07
9.116590271183380364e-07
9.160558289921975253e-07
9.205927608928992715e-07
9.252722091506357494e-07
9.300631665319028111e-07
9.350685591188070996e-07
9.401557353383230210e-07
9.454648125497591466e-07
9.508942089217398021e-07
9.564811111505396247e-07
9.622281195079814480e-07
9.681377871034392979e-07
9.742127016423903601e-07
9.804554722638397702e-07
9.868687318787750812e-07
9.934550809418923755e-07
1.000217112032162263e-06
1.007157664049876711e-06
1.014279328515671062e-06
1.021584762050229142e-06
1.029076650343425933e-06
1.036757697075805569e-06
1.044630590244646118e-06
1.052698015659138801e-06
1.060962666906571716e-06
1.069427226942075719e-06
1.078094396032619556e-06
1.086966850014310364e-06
1.096047279909953361e-06
1.105338370817239079e-06
1.114842807763028098e-06
1.124563275674066571e-06
1.134502454018003377e-06
1.144663729893648408e-06
1.155048351810652151e-06
1.165659684812984753e-06
1.176500379612560336e-06
1.187573076098458290e-06
1.198880406869221547e-06
1.210424987168662041e-06
1.222209413050620673e-06
1.234236255896093612e-06
1.246508067298012223e-06
1.259027372583791745e-06
1.271796661915391792e-06
1.284818390611667872e-06
1.298094983323018790e-06
1.311628824456116676e-06
1.325422257920684369e-06
1.339477581529267201e-06
1.353797055347193376e-06
1.368382896871844764e-06
1.383237272583213572e-06
1.398362295338938483e-06
1.413760022894930280e-06
1.429432453618764040e-06
1.445381524734839899e-06
1.461609107941711762e-06
1.478117009895659897e-06
1.494906966801955273e-06
1.511980629749205323e-06
1.529339558699889606e-06
1.546985223087978394e-06
1.564918995502955267e-06
1.583142557843624948e-06
1.601656299492591406e-06
1.620461705308865995e-06
1.639559759499720188e-06
1.658951324694650397e-06
1.678637136823287373e-06
1.698616666166097260e-06
1.718892644471543841e-06
1.739464303273463983e-06
1.760331861606920033e-06
1.781495401437659122e-06
1.802954853884710200e-06
1.824709979785286325e-06
1.846760367085379395e-06
1.869105430234243393e-06
1.891744417925848416e-06
1.914676411904035029e-06
1.937900316944714047e-06
1.961414856773231044e-06
1.985218547304463142e-06
2.009309685598343921e-06
2.033686347492108598e-06
2.058346396923264226e-06
2.083288019720222668e-06
2.108507606806900179e-06
2.134002903287603545e-06
2.159772014168287629e-06
2.185809384820741943e-06
2.212112619319733866e-06
2.238677911252529187e-06
2.265539870449709857e-06
2.292616569804350685e-06
2.319904430274897546e-06
2.347474904377835131e-06
2.375284575796358775e-06
2.403328011679742669e-06
2.431599482093000157e-06
2.460092975413196218e-06
2.488802182714955814e-06
2.517720567597700978e-06
2.546841244714250812e-06
2.576157019216456775e-06
2.605660353613704127e-06
2.635343380776632033e-06
2.665197923689428597e-06
2.695215501836156887e-06
2.725387324675911495e-06
2.755704282360094254e-06
2.786156904037668880e-06
2.816735341306901473e-06
2.847429380731179065e-06
2.878269533160577069e-06
2.909162462405615725e-06
2.940097919777347326e-06
2.971145464506489263e-06
3.002252362129565361e-06
3.033406186489237586e-06
3.064594102078976768e-06
3.095802896999939749e-06
3.127018993421374385e-06
3.158228427612213804e-06
3.189416812279100226e-06
3.220569290634967566e-06
3.251670519216577460e-06
3.282698295697209961e-06
3.313649136267989649e-06
3.344500112175901956e-06
3.375234190913669487e-06
3.405833863674108401e-06
3.436281106309908919e-06
3.466557370082568059e-06
3.496643625857619876e-06
3.526520415345398091e-06
3.556167854824477311e-06
3.585565604808598596e-06
3.614692811967125447e-06
3.643528084762288307e-06
3.672049494811930128e-06
3.700234621513019343e-06
3.728060093864335619e-06
3.755503578257842693e-06
3.782540723546896792e-06
3.809147119104557341e-06
3.835297782434630545e-06
3.860977047262865057e-06
3.886138897251511940e-06
3.910766881040338601e-06
3.934833934821600426e-06
3.958312427808454139e-06
3.981174104158732464e-06
4.003388604807349694e-06
4.024929492046045598e-06
4.045765313571749927e-06
4.065865655283816957e-06
4.085199648344196781e-06
4.103735942476919706e-06
4.121442692364288022e-06
4.138287588722620873e-06
4.154238150804585241e-06
4.169260860693700445e-06
4.183322682312332542e-06
4.196388615312883022e-06
4.208428583520834888e-06
4.219407662527314271e-06
4.229292649186870095e-06
4.238050422913005025e-06
4.245648021472635998e-06
4.252052791329866686e-06
4.257232686363136433e-06
4.261156474757801668e-06
4.263975910663681048e-06
4.265115184060911898e-06
4.265091679627892852e-06
4.263695744012157632e-06
4.260900949952735981e-06
4.256682066619851300e-06
4.251016201652348613e-06
4.243881377053577197e-06
4.235257402069947326e-06
4.225125761429675420e-06
4.213469865822989741e-06
4.200275241296135123e-06
4.185529695960120982e-06
4.169223615323368848e-06
4.151349900194679221e-06
4.131903824591079591e-06
4.110883211776334578e-06
4.088288708182305638e-06
4.064124140067033852e-06
4.038397246536825467e-06
4.011120015177704854e-06
3.982308586938191045e-06
3.951983055118221731e-06
3.920167584012094262e-06
3.886890514986204806e-06
3.852184971760926067e-06
3.816089756618273365e-06
3.778649617474291028e-06
3.739915039039562789e-06
3.699941753673639886e-06
3.658790429378798986e-06
3.616525968635871218e-06
3.573217105005271560e-06
3.528936660123174473e-06
3.483761733813388370e-06
3.437773248314141526e-06
3.391054971011432246e-06
3.343701347753402534e-06
3.295782207789728840e-06
3.247395896683763923e-06
3.198631607743360934e-06
3.149580290374663593e-06
3.100333289318541287e-06
3.050981144234639020e-06
3.001613045523815740e-06
2.952316497884850964e-06
2.903176837145716926e-06
2.854277798773035374e-06
2.805700331611033600e-06
2.757523457713156139e-06
2.709822830938201959e-06
2.662669880780561131e-06
2.616131037630340390e-06
2.570267934632908652e-06
2.525136545726775953e-06
2.480789378852830294e-06
2.437273976646357696e-06
2.394632708508304444e-06
2.352902217113383672e-06
2.312112332300964052e-06
2.272285587499501424e-06
2.233437411834065242e-06
2.195576564983840945e-06
2.158717857348893352e-06
2.122830524573872874e-06
2.087903341796415633e-06
2.053936660938214709e-06
2.020882725992599278e-06
1.988694219521266200e-06
1.957312264587305437e-06
1.926667705732212304e-06
1.896683706430912088e-06
1.867275546635550967e-06
1.838361242535686781e-06
1.809805864717686896e-06
1.781534119021860866e-06
1.753430896758494571e-06
1.725358114839669822e-06
1.697212113372243270e-06
1.668885211986098449e-06
1.640278227354525529e-06
1.611300669416890903e-06
1.581875353180059410e-06
1.551942250792198014e-06
1.521457184898026100e-06
1.490396072995542490e-06
1.458758040014778136e-06
1.426563277974330048e-06
1.393853097465522653e-06
1.360694539491907546e-06
1.327177296523984522e-06
1.293406020703543450e-06
1.259498509270705126e-06
1.225584905051138713e-06
1.191810583137475485e-06
1.158328830084930473e-06
1.125293855866114794e-06
1.092858995842511870e-06
1.061169297758914214e-06
1.030352884663673916e-06
1.000522386425351029e-06
9.717734096985300230e-07
9.441699771331265133e-07
9.177409598034313396e-07
8.924901787279406215e-07
8.683977752111717684e-07
8.454185370670618180e-07
8.234827538608672652e-07
8.025000366357209555e-07
7.823629691391607858e-07
7.629471911352151654e-07
7.441145196443241377e-07
7.257293741875473152e-07
7.076604183823950418e-07
6.897824695353800745e-07
6.719985364215221002e-07
6.542567524428061208e-07
6.365499840564551832e-07
6.189049154256224671e-07
6.013765735028199451e-07
5.840427157244914029e-07
5.669921252959403442e-07
5.503079567217644036e-07
5.340598295261917636e-07
5.183057563752023471e-07
5.030822496273568396e-07
4.884070810124955524e-07
4.742852565050880663e-07
4.607121828456182184e-07
4.476620584796557269e-07
4.350871704579217523e-07
4.229294617045186939e-07
4.111309164414058528e-07
3.996341039435448806e-07
3.883816199932974692e-07
3.773367197031881965e-07
3.664620501797371477e-07
3.557703224973548954e-07
3.452730140282846489e-07
3.350193763247028321e-07
3.250389394629890760e-07
3.153695609016228340e-07
3.060400557086463393e-07
2.970644442675123955e-07
2.884389822569429120e-07
2.801444747355687543e-07
2.721486685192111299e-07
2.644129467940873159e-07
2.569014260370992114e-07
2.495806409888724600e-07
2.424251272615793774e-07
2.354219838125845076e-07
2.285709930200324783e-07
2.218829443510182464e-07
2.153704201560173449e-07
2.090462067637582372e-07
2.029237548524057356e-07
1.970119521166577471e-07
1.913119083071140792e-07
1.858170749831754206e-07
1.805158370170739253e-07
1.753968440073839390e-07
1.704470668930888207e-07
1.656575282746438110e-07
1.610076319918116763e-07
1.564911686822709526e-07
1.521128150658848936e-07
1.478656257318005982e-07
1.437468740306660499e-07
1.397555672175969823e-07
1.358903845532747457e-07
1.321490720232819950e-07
1.285282532528704524e-07
1.250238137679238866e-07
1.216318585966576326e-07
1.183486829724289036e-07
1.151704325068609790e-07
1.120934733308613049e-07
1.091147317287506575e-07
1.062313640739909521e-07
1.034407203722186460e-07
1.007399956161181959e-07
9.812632306172415947e-08
9.559681637141669455e-08
9.314850193030937420e-08
9.077861228793749871e-08
8.848422623140959905e-08
8.626262756993099542e-08
8.411128780013917843e-08
8.202773615108511486e-08
8.000963909808309384e-08
7.805474099683087251e-08
7.616084073634628637e-08
7.432574831773834971e-08
7.254739164658290133e-08
7.082365033723290696e-08
6.915247266318435441e-08
6.753182344013105662e-08
6.595982796111251999e-08
6.443458031613657767e-08
6.295427699345941811e-08
6.151717346959390106e-08
6.012157926816018424e-08
5.876585979071795148e-08
5.744844290032936004e-08
5.616782360951955889e-08
5.492257198687538074e-08
5.371127493707199202e-08
5.253263955496736984e-08
5.138528752107426960e-08
5.026801926937439724e-08
4.917961302238458606e-08
4.811893118641811143e-08
4.708483047192076018e-08
4.607633897052855466e-08
4.509239109888078656e-08
4.413200431075571115e-08
4.319423786026415342e-08
4.227796511480201019e-08
4.138280415518459966e-08
4.050771202661485583e-08
3.965189169892323933e-08
3.881460438859265007e-08
3.799504257627531598e-08
3.719280746688173052e-08
3.640697931763315277e-08
3.563704596176139063e-08
3.488243141480588063e-08
3.414258052073619739e-08
3.341698196198560629e-08
3.270513439778859271e-08
3.200657233902352023e-08
3.132086729692129206e-08
3.064758406106217895e-08
2.998629532060251255e-08
2.933677097887246683e-08
2.869859097360031543e-08
2.807143302415394462e-08
2.745499870209670227e-08
2.684901236277511060e-08
2.625321687489709820e-08
2.566737118828361530e-08
2.509124926053828467e-08
2.452464046437050119e-08
2.396735062172298850e-08
2.341920284009460690e-08
2.288003534069939056e-08
2.234969807032799878e-08
2.182805127057303990e-08
2.131496475528032114e-08
2.081031051353292342e-08
2.031399532425176686e-08
1.982591255626914171e-08
1.934597211711386001e-08
1.887409006693575596e-08
1.841018778779550036e-08
1.795419157759851438e-08
1.750607632617252155e-08
1.706564751255746251e-08
1.663302375755168013e-08
1.620801885016670882e-08
1.579062415137673365e-08
1.538078865421742024e-08
1.497846254222556887e-08
1.458359738840942694e-08
1.419614375387831293e-08
1.381606194039937801e-08
1.344330288477166674e-08
1.307781990917578570e-08
1.271956540193800097e-08
1.236849043519035549e-08
1.202454514820161330e-08
1.168767555233244929e-08
1.135783620270255516e-08
1.103496953630121434e-08
1.071901950743610836e-08
1.040992784916105149e-08
1.010763393736424393e-08
9.812071667841795418e-09
9.523183288924815092e-09
9.240898242690882872e-09
8.965152217769462571e-09
8.695864038355736584e-09
8.432965043651276055e-09
8.176380208431116467e-09
7.926029303731600715e-09
7.681833207116372453e-09
7.443709644562536127e-09
7.211574925239513522e-09
6.985341156497092341e-09
6.764926166541957206e-09
6.550238382831826498e-09
6.341187275333070952e-09
6.137681063550264992e-09
5.939626939684694579e-09
5.746931233899205356e-09
5.559499469063258074e-09
5.377236277259626221e-09
5.200045396065771666e-09
5.027828123109574476e-09
4.860491009366750419e-09
4.697934993794822817e-09
4.540087843679054186e-09
4.386801524067654808e-09
4.238004537579272073e-09
4.093599673613199762e-09
3.953490038881057830e-09
3.817579258245705820e-09
3.685770143216672535e-09
3.557970972112746512e-09
3.434084686688584044e-09
3.314019075608613245e-09
3.197680878131823191e-09
3.084978245841123331e-09
2.975820721407159198e-09
2.870117818709974837e-09
2.767781474435500295e-09
2.668723419472133656e-09
2.572859774484564400e-09
2.480104575775599240e-09
2.390374222607373451e-09
2.303586414189036841e-09
2.219660275795707476e-09
2.138516470986504248e-09
2.060076296706162916e-09
1.984265068013430606e-09
1.911006780202042306e-09
1.840227699483750432e-09
1.771855504282542264e-09
1.705819446321979291e-09
1.642050409308069515e-09
1.580480820137374680e-09
1.521043850243582293e-09
1.463676069021755036e-09
1.408313330382443457e-09
1.354893640865204600e-09
1.303357031180776274e-09
1.253643853167474756e-09
1.205696657725509011e-09
1.159460601243817664e-09
1.114880386292519689e-09
1.071902600189022962e-09
1.030475259492776076e-09
9.905478939931022893e-10
9.520710370147606751e-10
9.149979469831826728e-10
8.792816439717904841e-10
8.448768307569710990e-10
8.117394508180346434e-10
7.798268010360630505e-10
7.490971766809925709e-10
7.195113089365766809e-10
6.910298238686276330e-10
6.636147772353907946e-10
6.372292432009544716e-10
6.118370742541919638e-10
5.874043279278986205e-10
5.638972364930756615e-10
5.412834245135338122e-10
5.195314422340363370e-10
4.986104499404779820e-10
4.784913645253762237e-10
4.591452058220235584e-10
4.405443014404796533e-10
4.226619580937155020e-10
4.054719325210747242e-10
3.889496379782428197e-10
3.730703734926460895e-10
3.578105209893764290e-10
3.431471471209420126e-10
3.290587712808597100e-10
3.155241158053194086e-10
3.025227591682441445e-10
2.900348978747437129e-10
2.780411605802191209e-10
2.665233680553737514e-10
2.554634855665661722e-10
2.448443295073486075e-10
2.346491278213792125e-10
2.248620952049696047e-10
2.154674908929639008e-10
2.064501489666448180e-10
1.977959337164836350e-10
1.894912197329089795e-10
1.815220745851178180e-10
1.738758943383478313e-10
1.665405000318272009e-10
1.595037153467928844e-10
1.527537820741857334e-10
1.462797100888214248e-10
1.400706165507074684e-10
1.341160273548552986e-10
1.284061257492880691e-10
1.229311526507093595e-10
1.176818278965464042e-10
1.126491883133044828e-10
1.078249242373297577e-10
1.032007320326211460e-10
9.876889828128371948e-11
9.452169458565564403e-11
9.045163163861321113e-11
8.655164178969253993e-11
8.281475891626776063e-11
7.923431192233601411e-11
7.580411364888660266e-11
7.251797062860974449e-11
6.937019161021048100e-11
6.635514031900157308e-11
6.346742516193552793e-11
6.070202778825843812e-11
5.805391710317921560e-11
5.551839197521444578e-11
5.309069160152577296e-11
5.076636760068236557e-11
4.854095281174344628e-11
4.641040436352627742e-11
4.437068337643738348e-11
4.241817483378062191e-11
4.054924044355672595e-11
3.876053972322959216e-11
3.704906150320071895e-11
3.541112302928082931e-11
3.384393111589454749e-11
3.234455566260785415e-11
3.091004861627598251e-11
2.953765619454384539e-11
2.822469536878028765e-11
2.696863571665994343e-11
2.576701959033607836e-11
2.461762175186132124e-11
2.351831031383826672e-11
2.246701746729051420e-11
2.146178412797134365e-11
2.050064555782250140e-11
1.958169396217834650e-11
1.870309557154601851e-11
1.786308876991996768e-11
1.705998463839044865e-11
1.629217782925734565e-11
1.555815640627996608e-11
1.485648657779662281e-11
1.418580274094383962e-11
1.354480643227569394e-11
1.293226421739299999e-11
1.234695295408393457e-11
1.178765468371090618e-11
1.125318331306943167e-11
1.074241490624696943e-11
1.025430014665039282e-11
9.787837692798100206e-12
9.342141801104340082e-12
8.916500985244813216e-12
8.510114375405003941e-12
8.122056620128743771e-12
7.751495956352032938e-12
7.397694447203338194e-12
7.059843357703374971e-12
6.737211409904643011e-12
6.429133350305704231e-12
6.135083650785561304e-12
5.854410822026297374e-12
5.586557856125682339e-12
5.330961154237333655e-12
5.087092665753773311e-12
4.854387451093750894e-12
4.632344148098780698e-12
4.420469349421896549e-12
4.218256858363123594e-12
4.025191594417914870e-12
3.840858612709404993e-12
3.664943598760601513e-12
3.497150567608479064e-12
3.337055073455874227e-12
3.184341425702362930e-12
3.038627657464576605e-12
2.899541015038272535e-12
2.766805196341544594e-12
2.640142875995176371e-12
2.519272715829331262e-12
2.403927124645364683e-12
2.293871970974638770e-12
2.188852961082014523e-12
2.088636376563517772e-12
1.993014569135750730e-12
1.901684266022138752e-12
1.814514892665037625e-12
1.731342215959846325e-12
1.651976831784920681e-12
1.576243875206019441e-12
1.503980781906970699e-12
1.435029448208457535e-12
1.369231678377916200e-12
1.306446183327867570e-12
1.246544028339522568e-12
1.189380292898274676e-12
1.134857845595859434e-12
1.082833699684482352e-12
1.033192338238007371e-12
9.858278360696530724e-13
9.406276224356648186e-13
8.974977133942408626e-13
8.563484795335393546e-13
8.170815179426406789e-13
7.795495672476963201e-13
7.434325601841640463e-13
7.089753433122018494e-13
6.761093462044239640e-13
6.447557652745945496e-13
6.148410884686435981e-13
5.863061087950540281e-13
5.590905889409579465e-13
5.331850076267559159e-13
5.084833486493724735e-13
