# bin_6_3
7.385292521556522370e-06
7.369752292486307333e-06
7.354019442179933758e-06
7.338092133855229938e-06
7.321970281890778419e-06
7.305653845046992077e-06
7.289142584012344352e-06
7.272436389664873219e-06
7.255535245771891048e-06
7.238439239506508500e-06
7.221148542807943539e-06
7.203665215401522288e-06
7.185986039381450454e-06
7.168112408751503872e-06
7.150050073879264243e-06
7.131779846875453448e-06
7.113315019004745604e-06
7.094656223802392762e-06
7.075808870520400387e-06
7.056762898608319387e-06
7.037524587106407983e-06
7.018094510706766383e-06
6.998473327887871276e-06
6.978661802693338735e-06
6.958661093315825734e-06
6.938473182619092206e-06
6.918100855689561178e-06
6.897699336227999423e-06
6.876776423052553823e-06
6.855899677915734381e-06
6.834806337512478427e-06
6.813540955145690177e-06
6.792114509875529420e-06
6.770500694627378663e-06
6.748721750694884428e-06
6.726777149045794546e-06
6.704670061550181859e-06
6.682403750717640208e-06
6.659987145753438383e-06
6.637406193553204936e-06
6.614673327260625979e-06
6.591795364972139558e-06
6.568778693129653856e-06
6.545627003909750096e-06
6.522488394434841998e-06
6.498925019377221000e-06
6.475382148303406264e-06
6.451716486327342105e-06
6.427931822780459049e-06
6.404033831051921868e-06
6.380028670221992865e-06
6.355922839383296750e-06
6.331722092243562597e-06
6.307430765130299564e-06
6.283052220415120613e-06
6.258590293746390966e-06
6.234052091564600944e-06
6.209446989094242886e-06
6.184783259400381463e-06
6.160067029621469178e-06
6.135301364863184825e-06
6.110488302789517193e-06
6.085650855753248771e-06
6.060766641882463560e-06
6.035866446378224492e-06
6.010946560581088991e-06
5.986015497574900472e-06
5.961227986554905125e-06
5.936269319616741215e-06
5.911328802852465528e-06
5.886340210447843088e-06
5.861470208389630123e-06
5.836546201764576969e-06
5.811843837996226449e-06
5.787097270252316380e-06
5.762407382270365267e-06
5.737774426479339037e-06
5.713221639554717674e-06
5.688751253908972815e-06
5.664365398420390479e-06
5.640070427814888880e-06
5.615877159281681372e-06
5.591796574379124367e-06
5.567838534112427208e-06
5.544006404349949680e-06
5.520307133178103758e-06
5.496750805423935535e-06
5.473345586262232667e-06
5.450102025255584317e-06
5.427028632332791177e-06
5.395185932193474851e-06
5.381411816500886508e-06
5.358866511754916227e-06
5.336463126298455373e-06
5.314436441909528568e-06
5.292564023803999003e-06
5.270895376528093667e-06
5.249462672861011957e-06
5.230984683961681398e-06
5.207309847465227692e-06
5.186630590300273847e-06
5.166215856902482798e-06
5.146076764319153274e-06
5.126223072338374403e-06
5.106659463233705469e-06
5.087394428528769950e-06
5.068438630706907640e-06
5.049796751946283280e-06
5.031476104340232544e-06
5.013486432239514934e-06
4.995833700609120394e-06
4.978525925348204002e-06
4.961570858716731348e-06
4.944974022877586359e-06
4.928743035981750433e-06
4.912885210787345431e-06
4.897406281353396678e-06
4.881924580202656464e-06
4.867610646831832587e-06
4.852903395759472060e-06
4.839404967324268467e-06
4.825913805495174433e-06
4.812837154841941216e-06
4.800181020251219365e-06
4.787950533692097668e-06
4.776150903764209638e-06
4.764787270688060410e-06
4.753864739304429165e-06
4.743387730360364599e-06
4.733361599071912679e-06
4.723790279455086644e-06
4.714679095099409502e-06
4.706030699644550570e-06
4.697849579788803354e-06
4.690139529907224724e-06
4.682903867903910611e-06
4.676145603227971657e-06
4.669867559895663351e-06
4.664072172207505508e-06
4.658761813936382688e-06
4.653938321692623943e-06
4.649603460771997451e-06
4.644064740952930414e-06
4.642399190577869209e-06
4.639537902283147721e-06
4.637169591352518765e-06
4.635294650594676610e-06
4.633913323142458188e-06
4.633025503083070448e-06
4.632630853307890040e-06
4.632728773208884044e-06
4.633318447797249292e-06
4.634403995874347464e-06
4.635973504174734194e-06
4.638030313669259847e-06
4.640574180504535200e-06
4.643598870197292847e-06
4.647103353380694440e-06
4.651084358836098216e-06
4.655538303152400995e-06
4.660461184627585674e-06
4.665848411353614055e-06
4.671695483341878925e-06
4.677997046587151823e-06
4.684747585373216632e-06
4.691941201081122656e-06
4.699571636521253799e-06
4.707635216095099238e-06
4.716119124159015149e-06
4.725018846756667704e-06
4.734323721496915799e-06
4.744031165798382016e-06
4.754129787066736551e-06
4.764610515210442168e-06
4.775463813769726132e-06
4.786679725606244655e-06
4.798247789425349978e-06
4.810157104587793806e-06
4.822399698985655977e-06
4.834957134475697109e-06
4.847820576774516425e-06
4.860977390985794795e-06
4.874414493407224036e-06
4.888118351876136171e-06
4.902074933610769685e-06
4.916269789059921908e-06
4.930688011150546441e-06
4.945314266564743739e-06
4.960132780064559223e-06
4.975127277878651599e-06
4.990281038347504089e-06
5.005566038677793888e-06
5.020986114415855169e-06
5.036512535176947959e-06
5.052126777717836201e-06
5.067809955481923423e-06
5.083542758480447255e-06
5.099305464851464573e-06
5.115078281293761024e-06
5.130839995624854080e-06
5.146570019673268131e-06
5.162247034625016758e-06
5.177849429799330857e-06
5.193355360743427233e-06
5.208742726993681432e-06
5.223989163769842043e-06
5.239072045370180160e-06
5.253968537712724560e-06
5.268657101273504586e-06
5.283111475526542455e-06
5.297310085796027306e-06
5.311229892373318422e-06
5.324847891891993891e-06
5.338141140075238046e-06
5.351086786731562480e-06
5.363662062605703748e-06
5.375844414166402817e-06
5.387611785333245383e-06
5.398942634824592883e-06
5.409814441781607742e-06
5.413068323214389408e-06
5.422891364689330454e-06
5.432198648847892285e-06
5.440971324625592099e-06
5.456616980198324040e-06
5.464332365330208083e-06
5.471459233787619380e-06
5.477982042004915945e-06
5.484382656222907029e-06
5.489157515885174885e-06
5.494272643234469767e-06
5.497751723542626679e-06
5.501050366367427957e-06
5.503689150512096802e-06
5.505618962170854410e-06
5.506850968573543550e-06
5.507377436623559275e-06
5.507191383707772423e-06
5.506286392869430923e-06
5.504656603528813063e-06
5.502296804478937499e-06
5.499202528656600109e-06
5.495368343996223380e-06
5.490795152570215171e-06
5.485479069472511850e-06
5.479418335369779560e-06
5.472611629590832228e-06
5.465058251362727305e-06
5.456758251288422622e-06
5.447712596221033998e-06
5.437923161271086658e-06
5.427392372109798953e-06
5.416121285023705631e-06
5.404113584152115047e-06
5.391377401912440231e-06
5.377914746100854225e-06
5.363731134599421988e-06
5.348832613446242337e-06
5.333225157792146609e-06
5.316914395416382435e-06
5.299905992940058759e-06
5.282205792036711948e-06
5.263819425282953851e-06
5.244752689734431739e-06
5.225010281552895118e-06
5.204595444866039620e-06
5.183517679294659762e-06
5.161760615014797911e-06
5.139330560919676157e-06
5.116224288277223130e-06
5.092445558261740833e-06
5.067971392143710996e-06
5.042801944822815940e-06
5.016927135586717755e-06
4.990334946739631526e-06
4.963011454853644043e-06
4.934941342034267785e-06
4.906104997847308808e-06
4.876492924047086541e-06
4.846088511086415576e-06
4.814881048377227945e-06
4.782861751372496543e-06
4.750024780242298799e-06
4.716364619118194919e-06
4.681877915059786603e-06
4.646566004669724850e-06
4.610437012690257257e-06
4.573505528823789582e-06
4.535791772797548497e-06
4.497322448445398113e-06
4.458129165493149735e-06
4.418249225619493271e-06
4.377723911323404432e-06
4.336589639488668888e-06
4.294908936968495322e-06
4.252722380293039768e-06
4.210081533120335819e-06
4.167037188688486048e-06
4.123642969326023949e-06
4.079944329213761335e-06
4.035980744795016242e-06
3.991781935273700756e-06
3.947369048444959169e-06
3.902766104965068685e-06
3.857952881633659228e-06
3.812938273938215810e-06
3.767712363925470318e-06
3.722258891092948718e-06
3.676554933272679788e-06
3.630571043291797036e-06
3.584271640685765253e-06
3.537617699578623618e-06
3.490575821436158382e-06
3.443124329286908446e-06
3.395251063285437778e-06
3.346960282283199978e-06
3.298265748762128999e-06
3.249199686354706141e-06
3.199796507633812712e-06
3.150090725562226002e-06
3.100122276842643298e-06
3.049934804281126268e-06
2.999577016476587851e-06
2.949102409828872999e-06
2.898568549844724172e-06
2.848035846209074304e-06
2.797566607016676600e-06
2.747223173344699027e-06
2.697067810165624475e-06
2.647162087462275055e-06
2.597567353976833936e-06
2.548344334278624195e-06
2.499555712170802109e-06
2.451264137868116411e-06
2.403528266056030581e-06
2.356402316801684856e-06
2.309936047003162084e-06
2.264174285768868387e-06
2.219153775903200124e-06
2.174899921399078466e-06
2.131430019776053900e-06
2.088752901281856514e-06
2.046871347791608802e-06
2.005780546478502756e-06
1.965469736892180629e-06
1.925927366900950421e-06
1.887145074192746508e-06
1.849123462168152123e-06
1.811872600183260759e-06
1.775411905812034673e-06
1.739769863577746033e-06
1.704982355259307521e-06
1.671088232309669167e-06
1.638118669690221205e-06
1.606086086365131227e-06
1.574984787601560403e-06
1.544787150513019470e-06
1.515449398456282217e-06
1.486912641574889218e-06
1.459094019145542222e-06
1.431900713043769524e-06
1.405229681316887623e-06
1.378969995502609817e-06
1.353003441514440266e-06
1.327209290194359759e-06
1.301470229093681900e-06
1.275679211424895862e-06
1.249753531112493997e-06
1.223635196474496642e-06
1.197292894159710192e-06
1.170721073063257445e-06
1.143939620492714522e-06
1.116995591972925393e-06
1.089955880607888425e-06
1.062891783342114880e-06
1.035874575018953523e-06
1.008982237291552169e-06
9.822859447121600440e-07
9.558523047840376439e-07
9.297367077267051723e-07
9.039901222255835114e-07
8.786664019714351278e-07
8.538229275036784360e-07
8.295181190179336315e-07
8.058124077407752947e-07
7.827644575252186317e-07
7.604250397600113671e-07
7.388358100960246427e-07
7.180374199371253276e-07
6.980490889257399974e-07
6.788780724399556319e-07
6.605240881465875160e-07
6.429801943294519494e-07
6.262291328102254924e-07
6.102369778996812160e-07
5.949515321624158833e-07
5.803038032593829881e-07
5.662043863574608239e-07
5.525490497284781388e-07
5.392226961397500795e-07
5.261204572419737208e-07
5.131462085435262404e-07
5.002347824612879581e-07
4.873495117851758312e-07
4.744878603571920751e-07
4.616736977390054833e-07
4.489497383732453950e-07
4.363740141577197962e-07
4.240043595400502290e-07
4.118980714088794991e-07
4.001050018717461116e-07
3.886682021672635843e-07
3.776214743874771963e-07
3.669887152687960359e-07
3.567841793055763617e-07
3.470126123739772030e-07
3.376636643650081202e-07
3.287077710238231697e-07
3.201062654698858923e-07
3.118096584463362437e-07
3.037649135324013904e-07
2.959184188495693320e-07
2.882258781884737879e-07
2.806592010247949175e-07
2.732083859237100893e-07
2.658772043434411730e-07
2.586807325827736952e-07
2.516433789098886883e-07
2.447920989669004945e-07
2.381467461253087837e-07
2.317216579531221978e-07
2.255211037966839602e-07
2.195408118408920606e-07
2.137684721383781881e-07
2.081862359321129741e-07
2.027757924014500497e-07
1.975188731667186885e-07
1.924001177286575550e-07
1.874082815961855891e-07
1.825362201110956947e-07
1.777816327991983880e-07
1.731436076586504199e-07
1.686247597628731189e-07
1.642275760129379820e-07
1.599545707842135235e-07
1.558074122338224119e-07
1.517862243812781950e-07
1.478878248239793349e-07
1.441110112914562544e-07
1.404507537097057674e-07
1.369013652012380248e-07
1.334569527655958511e-07
1.301115682129516949e-07
1.268607987346620578e-07
1.236986497176651804e-07
1.206213203349226520e-07
1.176257213432347084e-07
1.147093977858487358e-07
1.118699567567328635e-07
1.091064061480563181e-07
1.064166526267503967e-07
1.037997454264765671e-07
1.012539655667574941e-07
9.877763329549967761e-08
9.636897906484240778e-08
9.402616241420323028e-08
9.174727083925287780e-08
8.953032694359229418e-08
8.737316311447153307e-08
8.527416528918385369e-08
8.323122575423816670e-08
8.124247152344815855e-08
7.930610749742881999e-08
7.742042373696314683e-08
7.558378609700414706e-08
7.379448023249769266e-08
7.205131661982775035e-08
7.035289887521670660e-08
6.869743030732197068e-08
6.708377796629627687e-08
6.551061613980689750e-08
6.397658113724630339e-08
6.248069249318242870e-08
6.102161743922345796e-08
5.959820651550036877e-08
5.820935649403273044e-08
5.685400905674461018e-08
5.553114654495960039e-08
5.423967776066103823e-08
5.297887516190125284e-08
5.174771371215196243e-08
5.054529784826455204e-08
4.937078639485603236e-08
4.822326842231540786e-08
4.710214513517061993e-08
4.600655407733662907e-08
4.493575767938081926e-08
4.388900860060619391e-08
4.286570275711570065e-08
4.186507326724448472e-08
4.088664258725951539e-08
3.992973931377419716e-08
3.899374308688740137e-08
3.807810258602487109e-08
3.718218071780977237e-08
3.630564173804349312e-08
3.544788653296642245e-08
3.460842926262501610e-08
3.378680005110376005e-08
3.298254517255540348e-08
3.219522671542715259e-08
3.142435835507654797e-08
3.066967358975342046e-08
2.993071907992562349e-08
2.920711882164301155e-08
2.849851158966823203e-08
2.780454852298350102e-08
2.712484139788755154e-08
2.645917765614105846e-08
2.580719346397069710e-08
2.516859227718494521e-08
2.454308779622246301e-08
2.393040354167033289e-08
2.333027288819373758e-08
2.274239683751520853e-08
2.216661813935966388e-08
2.160265623623358583e-08
2.105028429672433122e-08
2.050928323480634685e-08
1.997940353359131268e-08
1.946051739575777416e-08
1.895238850319668878e-08
1.845482752949088978e-08
1.796765212268988756e-08
1.749068587243599781e-08
1.702372809208492887e-08
1.656667259993510296e-08
1.611932683072975833e-08
1.568153423613460898e-08
1.525314334619307282e-08
1.483398141186964942e-08
1.442395769796332622e-08
1.402289815376619041e-08
1.363067905643810804e-08
1.324715849457125368e-08
1.287220465054090426e-08
1.250568873176839881e-08
1.214745266062320338e-08
1.179743657222113419e-08
1.145548415871734412e-08
1.112147339143180132e-08
1.079528365979094679e-08
1.047679577026210048e-08
1.016586741309476930e-08
9.862432378702386971e-09
9.566348758030839077e-09
9.277501005440704558e-09
8.995773844636459821e-09
8.721052499585277448e-09
8.453200810084062042e-09
8.192150343941202066e-09
7.937764765214012021e-09
7.689931072302895378e-09
7.448536293545754179e-09
7.213467534753509473e-09
6.984593882683528679e-09
6.761840368145690695e-09
6.545075814715494511e-09
6.334188429323158490e-09
6.129066662071536761e-09
5.929583444388080375e-09
5.735659768288894631e-09
5.547173965102742209e-09
5.364004782310314912e-09
5.186048041715547620e-09
5.013181213714517059e-09
4.845322977862735296e-09
4.682351377372792497e-09
4.524159155984367137e-09
4.370639783627733305e-09
4.221676192628725424e-09
4.077186735616386965e-09
3.937055672964268721e-09
3.801180186764004218e-09
3.669458596667433067e-09
3.541780755322935755e-09
3.418066673000195889e-09
3.298208008972294216e-09
3.182107670295479717e-09
3.069661780460154366e-09
2.960792553405236700e-09
2.855398557156253225e-09
2.753388163754329417e-09
2.654663667272316947e-09
2.559151403300828076e-09
2.466756218896316881e-09
2.377392321194006462e-09
2.290969202183698659e-09
2.207417401933725980e-09
2.126649187025822686e-09
2.048572903560974263e-09
1.973135309695049182e-09
1.900247480520861851e-09
1.829829541348704646e-09
1.761819283155623437e-09
1.696139837744155641e-09
1.632727018470855274e-09
1.571495880486781782e-09
1.512395718337250367e-09
1.455356058634500846e-09
1.400309343073580699e-09
1.347201912308465554e-09
1.295969084678906664e-09
1.246548220299567112e-09
1.198889079836094802e-09
1.152928369143409028e-09
1.108618340465785291e-09
1.065902407910508885e-09
1.024725943488896600e-09
9.850446895003144072e-10
9.468037209410917630e-10
9.099609039141737907e-10
8.744669228447896330e-10
8.402743430869364400e-10
8.073444647368588154e-10
7.756288043169113449e-10
7.450932670000374442e-10
7.156920092237959400e-10
6.873901760143847117e-10
6.601459581447666844e-10
6.339265455942335412e-10
6.086937665852179368e-10
5.844147610708879340e-10
5.610552880664496349e-10
5.385829225994438148e-10
5.169662651990601179e-10
4.961749987139523116e-10
4.761752218784292640e-10
4.569468798073894610e-10
4.384589234329926895e-10
4.206846657967306334e-10
4.035991471893088518e-10
3.871747101916474185e-10
3.713904770949514749e-10
3.562214980081929243e-10
3.416452549950191434e-10
3.276399486029306185e-10
3.141815120862412188e-10
3.012552024618057963e-10
2.888384415880716288e-10
2.769127897287527930e-10
2.654595678741249176e-10
2.544614672053920154e-10
2.439011804437951571e-10
2.337619574190353143e-10
2.240278122415316768e-10
2.146838270176271877e-10
2.057148442464311256e-10
1.971066189869410136e-10
1.888448860627970516e-10
1.809173583246861172e-10
1.733106791292210743e-10
1.660124633149982199e-10
1.590107922590378841e-10
1.522941784126129598e-10
1.458515260583318021e-10
1.396721190145437313e-10
1.337456246933496501e-10
1.280621082970989747e-10
1.226116487407300007e-10
1.173859493205521609e-10
1.123758159803434153e-10
1.075727776958109319e-10
1.029686471037646591e-10
9.855551806877731916e-11
9.432576516874110024e-11
9.027173772244727168e-11
8.638684647946549696e-11
8.266456977655725889e-11
7.909748950381625447e-11
7.567975278142110027e-11
7.240531225904602645e-11
6.926839538986235365e-11
6.626325316832287593e-11
6.338512658597095037e-11
6.062849819423780227e-11
5.798861377146363182e-11
5.546086898609075036e-11
5.304043609880475137e-11
5.072292441237080457e-11
4.850398905761319048e-11
4.637971160247279243e-11
4.434608839975337537e-11
4.239939161228056375e-11
4.053607358207678440e-11
3.875265480582470499e-11
3.704591685453800728e-11
3.541262223253318017e-11
3.384970729445291431e-11
3.235417642659503013e-11
3.092316088936088111e-11
2.955376329167999946e-11
2.824353659196129431e-11
2.698994631762039462e-11
2.579060970696773522e-11
2.464331161185759899e-11
2.354597453965388651e-11
2.249642823638152245e-11
2.149277626746913677e-11
2.053307571042425360e-11
1.961540946589904833e-11
1.873804871324926143e-11
1.789914503978172813e-11
1.709708664760805003e-11
1.633023057220734930e-11
1.559697734132184274e-11
1.489603812187285474e-11
1.422599915773350510e-11
1.358561099097260283e-11
1.297360264553067720e-11
1.238869984526619825e-11
1.182972985292717594e-11
1.129551280801796528e-11
1.078503671811400977e-11
1.029720557568412136e-11
9.830998736437160248e-12
9.385485468691348771e-12
8.959834093655631477e-12
8.553118660634110604e-12
8.164593681258180883e-12
7.793483419353660278e-12
7.439043616769596777e-12
7.100471666458036296e-12
6.777111231673800102e-12
6.468192174301386773e-12
6.173076277399371518e-12
5.889927480488190169e-12
5.618498129936061838e-12
5.359394658051905436e-12
5.112192898101538006e-12
4.876250853621225503e-12
4.651053929204239068e-12
4.436128156320649976e-12
4.230993880772153297e-12
4.035176087181134739e-12
3.848313785053868150e-12
3.670017760733166918e-12
3.499934288113547146e-12
3.337715410950625904e-12
3.182998003763127460e-12
3.035468887952403125e-12
2.894749144250159998e-12
2.760526936721748253e-12
2.632487054631603705e-12
2.510325837464965476e-12
2.393757303262812055e-12
2.282598871413578866e-12
2.176876014682751548e-12
2.076020567686736061e-12
1.979818732029348948e-12
1.888055090846260139e-12
1.800520784465245722e-12
1.717008521776841799e-12
1.637345325441715066e-12
1.561338834317019933e-12
1.488838853762160898e-12
1.419678138886096415e-12
1.353706436192116034e-12
1.290774211609488948e-12
1.230747138469115137e-12
1.173489953672891797e-12
1.116955146330237593e-12
1.062823647477621164e-12
1.011227983868223306e-12
9.620572608821232532e-13
9.151980688043892193e-13
8.705407509026449634e-13
8.279929875921693438e-13
7.874524227691553089e-13
7.488288200400124755e-13
7.120329182138371324e-13
6.769777487629686836e-13
6.443080748774592381e-13
6.132014814462043728e-13
5.835535959338283341e-13
5.553015612269138649e-13
5.283799840295448671e-13
5.027281935534542194e-13
4.782838872881142127e-13
4.549894678007620413e-13
4.325133325238654602e-13
4.097874076495057686e-13
3.881571685065884888e-13
3.675931138436527507e-13
3.480395636361623579e-13
3.294361968995071780e-13
3.117425412609216975e-13
2.949178307279852982e-13
2.801220715175812919e-13
2.662500017733352845e-13
