# bin_4_3
3.709275817959696852e-05
3.704029308317787573e-05
3.698727374088497743e-05
3.693369875152630597e-05
3.687957620354129158e-05
3.682491144758784607e-05
3.676970906998104145e-05
3.671397432114899463e-05
3.665771295494245027e-05
3.660092818800611206e-05
3.654363296314232066e-05
3.648583171002319322e-05
3.642753180309858961e-05
3.636873809767407310e-05
3.630945860768845367e-05
3.624968679499810184e-05
3.618941680269642378e-05
3.612868598507248111e-05
3.606751602824571321e-05
3.600587016333762369e-05
3.594379162654163308e-05
3.588128578007551841e-05
3.581836733128803541e-05
3.575503818652119812e-05
3.569131545283356057e-05
3.562721549975853707e-05
3.556275831136585842e-05
3.549862667514721811e-05
3.543270318558960653e-05
3.536742098601971477e-05
3.530170310418739984e-05
3.523570847740855255e-05
3.516949396364892332e-05
3.510299725996455318e-05
3.503628007764439378e-05
3.496936430198174605e-05
3.490227272729848026e-05
3.483502891215221442e-05
3.476768119400220757e-05
3.470017814879742748e-05
3.463258363995563600e-05
3.456493727029994275e-05
3.449727715426614957e-05
3.442962889355198630e-05
3.436264742085595383e-05
3.429443968641061955e-05
3.422695207293326180e-05
3.415957253627968030e-05
3.409232858739763892e-05
3.402525608516261761e-05
3.395839315835296282e-05
3.389177957325983920e-05
3.382545201613465491e-05
3.375944117269696638e-05
3.369377365646073104e-05
3.362847830061205885e-05
3.356359831944857544e-05
3.349918695275170649e-05
3.343529281190183529e-05
3.337195534258165751e-05
3.330920084220922626e-05
3.324705130407171752e-05
3.318554921552245465e-05
3.312469952405900199e-05
3.306468371121402857e-05
3.300544744429499417e-05
3.294704167043654595e-05
3.289011146189824917e-05
3.283342796473308497e-05
3.277770356109107480e-05
3.272270658467784857e-05
3.266923205264420533e-05
3.261633912487767585e-05
3.256552275789190327e-05
3.251542963094802862e-05
3.246667987428440401e-05
3.241912249413959001e-05
3.237299531301812835e-05
3.232832479737014428e-05
3.228505620499113465e-05
3.224327291506078584e-05
3.220303806922330728e-05
3.216437407321555143e-05
3.212742290610603492e-05
3.209217378167542793e-05
3.205867554826368138e-05
3.202698665557003171e-05
3.199716006398039967e-05
3.196925850063598164e-05
3.194333590922775629e-05
3.191942521696116694e-05
3.189758040028834634e-05
3.187791451246619538e-05
3.186003363258853196e-05
3.184511521422633373e-05
3.183206420089457634e-05
3.183092198122760246e-05
3.181314268228792937e-05
3.180732974802187915e-05
3.180407198033486911e-05
3.180333911953516071e-05
3.180516452154970189e-05
3.180967836124801325e-05
3.181690744807381824e-05
3.182689477594801320e-05
3.183969420655080330e-05
3.185536303932746743e-05
3.187397322425558410e-05
3.189552125727079828e-05
3.192008885091973756e-05
3.194771822770308485e-05
3.197846035126972278e-05
3.201236483643865236e-05
3.204947135274881502e-05
3.208982840929404054e-05
3.213348290110710776e-05
3.218047455734445735e-05
3.222915869131812849e-05
3.228463796950890418e-05
3.234014234171533788e-05
3.240264515072825615e-05
3.246693848967424260e-05
3.253480532577519304e-05
3.260628386906816380e-05
3.268140799725203919e-05
3.276021136667512350e-05
3.284272676138067843e-05
3.292899487458538361e-05
3.301902694414220630e-05
3.311286340398448831e-05
3.321052930327636146e-05
3.331205241558654893e-05
3.341745599134008705e-05
3.352676256043342877e-05
3.363999336126418424e-05
3.375716665977357612e-05
3.387829845716303979e-05
3.400333163989338966e-05
3.413241957254228214e-05
3.425945171818283624e-05
3.440258649738110421e-05
3.454367803842137293e-05
3.468877974656314544e-05
3.483789223185184927e-05
3.499101380865820746e-05
3.514814027753679538e-05
3.530926475925496265e-05
3.547437130465534987e-05
3.564346222974658189e-05
3.581651636134006297e-05
3.599351673984072853e-05
3.617444376897662644e-05
3.635927472557548166e-05
3.654798373637949366e-05
3.674054157431857782e-05
3.693691601264598417e-05
3.713707157440411196e-05
3.734096919957793247e-05
3.754856619369607433e-05
3.775981634696498433e-05
3.797466948043579614e-05
3.819307149629978468e-05
3.841496421892702105e-05
3.864028596919018456e-05
3.886897146592561492e-05
3.910095160775460641e-05
3.933615335530273792e-05
3.957449956872771186e-05
3.981590883133282697e-05
4.006029542934039396e-05
4.030756930345719222e-05
4.055763630118761412e-05
4.081039811747720782e-05
4.106575191212329069e-05
4.132363067308812531e-05
4.158384127583030128e-05
4.184630622942687235e-05
4.211090325967150775e-05
4.237750540815068517e-05
4.264598125317526733e-05
4.291619485762843269e-05
4.318800545043236265e-05
4.346126714091701557e-05
4.373582886912334852e-05
4.401153426652128518e-05
4.428822211613302223e-05
4.456572622893888088e-05
4.484387566604738115e-05
4.512249472163851226e-05
4.540140239896711509e-05
4.568041231502505486e-05
4.595933265367760552e-05
4.623796638771085320e-05
4.651611137302056736e-05
4.679356037912548529e-05
4.707010653225159562e-05
4.734552347912597439e-05
4.761959414329913412e-05
4.789209134811063653e-05
4.816278268181240461e-05
4.843143065764813764e-05
4.870527513803767392e-05
4.896162196815538549e-05
4.922266770568997754e-05
4.948067477585830451e-05
4.973538342990685445e-05
4.998641820987455303e-05
5.023373137833291523e-05
5.047694030308259893e-05
5.071576863739265769e-05
5.094999502595104111e-05
5.117922321400650190e-05
5.140322778540195919e-05
5.162172239110711023e-05
5.183441799178670320e-05
5.204102310152891462e-05
5.224124479858755263e-05
5.243479053216320863e-05
5.262136811321431175e-05
5.280068545161050646e-05
5.297245074070046768e-05
5.313637220439961276e-05
5.329215820976160013e-05
5.343951812354531675e-05
5.357816418174587704e-05
5.370781154938162352e-05
5.382817850108413297e-05
5.393898654618827919e-05
5.403996004251318151e-05
5.413082604133929863e-05
5.421131460078905704e-05
5.428115942131282506e-05
5.434009843791313304e-05
5.438787471885690321e-05
5.442423692201064857e-05
5.444893912748974079e-05
5.446174087470712311e-05
5.446240632527521929e-05
5.445070345448556874e-05
5.442640572595426124e-05
5.438929477194403357e-05
5.433916146389931461e-05
5.427580712225859308e-05
5.419904385369469021e-05
5.410869289075854029e-05
5.400453081828844013e-05
5.388650217356396807e-05
5.375441243269632637e-05
5.360813658291462111e-05
5.344756904822790274e-05
5.327262364537662705e-05
5.308323076512289849e-05
5.287933630605739724e-05
5.266090911774313674e-05
5.242794640550634997e-05
5.218047343014007379e-05
5.191840791196928478e-05
5.164209440094599498e-05
5.135149726996485322e-05
5.104673330683056053e-05
5.072794743189554836e-05
5.039531604753220815e-05
5.004904436086556827e-05
4.968936324553009545e-05
4.931652570485767044e-05
4.893085849727066251e-05
4.853252492623908175e-05
4.812188467637764191e-05
4.769925760771471970e-05
4.726498286536145245e-05
4.681941891000962691e-05
4.636294095707510959e-05
4.580761640287729148e-05
4.541884166360648367e-05
4.493200418531567784e-05
4.443587890027701044e-05
4.393090284329517580e-05
4.341752986939413080e-05
4.289623944475125526e-05
4.236754845559765183e-05
4.183200905528294014e-05
4.129020032034593602e-05
4.074272242635575407e-05
4.019019166696762951e-05
3.963324202316240071e-05
3.907258737784984461e-05
3.850885607527087086e-05
3.794284491105364120e-05
3.737533316385266695e-05
3.680712402809546723e-05
3.623904431055959214e-05
3.567194104004442305e-05
3.510667910389466561e-05
3.454411801656701855e-05
3.398509945731855483e-05
3.343043902389019597e-05
3.288092809267294860e-05
3.233733533729745270e-05
3.180039018238047178e-05
3.127074781931666773e-05
3.074896319370029938e-05
3.023547109092217957e-05
2.973058377348379886e-05
2.923448866145432015e-05
2.874725162050427289e-05
2.826882880839121209e-05
2.779907362435411015e-05
2.733771675364931439e-05
2.688437181220168899e-05
2.643856412829371366e-05
2.599968249681688058e-05
2.556703601414972890e-05
2.513990560418746963e-05
2.471758720937817900e-05
2.429944108656799232e-05
2.388491221847651095e-05
2.347350865885127963e-05
2.306482764266877986e-05
2.265850800766707309e-05
2.225419393426426466e-05
2.185157168049249704e-05
2.145042509397076914e-05
2.105064530515212459e-05
2.065223014296805584e-05
2.025527713638839079e-05
1.985996903382160016e-05
1.946656075207101782e-05
1.907534081038326774e-05
1.868662318486478610e-05
1.830075100020286640e-05
1.791809529261811964e-05
1.753905050127643877e-05
1.716404650271164133e-05
1.679350994924522176e-05
1.642777573951034482e-05
1.606707414049870640e-05
1.571153411509789967e-05
1.536118503122758082e-05
1.501594483731838063e-05
1.467560674757365450e-05
1.433989886853251124e-05
1.400855403332827739e-05
1.368114736751578351e-05
1.335733393031602042e-05
1.303671086103777720e-05
1.271891254381988953e-05
1.240367860355850803e-05
1.209099466872028768e-05
1.178110953571115713e-05
1.147452785082019642e-05
1.117200634790985757e-05
1.087453724933472258e-05
1.058331270471872046e-05
1.029953718286621889e-05
1.002417605371277393e-05
9.757951616718332468e-06
9.501268242712184223e-06
9.254329313060029636e-06
9.017018964498002003e-06
8.788915692925191640e-06
8.569343940126447615e-06
8.357472301920819074e-06
8.152335164226487228e-06
7.952834193467208293e-06
7.757776596072409340e-06
7.565925382155758153e-06
7.376119323408387925e-06
7.187538510188842124e-06
6.999770955038851788e-06
6.812774691873209661e-06
6.626878597661013711e-06
6.442767606684566924e-06
6.261464066556781000e-06
6.084116668096276959e-06
5.911700133069298342e-06
5.744947743365741959e-06
5.584354919343097369e-06
5.430159297385988849e-06
5.282302907979148781e-06
5.140449053594263819e-06
5.004092729052337601e-06
4.872676580993380033e-06
4.745637243073147682e-06
4.622414768094533312e-06
4.502481331264944096e-06
4.385358204132277726e-06
4.270624295008099294e-06
4.157973487810249594e-06
4.047227719125740607e-06
3.938334257647926966e-06
3.831369771710904587e-06
3.726538113652369424e-06
3.624167527112466079e-06
3.524639658962931372e-06
3.428276549428005979e-06
3.335280636100563692e-06
3.245721086565606831e-06
3.159525595035973256e-06
3.076481974220805546e-06
2.996267993476737090e-06
2.918534987800296694e-06
2.842989110701357067e-06
2.769423160016185801e-06
2.697718794085025814e-06
2.627836520840377366e-06
2.559802998881085480e-06
2.493671274291437492e-06
2.429475182918244873e-06
2.367209488611545587e-06
2.306833141836010431e-06
2.248280725658000600e-06
2.191475342496175619e-06
2.136346058862172162e-06
2.082845916958152977e-06
2.030955621708692105e-06
1.980666645377076588e-06
1.931972880510879636e-06
1.884856618177338966e-06
1.839280201961799325e-06
1.795178198940794505e-06
1.752459409650452254e-06
1.711022183999424242e-06
1.670772646308636824e-06
1.631628210502982588e-06
1.593527329322477727e-06
1.556432430478218227e-06
1.520330372823602886e-06
1.485224465714840014e-06
1.451117895358366909e-06
1.418010689908874758e-06
1.385892675993610880e-06
1.354744061541958766e-06
1.324531864097448971e-06
1.295211499558504091e-06
1.266735223243611819e-06
1.239057716449863280e-06
1.212136574036207178e-06
1.185934792630999892e-06
1.160421023369041101e-06
1.135569746044699969e-06
1.111358978033594510e-06
1.087769139069948781e-06
1.064780865152881292e-06
1.042375057056179470e-06
1.020532121010275950e-06
9.992322707264136131e-07
9.784555149107480567e-07
9.581799241414036902e-07
9.383903422732319677e-07
9.190648999856833027e-07
9.001872500951179813e-07
8.817389861135122954e-07
8.637033905234767377e-07
8.460646306913459165e-07
8.288076372554309107e-07
8.119181239822848399e-07
7.953825742777340954e-07
7.791868495315260214e-07
7.633218409137557305e-07
7.477731372529994529e-07
7.325302417081479026e-07
7.175824189519712045e-07
7.029193877548007971e-07
6.885313416602179573e-07
6.744089416891422854e-07
6.605433508642313027e-07
6.469246583323959327e-07
6.335482425398089430e-07
6.204050010919722728e-07
6.074879070790364061e-07
5.947887676075672255e-07
5.823045198617231464e-07
5.700277385983534739e-07
5.579529854892298375e-07
5.460751663391957908e-07
5.343895175256091473e-07
5.228915977335306533e-07
5.115772682142563702e-07
5.004426972106687301e-07
4.894843330251899735e-07
4.786976078883381581e-07
4.680820118907192364e-07
4.576333593882034163e-07
4.473490060017535564e-07
4.372265296333911874e-07
4.272637150290582647e-07
4.174585235353684676e-07
4.078090636744896221e-07
3.983135769047909324e-07
3.889704489646751353e-07
3.797782015180629949e-07
3.707354862014963600e-07
3.618410596548756282e-07
3.530928699766471186e-07
3.444916099484894384e-07
3.360353079831443190e-07
3.277229804718715557e-07
3.195537099770989662e-07
3.115266297915141579e-07
3.036409012260037135e-07
2.958960022973799258e-07
2.882904626185206943e-07
2.808228787255465125e-07
2.734942864518845390e-07
2.663029363266197213e-07
2.592480171489248053e-07
2.523286930048520236e-07
2.455440949172877543e-07
2.388933265927546476e-07
2.323754651848432163e-07
2.259895694003607888e-07
2.197346720807308722e-07
2.136097681037043850e-07
2.076138083613178257e-07
2.017457030092425258e-07
1.960043175109277041e-07
1.903879740582068159e-07
1.848965064552559886e-07
1.795281372839984859e-07
1.742815813453437373e-07
1.691555140398854514e-07
1.641485680986944701e-07
1.592593377071424535e-07
1.544863821746251665e-07
1.498282241752571538e-07
1.452833559990184599e-07
1.408502391593398021e-07
1.365273053701395643e-07
1.323133045132066410e-07
1.282055537231117059e-07
1.242034793424154853e-07
1.203050367751240745e-07
1.165085335354371220e-07
1.128122619111060648e-07
1.092144995684538674e-07
1.057135108805418871e-07
1.023075452863269768e-07
9.899504785880540073e-08
9.577382802571380860e-08
9.264232910658288928e-08
8.959853200479346882e-08
8.664117910060652580e-08
8.376823740323937724e-08
8.097793677424504204e-08
7.826851045288127312e-08
7.563820100633102199e-08
7.308523573221535595e-08
7.060793521467696195e-08
6.820455147011851256e-08
6.587337318533653966e-08
6.361251172848475860e-08
6.142066877708318432e-08
5.929598459185766627e-08
5.723681638904948458e-08
5.524154227651813966e-08
5.330855991719133580e-08
5.143628458232974744e-08
4.962315156229292784e-08
4.786762209349042858e-08
4.616818189773050456e-08
4.452320509402968686e-08
4.293150626189600119e-08
4.139150117711351137e-08
3.990177037601902338e-08
3.846092148674366559e-08
3.706758887885793962e-08
3.572043292401395208e-08
3.441814136387976852e-08
3.315931847607399594e-08
3.194292158801732107e-08
3.076759952321886484e-08
2.963214169328546139e-08
2.853536515643899575e-08
2.747611348473206117e-08
2.645328986258804709e-08
2.546571983408013692e-08
2.451227266754778945e-08
2.359206611040563431e-08
2.270398457184224692e-08
2.184702669772503222e-08
2.102021614011656897e-08
2.022260106115231492e-08
1.945325330374570069e-08
1.871120051524637863e-08
1.799570365899123833e-08
1.730583721508136270e-08
1.664076989917598023e-08
1.599969310984830065e-08
1.538181966357218885e-08
1.478632641563713712e-08
1.421258657856925433e-08
1.365981836006758254e-08
1.312732053742254951e-08
1.261441142223068752e-08
1.212041425562538820e-08
1.164466624891286766e-08
1.118662558115015620e-08
1.074563594174282636e-08
1.032111157352715594e-08
9.912483846231238638e-09
9.519201228060939614e-09
9.140689583429344812e-09
8.776510567752809780e-09
8.426120743904112417e-09
8.089034523122933970e-09
7.764781514291262520e-09
7.452871956789192754e-09
7.152932964808968742e-09
6.864501080643862373e-09
6.587161806644461429e-09
6.320515063549431103e-09
6.064145812458150556e-09
5.817739288787513026e-09
5.580903721191264219e-09
5.353289294783734136e-09
5.134557653007831961e-09
4.924357520071895496e-09
4.722423669367419340e-09
4.528426016034491075e-09
4.342069923608524690e-09
4.163070516335045206e-09
3.991131942436032850e-09
3.826030387411157690e-09
3.667488257842928259e-09
3.515259054307401411e-09
3.369074973639821179e-09
3.228767081219683632e-09
3.094082191721152509e-09
2.964805825431029894e-09
2.840715173792591138e-09
2.721643292364170799e-09
2.607381619359913503e-09
2.497730426494135460e-09
2.392540325383362843e-09
2.291623918294282937e-09
2.194815307529245083e-09
2.101942645349606208e-09
2.012878269038708727e-09
1.927461447465545412e-09
1.845538319323285589e-09
1.766994307491388557e-09
1.691684502936402337e-09
1.619476899175146163e-09
1.550252574924153629e-09
1.483893142604826759e-09
1.420284668757545252e-09
1.359317507251288015e-09
1.300884097969317529e-09
1.244887837019769090e-09
1.191227722097862390e-09
1.139812718300482711e-09
1.090551351977962903e-09
1.043358700950418532e-09
9.981504375806731119e-10
9.548451452579346115e-10
9.133652347769532206e-10
8.736382794904237423e-10
8.355913536422609284e-10
7.991559901084737593e-10
7.642643771806434689e-10
7.308571861303950080e-10
6.988715877216309232e-10
6.682490941672375150e-10
6.389336109295667934e-10
6.108712120506873351e-10
5.840099864145252398e-10
5.583000125431834077e-10
5.336920824383612580e-10
5.101447237522200851e-10
4.876075249897433445e-10
4.660420789071459699e-10
4.454109005625408669e-10
4.256691865323989012e-10
4.067826094115888040e-10
3.887176148288686898e-10
3.714346665304707418e-10
3.549031627346880553e-10
3.390912405313641855e-10
3.239700326188423921e-10
3.095062839666707731e-10
2.956735821558737966e-10
2.824446574477419597e-10
2.697937723000839486e-10
2.576970847432302552e-10
2.461271717221738169e-10
2.350673886030168510e-10
2.244953251654052417e-10
2.143919891123994215e-10
2.047383745679409036e-10
1.955120143431159573e-10
1.866909220744081591e-10
1.782637647310757075e-10
1.702111653799769884e-10
1.625180938118623932e-10
1.551677111245142269e-10
1.481417503290486807e-10
1.414314467596148369e-10
1.350210260681622937e-10
1.288972536646840569e-10
1.230445448172979580e-10
1.174547531188924686e-10
1.121136904608163079e-10
1.070118818072358218e-10
1.021383139489351599e-10
9.748366482459482428e-11
9.303782259405933037e-11
8.879270803084657041e-11
8.473905118110675979e-11
8.086914461400047606e-11
7.717486966228356920e-11
7.364835960598677986e-11
7.028231883564699577e-11
6.706968589253448535e-11
6.400327458029190048e-11
6.107639889893152450e-11
5.828171475972095626e-11
5.561523571444339134e-11
5.307075323120674494e-11
5.064238736488361822e-11
4.832494538194949021e-11
4.611298446037860790e-11
4.400199221495405188e-11
4.198664541724129790e-11
4.006364836025362374e-11
3.822855171883398579e-11
3.647661859845788909e-11
3.480478144146366842e-11
3.320934959560241729e-11
3.168649080940353731e-11
3.023346248293337749e-11
2.884720099229486983e-11
2.752435607161065391e-11
2.626243898220113223e-11
2.505848066957471750e-11
2.390955243608233060e-11
2.281308328368479244e-11
2.175867282161589732e-11
2.074609330492554348e-11
1.977989209572754190e-11
1.885855391399626319e-11
1.797972910640777486e-11
1.714145843210717081e-11
1.634179280665286461e-11
1.557917854944431419e-11
1.485186077388165962e-11
1.415795472250749536e-11
1.349630775780074271e-11
1.286520581910626127e-11
1.226327731397862360e-11
1.168915252001549684e-11
1.114158585199900879e-11
1.061946885678917366e-11
1.012142696607151293e-11
9.646455631275283310e-12
9.193515856221478848e-12
8.761597645776254641e-12
8.349844543824503497e-12
7.957809829703858575e-12
7.584031593008896111e-12
7.227585420948762677e-12
6.887658886045210962e-12
6.563467058738933774e-12
6.254373330466807221e-12
5.959544383545738588e-12
5.678406062425405498e-12
5.410343869157697208e-12
5.154738011323756408e-12
4.910982780119453253e-12
4.678571735916118076e-12
4.456982709898900078e-12
4.245721293372881924e-12
4.001344049647712651e-12
3.763361370759319868e-12
3.537397408659777225e-12
3.322864228753075813e-12
3.119284955027683374e-12
2.926095600944009884e-12
2.742880017177973873e-12
2.569177211184860143e-12
2.404529972057677404e-12
2.248520222839451015e-12
2.100666323192534099e-12
1.971865114887251895e-12
1.850176561784127013e-12
1.734773758523793928e-12
1.625373494186183250e-12
1.521712386727451224e-12
1.423531616976788531e-12
1.330501915743540102e-12
1.242353593561456849e-12
1.153447071480265134e-12
1.044035061436791437e-12
9.409794728902081899e-13
8.439871950657480126e-13
7.527131884130192338e-13
6.667314004237036069e-13
5.858008891965355167e-13
5.096972125685491051e-13
4.579307808474432402e-13
4.128063338616677762e-13
