# bin_7_6
5.664908485967706487e-07
5.674945212372648307e-07
5.685197420951789500e-07
5.695669967691700187e-07
5.706367815484208017e-07
5.717296030424388793e-07
5.728459735136769381e-07
5.739864176076155834e-07
5.751514717869886354e-07
5.763416847279818365e-07
5.775576171447503897e-07
5.787998431828113434e-07
5.800689466167337618e-07
5.813655100898785489e-07
5.826901692147458968e-07
5.840434278431466786e-07
5.854259461372871331e-07
5.868383588303547149e-07
5.882812800803579184e-07
5.897555088431876483e-07
5.912616897659767655e-07
5.928005188626208291e-07
5.943727067116796931e-07
5.959789791229383314e-07
5.976200831251902095e-07
5.992967958009814008e-07
6.010099240969317460e-07
6.027633326062004590e-07
6.045480904003436146e-07
6.063759738674876391e-07
6.082430132888232233e-07
6.101505709273415676e-07
6.120995836437263038e-07
6.140909648631518962e-07
6.161256479037570340e-07
6.182045708334492100e-07
6.203286675676958067e-07
6.224988871297560853e-07
6.247162015685201845e-07
6.269816241058245194e-07
6.292962254305853024e-07
6.316611322831956818e-07
6.340774811528967974e-07
6.365463734688502503e-07
6.390718129158337010e-07
6.416461237349639734e-07
6.442792821151080045e-07
6.469695331162872763e-07
6.497180788571369253e-07
6.525261798317142407e-07
6.553951272582670267e-07
6.583262404690913050e-07
6.613208455859545659e-07
6.643802624533381958e-07
6.675058138485736787e-07
6.706988547410572298e-07
6.739608285205717525e-07
6.772932473953842046e-07
6.806976256380062474e-07
6.841754592391043459e-07
6.877085253434679474e-07
6.913573367434988289e-07
6.950644294486867497e-07
6.988475981006309648e-07
7.027192134056929806e-07
7.066702899487757428e-07
7.107094102217086173e-07
7.148310706037644159e-07
7.190406822224178264e-07
7.233403444478529423e-07
7.277319613017081979e-07
7.322158984986622960e-07
7.367951284215360995e-07
7.414752892599810435e-07
7.462529443050068639e-07
7.511318328396496307e-07
7.561140286861772737e-07
7.612016610347869056e-07
7.663967530635541073e-07
7.717013551648531521e-07
7.771175610042916048e-07
7.826476133643741522e-07
7.882938196613538586e-07
7.940583129913164560e-07
7.999435319982684555e-07
8.059516860131810655e-07
8.120852834862486897e-07
8.183465107979948333e-07
8.247379694799477175e-07
8.312621488812333881e-07
8.379214811885798690e-07
8.447184186123202647e-07
8.515679972087898974e-07
8.587347185907318707e-07
8.659605015266932632e-07
8.733372517502090256e-07
8.808630987434361352e-07
8.885430086933072606e-07
8.963797969612485488e-07
9.043763911385493779e-07
9.125357015861959938e-07
9.208606988908605422e-07
9.293544756169343039e-07
9.380200919235205424e-07
9.468606316970432206e-07
9.558792768215876817e-07
9.650792726716114342e-07
9.744638726299390072e-07
9.840363485775792230e-07
9.938000946730278576e-07
1.003758477105054814e-06
1.013914951930768789e-06
1.024273020028546965e-06
1.034836188712266627e-06
1.045608059237326460e-06
1.056592279099136546e-06
1.067792515899490147e-06
1.079204752677588514e-06
1.090848351549315006e-06
1.102718842654823382e-06
1.114828959365851761e-06
1.127166187655125602e-06
1.139742514202100501e-06
1.152561967622979584e-06
1.165628613241738796e-06
1.178946572014827958e-06
1.192520016195994946e-06
1.206353167783717922e-06
1.220450284652958506e-06
1.234815692735999824e-06
1.249453739237652741e-06
1.264368837511229543e-06
1.279565434679105035e-06
1.295048030300564394e-06
1.310821174101601977e-06
1.326889456858388513e-06
1.343257510691210800e-06
1.359930009647782854e-06
1.376905728572969006e-06
1.394198445769815837e-06
1.411812538485284587e-06
1.429750047289955273e-06
1.448025492400036809e-06
1.466624996903500721e-06
1.485562754135230511e-06
1.504843741547389892e-06
1.524472966377809256e-06
1.544455467927943356e-06
1.564796312110580362e-06
1.585500590982390002e-06
1.606573420714696262e-06
1.628019941807517947e-06
1.649845315644388380e-06
1.672054720576312869e-06
1.694653347866037524e-06
1.717646401843817133e-06
1.741039096775944947e-06
1.764836649563052539e-06
1.789044275846507079e-06
1.813667188864037005e-06
1.838710595851851367e-06
1.864179695163169687e-06
1.890079672232855150e-06
1.916415700602394767e-06
1.943189413334092148e-06
1.970412911139159623e-06
1.998087854026326807e-06
2.026219284392434009e-06
2.054812231571840632e-06
2.083871654338483209e-06
2.113402483748328799e-06
2.143409590956161650e-06
2.173897800741203927e-06
2.204871865426871742e-06
2.236336447084722619e-06
2.268296125368523893e-06
2.300755374607136452e-06
2.333718583244970779e-06
2.367190043820023985e-06
2.401173958368681001e-06
2.435674421656540844e-06
2.470695393474485019e-06
2.506240684905438854e-06
2.542313947135103955e-06
2.578918673478422702e-06
2.616058207066218014e-06
2.653769571591060178e-06
2.691954325037663353e-06
2.730716811333681492e-06
2.770025842690672876e-06
2.809883825139673262e-06
2.850292926324112513e-06
2.891287667165260368e-06
2.932772025909554312e-06
2.974845257032089459e-06
3.017481034995508860e-06
3.060665822726575209e-06
3.104414370089102903e-06
3.148722451847064967e-06
3.193590075619972113e-06
3.239016950162111203e-06
3.285038265482025797e-06
3.331545831213313087e-06
3.378645709414965081e-06
3.426300473221809174e-06
3.474508029183423448e-06
3.523265857464434441e-06
3.572571044829950724e-06
3.622420308323424509e-06
3.672809988046910412e-06
3.723735984301659886e-06
3.775193689630440435e-06
3.827177952847165963e-06
3.879683084938329057e-06
3.932702902986681783e-06
3.986230769974356575e-06
4.040259593027572989e-06
4.094781759606161088e-06
4.149789050824091423e-06
4.205272594074058316e-06
4.261222865598640747e-06
4.317629746803156722e-06
4.374482579942981258e-06
4.431770170675667667e-06
4.489480719436849624e-06
4.547607681142028474e-06
4.606125919113108901e-06
4.665025542694988759e-06
4.724295307563867128e-06
4.783918081212097790e-06
4.843877889702675722e-06
4.904158156657589611e-06
4.964741318318405868e-06
5.025608993528628724e-06
5.086741917208748145e-06
5.148120059731095226e-06
5.209722661733452822e-06
5.271528281035764954e-06
5.333514663199040235e-06
5.395658625733217988e-06
5.457935946827785427e-06
5.520321541223390123e-06
5.582789341470959977e-06
5.645315977408892252e-06
5.707866909668767394e-06
5.770417238409929970e-06
5.832937414351208733e-06
5.895397289104586687e-06
5.957764273184516224e-06
6.020006237718866307e-06
6.082089763949435839e-06
6.143980583981840292e-06
6.205643427920393218e-06
6.267041902886550474e-06
6.328138424024043102e-06
6.388894283996367876e-06
6.449269801395736610e-06
6.509216665299814163e-06
6.568716549653358964e-06
6.627702909466754488e-06
6.686141030533154088e-06
6.743985035476272401e-06
6.801188577233006650e-06
6.857704279822620149e-06
6.913483792350318039e-06
6.968477707032926699e-06
7.022635375473668873e-06
7.075904805278750760e-06
7.128224832648662991e-06
7.179556511440086289e-06
7.229836426848189576e-06
7.279007980267503845e-06
7.327013474997071140e-06
7.373793956919893152e-06
7.419289122796560355e-06
7.463437353029614661e-06
7.506175945121263466e-06
7.547441297585807276e-06
7.587163918739671254e-06
7.625288515303616019e-06
7.661743702375553423e-06
7.696462046795735456e-06
7.729377799663371317e-06
7.760416479634435740e-06
7.789511161212688131e-06
7.816589804647276863e-06
7.841585934578539202e-06
7.864426774814008367e-06
7.885041139284290667e-06
7.903357687665052086e-06
7.919304694591887156e-06
7.932812729012012198e-06
7.943810976451813383e-06
7.952230204542915664e-06
7.957999229247259438e-06
7.961056900901154789e-06
7.961334612731225856e-06
7.958768902431066915e-06
7.953297640423012975e-06
7.944861995077247965e-06
7.933406387231927483e-06
7.918878926368808842e-06
7.901231497357725792e-06
7.880419845772096643e-06
7.856405372348980405e-06
7.829153000702882459e-06
7.798634490821596265e-06
7.764829185348311869e-06
7.727724544895691418e-06
7.687315187912480008e-06
7.643607610206929557e-06
7.596605016369304479e-06
7.546329988342834050e-06
7.492812434084535231e-06
7.436094425122625219e-06
7.376230327665769800e-06
7.313285594655155395e-06
7.247335466264063112e-06
7.178464702186739460e-06
7.106768770717422806e-06
7.032355557033227657e-06
6.955346505818587631e-06
6.875875800693950360e-06
6.794087180300999477e-06
6.710132157172193330e-06
6.624169978611196293e-06
6.536367983423207532e-06
6.446902245811962867e-06
6.355958194560334713e-06
6.263728318663720909e-06
6.170408352317066507e-06
6.076196296904006565e-06
5.981291909197052894e-06
5.885895458680952747e-06
5.790207640900927782e-06
5.694429376821066203e-06
5.598759509040238354e-06
5.503393074829618561e-06
5.408520846893550718e-06
5.314327583107143622e-06
5.220990279061373957e-06
5.128677543905078505e-06
5.037549422826624928e-06
4.947757281826343981e-06
4.859443969326844763e-06
4.772743027288547249e-06
4.687776037889774690e-06
4.604650918532663634e-06
4.523461349799776401e-06
4.444287268960260007e-06
4.367195862915109734e-06
4.292241804786826466e-06
4.219464734272888796e-06
4.148885225866551418e-06
4.080503148733280791e-06
4.014291652567676021e-06
3.950222947392152764e-06
3.888231436029154448e-06
3.828239095232806244e-06
3.770144605179776852e-06
3.713819692021775721e-06
3.659107373079107583e-06
3.605826029198870350e-06
3.553774097631896026e-06
3.502732410905985997e-06
3.452464957145011427e-06
3.402719768923649801e-06
3.353226962748198292e-06
3.303699033235296444e-06
3.253845378687523249e-06
3.203384943230064967e-06
3.152047793616731994e-06
3.099587681761776999e-06
3.045786590814114259e-06
2.990463008274188017e-06
2.933473229273628206e-06
2.874717447689497160e-06
2.814144047202496026e-06
2.751759664648966433e-06
2.687634824665485003e-06
2.621924366692428176e-06
2.554856966965617402e-06
2.486731327720787428e-06
2.417884676476775858e-06
2.348689719061057241e-06
2.279546903207604747e-06
2.210872950141898564e-06
2.143105676284911512e-06
2.076704491671592353e-06
2.012107827036786947e-06
1.949702536201212289e-06
1.889828652496414309e-06
1.832746545706809830e-06
1.778621314319025672e-06
1.727515770236776210e-06
1.679402117389649257e-06
1.634177993892403908e-06
1.591674405097951898e-06
1.551655961326835840e-06
1.513836660592288016e-06
1.477864150170742618e-06
1.443314813590585107e-06
1.409751058955264442e-06
1.376778374762935706e-06
1.344052378701107400e-06
1.311301739625407099e-06
1.278356508318356386e-06
1.245155384865225625e-06
1.211727716626479476e-06
1.178154186206761420e-06
1.144555906697017217e-06
1.111086865401123399e-06
1.077898578010758814e-06
1.045146905636962378e-06
1.013019569540325519e-06
9.817235387455934479e-07
9.514322648492750937e-07
9.222731472141306105e-07
8.943342808006523906e-07
8.676627013935805088e-07
8.422315468603277001e-07
8.179263289274083669e-07
7.945970766880482139e-07
7.720977312159879089e-07
7.502897821661103942e-07
7.290556237847240349e-07
7.083131611210820358e-07
6.880207171580504150e-07
6.681665656208933223e-07
6.487526136540673919e-07
6.297918747289544883e-07
6.112992807689728360e-07
5.932725138425205132e-07
5.757027145984424869e-07
5.585906650451157852e-07
5.419493058034270285e-07
5.257844318547754307e-07
5.100952296048812090e-07
4.948889873758187624e-07
4.801838902717473121e-07
4.659842582997987173e-07
4.522669274239587662e-07
4.389991586817015026e-07
4.261524707883604052e-07
4.136979649144869237e-07
4.015977604176080186e-07
3.898138720630503115e-07
3.783322601708574173e-07
3.671564228458710342e-07
3.562938805708650700e-07
3.457493835229867497e-07
3.355332909833472936e-07
3.256618320345762497e-07
3.161393913226752806e-07
3.069592849839269054e-07
2.981059225195966824e-07
2.895626620548400116e-07
2.813112870985180107e-07
2.733307766009933107e-07
2.656006369948679107e-07
2.581053729111137626e-07
2.508356375245659065e-07
2.437846550425785212e-07
2.369470776787069325e-07
2.303193012526685444e-07
2.238991895000035316e-07
2.176844563108891152e-07
2.116717127121146859e-07
2.058563895682625148e-07
2.002333790129297880e-07
1.947971018279420584e-07
1.895415319886313493e-07
1.844604697946505299e-07
1.795478558492386914e-07
1.747978488580220938e-07
1.702048960090153697e-07
1.657636033893338937e-07
1.614687739174887758e-07
1.573153866970835517e-07
1.532985378620279878e-07
1.494134051776665662e-07
1.456552444729979427e-07
1.420193889298436534e-07
1.385012601324209693e-07
1.350963893660584858e-07
1.318004477600038945e-07
1.286092824581792333e-07
1.255189190668482351e-07
1.225255186860133803e-07
1.196253527312097354e-07
1.168148075929535088e-07
1.140904026729602521e-07
1.114488004239423294e-07
1.088867822331499787e-07
1.064012453974001347e-07
1.039891678138577927e-07
1.016476091678485079e-07
9.937372049995852738e-08
9.716475826707707763e-08
9.501809380645283366e-08
9.293120198934357611e-08
9.090166522648281079e-08
8.892712127364809043e-08
8.700529159992901883e-08
8.513398664778274212e-08
8.331111527443343815e-08
8.153468815368273470e-08
7.980280341105208276e-08
7.811362676983265757e-08
7.646538624390602312e-08
7.485637777070128594e-08
7.328497554492932867e-08
7.174963773753086778e-08
7.024890312266385854e-08
6.878169053676876291e-08
6.734600050840438150e-08
6.594092068086988085e-08
6.456514888026553417e-08
6.321755956232493000e-08
6.189706203549277315e-08
6.060262871654309199e-08
5.933328062090909376e-08
5.808808212263050858e-08
5.686611390603143313e-08
5.566659938084947126e-08
5.448863900716892934e-08
5.333170132250293550e-08
5.219500755708035844e-08
5.107791659647307961e-08
4.997982189615422823e-08
4.890015521215129409e-08
4.783839100441708179e-08
4.679404961954639493e-08
4.576662496174720963e-08
4.475584729564623726e-08
4.376126350243196413e-08
4.278251680642064028e-08
4.181927744061165429e-08
4.087125267586194526e-08
3.993811608083013791e-08
3.901975190590780334e-08
3.811587594462726801e-08
3.722628305059522297e-08
3.635078515192663523e-08
3.548921253948328701e-08
3.464141573984498650e-08
3.380726405891210534e-08
3.298663874952247459e-08
3.217942952824949120e-08
3.138553456473052197e-08
3.060486041725910719e-08
2.983732256097236605e-08
2.908284512852260863e-08
2.834136290199439897e-08
2.761280995456812674e-08
2.689712377094356938e-08
2.619424377998077446e-08
2.550411054524954404e-08
2.482666614010335954e-08
2.416185417352573848e-08
2.350961759437556949e-08
2.286989746861411171e-08
2.224263299657625795e-08
2.162776060436366886e-08
2.102521323538301116e-08
2.043491972251977038e-08
1.985680786966990451e-08
1.929079762272630640e-08
1.873681044928654771e-08
1.819475922365718798e-08
1.766455329916723880e-08
1.714609653626813047e-08
1.663928743058656149e-08
1.614401963083785419e-08
1.566018257733367419e-08
1.518766170731041027e-08
1.472633738463148946e-08
1.427608656717497626e-08
1.383677899611168280e-08
1.340828002689985721e-08
1.299045121605371528e-08
1.258315094903015908e-08
1.218623441125224310e-08
1.179955327337836625e-08
1.142295533778122609e-08
1.105628441529207264e-08
1.069938080249187267e-08
1.035208413843800541e-08
1.001423100219371646e-08
9.685656672917186520e-09
9.366194673894568793e-09
9.055676527254606521e-09
8.753931901013445111e-09
8.460789606347378264e-09
8.176078132172122833e-09
7.899625350018836673e-09
7.631260093901959179e-09
7.370810246965187846e-09
7.118103944059282803e-09
6.872969524787894710e-09
6.635236112269337102e-09
6.404733686014920673e-09
6.181293251369824396e-09
5.964747263841618153e-09
5.754929444284623609e-09
5.551675706019035021e-09
5.354822803141983917e-09
5.164209406704824653e-09
4.979675851009543160e-09
4.801064526809624431e-09
4.628220239662699117e-09
4.460992223399703925e-09
4.299226150741700868e-09
4.142775880367511681e-09
3.991495303082168300e-09
3.845240511198428626e-09
3.703870281388024740e-09
3.567246332112130886e-09
3.435233311317173453e-09
3.307698340118420946e-09
3.184513331325976254e-09
3.065545718920116111e-09
2.950671745599804300e-09
2.839768268644253409e-09
2.732717227422143232e-09
2.629402505529673039e-09
2.529706991137367528e-09
2.433520214870646649e-09
2.340732471115508977e-09
2.251236752780450553e-09
2.164929022992712228e-09
2.081708087490668008e-09
2.001475882152167875e-09
1.924136042735941726e-09
1.849594450988506880e-09
1.777759304387482658e-09
1.708541494921115835e-09
1.641854769885788714e-09
1.577615571418318301e-09
1.515742536896997702e-09
1.456156049144813996e-09
1.398778743424537635e-09
1.343535081020428717e-09
1.290352111683991958e-09
1.239159444311702183e-09
1.189888944064259240e-09
1.142474280019161768e-09
1.096850671880688468e-09
1.052955401252469769e-09
1.010727461540379604e-09
9.701081206805144315e-10
9.310407601180373260e-10
8.934704837439810473e-10
8.573435915632184590e-10
8.226083699701492160e-10
7.892142994657334855e-10
7.571126746019225450e-10
7.262568202061813149e-10
6.966018097773232392e-10
6.681040723224469163e-10
6.407212095582359729e-10
6.144119726762195583e-10
5.891366947891333145e-10
5.648570067487015339e-10
5.415361017476912599e-10
5.191384182151361658e-10
4.976294043584643632e-10
4.769754486472792204e-10
4.571442303872358763e-10
4.381045470251356786e-10
4.198266059790989083e-10
4.022818423810966318e-10
3.854426235033720096e-10
3.692820421399259947e-10
3.537740885259324368e-10
3.388934839642737853e-10
3.246159576411524216e-10
3.109182536568823131e-10
2.977779659276404697e-10
2.851735153064594074e-10
2.730838955044731911e-10
2.614889046074973980e-10
2.503692030484360479e-10
2.397063084165912722e-10
2.294826353096886355e-10
2.196810881128967561e-10
2.102850590566720332e-10
2.012783838069881311e-10
1.926453827410268937e-10
1.843710577694812898e-10
1.764410063548632610e-10
1.688414892511743579e-10
1.615592636105411863e-10
1.545816391112636703e-10
1.478963505483325229e-10
1.414916899047505665e-10
1.353564670953939783e-10
1.294799249691369126e-10
1.238516878895394216e-10
1.184615618253922094e-10
1.132996033099930521e-10
1.083562858610269648e-10
1.036224275412666793e-10
9.908938020385276305e-11
9.474894358043109747e-11
9.059340576704719457e-11
8.661525044150105239e-11
8.280727448581484425e-11
7.916250026240271554e-11
7.567428060674465429e-11
7.233608889416693555e-11
6.914158500129135533e-11
6.608468354518250366e-11
6.315941466198721833e-11
6.036008363567293483e-11
5.768140981602816339e-11
5.511839835111843275e-11
5.266636987158349508e-11
5.032090996970851258e-11
4.807765651620836312e-11
4.593234433856540522e-11
4.388085944750003863e-11
4.191913455686905839e-11
4.004325047737368657e-11
3.824950659339119194e-11
3.653431349379640476e-11
3.489425695967721693e-11
3.332615346799893687e-11
3.182693937804628298e-11
3.039377150617814788e-11
2.902386498879224104e-11
2.771455138670567687e-11
2.646315853332895758e-11
2.526707723203514428e-11
2.412383755610966922e-11
2.303107094289148090e-11
2.198662540187087591e-11
2.098839973384337455e-11
2.003468810352870346e-11
1.912352282236259409e-11
1.825314262380934360e-11
1.742184815008206402e-11
1.662783278550299843e-11
1.586952246190474765e-11
1.514507000618309895e-11
1.445311077135155273e-11
1.379236061649451047e-11
1.316135965687325472e-11
1.255894899214406271e-11
1.198400652156074009e-11
1.143552269226031503e-11
1.091243299897799401e-11
1.041352088816878517e-11
9.937649145131297393e-12
9.483671853761111865e-12
9.050168434402044932e-12
8.636106815048577214e-12
8.240949219712669497e-12
7.863958574153513860e-12
7.504313086228551227e-12
7.161190047673247295e-12
6.833762929110550286e-12
6.521219706264339131e-12
6.222949452758685653e-12
5.938312232667429559e-12
5.666684700931573118e-12
5.407477989240269209e-12
5.160131819330380478e-12
4.924097488389434591e-12
4.698859420201306864e-12
4.483927097196373703e-12
4.278825694257720464e-12
4.083088750985433641e-12
3.896303638216326241e-12
3.718051409377320792e-12
3.547966523039165016e-12
3.385663410724980958e-12
3.230778178902664635e-12
3.082975918914794858e-12
2.941939067196342714e-12
2.807353535601680039e-12
2.678924299690209266e-12
2.556371378214507394e-12
2.439426115124325827e-12
2.327830059571685134e-12
2.221339654760754110e-12
2.119719846116352787e-12
2.022749399048497631e-12
1.930214547047527350e-12
1.841912540424456287e-12
1.757640894323777065e-12
1.677176691021245097e-12
1.600396204348627172e-12
1.527120187899005358e-12
1.457209777732488038e-12
1.390494673073673399e-12
1.326837511751681857e-12
1.266086993943814710e-12
1.208126844025654323e-12
1.152826372698043570e-12
