# bin_6_5
2.534106344585440530e-06
2.530970828760939722e-06
2.527805400068641715e-06
2.524610519228867961e-06
2.521386677409124924e-06
2.518134388645850227e-06
2.514854120433039943e-06
2.511546388176588728e-06
2.508211744693408075e-06
2.504850783447029918e-06
2.501464133418256734e-06
2.498052476583222246e-06
2.494615885550602050e-06
2.491160329865276293e-06
2.487675357670912131e-06
2.484167006217920647e-06
2.480637326367760634e-06
2.477086554884727715e-06
2.473515405924684684e-06
2.469926230922131231e-06
2.466316987943640761e-06
2.462690702886193071e-06
2.459046418778980325e-06
2.455386980434046386e-06
2.451712855837863295e-06
2.448025390921921768e-06
2.444326177265150985e-06
2.440660590000175509e-06
2.436898487813911452e-06
2.433172602161337103e-06
2.429440220201864236e-06
2.425705872497399811e-06
2.421965083867798310e-06
2.418222167329573780e-06
2.414479147062854273e-06
2.410737632886003860e-06
2.406999498418151869e-06
2.403266662346229284e-06
2.399540906783306433e-06
2.395824567194511659e-06
2.392116905754738707e-06
2.388422725255235625e-06
2.384744942579347651e-06
2.381085722522530855e-06
2.377490221951747498e-06
2.373829349851822590e-06
2.370236649575875302e-06
2.366670664584185947e-06
2.363133701321679440e-06
2.359628631274558130e-06
2.356160055829745042e-06
2.352728011621042872e-06
2.349337024277494502e-06
2.345989682628571414e-06
2.342688322499692076e-06
2.339435442745272129e-06
2.336232879207129748e-06
2.333088025334739610e-06
2.330003120182634724e-06
2.326981434742657004e-06
2.324027067512214098e-06
2.321138834994795459e-06
2.318314769196424399e-06
2.315574767561036040e-06
2.312914310852749937e-06
2.310337304650934167e-06
2.307847234888083321e-06
2.305448318186279195e-06
2.303175065141110501e-06
2.300961874068956158e-06
2.298832401092966551e-06
2.296835437044901941e-06
2.294923711318890091e-06
2.293178303476708114e-06
2.291525458713811414e-06
2.289995862585184268e-06
2.288593686461167258e-06
2.287322138955797215e-06
2.286188941126532994e-06
2.285196032501053612e-06
2.284347153726979725e-06
2.283647732476780839e-06
2.283104205931794803e-06
2.282720361823287048e-06
2.282499425198969829e-06
2.282447232197105597e-06
2.282568190394349300e-06
2.282867922292477180e-06
2.283351887557751804e-06
2.284025236077983069e-06
2.284891777321594331e-06
2.285956760111058794e-06
2.287226277099483829e-06
2.288682281447341598e-06
2.290401300896072528e-06
2.292316105711439418e-06
2.294456722001099171e-06
2.296829202085622350e-06
2.299438437992147423e-06
2.302290661987748274e-06
2.305613838347709152e-06
2.308744953442068116e-06
2.312359171590691024e-06
2.316239228254585863e-06
2.320390415242923025e-06
2.324818812772962259e-06
2.329530800555018146e-06
2.334525658543048022e-06
2.339822092211529659e-06
2.345420268789694601e-06
2.351325878580466492e-06
2.357545270790822973e-06
2.364084789910344569e-06
2.370950211930734794e-06
2.378147987062644281e-06
2.385684550432161239e-06
2.393565956442285883e-06
2.401687102865605657e-06
2.410388628687772620e-06
2.419230230701298631e-06
2.428670092215333210e-06
2.438371248554197686e-06
2.448455484594212061e-06
2.458929458994460940e-06
2.469799657151761596e-06
2.481072663667053156e-06
2.492755120371246409e-06
2.504853736161471412e-06
2.517375100638957312e-06
2.530326148250180210e-06
2.543713482349862178e-06
2.557544008341400492e-06
2.571824460990188598e-06
2.586561661153154236e-06
2.601762478947350303e-06
2.617433723340127521e-06
2.633582189660154769e-06
2.650214694049605419e-06
2.667338023607135676e-06
2.684958986681521654e-06
2.703084339977870367e-06
2.721720877778353346e-06
2.740875372625443527e-06
2.760554595152989846e-06
2.780765315905015513e-06
2.801514289889068484e-06
2.822808244041758875e-06
2.844653919228177839e-06
2.867058011416105660e-06
2.890027201707042710e-06
2.913568145035991598e-06
2.937687482629176458e-06
2.962391809437870761e-06
2.987687669564558738e-06
3.013581539011764746e-06
3.040079842171247885e-06
3.067188931888137568e-06
3.094915064460920407e-06
3.123264404655024836e-06
3.152243041890050186e-06
3.181856959217068517e-06
3.212112031897421498e-06
3.243014007876400642e-06
3.274568535254440074e-06
3.306781147740709719e-06
3.339657244084805247e-06
3.373202086607085771e-06
3.407420800707090232e-06
3.442321373360108838e-06
3.477902639266679137e-06
3.514172202948842835e-06
3.551134520979174369e-06
3.588793855398173775e-06
3.627154237456300554e-06
3.666219458380304038e-06
3.705993078093681264e-06
3.746478403487138546e-06
3.787678495640194476e-06
3.829596151512269275e-06
3.872233894258300457e-06
3.915593954823075601e-06
3.959678235961775737e-06
4.004488309037398404e-06
4.050025412258038042e-06
4.096290440760207950e-06
4.143283950804910220e-06
4.191006124930738398e-06
4.239456755607089438e-06
4.288635218709177029e-06
4.338540434270045092e-06
4.389170874343583941e-06
4.440524564013880163e-06
4.492599090683548669e-06
4.545391582498286495e-06
4.598898668335920521e-06
4.653116472412294140e-06
4.708040561048490658e-06
4.763665932413741184e-06
4.819987022678630251e-06
4.876997726327886949e-06
4.934691387934592166e-06
4.993060759042028244e-06
5.052092496964789346e-06
5.111788979878445864e-06
5.172135628459928792e-06
5.233122586036365991e-06
5.294739353105600681e-06
5.356974797000596810e-06
5.419817102684455738e-06
5.483253749197435249e-06
5.547289805588120802e-06
5.611874779593403009e-06
5.677012054685501141e-06
5.742686113445807849e-06
5.808881268537341403e-06
5.875579437763333351e-06
5.942763392975295190e-06
6.010414557675304063e-06
6.078513507520308082e-06
6.147039964930754842e-06
6.215972848549555872e-06
6.285290290328580937e-06
6.354969610848034791e-06
6.424987274859254468e-06
6.495318885666127981e-06
6.565919603106058011e-06
6.636801932074299558e-06
6.707919526205551679e-06
6.779244433710226924e-06
6.850747832751464107e-06
6.922399987109782299e-06
6.994170223873848286e-06
7.066026878804069816e-06
7.137937285162045372e-06
7.209867841623574555e-06
7.281784037435174089e-06
7.353650419653316756e-06
7.425430529239189590e-06
7.497086866257158542e-06
7.568580835948433682e-06
7.639872750877776798e-06
7.710946462724107636e-06
7.781710616210385132e-06
7.852148239877382915e-06
7.922214525668997846e-06
7.991864277372262080e-06
8.061051059593120653e-06
8.129727219929822811e-06
8.197843965931464155e-06
8.265351333920868866e-06
8.332202234812672933e-06
8.398335936069242021e-06
8.463702717777986601e-06
8.528247389131685455e-06
8.591913466751542892e-06
8.654643295011322436e-06
8.716378059710950561e-06
8.777057735714332421e-06
8.836621035391874275e-06
8.895005344795500600e-06
8.952146786327220166e-06
9.007980311285922141e-06
9.062439856710617013e-06
9.115458390950272131e-06
9.166967875669566101e-06
9.216899212729902591e-06
9.265182211798565496e-06
9.311745724735254653e-06
9.356517739138941553e-06
9.399425442373317830e-06
9.440395197113823133e-06
9.479352592314274856e-06
9.516222477796339456e-06
9.550929044386215062e-06
9.583395997959337866e-06
9.613546602361889543e-06
9.641303624923746113e-06
9.666589373581839856e-06
9.689326058709967773e-06
9.709432448192645491e-06
9.726838700405688099e-06
9.741483347414408832e-06
9.753252880038513350e-06
9.762090897288381265e-06
9.767904220227369648e-06
9.770679865030940862e-06
9.770289041120559711e-06
9.766685265131002365e-06
9.759804650191352218e-06
9.749566085940018011e-06
9.735971188848037240e-06
9.718905933840791642e-06
9.698340549547591118e-06
9.674233185481621292e-06
9.646537652608873210e-06
9.615224771984194724e-06
9.580265930846201442e-06
9.541632853207476382e-06
9.499310779278654436e-06
9.453290133787401272e-06
9.403569388020478265e-06
9.350154819110114676e-06
9.293060065488147092e-06
9.232306851653384350e-06
9.167926010448202445e-06
9.099958419909728792e-06
9.028456197959939332e-06
8.953483018136664461e-06
8.875113539352494496e-06
8.793432778323584856e-06
8.708536920294556366e-06
8.620533602711470840e-06
8.529542415216309818e-06
8.435695386097835234e-06
8.339136202040310457e-06
8.240023054337858438e-06
8.138514227836494299e-06
8.034803241402144913e-06
7.929069436886738160e-06
7.821504163981540461e-06
7.712314814642501169e-06
7.601707844035600445e-06
7.489890710684403082e-06
7.377081872790969902e-06
7.263499925794673226e-06
7.149363915012180516e-06
7.034891615178798437e-06
6.920298575123974350e-06
6.805797876714226274e-06
6.691599035671259647e-06
6.577906158694524504e-06
6.464916447111019529e-06
6.352818983873870672e-06
6.241788859119359257e-06
6.132011719864628109e-06
6.023638170079868845e-06
5.916827036105963893e-06
5.811722466003941829e-06
5.708455616963580019e-06
5.607143731383179484e-06
5.507889463038721079e-06
5.410782958596227496e-06
5.315902481872998956e-06
5.223313350785367222e-06
5.133066906345792782e-06
5.045197561192119288e-06
4.959719176563045061e-06
4.876627343913961901e-06
4.795897647808756950e-06
4.717489720482212597e-06
4.641341624132112725e-06
4.567372141227797804e-06
4.495478385629029784e-06
4.425531443985130708e-06
4.357374631137364152e-06
4.290823616212877775e-06
4.225667153387502123e-06
4.161669154686209366e-06
4.098578594471364610e-06
4.036133570319629369e-06
3.974063295514858111e-06
3.912087631861977906e-06
3.849918689141170437e-06
3.787266434054206018e-06
3.723845839692530515e-06
3.659394024256947854e-06
3.593683551946946565e-06
3.526529129615360255e-06
3.457786859408355890e-06
3.387366592497796078e-06
3.315237979433222895e-06
3.241425828648476661e-06
3.166016013852962403e-06
3.089158353992631998e-06
3.011061207734447712e-06
2.931988910585384736e-06
2.852272660712416248e-06
2.772297258130410167e-06
2.692474199094836515e-06
2.613223503921825584e-06
2.534968058469048561e-06
2.458135228218808636e-06
2.383136950534707856e-06
2.310357632474869947e-06
2.240149299732826387e-06
2.172811817295766712e-06
2.108571097763881096e-06
2.047577938380365128e-06
1.989903870328160953e-06
1.935511985637324212e-06
1.884256979745136167e-06
1.835920635572756127e-06
1.790235288414649020e-06
1.746890101269473728e-06
1.705533043241480756e-06
1.665791019958638782e-06
1.627289294924132839e-06
1.589631387438461764e-06
1.552417653239643763e-06
1.515288130729791151e-06
1.477936910231376286e-06
1.440123702966976826e-06
1.401723076545298340e-06
1.362761664127285715e-06
1.323412935716357491e-06
1.283949900225473461e-06
1.244701211598337054e-06
1.206039966552506993e-06
1.168333198893062028e-06
1.131873102211060453e-06
1.096870101813885263e-06
1.063449470732854964e-06
1.031661455246948060e-06
1.001487209608745999e-06
9.728482683724422894e-07
9.456332381940155149e-07
9.196910549291117207e-07
8.948244299004848429e-07
8.708158999680051982e-07
8.474529407894152308e-07
8.245333530197092645e-07
8.018762849586529881e-07
7.793604192287916425e-07
7.569509739431852101e-07
7.347041876520418094e-07
7.127322864239399746e-07
6.911825507488191178e-07
6.702293955173095594e-07
6.500317620763356056e-07
6.306944388663144844e-07
6.122518284863544667e-07
5.946669217028544583e-07
5.778584654500641849e-07
5.617070295510002670e-07
5.460730640187452257e-07
5.308366532536021302e-07
5.159095279759629524e-07
5.012476166390696294e-07
4.868460443425995136e-07
4.727279011108836350e-07
4.589423870675315368e-07
4.455431214933714365e-07
4.325733283140542639e-07
4.200637407834791968e-07
4.080234605621447193e-07
3.964452663795243479e-07
3.853063243875099567e-07
3.745743494035086009e-07
3.642166893981406057e-07
3.542017685125694841e-07
3.445019849569299051e-07
3.350966636203055683e-07
3.259708410341270435e-07
3.171152276318743171e-07
3.085231482011399345e-07
3.001884251877981042e-07
2.921072656566744865e-07
2.842756946035009684e-07
2.766891231965488269e-07
2.693422748168204388e-07
2.622294378077544500e-07
2.553451442581636589e-07
2.486834783649962818e-07
2.422379966785208382e-07
2.360019861732774772e-07
2.299691786440611916e-07
2.241327827203151401e-07
2.184860391968749656e-07
2.130220437197899477e-07
2.077341968007353659e-07
2.026158731621845038e-07
1.976606908996816029e-07
1.928624783208004247e-07
1.882152965870098036e-07
1.837134385203387975e-07
1.793514354496916367e-07
1.751240386880461394e-07
1.710261946750831426e-07
1.670530343273616356e-07
1.631998568992922457e-07
1.594621067799555772e-07
1.558353688793158382e-07
1.523153222147784398e-07
1.488978198040501738e-07
1.455787291433233273e-07
1.423543888110339246e-07
1.392209427876333335e-07
1.361747775743656285e-07
1.332124017938210280e-07
1.303304443670109312e-07
1.275256537123314269e-07
1.247949028873666332e-07
1.221351901704374575e-07
1.195435565920935323e-07
1.170174464094799712e-07
1.145539601288479736e-07
1.121506130373261962e-07
1.098049507109684070e-07
1.075145639280963924e-07
1.052773447426037118e-07
1.030910838340242051e-07
1.009537273867644098e-07
9.886332958273500926e-08
9.681785519612041106e-08
9.481578167537464626e-08
9.285528409352481649e-08
9.093474817950871374e-08
8.905263556548776803e-08
8.720748300557694408e-08
8.539790242630295723e-08
8.362257942436112618e-08
8.188027484264858955e-08
8.016980089224343503e-08
7.849010235640169512e-08
7.684014666029951013e-08
7.521889970729191098e-08
7.362547171882193797e-08
7.205900273038318708e-08
7.051869173750857140e-08
6.900379379577423614e-08
6.751357113532865120e-08
6.604746387739191282e-08
6.460483368746298270e-08
6.318511226823761516e-08
6.178779461136334519e-08
6.041241266738477414e-08
5.905853804483162544e-08
5.772577741353402683e-08
5.641377133012155007e-08
5.512219113744697776e-08
5.385073733522992096e-08
5.259913891451126883e-08
5.136715242925331012e-08
5.015455842774676082e-08
4.896115880935726741e-08
4.778677918488742885e-08
4.663124876158991692e-08
4.549439885433087535e-08
4.437615101169586893e-08
4.327635976162149509e-08
4.219491816825375972e-08
4.113172856450531281e-08
4.008670031113943847e-08
3.905974762421137732e-08
3.805078896851700624e-08
3.705974697096019446e-08
3.608654772034804805e-08
3.513111861304004589e-08
3.419338690665208038e-08
3.327327803110968596e-08
3.237071449110984904e-08
3.148561553339474017e-08
3.061785369737591637e-08
2.976743153810247486e-08
2.893421188614745702e-08
2.811811543685549652e-08
2.731900218275149952e-08
2.653677987338051954e-08
2.577135078169215934e-08
2.502255220345706703e-08
2.429027430066405485e-08
2.357436193504285591e-08
2.287470790988993276e-08
2.219114198100389212e-08
2.152350510699105999e-08
2.087162000569940133e-08
2.023533769050847205e-08
1.961446749543064894e-08
1.900882412445145248e-08
1.841821621948204827e-08
1.784244642360520872e-08
1.728131166787639074e-08
1.673460369502394782e-08
1.620210950064659907e-08
1.568361131580225347e-08
1.517888620311586355e-08
1.468770301306979136e-08
1.420984853606034575e-08
1.374508221903085640e-08
1.329316949730483356e-08
1.285387347973512042e-08
1.242695532704221507e-08
1.201217488121089493e-08
1.160929119453966012e-08
1.121806259911678786e-08
1.083824680390854099e-08
1.046959518440814221e-08
1.011187795231986918e-08
9.764847045476880595e-09
9.428261888975395583e-09
9.101883343752941182e-09
8.785473689436118790e-09
8.478796575682154620e-09
8.181617415785151032e-09
7.893703798977316199e-09
7.614821087576544512e-09
7.344751671494239418e-09
7.083266427330623337e-09
6.830143872637693503e-09
6.585165189670679334e-09
6.348115023616511330e-09
6.118780099903460029e-09
5.896951821447023267e-09
5.682424925425838604e-09
5.474994249060611554e-09
5.274468734992771822e-09
5.080650277993894936e-09
4.893346445061793748e-09
4.712370177147743428e-09
4.537537767959009821e-09
4.368669515005431662e-09
4.205586676418529475e-09
4.048122849232428044e-09
3.896105998122384038e-09
3.749371069206622804e-09
3.607756684724789128e-09
3.471105385241677812e-09
3.339261737561318735e-09
3.212079652794504618e-09
3.089408408899498373e-09
2.971109519571200760e-09
2.857041139784174518e-09
2.747067360493370979e-09
2.641056013252216696e-09
2.538878531747202417e-09
2.440407738287695720e-09
2.345525358763894664e-09
2.254110598633463269e-09
2.166047860603775219e-09
2.081224883545263225e-09
1.999532759507693441e-09
1.920864168639005088e-09
1.845119423144102584e-09
1.772196974652717535e-09
1.701999895073995197e-09
1.634434212698956385e-09
1.569408963545426367e-09
1.506834813712480039e-09
1.446628943139240206e-09
1.388707031141215037e-09
1.332988513218726177e-09
1.279395340148350987e-09
1.227850841445982717e-09
1.178284253514466152e-09
1.130623844191054414e-09
1.084801212930497869e-09
1.040750098573969968e-09
9.984054314663229917e-10
9.577070579216029643e-10
9.185940218503025780e-10
8.810084666192640834e-10
8.448942030138963169e-10
8.101961896387995289e-10
7.768635049481233100e-10
7.448445343353308294e-10
7.140902793815501106e-10
6.845528612542498274e-10
6.561974271756789586e-10
6.289606845496569410e-10
6.028097804134815961e-10
5.777037564053414571e-10
5.536024407198967795e-10
5.304688322866608653e-10
5.082654834313972331e-10
4.869568339045509690e-10
4.665079726909503947e-10
4.468867356064936103e-10
4.280605852662330316e-10
4.099982754828432102e-10
3.926712322882336047e-10
3.760506347410769016e-10
3.601091937929054052e-10
3.448201695151680777e-10
3.301589574209047664e-10
3.161005414437442915e-10
3.026207957962223032e-10
2.896975538623388079e-10
2.773083557922434086e-10
2.654315778283639014e-10
2.540474027588096925e-10
2.431358443661936892e-10
2.326780918519527150e-10
2.226558854435445384e-10
2.130525809637937754e-10
2.038510500157013334e-10
1.950357881312766952e-10
1.865909857298993826e-10
1.785013531606131715e-10
1.707527992239162136e-10
1.633310640983325300e-10
1.562225109112347701e-10
1.494146889607847792e-10
1.428949076333097228e-10
1.366518388131782307e-10
1.306740877652223937e-10
1.249507650719563004e-10
1.194718968567787226e-10
1.142271730752802139e-10
1.092071872098555937e-10
1.044021906922945645e-10
9.980332681391563518e-11
9.540161400198592104e-11
9.118882971973084611e-11
8.715696112452697111e-11
8.329861274670701478e-11
7.960658565025886420e-11
7.607420160447742286e-11
7.269488757434893581e-11
6.946230122856384757e-11
6.637034411800949347e-11
6.341309484623464672e-11
6.058469131355768689e-11
5.787957882715756145e-11
5.529241434302681246e-11
5.281815404621671234e-11
5.045196952235878936e-11
4.818939962769735400e-11
4.602615855682186415e-11
4.395809778657075811e-11
4.198123546610993772e-11
4.009164181256818711e-11
3.828549892043525203e-11
3.655911180881765358e-11
3.490895109176149843e-11
3.333164307652638945e-11
3.182400759764936560e-11
3.038306071289369919e-11
2.900598307213053683e-11
2.769008780592497431e-11
2.643281661297447019e-11
2.523170613611716679e-11
2.408435188406706428e-11
2.298828768369775633e-11
2.194115367935012847e-11
2.094070933950921884e-11
1.998489389625086477e-11
1.907177983442189499e-11
1.819971110068378477e-11
1.736723870785388229e-11
1.657281893682146295e-11
1.581470049982760791e-11
1.509103706884535439e-11
1.440042156285746222e-11
1.374125990754062642e-11
1.311200786304332111e-11
1.251137379342250090e-11
1.193828317564348807e-11
1.139153732503300020e-11
1.086991686543789391e-11
1.037222342737618007e-11
9.897454245490618457e-12
9.444393438503266962e-12
9.012075469460482831e-12
8.599567183300283539e-12
8.205906866834066462e-12
7.830205728496153550e-12
7.471560856982529433e-12
7.129354507504305587e-12
6.802868374349831134e-12
6.491296125861516082e-12
6.194011881410644144e-12
5.910354825249642253e-12
5.639660237388017960e-12
5.381354909998702656e-12
5.134877753695351779e-12
4.899688120330515182e-12
4.675258742102373647e-12
4.461119689780871880e-12
4.256768030359257464e-12
4.061794373850741898e-12
3.875744182810970588e-12
3.698083742418461226e-12
3.528526941114504183e-12
3.366751029865288302e-12
3.212381805857513828e-12
3.065086417040070626e-12
2.924539806624685015e-12
2.790434721750972037e-12
2.662471650068238167e-12
2.540361300297617641e-12
2.423866723976804217e-12
2.312692311915015322e-12
2.206570880493795221e-12
2.105313428021781655e-12
2.008695456960844319e-12
1.916514203985562462e-12
1.828547718900861522e-12
1.744611867397621336e-12
1.664537270765917844e-12
1.588127501636368219e-12
1.515047842424511184e-12
1.444485425869716217e-12
1.377173175637589536e-12
1.312982047725703153e-12
1.251752305395221233e-12
1.193330749783908712e-12
1.137622105332671400e-12
1.084495815522228041e-12
1.034061479249145201e-12
9.859994225806862474e-13
