# fsigma_8
4.084532736079570236e-01
4.135378278074476333e-01
4.183001185564223512e-01
4.227449246281371753e-01
4.268777810188777444e-01
4.307048829070015405e-01
4.342330145707353761e-01
4.374694726252177923e-01
4.404219977820976739e-01
4.430986948773223966e-01
4.455079868245380714e-01
4.476585330487176106e-01
4.495591790437398760e-01
4.512189065369522356e-01
4.526467732565654378e-01
4.538518832596903363e-01
4.548433231322225323e-01
4.556301356981565798e-01
4.562213026859430753e-01
4.566256870333306739e-01
4.568520072288306255e-01
4.569088433850463371e-01
4.568045841124023787e-01
4.565474224804303982e-01
4.561453569189233281e-01
4.556061399756333730e-01
4.549373122871304687e-01
4.541461695583332014e-01
4.532397672169934943e-01
4.522249063699726457e-01
4.511081441950069992e-01
4.498957947718032480e-01
4.485939068017541498e-01
4.472082960089428516e-01
4.457445299818897921e-01
4.442079319114772828e-01
4.426035966004499556e-01
4.409363852853064314e-01
4.392109251885139565e-01
4.374316424523362890e-01
4.356027370301896462e-01
4.337282006958074754e-01
4.318118355222516636e-01
4.298572455452930319e-01
4.278678331360573628e-01
4.258468518489934018e-01
4.237973659814517347e-01
4.217222714431025921e-01
4.196243147485391178e-01
4.175060777233394749e-01
4.153700151817569242e-01
4.132184242660068563e-01
4.110534809849409332e-01
4.088772361527584498e-01
4.066916132832813502e-01
4.044984257267822958e-01
4.022993730163657577e-01
4.000960511449185852e-01
3.978899620615773958e-01
3.956825112632157415e-01
3.934750171238699523e-01
3.912687078562638310e-01
3.890647392243403169e-01
3.868641845996443340e-01
3.846680469969905869e-01
3.824772675981971126e-01
3.802927120627768165e-01
3.781151946096488192e-01
3.759454649820451744e-01
3.737842229136512651e-01
3.716321145411148330e-01
3.694897454961276750e-01
3.673576606121797261e-01
3.652363695857628323e-01
3.631263463086272791e-01
3.610280094852478805e-01
3.589417655073980362e-01
3.568679739414331031e-01
3.548069562588039294e-01
3.527590077009942204e-01
3.507244064305279907e-01
3.487033890247250301e-01
3.466961697137295184e-01
3.447029483089087409e-01
3.427238909056875005e-01
3.407591489864321144e-01
3.388088515884702390e-01
3.368731189424792327e-01
3.349520369529781494e-01
3.330456826536480341e-01
3.311541314325259777e-01
3.292774182638267821e-01
3.274155935775643900e-01
3.255686757937719666e-01
3.237366735311115185e-01
3.219195894292911642e-01
3.201174227463997046e-01
3.183301456914599536e-01
3.165577361708172832e-01
3.148001579649359893e-01
3.130573736830405962e-01
3.060962049804591967e-01
2.993761174146302162e-01
2.928914271552726101e-01
2.866355160193344020e-01
2.806011326976899367e-01
2.747806363059399071e-01
2.691661671109735754e-01
2.637498023758483856e-01
2.585236402580362025e-01
2.534798978226716071e-01
2.486109576447541325e-01
2.439094128780065485e-01
2.393680982398583013e-01
2.349801050341817910e-01
2.307387917144461675e-01
2.266377916407335547e-01
2.226710190259177935e-01
2.188326513292735420e-01
2.151171422334983985e-01
2.115191951116165980e-01
2.080337781282634579e-01
2.046560926729794894e-01
2.013815789703268799e-01
1.982058954785262117e-01
1.951249174149876919e-01
1.921347219145298491e-01
1.892315809182468223e-01
1.864119467366218696e-01
1.836724490433597479e-01
1.810098800396990892e-01
1.784211918723270784e-01
1.759034807208814388e-01
1.734539928350165294e-01
1.710700871900885656e-01
1.687492646292236553e-01
1.664891458798409274e-01
1.642874570155924419e-01
1.621420347161901254e-01
1.600508116652609447e-01
1.580118249761200133e-01
1.560231918207719837e-01
1.540831209922041145e-01
1.521899010136476549e-01
1.503418953936220548e-01
1.485375421431889276e-01
1.467753503919931035e-01
1.450538876183921633e-01
1.433717891641826669e-01
1.417277470606881362e-01
