# sigma_8
7.789100703110786172e-01
7.708007101443981046e-01
7.627536037325041152e-01
7.547724701124997049e-01
7.468607028715543716e-01
7.390213908916933860e-01
7.312573717429710074e-01
7.235711716988050268e-01
7.159650874705548729e-01
7.084411175005409511e-01
7.010010842441093404e-01
6.936465140711638444e-01
6.863787764889638376e-01
6.791989891050241868e-01
6.721080873403553202e-01
6.651068347481010612e-01
6.581958155575458047e-01
6.513754395008125586e-01
6.446459743968110390e-01
6.380075422658234574e-01
6.314601497996878976e-01
6.250036656461344098e-01
6.186378488304288270e-01
6.123623547880092666e-01
6.061767419932314604e-01
6.000804763133066322e-01
5.940729576169805348e-01
5.881535104334988384e-01
5.823213821640149668e-01
5.765757629117227445e-01
5.709158083283433216e-01
5.653405921555006985e-01
5.598491778413894338e-01
5.544405802100003111e-01
5.491137668735370791e-01
5.438677030763154896e-01
5.387013264293317727e-01
5.336135277930015297e-01
5.286032039417219996e-01
5.236692467183082789e-01
5.188105162133666015e-01
5.140258683973232268e-01
5.093141697664759215e-01
5.046742689532133230e-01
5.001050212153271834e-01
4.956052755073130367e-01
4.911738915516219439e-01
4.868097324325593167e-01
4.825116676933282056e-01
4.782785709137883368e-01
4.741093247006891720e-01
4.700028261072388136e-01
4.659579793664049285e-01
4.619737029785561111e-01
4.580489246811008108e-01
4.541825855919557897e-01
4.503736383476334981e-01
4.466210518693641829e-01
4.429238183997827871e-01
4.392809275382594802e-01
4.356914002970179167e-01
4.321542579473692247e-01
4.286685476458229616e-01
4.252333286994042783e-01
4.218476823333546233e-01
4.185106887894232686e-01
4.152214698368950074e-01
4.119791347338501164e-01
4.087828299701745105e-01
4.056317089450127700e-01
4.025249419267112327e-01
3.994617081820511229e-01
3.964412188430216366e-01
3.934626890862463200e-01
3.905253413054224909e-01
3.876284308317469174e-01
3.847712176084157054e-01
3.819529759393043844e-01
3.791729880542338282e-01
3.764305721153423656e-01
3.737250367896187142e-01
3.710557109962041022e-01
3.684219562517412339e-01
3.658231158540303785e-01
3.632585678670873786e-01
3.607276907585266201e-01
3.582298896980334324e-01
3.557645703672941417e-01
3.533311517088251197e-01
3.509290770026315953e-01
3.485577784692454606e-01
3.462167218868086316e-01
3.439053698093419431e-01
3.416232046497571506e-01
3.393697153437138514e-01
3.371444016838382463e-01
3.349467740946158179e-01
3.327763481376007637e-01
3.306326663054670600e-01
3.285152594906004531e-01
3.264236845378272744e-01
3.181453443436340067e-01
3.102616605927072668e-01
3.027464605260585251e-01
2.955756933518008944e-01
2.887272032442809722e-01
2.821806037131041056e-01
2.759170939412903811e-01
2.699193163050977451e-01
2.641712619575395937e-01
2.586581097189699086e-01
2.533661458405063738e-01
2.482826734041020944e-01
2.433959026613149446e-01
2.386949054529003134e-01
2.341695060279690432e-01
2.298102515224366704e-01
2.256083321599779978e-01
2.215555315936304503e-01
2.176441886396162650e-01
2.138671459904217254e-01
2.102177085555287372e-01
2.066896083459694722e-01
2.032769793652267898e-01
1.999743156099029751e-01
1.967764543847560776e-01
1.936785424920000886e-01
1.906760215265947689e-01
1.877645979900697260e-01
1.849402247144389944e-01
1.821991044823647599e-01
1.795376335691954983e-01
1.769524264844103412e-01
1.744402855231264315e-01
1.719981653117813314e-01
1.696232110418750827e-01
1.673127077446600608e-01
1.650640864347008019e-01
1.628749108125001899e-01
1.607428664444152389e-01
1.586657641783280059e-01
1.566415179045649309e-01
1.546681477111147562e-01
1.527437699529508031e-01
1.508665919467812866e-01
1.490349058334638488e-01
1.472470875461848738e-01
1.455015858305171994e-01
1.437969241632791328e-01
1.421316909091580039e-01
