# ee
5.311349406838417053e-02
8.650655299425125122e-02
9.670377522706985474e-02
8.500020951032638550e-02
6.195455044507980347e-02
3.874132037162780762e-02
2.200625650584697723e-02
1.301552541553974152e-02
9.588651359081268311e-03
8.676830679178237915e-03
8.058049716055393219e-03
7.245044223964214325e-03
6.249962374567985535e-03
5.479620303958654404e-03
5.303330719470977783e-03
5.545728839933872223e-03
5.926452111452817917e-03
6.289820652455091476e-03
6.565939635038375854e-03
6.903366651386022568e-03
7.475994527339935303e-03
8.340610191226005554e-03
9.511528536677360535e-03
1.095028687268495560e-02
1.260898914188146591e-02
1.445477176457643509e-02
1.646867208182811737e-02
1.867229118943214417e-02
2.108249440789222717e-02
2.365664020180702209e-02
2.635217271745204926e-02
2.918642386794090271e-02
3.219436854124069214e-02
3.542166203260421753e-02
3.890511766076087952e-02
4.263548180460929871e-02
4.659986123442649841e-02
5.081685259938240051e-02
5.531292036175727844e-02
6.010705232620239258e-02
6.518829613924026489e-02
7.053821533918380737e-02
7.613836973905563354e-02
8.197033405303955078e-02
8.802287280559539795e-02
9.431367367506027222e-02
1.008676141500473022e-01
1.077095866203308105e-01
1.148644834756851196e-01
1.223499700427055359e-01
1.301548779010772705e-01
1.382608264684677124e-01
1.466494351625442505e-01
1.553023308515548706e-01
1.642059683799743652e-01
1.733663231134414673e-01
1.827942132949829102e-01
1.925004571676254272e-01
2.024958878755569458e-01
2.127876728773117065e-01
2.233685106039047241e-01
2.342274785041809082e-01
2.453536689281463623e-01
2.567360997200012207e-01
2.683648765087127686e-01
2.802338600158691406e-01
2.923379540443420410e-01
3.046720623970031738e-01
3.172310590744018555e-01
3.300091922283172607e-01
3.429981470108032227e-01
3.561890125274658203e-01
3.695727288722991943e-01
3.831404149532318115e-01
3.968828916549682617e-01
4.107901751995086670e-01
4.248521924018859863e-01
4.390587210655212402e-01
4.533997178077697754e-01
4.678647220134735107e-01
4.824427962303161621e-01
4.971226155757904053e-01
5.118930935859680176e-01
5.267428755760192871e-01
5.416603684425354004e-01
5.566321015357971191e-01
5.716444849967956543e-01
5.866835713386535645e-01
6.017356514930725098e-01
6.167868971824645996e-01
6.318234205245971680e-01
6.468312144279479980e-01
6.617964506149291992e-01
6.767051815986633301e-01
6.915434598922729492e-01
7.062973976135253906e-01
7.209530472755432129e-01
7.354964613914489746e-01
7.499137520790100098e-01
7.641909718513488770e-01
7.783141732215881348e-01
7.922694683074951172e-01
8.060429692268371582e-01
8.196206688880920410e-01
8.329886794090270996e-01
8.461329936981201172e-01
8.590398430824279785e-01
8.716952800750732422e-01
8.840852379798889160e-01
8.961965441703796387e-01
9.080185294151306152e-01
9.195411801338195801e-01
9.307544231414794922e-01
9.416483640670776367e-01
9.522128701210021973e-01
9.624379873275756836e-01
9.723137021064758301e-01
9.818300008773803711e-01
9.909768104553222656e-01
9.997442364692687988e-01
1.008122205734252930e+00
1.016100645065307617e+00
1.023669600486755371e+00
1.030819177627563477e+00
1.037539124488830566e+00
1.043819665908813477e+00
1.049650549888610840e+00
1.055021882057189941e+00
1.059923648834228516e+00
1.064347743988037109e+00
1.068293452262878418e+00
1.071761727333068848e+00
1.074753761291503906e+00
1.077270865440368652e+00
1.079313874244689941e+00
1.080884099006652832e+00
1.081982612609863281e+00
1.082610607147216797e+00
1.082769036293029785e+00
1.082459211349487305e+00
1.081682085990905762e+00
1.080438971519470215e+00
1.078730940818786621e+00
1.076559066772460938e+00
1.073924303054809570e+00
1.070828080177307129e+00
1.067271471023559570e+00
1.063255429267883301e+00
1.058781147003173828e+00
1.053852438926696777e+00
1.048483729362487793e+00
1.042691826820373535e+00
1.036493778228759766e+00
1.029906511306762695e+00
1.022947311401367188e+00
1.015632629394531250e+00
1.007979989051818848e+00
1.000006079673767090e+00
9.917280077934265137e-01
9.831625819206237793e-01
9.743269681930541992e-01
9.652380943298339844e-01
9.559129476547241211e-01
9.463685154914855957e-01
9.366217255592346191e-01
9.266896843910217285e-01
9.165892601013183594e-01
9.063375592231750488e-01
8.959513902664184570e-01
8.854478597640991211e-01
8.748439550399780273e-01
8.641567230224609375e-01
8.534029722213745117e-01
8.425998091697692871e-01
8.317671418190002441e-01
8.209368586540222168e-01
8.101436495780944824e-01
7.994224429130554199e-01
7.888079285621643066e-01
7.783349752426147461e-01
7.680383324623107910e-01
7.579527497291564941e-01
7.481131553649902344e-01
7.385541796684265137e-01
7.293108105659484863e-01
7.204176783561706543e-01
7.119096517562866211e-01
7.038215398788452148e-01
6.961880922317504883e-01
6.890441179275512695e-01
6.824243664741516113e-01
6.763637661933898926e-01
6.708970665931701660e-01
6.660588979721069336e-01
6.618843078613281250e-01
6.584079265594482422e-01
6.556645631790161133e-01
6.536890864372253418e-01
6.525162458419799805e-01
6.521803736686706543e-01
6.527137756347656250e-01
6.541483998298645020e-01
6.565161943435668945e-01
6.598489284515380859e-01
6.641785502433776855e-01
6.695369482040405273e-01
6.759560704231262207e-01
6.834677457809448242e-01
6.921038031578063965e-01
7.018963098526000977e-01
7.128769755363464355e-01
7.250777482986450195e-01
7.385305762290954590e-01
7.532673478126525879e-01
7.693198323249816895e-01
7.867200970649719238e-01
8.054998517036437988e-01
8.256911635398864746e-01
8.473258018493652344e-01
8.704356551170349121e-01
8.950526714324951172e-01
9.212087392807006836e-01
9.489357471466064453e-01
9.782655835151672363e-01
1.009230017662048340e+00
1.041861176490783691e+00
1.076190710067749023e+00
1.112250685691833496e+00
1.150073051452636719e+00
1.189689397811889648e+00
1.231131792068481445e+00
1.274432301521301270e+00
1.319622397422790527e+00
1.366734504699707031e+00
1.415800094604492188e+00
1.466850996017456055e+00
1.519919514656066895e+00
1.575037360191345215e+00
1.632236242294311523e+00
1.691548347473144531e+00
1.753005385398864746e+00
1.816639065742492676e+00
1.882481575012207031e+00
1.950564861297607422e+00
2.020920515060424805e+00
2.093580722808837891e+00
2.168577194213867188e+00
2.245941877365112305e+00
2.325706481933593750e+00
2.407894134521484375e+00
2.492492198944091797e+00
2.579478502273559570e+00
2.668831348419189453e+00
2.760528802871704102e+00
2.854549407958984375e+00
2.950870990753173828e+00
3.049471616744995117e+00
3.150330066680908203e+00
3.253424167633056641e+00
3.358731985092163086e+00
3.466232061386108398e+00
3.575902223587036133e+00
3.687720775604248047e+00
3.801666021347045898e+00
3.917716264724731445e+00
4.035849571228027344e+00
4.156043529510498047e+00
4.278276920318603516e+00
4.402528285980224609e+00
4.528775215148925781e+00
4.656995773315429688e+00
4.787168979644775391e+00
4.919272422790527344e+00
5.053284168243408203e+00
5.189182758331298828e+00
5.326945781707763672e+00
5.466552257537841797e+00
5.607979774475097656e+00
5.751207351684570312e+00
5.896212100982666016e+00
6.042972564697265625e+00
6.191467285156250000e+00
6.341674327850341797e+00
6.493571281433105469e+00
6.647137165069580078e+00
6.802350044250488281e+00
6.959187030792236328e+00
7.117628574371337891e+00
7.277649879455566406e+00
7.439231395721435547e+00
7.602350711822509766e+00
7.766985893249511719e+00
7.933115005493164062e+00
8.100716590881347656e+00
8.269768714904785156e+00
8.440249443054199219e+00
8.612136840820312500e+00
8.785408973693847656e+00
8.960044860839843750e+00
9.136013984680175781e+00
9.313248634338378906e+00
9.491678237915039062e+00
9.671227455139160156e+00
9.851821899414062500e+00
1.003338813781738281e+01
1.021585178375244141e+01
1.039913845062255859e+01
1.058317470550537109e+01
1.076788711547851562e+01
1.095320129394531250e+01
1.113904285430908203e+01
1.132533836364746094e+01
1.151201438903808594e+01
1.169899463653564453e+01
1.188620758056640625e+01
1.207357883453369141e+01
1.226103401184082031e+01
1.244849777221679688e+01
1.263589859008789062e+01
1.282316112518310547e+01
1.301021194458007812e+01
1.319697570800781250e+01
1.338338088989257812e+01
1.356935119628906250e+01
1.375481414794921875e+01
1.393969631195068359e+01
1.412391948699951172e+01
1.430741500854492188e+01
1.449010658264160156e+01
1.467192173004150391e+01
1.485278224945068359e+01
1.503261852264404297e+01
1.521135616302490234e+01
1.538891887664794922e+01
1.556523513793945312e+01
1.574022960662841797e+01
1.591382694244384766e+01
1.608595466613769531e+01
1.625654029846191406e+01
1.642551040649414062e+01
1.659278488159179688e+01
1.675829696655273438e+01
1.692196846008300781e+01
1.708372688293457031e+01
1.724349784851074219e+01
1.740120697021484375e+01
1.755678176879882812e+01
1.771014595031738281e+01
1.786122894287109375e+01
1.800996017456054688e+01
1.815629196166992188e+01
1.830018615722656250e+01
1.844160270690917969e+01
1.858049774169921875e+01
1.871683502197265625e+01
1.885056877136230469e+01
1.898166275024414062e+01
1.911007690429687500e+01
1.923576736450195312e+01
1.935869407653808594e+01
1.947881889343261719e+01
1.959609794616699219e+01
1.971049499511718750e+01
1.982196617126464844e+01
1.993047142028808594e+01
2.003597068786621094e+01
2.013842201232910156e+01
2.023778724670410156e+01
2.033402442932128906e+01
2.042709350585937500e+01
2.051695251464843750e+01
2.060356330871582031e+01
2.068688392639160156e+01
2.076687049865722656e+01
2.084349060058593750e+01
2.091669654846191406e+01
2.098645019531250000e+01
2.105271148681640625e+01
2.111543846130371094e+01
2.117459106445312500e+01
2.123012924194335938e+01
2.128201484680175781e+01
2.133020210266113281e+01
2.137465286254882812e+01
2.141532897949218750e+01
2.145218467712402344e+01
2.148518371582031250e+01
2.151428604125976562e+01
2.153944778442382812e+01
2.156062889099121094e+01
2.157779121398925781e+01
2.159089088439941406e+01
2.159989166259765625e+01
2.160474967956542969e+01
2.160542488098144531e+01
2.160187721252441406e+01
2.159406471252441406e+01
2.158194923400878906e+01
2.156548881530761719e+01
2.154465866088867188e+01
2.151949882507324219e+01
2.149006462097167969e+01
2.145641517639160156e+01
2.141860389709472656e+01
2.137668418884277344e+01
2.133071327209472656e+01
2.128075027465820312e+01
2.122684669494628906e+01
2.116905975341796875e+01
2.110744667053222656e+01
2.104206085205078125e+01
2.097295951843261719e+01
2.090019989013671875e+01
2.082383537292480469e+01
2.074392318725585938e+01
2.066051864624023438e+01
2.057367515563964844e+01
2.048345375061035156e+01
2.038990592956542969e+01
2.029308891296386719e+01
2.019305801391601562e+01
2.008987045288085938e+01
1.998358154296875000e+01
1.987424468994140625e+01
1.976191902160644531e+01
1.964665794372558594e+01
1.952851867675781250e+01
1.940755844116210938e+01
1.928382873535156250e+01
1.915739059448242188e+01
1.902829360961914062e+01
1.889659881591796875e+01
1.876236152648925781e+01
1.862563514709472656e+01
1.848647689819335938e+01
1.834494209289550781e+01
1.820108604431152344e+01
1.805496597290039062e+01
1.790663719177246094e+01
1.775615501403808594e+01
1.760357666015625000e+01
1.744895362854003906e+01
1.729234695434570312e+01
1.713381004333496094e+01
1.697339820861816406e+01
1.681117057800292969e+01
1.664717864990234375e+01
1.648148155212402344e+01
1.631413078308105469e+01
1.614519500732421875e+01
1.597476959228515625e+01
1.580296325683593750e+01
1.562987899780273438e+01
1.545562267303466797e+01
1.528030109405517578e+01
1.510402297973632812e+01
1.492689132690429688e+01
1.474901294708251953e+01
1.457049274444580078e+01
1.439143943786621094e+01
1.421195793151855469e+01
1.403215217590332031e+01
1.385213279724121094e+01
1.367200183868408203e+01
1.349186611175537109e+01
1.331183338165283203e+01
1.313200759887695312e+01
1.295249557495117188e+01
1.277340412139892578e+01
1.259483909606933594e+01
1.241690540313720703e+01
1.223971080780029297e+01
1.206335926055908203e+01
1.188795852661132812e+01
1.171361446380615234e+01
1.154043292999267578e+01
1.136851882934570312e+01
1.119797992706298828e+01
1.102892208099365234e+01
1.086145019531250000e+01
1.069567203521728516e+01
1.053169155120849609e+01
1.036961555480957031e+01
1.020955181121826172e+01
1.005160331726074219e+01
9.895878791809082031e+00
9.742484092712402344e+00
9.591523170471191406e+00
9.443104743957519531e+00
9.297332763671875000e+00
9.154314041137695312e+00
9.014154434204101562e+00
8.876960754394531250e+00
8.742837905883789062e+00
8.611892700195312500e+00
8.484230995178222656e+00
8.359959602355957031e+00
8.239183425903320312e+00
8.122008323669433594e+00
8.008530616760253906e+00
7.898800373077392578e+00
7.792855739593505859e+00
7.690736293792724609e+00
7.592481136322021484e+00
7.498129367828369141e+00
7.407719612121582031e+00
7.321292400360107422e+00
7.238885879516601562e+00
7.160539627075195312e+00
7.086292266845703125e+00
7.016183376312255859e+00
6.950252056121826172e+00
6.888537883758544922e+00
6.831078052520751953e+00
6.777913570404052734e+00
6.729083538055419922e+00
6.684626579284667969e+00
6.644581317901611328e+00
6.608987808227539062e+00
6.577885150909423828e+00
6.551311969757080078e+00
6.529307842254638672e+00
6.511910915374755859e+00
6.499162197113037109e+00
6.491098880767822266e+00
6.487761020660400391e+00
6.489188194274902344e+00
6.495418548583984375e+00
6.506491661071777344e+00
6.522447109222412109e+00
6.543323040008544922e+00
6.569159507751464844e+00
6.599995613098144531e+00
6.635869503021240234e+00
6.676821708679199219e+00
6.722889900207519531e+00
6.774115085601806641e+00
6.830534458160400391e+00
6.892188072204589844e+00
6.959114551544189453e+00
7.031354427337646484e+00
7.108945369720458984e+00
7.191927433013916016e+00
7.280339241027832031e+00
7.374219417572021484e+00
7.473608493804931641e+00
7.578544139862060547e+00
7.689066886901855469e+00
7.805214881896972656e+00
7.927007198333740234e+00
8.054382324218750000e+00
8.187256813049316406e+00
8.325549125671386719e+00
8.469176292419433594e+00
8.618056297302246094e+00
8.772107124328613281e+00
8.931246757507324219e+00
9.095391273498535156e+00
9.264458656311035156e+00
9.438366889953613281e+00
9.617034912109375000e+00
9.800378799438476562e+00
9.988316535949707031e+00
1.018076610565185547e+01
1.037764358520507812e+01
1.057886886596679688e+01
1.078435802459716797e+01
1.099402999877929688e+01
1.120780086517333984e+01
1.142558956146240234e+01
1.164731311798095703e+01
1.187288856506347656e+01
1.210223484039306641e+01
1.233526802062988281e+01
1.257190704345703125e+01
1.281206989288330078e+01
1.305567359924316406e+01
1.330263423919677734e+01
1.355287170410156250e+01
1.380630207061767578e+01
1.406284427642822266e+01
1.432241535186767578e+01
1.458493423461914062e+01
1.485031414031982422e+01
1.511847877502441406e+01
1.538934040069580078e+01
1.566282081604003906e+01
1.593883514404296875e+01
1.621730041503906250e+01
1.649813652038574219e+01
1.678126144409179688e+01
1.706659126281738281e+01
1.735404396057128906e+01
1.764353370666503906e+01
1.793498420715332031e+01
1.822831153869628906e+01
1.852342987060546875e+01
1.882026100158691406e+01
1.911871910095214844e+01
1.941871833801269531e+01
1.972013473510742188e+01
2.002284622192382812e+01
2.032672691345214844e+01
2.063164901733398438e+01
2.093748664855957031e+01
2.124411582946777344e+01
2.155140686035156250e+01
2.185923767089843750e+01
2.216747665405273438e+01
2.247600555419921875e+01
2.278469276428222656e+01
2.309341430664062500e+01
2.340204048156738281e+01
2.371045112609863281e+01
2.401851654052734375e+01
2.432611083984375000e+01
2.463311004638671875e+01
2.493938636779785156e+01
2.524481201171875000e+01
2.554926490783691406e+01
2.585261535644531250e+01
2.615474128723144531e+01
2.645551490783691406e+01
2.675480651855468750e+01
2.705249595642089844e+01
2.734845352172851562e+01
2.764255332946777344e+01
2.793467140197753906e+01
2.822468185424804688e+01
2.851245498657226562e+01
2.879786491394042969e+01
2.908079147338867188e+01
2.936110115051269531e+01
2.963867378234863281e+01
2.991338348388671875e+01
3.018509674072265625e+01
3.045369529724121094e+01
3.071905136108398438e+01
3.098103713989257812e+01
3.123952865600585938e+01
3.149439430236816406e+01
3.174551582336425781e+01
3.199276351928710938e+01
3.223601150512695312e+01
3.247513198852539062e+01
3.271000289916992188e+01
3.294049453735351562e+01
3.316648101806640625e+01
3.338784408569335938e+01
3.360445785522460938e+01
3.381628417968750000e+01
3.402328109741210938e+01
3.422541427612304688e+01
3.442264938354492188e+01
3.461494827270507812e+01
3.480227279663085938e+01
3.498459243774414062e+01
3.516186904907226562e+01
3.533406448364257812e+01
3.550114440917968750e+01
3.566307449340820312e+01
3.581981658935546875e+01
3.597133255004882812e+01
3.611759567260742188e+01
3.625856018066406250e+01
3.639419174194335938e+01
3.652445602416992188e+01
3.664932250976562500e+01
3.676874542236328125e+01
3.688269424438476562e+01
3.699113464355468750e+01
3.709402465820312500e+01
3.719133377075195312e+01
3.728302383422851562e+01
3.736906051635742188e+01
3.744940185546875000e+01
3.752402114868164062e+01
3.759287643432617188e+01
3.765593338012695312e+01
3.771315765380859375e+01
3.776451110839843750e+01
3.780995559692382812e+01
3.784946060180664062e+01
3.788298797607421875e+01
3.791049957275390625e+01
3.793196105957031250e+01
3.794733428955078125e+01
3.795659255981445312e+01
3.795968627929687500e+01
3.795658874511718750e+01
3.794726181030273438e+01
3.793166732788085938e+01
3.790977096557617188e+01
3.788153839111328125e+01
3.784693145751953125e+01
3.780591583251953125e+01
3.775845336914062500e+01
3.770451354980468750e+01
3.764405059814453125e+01
3.757706069946289062e+01
3.750361251831054688e+01
3.742379379272460938e+01
3.733771133422851562e+01
3.724545288085937500e+01
3.714710998535156250e+01
3.704278564453125000e+01
3.693256759643554688e+01
3.681654739379882812e+01
3.669483184814453125e+01
3.656750488281250000e+01
3.643466567993164062e+01
3.629640579223632812e+01
3.615282440185546875e+01
3.600401306152343750e+01
3.585006332397460938e+01
3.569107437133789062e+01
3.552713775634765625e+01
3.535834884643554688e+01
3.518480682373046875e+01
3.500659942626953125e+01
3.482382202148437500e+01
3.463656997680664062e+01
3.444494247436523438e+01
3.424902725219726562e+01
3.404892730712890625e+01
3.384472656250000000e+01
3.363652801513671875e+01
3.342441558837890625e+01
3.320849990844726562e+01
3.298886108398437500e+01
3.276560211181640625e+01
3.253881454467773438e+01
3.230859375000000000e+01
3.207503128051757812e+01
3.183822441101074219e+01
3.159826850891113281e+01
3.135525703430175781e+01
3.110928153991699219e+01
3.086044120788574219e+01
3.060882759094238281e+01
3.035453796386718750e+01
3.009766387939453125e+01
2.983830070495605469e+01
2.957654380798339844e+01
2.931249046325683594e+01
2.904622840881347656e+01
2.877785491943359375e+01
2.850746536254882812e+01
2.823515892028808594e+01
2.796102714538574219e+01
2.768520355224609375e+01
2.740781593322753906e+01
2.712900161743164062e+01
2.684889221191406250e+01
2.656761741638183594e+01
2.628531265258789062e+01
2.600210952758789062e+01
2.571814346313476562e+01
2.543354225158691406e+01
2.514844322204589844e+01
2.486297607421875000e+01
2.457727813720703125e+01
2.429147720336914062e+01
2.400570678710937500e+01
2.372010040283203125e+01
2.343478965759277344e+01
2.314990997314453125e+01
2.286559295654296875e+01
2.258197021484375000e+01
2.229917526245117188e+01
2.201734161376953125e+01
2.173660278320312500e+01
2.145708656311035156e+01
2.117893218994140625e+01
2.090226745605468750e+01
2.062722778320312500e+01
2.035394477844238281e+01
2.008255195617675781e+01
1.981318092346191406e+01
1.954596519470214844e+01
1.928103828430175781e+01
1.901853179931640625e+01
1.875857734680175781e+01
1.850131034851074219e+01
1.824686241149902344e+01
1.799536514282226562e+01
1.774695396423339844e+01
1.750175857543945312e+01
1.725991439819335938e+01
1.702155113220214844e+01
1.678680419921875000e+01
1.655580520629882812e+01
1.632868766784667969e+01
1.610558319091796875e+01
1.588662528991699219e+01
1.567194461822509766e+01
1.546167850494384766e+01
1.525595569610595703e+01
1.505491065979003906e+01
1.485865974426269531e+01
1.466725826263427734e+01
1.448074436187744141e+01
1.429916000366210938e+01
1.412254238128662109e+01
1.395093154907226562e+01
1.378436565399169922e+01
1.362288570404052734e+01
1.346653079986572266e+01
1.331533813476562500e+01
1.316934871673583984e+01
1.302860260009765625e+01
1.289313793182373047e+01
1.276299381256103516e+01
1.263821029663085938e+01
1.251882553100585938e+01
1.240488052368164062e+01
1.229641342163085938e+01
1.219346427917480469e+01
1.209607124328613281e+01
1.200427436828613281e+01
1.191811275482177734e+01
1.183762645721435547e+01
1.176285362243652344e+01
1.169383335113525391e+01
1.163060665130615234e+01
1.157321166992187500e+01
1.152168750762939453e+01
1.147607326507568359e+01
1.143640995025634766e+01
1.140273475646972656e+01
1.137508869171142578e+01
1.135350990295410156e+01
1.133803844451904297e+01
1.132871246337890625e+01
1.132557296752929688e+01
1.132865810394287109e+01
1.133800697326660156e+01
1.135365962982177734e+01
1.137565517425537109e+01
1.140403270721435547e+01
1.143883037567138672e+01
1.148009014129638672e+01
1.152785015106201172e+01
1.158214855194091797e+01
1.164302635192871094e+01
1.171052074432373047e+01
1.178467369079589844e+01
1.186552238464355469e+01
1.195310688018798828e+01
1.204744434356689453e+01
1.214845848083496094e+01
1.225605487823486328e+01
1.237013626098632812e+01
1.249060440063476562e+01
1.261736392974853516e+01
1.275031661987304688e+01
1.288936614990234375e+01
1.303441524505615234e+01
1.318536758422851562e+01
1.334212684631347656e+01
1.350459480285644531e+01
1.367267513275146484e+01
1.384627056121826172e+01
1.402528476715087891e+01
1.420962047576904297e+01
1.439918231964111328e+01
1.459387016296386719e+01
1.479358959197998047e+01
1.499824333190917969e+01
1.520773506164550781e+01
1.542196559906005859e+01
1.564084053039550781e+01
1.586426258087158203e+01
1.609213256835937500e+01
1.632435607910156250e+01
1.656083679199218750e+01
1.680147552490234375e+01
1.704617691040039062e+01
1.729484176635742188e+01
1.754737663269042969e+01
1.780368041992187500e+01
1.806366157531738281e+01
1.832721900939941406e+01
1.859425735473632812e+01
1.886467933654785156e+01
1.913838958740234375e+01
1.941528701782226562e+01
1.969528198242187500e+01
1.997826957702636719e+01
2.026415634155273438e+01
2.055284881591796875e+01
2.084424400329589844e+01
2.113824844360351562e+01
2.143476486206054688e+01
2.173369789123535156e+01
2.203494644165039062e+01
2.233841514587402344e+01
2.264401054382324219e+01
2.295163345336914062e+01
2.326117897033691406e+01
2.357252311706542969e+01
2.388552856445312500e+01
2.420006752014160156e+01
2.451599884033203125e+01
2.483319473266601562e+01
2.515151977539062500e+01
2.547084045410156250e+01
2.579102325439453125e+01
2.611193466186523438e+01
2.643344116210937500e+01
2.675541114807128906e+01
2.707770729064941406e+01
2.740019798278808594e+01
2.772275161743164062e+01
2.804523086547851562e+01
2.836750602722167969e+01
2.868943977355957031e+01
2.901090049743652344e+01
2.933175468444824219e+01
2.965187072753906250e+01
2.997111129760742188e+01
3.028934669494628906e+01
3.060643959045410156e+01
3.092225646972656250e+01
3.123666954040527344e+01
3.154954147338867188e+01
3.186073493957519531e+01
3.217012405395507812e+01
3.247756576538085938e+01
3.278293991088867188e+01
3.308609771728515625e+01
3.338691711425781250e+01
3.368526077270507812e+01
3.398099517822265625e+01
3.427398681640625000e+01
3.456409835815429688e+01
3.485120391845703125e+01
3.513516616821289062e+01
3.541584777832031250e+01
3.569311904907226562e+01
3.596684646606445312e+01
3.623690032958984375e+01
3.650314331054687500e+01
3.676543426513671875e+01
3.702365493774414062e+01
3.727766036987304688e+01
3.752731704711914062e+01
3.777249908447265625e+01
3.801306915283203125e+01
3.824890899658203125e+01
3.847996139526367188e+01
3.870619583129882812e+01
3.892757415771484375e+01
3.914405059814453125e+01
3.935559082031250000e+01
3.956216430664062500e+01
3.976372528076171875e+01
3.996023559570312500e+01
4.015166473388671875e+01
4.033796691894531250e+01
4.051910781860351562e+01
4.069504928588867188e+01
4.086575698852539062e+01
4.103118896484375000e+01
4.119130706787109375e+01
4.134607696533203125e+01
4.149545669555664062e+01
4.163941192626953125e+01
4.177790451049804688e+01
4.191089630126953125e+01
4.203834915161132812e+01
4.216022109985351562e+01
4.227648162841796875e+01
4.238708877563476562e+01
4.249200820922851562e+01
4.259119796752929688e+01
4.268461990356445312e+01
4.277224349975585938e+01
4.285401916503906250e+01
4.292992019653320312e+01
4.299990463256835938e+01
4.306393432617187500e+01
4.312197113037109375e+01
4.317397689819335938e+01
4.321991729736328125e+01
4.325975036621093750e+01
4.329344177246093750e+01
4.332094955444335938e+01
4.334223937988281250e+01
4.335727310180664062e+01
4.336601257324218750e+01
4.336841964721679688e+01
4.336445617675781250e+01
4.335408782958984375e+01
4.333726882934570312e+01
4.331396865844726562e+01
4.328414916992187500e+01
4.324776840209960938e+01
4.320479202270507812e+01
4.315520095825195312e+01
4.309905624389648438e+01
4.303643035888671875e+01
4.296740341186523438e+01
4.289205551147460938e+01
4.281046676635742188e+01
4.272271347045898438e+01
4.262886810302734375e+01
4.252901840209960938e+01
4.242323684692382812e+01
4.231160354614257812e+01
4.219419479370117188e+01
4.207109069824218750e+01
4.194236373901367188e+01
4.180810165405273438e+01
4.166837692260742188e+01
4.152327346801757812e+01
4.137285995483398438e+01
4.121722030639648438e+01
4.105643081665039062e+01
4.089057159423828125e+01
4.071971893310546875e+01
4.054395675659179688e+01
4.036335372924804688e+01
4.017799377441406250e+01
3.998795700073242188e+01
3.979331588745117188e+01
3.959415054321289062e+01
3.939054107666015625e+01
3.918256759643554688e+01
3.897030258178710938e+01
3.875382614135742188e+01
3.853322219848632812e+01
3.830855941772460938e+01
3.807992172241210938e+01
3.784738540649414062e+01
3.761103057861328125e+01
3.737093353271484375e+01
3.712717437744140625e+01
3.687982940673828125e+01
3.662897491455078125e+01
3.637469482421875000e+01
3.611706542968750000e+01
3.585616302490234375e+01
3.559206771850585938e+01
3.532485580444335938e+01
3.505460357666015625e+01
3.478139495849609375e+01
3.450530242919921875e+01
3.422640991210937500e+01
3.394479751586914062e+01
3.366057968139648438e+01
3.337388992309570312e+01
3.308484649658203125e+01
3.279357528686523438e+01
3.250019836425781250e+01
3.220483398437500000e+01
3.190761566162109375e+01
3.160866165161132812e+01
3.130809783935546875e+01
3.100604820251464844e+01
3.070263862609863281e+01
3.039798355102539062e+01
3.009221839904785156e+01
2.978545951843261719e+01
2.947783470153808594e+01
2.916946411132812500e+01
2.886047554016113281e+01
2.855099487304687500e+01
2.824113655090332031e+01
2.793103218078613281e+01
2.762080383300781250e+01
2.731057357788085938e+01
2.700046920776367188e+01
2.669061279296875000e+01
2.638112449645996094e+01
2.607213020324707031e+01
2.576375770568847656e+01
2.545612525939941406e+01
2.514936256408691406e+01
2.484358787536621094e+01
2.453892707824707031e+01
2.423550605773925781e+01
2.393344497680664062e+01
2.363286972045898438e+01
2.333390426635742188e+01
2.303667259216308594e+01
2.274129867553710938e+01
2.244790458679199219e+01
2.215661621093750000e+01
2.186755371093750000e+01
2.158084678649902344e+01
2.129661560058593750e+01
2.101498413085937500e+01
2.073607826232910156e+01
2.046001815795898438e+01
2.018692970275878906e+01
1.991694068908691406e+01
1.965016746520996094e+01
1.938673782348632812e+01
1.912676239013671875e+01
1.887030220031738281e+01
1.861740303039550781e+01
1.836811065673828125e+01
1.812247467041015625e+01
1.788054084777832031e+01
1.764235305786132812e+01
1.740796470642089844e+01
1.717741775512695312e+01
1.695075988769531250e+01
1.672803878784179688e+01
1.650930023193359375e+01
1.629459571838378906e+01
1.608396720886230469e+01
1.587746238708496094e+01
1.567513084411621094e+01
1.547701644897460938e+01
1.528316783905029297e+01
1.509363174438476562e+01
1.490845489501953125e+01
1.472768497467041016e+01
1.455136775970458984e+01
1.437955093383789062e+01
1.421228218078613281e+01
1.404960727691650391e+01
1.389157390594482422e+01
1.373822879791259766e+01
1.358961772918701172e+01
1.344578933715820312e+01
1.330679035186767578e+01
1.317266654968261719e+01
1.304346752166748047e+01
1.291923618316650391e+01
1.280002307891845703e+01
1.268587303161621094e+01
1.257683467864990234e+01
1.247295475006103516e+01
1.237427806854248047e+01
1.228085327148437500e+01
1.219272804260253906e+01
1.210994815826416016e+01
1.203256130218505859e+01
1.196061229705810547e+01
1.189415168762207031e+01
1.183322429656982422e+01
1.177787685394287109e+01
1.172815704345703125e+01
1.168411159515380859e+01
1.164578819274902344e+01
1.161323261260986328e+01
1.158647346496582031e+01
1.156546878814697266e+01
1.155015468597412109e+01
1.154046821594238281e+01
1.153634929656982422e+01
1.153773498535156250e+01
1.154456233978271484e+01
1.155676937103271484e+01
1.157429599761962891e+01
1.159707736968994141e+01
1.162505245208740234e+01
1.165815830230712891e+01
1.169633293151855469e+01
1.173951625823974609e+01
1.178764343261718750e+01
1.184065341949462891e+01
1.189848327636718750e+01
1.196107196807861328e+01
1.202835655212402344e+01
1.210027503967285156e+01
1.217676544189453125e+01
1.225776576995849609e+01
1.234321308135986328e+01
1.243304538726806641e+01
1.252720165252685547e+01
1.262561798095703125e+01
1.272823333740234375e+01
1.283498573303222656e+01
1.294581222534179688e+01
1.306065082550048828e+01
1.317943859100341797e+01
1.330211544036865234e+01
1.342861747741699219e+01
1.355888271331787109e+01
1.369284915924072266e+01
1.383045482635498047e+01
1.397163772583007812e+01
1.411633491516113281e+01
1.426448535919189453e+01
1.441602611541748047e+01
1.457089424133300781e+01
1.472902965545654297e+01
1.489036750793457031e+01
1.505484771728515625e+01
1.522240829467773438e+01
1.539298534393310547e+01
1.556651782989501953e+01
1.574294281005859375e+01
1.592219924926757812e+01
1.610422515869140625e+01
1.628894805908203125e+01
1.647627830505371094e+01
1.666610336303710938e+01
1.685832977294921875e+01
1.705284881591796875e+01
1.724955940246582031e+01
1.744835662841796875e+01
1.764913940429687500e+01
1.785180282592773438e+01
1.805624389648437500e+01
1.826236152648925781e+01
1.847005081176757812e+01
1.867920875549316406e+01
1.888973426818847656e+01
1.910152053833007812e+01
1.931446647644042969e+01
1.952846908569335938e+01
1.974342536926269531e+01
1.995923233032226562e+01
2.017578506469726562e+01
2.039298439025878906e+01
2.061071968078613281e+01
2.082889747619628906e+01
2.104740715026855469e+01
2.126614952087402344e+01
2.148501777648925781e+01
2.170391464233398438e+01
2.192273330688476562e+01
2.214136886596679688e+01
2.235972023010253906e+01
2.257768630981445312e+01
2.279516029357910156e+01
2.301203918457031250e+01
2.322822570800781250e+01
2.344360923767089844e+01
2.365809059143066406e+01
2.387156486511230469e+01
2.408393096923828125e+01
2.429508590698242188e+01
2.450492477416992188e+01
2.471334266662597656e+01
2.492024040222167969e+01
2.512551498413085938e+01
2.532905769348144531e+01
2.553077316284179688e+01
2.573055458068847656e+01
2.592829513549804688e+01
2.612389755249023438e+01
2.631725502014160156e+01
2.650826835632324219e+01
2.669684028625488281e+01
2.688291549682617188e+01
2.706644630432128906e+01
2.724738883972167969e+01
2.742569541931152344e+01
2.760131835937500000e+01
2.777421569824218750e+01
2.794433212280273438e+01
2.811163139343261719e+01
2.827606010437011719e+01
2.843757438659667969e+01
2.859612655639648438e+01
2.875166702270507812e+01
2.890415763854980469e+01
2.905354309082031250e+01
2.919978141784667969e+01
2.934282875061035156e+01
2.948262977600097656e+01
2.961914825439453125e+01
2.975232696533203125e+01
2.988212966918945312e+01
3.000850486755371094e+01
3.013140296936035156e+01
3.025078582763671875e+01
3.036659812927246094e+01
3.047879791259765625e+01
3.058733940124511719e+01
3.069217300415039062e+01
3.079325485229492188e+01
3.089053535461425781e+01
3.098396873474121094e+01
3.107351303100585938e+01
3.115911865234375000e+01
3.124073600769042969e+01
3.131832122802734375e+01
3.139182853698730469e+01
3.146121025085449219e+01
3.152642250061035156e+01
3.158741188049316406e+01
3.164414215087890625e+01
3.169655609130859375e+01
3.174461364746093750e+01
3.178826713562011719e+01
3.182746887207031250e+01
3.186217498779296875e+01
3.189233398437500000e+01
3.191790580749511719e+01
3.193883705139160156e+01
3.195508575439453125e+01
3.196660423278808594e+01
3.197336196899414062e+01
3.197538566589355469e+01
3.197272109985351562e+01
3.196541404724121094e+01
3.195350456237792969e+01
3.193703842163085938e+01
3.191606140136718750e+01
3.189061546325683594e+01
3.186074447631835938e+01
3.182649230957031250e+01
3.178790664672851562e+01
3.174502944946289062e+01
3.169790267944335938e+01
3.164657402038574219e+01
3.159108161926269531e+01
3.153147888183593750e+01
3.146780014038085938e+01
3.140009689331054688e+01
3.132841110229492188e+01
3.125278282165527344e+01
3.117326164245605469e+01
3.108988761901855469e+01
3.100270843505859375e+01
3.091176414489746094e+01
3.081710243225097656e+01
3.071876716613769531e+01
3.061680030822753906e+01
3.051124763488769531e+01
3.040214729309082031e+01
3.028955459594726562e+01
3.017350578308105469e+01
3.005404472351074219e+01
2.993121719360351562e+01
2.980507087707519531e+01
2.967564582824707031e+01
2.954298591613769531e+01
2.940713500976562500e+01
2.926813888549804688e+01
2.912604141235351562e+01
2.898088645935058594e+01
2.883271598815917969e+01
2.868157958984375000e+01
2.852751350402832031e+01
2.837057113647460938e+01
2.821078872680664062e+01
2.804821014404296875e+01
2.788288497924804688e+01
2.771485519409179688e+01
2.754416656494140625e+01
2.737085914611816406e+01
2.719498443603515625e+01
2.701662063598632812e+01
2.683585357666015625e+01
2.665276336669921875e+01
2.646743583679199219e+01
2.627995109558105469e+01
2.609039878845214844e+01
2.589885711669921875e+01
2.570541381835937500e+01
2.551014900207519531e+01
2.531314849853515625e+01
2.511449623107910156e+01
2.491427230834960938e+01
2.471256637573242188e+01
2.450945854187011719e+01
2.430503082275390625e+01
2.409937095642089844e+01
2.389255905151367188e+01
2.368468284606933594e+01
2.347582054138183594e+01
2.326605987548828125e+01
2.305548286437988281e+01
2.284417343139648438e+01
2.263221549987792969e+01
2.241969299316406250e+01
2.220668792724609375e+01
2.199328804016113281e+01
2.177957344055175781e+01
2.156562614440917969e+01
2.135153388977050781e+01
2.113737869262695312e+01
2.092324447631835938e+01
2.070921325683593750e+01
2.049537086486816406e+01
2.028179931640625000e+01
2.006858444213867188e+01
1.985580825805664062e+01
1.964355468750000000e+01
1.943190765380859375e+01
1.922094917297363281e+01
1.901076698303222656e+01
1.880143928527832031e+01
1.859305191040039062e+01
1.838569259643554688e+01
1.817943954467773438e+01
1.797437858581542969e+01
1.777059364318847656e+01
1.756816673278808594e+01
1.736718368530273438e+01
1.716772842407226562e+01
1.696987533569335938e+01
1.677367591857910156e+01
1.657917594909667969e+01
1.638641929626464844e+01
1.619545173645019531e+01
1.600631141662597656e+01
1.581905078887939453e+01
1.563370895385742188e+01
1.545033264160156250e+01
1.526896381378173828e+01
1.508964824676513672e+01
1.491243076324462891e+01
1.473735427856445312e+01
1.456446266174316406e+01
1.439380168914794922e+01
1.422541618347167969e+01
1.405934906005859375e+01
1.389564418792724609e+01
1.373434734344482422e+01
1.357550048828125000e+01
1.341915035247802734e+01
1.326534080505371094e+01
1.311411476135253906e+01
1.296551704406738281e+01
1.281959342956542969e+01
1.267638587951660156e+01
1.253594017028808594e+01
1.239830017089843750e+01
1.226350975036621094e+01
1.213161468505859375e+01
1.200265693664550781e+01
1.187668323516845703e+01
1.175373649597167969e+01
1.163386058807373047e+01
1.151710033416748047e+01
1.140349960327148438e+01
1.129310417175292969e+01
1.118595600128173828e+01
1.108210182189941406e+01
1.098158359527587891e+01
1.088444709777832031e+01
1.079073619842529297e+01
1.070049571990966797e+01
1.061376857757568359e+01
1.053060054779052734e+01
1.045103454589843750e+01
1.037511634826660156e+01
1.030288887023925781e+01
1.023439788818359375e+01
1.016968536376953125e+01
1.010878562927246094e+01
1.005168056488037109e+01
9.998343467712402344e+00
9.948743820190429688e+00
9.902855873107910156e+00
9.860647201538085938e+00
9.822092056274414062e+00
9.787161827087402344e+00
9.755827903747558594e+00
9.728059768676757812e+00
9.703831672668457031e+00
9.683112144470214844e+00
9.665874481201171875e+00
9.652091026306152344e+00
9.641731262207031250e+00
9.634768486022949219e+00
9.631171226501464844e+00
9.630914688110351562e+00
9.633967399597167969e+00
9.640302658081054688e+00
9.649890899658203125e+00
9.662703514099121094e+00
9.678712844848632812e+00
9.697889328002929688e+00
9.720205307006835938e+00
9.745631217956542969e+00
9.774139404296875000e+00
9.805701255798339844e+00
9.840288162231445312e+00
9.877871513366699219e+00
9.918421745300292969e+00
9.961912155151367188e+00
1.000831317901611328e+01
1.005759620666503906e+01
1.010973262786865234e+01
1.016469573974609375e+01
1.022245407104492188e+01
1.028297996520996094e+01
1.034624576568603516e+01
1.041222381591796875e+01
1.048088264465332031e+01
1.055219650268554688e+01
1.062613487243652344e+01
1.070267105102539062e+01
1.078177547454833984e+01
1.086341762542724609e+01
1.094757270812988281e+01
1.103421020507812500e+01
1.112330150604248047e+01
1.121481800079345703e+01
1.130872631072998047e+01
1.140496444702148438e+01
1.150346946716308594e+01
1.160417366027832031e+01
1.170701122283935547e+01
1.181191730499267578e+01
1.191882610321044922e+01
1.202767086029052734e+01
1.213838672637939453e+01
1.225090694427490234e+01
1.236516666412353516e+01
1.248110103607177734e+01
1.259864139556884766e+01
1.271772384643554688e+01
1.283828258514404297e+01
1.296025180816650391e+01
1.308356571197509766e+01
1.320815849304199219e+01
1.333396339416503906e+01
1.346091556549072266e+01
1.358895015716552734e+01
1.371799945831298828e+01
1.384799766540527344e+01
1.397888278961181641e+01
1.411058425903320312e+01
1.424303817749023438e+01
1.437617874145507812e+01
1.450994110107421875e+01
1.464425754547119141e+01
1.477906417846679688e+01
1.491429328918457031e+01
1.504988098144531250e+01
1.518576145172119141e+01
1.532186698913574219e+01
1.545813274383544922e+01
1.559449481964111328e+01
1.573088550567626953e+01
1.586723899841308594e+01
1.600348854064941406e+01
1.613957023620605469e+01
1.627541923522949219e+01
1.641096687316894531e+01
1.654615020751953125e+01
1.668090057373046875e+01
1.681515312194824219e+01
1.694884300231933594e+01
1.708190345764160156e+01
1.721426963806152344e+01
1.734587669372558594e+01
1.747665596008300781e+01
1.760654830932617188e+01
1.773550796508789062e+01
1.786349296569824219e+01
1.799046516418457031e+01
1.811638259887695312e+01
1.824120330810546875e+01
1.836488723754882812e+01
1.848739624023437500e+01
1.860868453979492188e+01
1.872871398925781250e+01
1.884744644165039062e+01
1.896483802795410156e+01
1.908084678649902344e+01
1.919543647766113281e+01
1.930856323242187500e+01
1.942018508911132812e+01
1.953026580810546875e+01
1.963876152038574219e+01
1.974563217163085938e+01
1.985083389282226562e+01
1.995433235168457031e+01
2.005608177185058594e+01
2.015604209899902344e+01
2.025417518615722656e+01
2.035043716430664062e+01
2.044478988647460938e+01
2.053719139099121094e+01
2.062759971618652344e+01
2.071597671508789062e+01
2.080227851867675781e+01
2.088647079467773438e+01
2.096850204467773438e+01
2.104834175109863281e+01
2.112594413757324219e+01
2.120126914978027344e+01
2.127427673339843750e+01
2.134492683410644531e+01
2.141317558288574219e+01
2.147898483276367188e+01
2.154231452941894531e+01
2.160312271118164062e+01
2.166136550903320312e+01
2.171701049804687500e+01
2.177000808715820312e+01
2.182032203674316406e+01
2.186791038513183594e+01
2.191273307800292969e+01
2.195475006103515625e+01
2.199391937255859375e+01
2.203020095825195312e+01
2.206356239318847656e+01
2.209401130676269531e+01
2.212155914306640625e+01
2.214622306823730469e+01
2.216801834106445312e+01
2.218696022033691406e+01
2.220306396484375000e+01
2.221634292602539062e+01
2.222681236267089844e+01
2.223448753356933594e+01
2.223938369750976562e+01
2.224151611328125000e+01
2.224090003967285156e+01
2.223754692077636719e+01
2.223147583007812500e+01
2.222270011901855469e+01
2.221123504638671875e+01
2.219709777832031250e+01
2.218029975891113281e+01
2.216085624694824219e+01
2.213878250122070312e+01
2.211409568786621094e+01
2.208680915832519531e+01
2.205693817138671875e+01
2.202449607849121094e+01
2.198950004577636719e+01
2.195196533203125000e+01
2.191190528869628906e+01
2.186933517456054688e+01
2.182427024841308594e+01
2.177672576904296875e+01
2.172671699523925781e+01
2.167425727844238281e+01
2.161936187744140625e+01
2.156204605102539062e+01
2.150232887268066406e+01
2.144021797180175781e+01
2.137573242187500000e+01
2.130888938903808594e+01
2.123969841003417969e+01
2.116817855834960938e+01
2.109434127807617188e+01
2.101820564270019531e+01
2.093978500366210938e+01
2.085909271240234375e+01
2.077614593505859375e+01
2.069095802307128906e+01
2.060354423522949219e+01
2.051392173767089844e+01
2.042210197448730469e+01
2.032810783386230469e+01
2.023198509216308594e+01
2.013377571105957031e+01
2.003353309631347656e+01
1.993130683898925781e+01
1.982714462280273438e+01
1.972109603881835938e+01
1.961320877075195312e+01
1.950353240966796875e+01
1.939211654663085938e+01
1.927900886535644531e+01
1.916425895690917969e+01
1.904791641235351562e+01
1.893003082275390625e+01
1.881064796447753906e+01
1.868981933593750000e+01
1.856759452819824219e+01
1.844402122497558594e+01
1.831914710998535156e+01
1.819302368164062500e+01
1.806569862365722656e+01
1.793721961975097656e+01
1.780763816833496094e+01
1.767700195312500000e+01
1.754536056518554688e+01
1.741276359558105469e+01
1.727925682067871094e+01
1.714489173889160156e+01
1.700971603393554688e+01
1.687377929687500000e+01
1.673713111877441406e+01
1.659982109069824219e+01
1.646189689636230469e+01
1.632340431213378906e+01
1.618439865112304688e+01
1.604492568969726562e+01
1.590503311157226562e+01
1.576477241516113281e+01
1.562419033050537109e+01
1.548333644866943359e+01
1.534226131439208984e+01
1.520101261138916016e+01
1.505963802337646484e+01
1.491818904876708984e+01
1.477671337127685547e+01
1.463525962829589844e+01
1.449387741088867188e+01
1.435261440277099609e+01
1.421152114868164062e+01
1.407064628601074219e+01
1.393003749847412109e+01
1.378972911834716797e+01
1.364976215362548828e+01
1.351016902923583984e+01
1.337098884582519531e+01
1.323225498199462891e+01
1.309400463104248047e+01
1.295627403259277344e+01
1.281909942626953125e+01
1.268251514434814453e+01
1.254656028747558594e+01
1.241126823425292969e+01
1.227667713165283203e+01
1.214282035827636719e+01
1.200973701477050781e+01
1.187746047973632812e+01
1.174602985382080078e+01
1.161547851562500000e+01
1.148584270477294922e+01
1.135716056823730469e+01
1.122946643829345703e+01
1.110279750823974609e+01
1.097718811035156250e+01
1.085267543792724609e+01
1.072929668426513672e+01
1.060708618164062500e+01
1.048608016967773438e+01
1.036631584167480469e+01
1.024782752990722656e+01
1.013065338134765625e+01
1.001482772827148438e+01
9.900387763977050781e+00
9.787368774414062500e+00
9.675806999206542969e+00
9.565738677978515625e+00
9.457200050354003906e+00
9.350227355957031250e+00
9.244855880737304688e+00
9.141122817993164062e+00
9.039062500000000000e+00
8.938713073730468750e+00
8.840108871459960938e+00
8.743287086486816406e+00
8.648283958435058594e+00
8.555133819580078125e+00
8.463874816894531250e+00
8.374541282653808594e+00
8.287171363830566406e+00
8.201798439025878906e+00
8.118461608886718750e+00
8.037187576293945312e+00
7.957979202270507812e+00
7.880832672119140625e+00
7.805743217468261719e+00
7.732705116271972656e+00
7.661714553833007812e+00
7.592767715454101562e+00
7.525859355926513672e+00
7.460983276367187500e+00
7.398137092590332031e+00
7.337315082550048828e+00
7.278513431549072266e+00
7.221726417541503906e+00
7.166949748992919922e+00
7.114179134368896484e+00
7.063410282135009766e+00
7.014637947082519531e+00
6.967857837677001953e+00
6.923064231872558594e+00
6.880254745483398438e+00
6.839423179626464844e+00
6.800565242767333984e+00
6.763676643371582031e+00
6.728751182556152344e+00
6.695786476135253906e+00
6.664777278900146484e+00
6.635717868804931641e+00
6.608604431152343750e+00
6.583432674407958984e+00
6.560197353363037109e+00
6.538894176483154297e+00
6.519518852233886719e+00
6.502065658569335938e+00
6.486531257629394531e+00
6.472909927368164062e+00
6.461198329925537109e+00
6.451390266418457031e+00
6.443482398986816406e+00
6.437469959259033203e+00
6.433347225189208984e+00
6.431111335754394531e+00
6.430756568908691406e+00
6.432278156280517578e+00
6.435671329498291016e+00
6.440932750701904297e+00
6.448056221008300781e+00
6.457038402557373047e+00
6.467874526977539062e+00
6.480559349060058594e+00
6.495088100433349609e+00
6.511452198028564453e+00
6.529622077941894531e+00
6.549564361572265625e+00
6.571245193481445312e+00
6.594630718231201172e+00
6.619688034057617188e+00
6.646382331848144531e+00
6.674680709838867188e+00
6.704548835754394531e+00
6.735953330993652344e+00
6.768860340118408203e+00
6.803236961364746094e+00
6.839047908782958984e+00
6.876260757446289062e+00
6.914841651916503906e+00
6.954756736755371094e+00
6.995971202850341797e+00
7.038453102111816406e+00
7.082168102264404297e+00
7.127082347869873047e+00
7.173161506652832031e+00
7.220373153686523438e+00
7.268682479858398438e+00
7.318056106567382812e+00
7.368460655212402344e+00
7.419862270355224609e+00
7.472226619720458984e+00
7.525521755218505859e+00
7.579711914062500000e+00
7.634763717651367188e+00
7.690644264221191406e+00
7.747320175170898438e+00
7.804756164550781250e+00
7.862920761108398438e+00
7.921777248382568359e+00
7.981294631958007812e+00
8.041439056396484375e+00
8.102174758911132812e+00
8.163469314575195312e+00
8.225289344787597656e+00
8.287600517272949219e+00
8.350368499755859375e+00
8.413561820983886719e+00
8.477144241333007812e+00
8.541084289550781250e+00
8.605345726013183594e+00
8.669897079467773438e+00
8.734704017639160156e+00
8.799732208251953125e+00
8.864947319030761719e+00
8.930318832397460938e+00
8.995815277099609375e+00
9.061407089233398438e+00
9.127066612243652344e+00
9.192763328552246094e+00
9.258468627929687500e+00
9.324153900146484375e+00
9.389789581298828125e+00
9.455346107482910156e+00
9.520794868469238281e+00
9.586106300354003906e+00
9.651252746582031250e+00
9.716203689575195312e+00
9.780929565429687500e+00
9.845402717590332031e+00
9.909592628479003906e+00
9.973471641540527344e+00
1.003700923919677734e+01
1.010017776489257812e+01
1.016294670104980469e+01
1.022528743743896484e+01
1.028717136383056641e+01
1.034856796264648438e+01
1.040944957733154297e+01
1.046978664398193359e+01
1.052954959869384766e+01
1.058871078491210938e+01
1.064723873138427734e+01
1.070510673522949219e+01
1.076228427886962891e+01
1.081874179840087891e+01
1.087445163726806641e+01
1.092938327789306641e+01
1.098350906372070312e+01
1.103679847717285156e+01
1.108922195434570312e+01
1.114075279235839844e+01
1.119136047363281250e+01
1.124101543426513672e+01
1.128968906402587891e+01
1.133735179901123047e+01
1.138397502899169922e+01
1.142953014373779297e+01
1.147398662567138672e+01
1.151731586456298828e+01
1.155949020385742188e+01
1.160047912597656250e+01
1.164025306701660156e+01
1.167878341674804688e+01
1.171604156494140625e+01
1.175200366973876953e+01
1.178666019439697266e+01
1.182001399993896484e+01
1.185206222534179688e+01
1.188280200958251953e+01
1.191223430633544922e+01
1.194035720825195312e+01
1.196716785430908203e+01
1.199266624450683594e+01
1.201685047149658203e+01
1.203972053527832031e+01
1.206127166748046875e+01
1.208150672912597656e+01
1.210042190551757812e+01
1.211801624298095703e+01
1.213428878784179688e+01
1.214923763275146484e+01
1.216286087036132812e+01
1.217515850067138672e+01
1.218612861633300781e+01
1.219576930999755859e+01
1.220408058166503906e+01
1.221105957031250000e+01
1.221670532226562500e+01
1.222101783752441406e+01
1.222399425506591797e+01
1.222563266754150391e+01
1.222593307495117188e+01
1.222489356994628906e+01
1.222251415252685547e+01
1.221879100799560547e+01
1.221372413635253906e+01
1.220731163024902344e+01
1.219955253601074219e+01
1.219044589996337891e+01
1.217998981475830078e+01
1.216818237304687500e+01
1.215502452850341797e+01
1.214051151275634766e+01
1.212464427947998047e+01
1.210742187500000000e+01
1.208884048461914062e+01
1.206890106201171875e+01
1.204760169982910156e+01
1.202493953704833984e+01
1.200091648101806641e+01
1.197552776336669922e+01
1.194877338409423828e+01
1.192065143585205078e+01
1.189116096496582031e+01
1.186030578613281250e+01
1.182810211181640625e+01
1.179457378387451172e+01
1.175974082946777344e+01
1.172362613677978516e+01
1.168625259399414062e+01
1.164764118194580078e+01
1.160781383514404297e+01
1.156679344177246094e+01
1.152460098266601562e+01
1.148125934600830078e+01
1.143679046630859375e+01
1.139121627807617188e+01
1.134455871582031250e+01
1.129683971405029297e+01
1.124808216094970703e+01
1.119830608367919922e+01
1.114753627777099609e+01
1.109579181671142578e+01
1.104309654235839844e+01
1.098947238922119141e+01
1.093494129180908203e+01
1.087952518463134766e+01
1.082324600219726562e+01
1.076612567901611328e+01
1.070818614959716797e+01
1.064945030212402344e+01
1.058993816375732422e+01
1.052967453002929688e+01
1.046868038177490234e+01
1.040697574615478516e+01
1.034458541870117188e+01
1.028153038024902344e+01
1.021783256530761719e+01
1.015351390838623047e+01
1.008859729766845703e+01
1.002310371398925781e+01
9.957055091857910156e+00
9.890473365783691406e+00
9.823382377624511719e+00
9.755802154541015625e+00
9.687756538391113281e+00
9.619265556335449219e+00
9.550352096557617188e+00
9.481039047241210938e+00
9.411347389221191406e+00
9.341299057006835938e+00
9.270915985107421875e+00
9.200221061706542969e+00
9.129237174987792969e+00
9.057984352111816406e+00
8.986485481262207031e+00
8.914763450622558594e+00
8.842841148376464844e+00
8.770740509033203125e+00
8.698485374450683594e+00
8.626095771789550781e+00
8.553595542907714844e+00
8.481008529663085938e+00
8.408354759216308594e+00
8.335658073425292969e+00
8.262940406799316406e+00
8.190226554870605469e+00
8.117535591125488281e+00
8.044892311096191406e+00
7.972318649291992188e+00
7.899836540222167969e+00
7.827469348907470703e+00
7.755239009857177734e+00
7.683168411254882812e+00
7.611279010772705078e+00
7.539595127105712891e+00
7.468138694763183594e+00
7.396931648254394531e+00
7.325996398925781250e+00
7.255355834960937500e+00
7.185032367706298828e+00
7.115048408508300781e+00
7.045427322387695312e+00
6.976190090179443359e+00
6.907361030578613281e+00
6.838961124420166016e+00
6.771013736724853516e+00
6.703540325164794922e+00
6.636564731597900391e+00
6.570108890533447266e+00
6.504195690155029297e+00
6.438847064971923828e+00
6.374085426330566406e+00
6.309934139251708984e+00
6.246414661407470703e+00
6.183550357818603516e+00
6.121363639831542969e+00
6.059876441955566406e+00
5.999111652374267578e+00
5.939092159271240234e+00
5.879839420318603516e+00
5.821377277374267578e+00
5.763727188110351562e+00
5.706912040710449219e+00
5.650951385498046875e+00
5.595852375030517578e+00
5.541619300842285156e+00
5.488255977630615234e+00
5.435766696929931641e+00
5.384156227111816406e+00
5.333427906036376953e+00
5.283586502075195312e+00
5.234635829925537109e+00
5.186580181121826172e+00
5.139423847198486328e+00
5.093171119689941406e+00
5.047825336456298828e+00
5.003391742706298828e+00
4.959873676300048828e+00
4.917275905609130859e+00
4.875602722167968750e+00
4.834857463836669922e+00
4.795044898986816406e+00
4.756169319152832031e+00
4.718234539031982422e+00
4.681244850158691406e+00
4.645204544067382812e+00
4.610117912292480469e+00
4.575988292694091797e+00
4.542820930480957031e+00
4.510619640350341797e+00
4.479388236999511719e+00
4.449131488800048828e+00
4.419852733612060547e+00
4.391556739807128906e+00
4.364248275756835938e+00
4.337930202484130859e+00
4.312607765197753906e+00
4.288284301757812500e+00
4.264964580535888672e+00
4.242652416229248047e+00
4.221352100372314453e+00
4.201068401336669922e+00
4.181804656982421875e+00
4.163565158843994141e+00
4.146354198455810547e+00
4.130176544189453125e+00
4.115035533905029297e+00
4.100935459136962891e+00
4.087880611419677734e+00
4.075875759124755859e+00
4.064923763275146484e+00
4.055030345916748047e+00
4.046198368072509766e+00
4.038429737091064453e+00
4.031713485717773438e+00
4.026035308837890625e+00
4.021382331848144531e+00
4.017739295959472656e+00
4.015093326568603516e+00
4.013430595397949219e+00
4.012736320495605469e+00
4.012997627258300781e+00
4.014199733734130859e+00
4.016329765319824219e+00
4.019372940063476562e+00
4.023316383361816406e+00
4.028144836425781250e+00
4.033845901489257812e+00
4.040404796600341797e+00
4.047807693481445312e+00
4.056040763854980469e+00
4.065090656280517578e+00
4.074943065643310547e+00
4.085584163665771484e+00
4.096999645233154297e+00
4.109176635742187500e+00
4.122099876403808594e+00
4.135756969451904297e+00
4.150133132934570312e+00
4.165215015411376953e+00
4.180987834930419922e+00
4.197438716888427734e+00
4.214553356170654297e+00
4.232317924499511719e+00
4.250718593597412109e+00
4.269741535186767578e+00
4.289372920989990234e+00
4.309597969055175781e+00
4.330404281616210938e+00
4.351777076721191406e+00
4.373702526092529297e+00
4.396166801452636719e+00
4.419156551361083984e+00
4.442657470703125000e+00
4.466655731201171875e+00
4.491137027740478516e+00
4.516088485717773438e+00
4.541494846343994141e+00
4.567343711853027344e+00
4.593620300292968750e+00
4.620310783386230469e+00
4.647401332855224609e+00
4.674878597259521484e+00
4.702727794647216797e+00
4.730932712554931641e+00
4.759475708007812500e+00
4.788341045379638672e+00
4.817510604858398438e+00
4.846968650817871094e+00
4.876698017120361328e+00
4.906681537628173828e+00
4.936902523040771484e+00
4.967343807220458984e+00
4.997988700866699219e+00
5.028820514678955078e+00
5.059822082519531250e+00
5.090976715087890625e+00
5.122267246246337891e+00
5.153677463531494141e+00
5.185189723968505859e+00
5.216787338256835938e+00
5.248453617095947266e+00
5.280171394348144531e+00
5.311924457550048828e+00
5.343695163726806641e+00
5.375467300415039062e+00
5.407223224639892578e+00
5.438946247100830078e+00
5.470619678497314453e+00
5.502226829528808594e+00
5.533751010894775391e+00
5.565174579620361328e+00
5.596480846405029297e+00
5.627653598785400391e+00
5.658675193786621094e+00
5.689528465270996094e+00
5.720198154449462891e+00
5.750665664672851562e+00
5.780915260314941406e+00
5.810928821563720703e+00
5.840690612792968750e+00
5.870183467864990234e+00
5.899390220642089844e+00
5.928294181823730469e+00
5.956878185272216797e+00
5.985126495361328125e+00
6.013020515441894531e+00
6.040544509887695312e+00
6.067680835723876953e+00
6.094413757324218750e+00
6.120725154876708984e+00
6.146598815917968750e+00
6.172018051147460938e+00
6.196967124938964844e+00
6.221439361572265625e+00
6.245428085327148438e+00
6.268929004669189453e+00
6.291936397552490234e+00
6.314443588256835938e+00
6.336445808410644531e+00
6.357937335968017578e+00
6.378912448883056641e+00
6.399365901947021484e+00
6.419291973114013672e+00
6.438684463500976562e+00
6.457539081573486328e+00
6.475849151611328125e+00
6.493609428405761719e+00
6.510814666748046875e+00
6.527458667755126953e+00
6.543536186218261719e+00
6.559041500091552734e+00
6.573968887329101562e+00
6.588313579559326172e+00
6.602069377899169922e+00
6.615230560302734375e+00
6.627791404724121094e+00
6.639747142791748047e+00
6.651091575622558594e+00
6.661819458007812500e+00
6.671924591064453125e+00
6.681401729583740234e+00
6.690245628356933594e+00
6.698450565338134766e+00
6.706010818481445312e+00
6.712920665740966797e+00
6.719174861907958984e+00
6.724767208099365234e+00
6.729693412780761719e+00
6.733945846557617188e+00
6.737521171569824219e+00
6.740412235260009766e+00
6.742614269256591797e+00
6.744121551513671875e+00
6.744927883148193359e+00
6.745028018951416016e+00
6.744417190551757812e+00
6.743088245391845703e+00
6.741037368774414062e+00
6.738257408142089844e+00
6.734744071960449219e+00
6.730490684509277344e+00
6.725492477416992188e+00
6.719745635986328125e+00
6.713255882263183594e+00
6.706031322479248047e+00
6.698079586029052734e+00
6.689408779144287109e+00
6.680026531219482422e+00
6.669940471649169922e+00
6.659159183502197266e+00
6.647690296173095703e+00
6.635540962219238281e+00
6.622720241546630859e+00
6.609234809875488281e+00
6.595093727111816406e+00
6.580303668975830078e+00
6.564873218536376953e+00
6.548810482025146484e+00
6.532122611999511719e+00
6.514818191528320312e+00
6.496904850006103516e+00
6.478389739990234375e+00
6.459281921386718750e+00
6.439588546752929688e+00
6.419317722320556641e+00
6.398477077484130859e+00
6.377074718475341797e+00
6.355118274688720703e+00
6.332615852355957031e+00
6.309575557708740234e+00
6.286004543304443359e+00
6.261911392211914062e+00
6.237303256988525391e+00
6.212189197540283203e+00
6.186575889587402344e+00
6.160471439361572266e+00
6.133884429931640625e+00
6.106821537017822266e+00
6.079291820526123047e+00
6.051302909851074219e+00
6.022861957550048828e+00
5.993977546691894531e+00
5.964657306671142578e+00
5.934908866882324219e+00
5.904740333557128906e+00
5.874159812927246094e+00
5.843174934387207031e+00
5.811793804168701172e+00
5.780023574829101562e+00
5.747872829437255859e+00
5.715349197387695312e+00
5.682460308074951172e+00
5.649215698242187500e+00
5.615625381469726562e+00
5.581702709197998047e+00
5.547458648681640625e+00
5.512906074523925781e+00
5.478056430816650391e+00
5.442922592163085938e+00
5.407515525817871094e+00
5.371848583221435547e+00
5.335932731628417969e+00
5.299780845642089844e+00
5.263404369354248047e+00
5.226815223693847656e+00
5.190026283264160156e+00
5.153049468994140625e+00
5.115896224975585938e+00
5.078579425811767578e+00
5.041110515594482422e+00
5.003501892089843750e+00
4.965765476226806641e+00
4.927913665771484375e+00
4.889957427978515625e+00
4.851910591125488281e+00
4.813783645629882812e+00
4.775589942932128906e+00
4.737339973449707031e+00
4.699047565460205078e+00
4.660723686218261719e+00
4.622380733489990234e+00
4.584031105041503906e+00
4.545685768127441406e+00
4.507358074188232422e+00
4.469059467315673828e+00
4.430801868438720703e+00
4.392597675323486328e+00
4.354459285736083984e+00
4.316398143768310547e+00
4.278426647186279297e+00
4.240556716918945312e+00
4.202800273895263672e+00
4.165169715881347656e+00
4.127676963806152344e+00
4.090333938598632812e+00
4.053153514862060547e+00
4.016146183013916016e+00
3.979325532913208008e+00
3.942703247070312500e+00
3.906291007995605469e+00
3.870100975036621094e+00
3.834145307540893555e+00
3.798435211181640625e+00
3.762977600097656250e+00
3.727777719497680664e+00
3.692841768264770508e+00
3.658175230026245117e+00
3.623784065246582031e+00
3.589673757553100586e+00
3.555850982666015625e+00
3.522320508956909180e+00
3.489088058471679688e+00
3.456160306930541992e+00
3.423542737960815430e+00
3.391240596771240234e+00
3.359260082244873047e+00
3.327606678009033203e+00
3.296286582946777344e+00
3.265305042266845703e+00
3.234668493270874023e+00
3.204381942749023438e+00
3.174451828002929688e+00
3.144883632659912109e+00
3.115683078765869141e+00
3.086856126785278320e+00
3.058408260345458984e+00
3.030345678329467773e+00
3.002673625946044922e+00
2.975398302078247070e+00
2.948525428771972656e+00
2.922060489654541016e+00
2.896009445190429688e+00
2.870378255844116211e+00
2.845172405242919922e+00
2.820397615432739258e+00
2.796060085296630859e+00
2.772165060043334961e+00
2.748718738555908203e+00
2.725726842880249023e+00
2.703195095062255859e+00
2.681128740310668945e+00
2.659534215927124023e+00
2.638417482376098633e+00
2.617783546447753906e+00
2.597638607025146484e+00
2.577988386154174805e+00
2.558838844299316406e+00
2.540195465087890625e+00
2.522063970565795898e+00
2.504450559616088867e+00
2.487360715866088867e+00
2.470799922943115234e+00
2.454772710800170898e+00
2.439276456832885742e+00
2.424306869506835938e+00
2.409859418869018555e+00
2.395929813385009766e+00
2.382514238357543945e+00
2.369607925415039062e+00
2.357206583023071289e+00
2.345306158065795898e+00
2.333902359008789062e+00
2.322990417480468750e+00
2.312566757202148438e+00
2.302626848220825195e+00
2.293166160583496094e+00
2.284180641174316406e+00
2.275665760040283203e+00
2.267617702484130859e+00
2.260031461715698242e+00
2.252903461456298828e+00
2.246228694915771484e+00
2.240003824234008789e+00
2.234223604202270508e+00
2.228884220123291016e+00
2.223981618881225586e+00
2.219510793685913086e+00
2.215468168258666992e+00
2.211848974227905273e+00
2.208648920059204102e+00
2.205864429473876953e+00
2.203490257263183594e+00
2.201522588729858398e+00
2.199957132339477539e+00
2.198789596557617188e+00
2.198015689849853516e+00
2.197630882263183594e+00
2.197631359100341797e+00
2.198012113571166992e+00
2.198769807815551758e+00
2.199899196624755859e+00
2.201396703720092773e+00
2.203257799148559570e+00
2.205477952957153320e+00
2.208053112030029297e+00
2.210978984832763672e+00
2.214251279830932617e+00
2.217865705490112305e+00
2.221817970275878906e+00
2.226103782653808594e+00
2.230718851089477539e+00
2.235658645629882812e+00
2.240918874740600586e+00
2.246493577957153320e+00
2.252375841140747070e+00
2.258559465408325195e+00
2.265038490295410156e+00
2.271805763244628906e+00
2.278855323791503906e+00
2.286180496215820312e+00
2.293775320053100586e+00
2.301632881164550781e+00
2.309746980667114258e+00
2.318111181259155273e+00
2.326719284057617188e+00
2.335564374923706055e+00
2.344640493392944336e+00
2.353940963745117188e+00
2.363459587097167969e+00
2.373189926147460938e+00
2.383125305175781250e+00
2.393259525299072266e+00
2.403586149215698242e+00
2.414098978042602539e+00
2.424791097640991211e+00
2.435656547546386719e+00
2.446688652038574219e+00
2.457881212234497070e+00
2.469227552413940430e+00
2.480721473693847656e+00
2.492356538772583008e+00
2.504126071929931641e+00
2.516023874282836914e+00
2.528043746948242188e+00
2.540178775787353516e+00
2.552423000335693359e+00
2.564769983291625977e+00
2.577213048934936523e+00
2.589745759963989258e+00
2.602361917495727539e+00
2.615055084228515625e+00
2.627818584442138672e+00
2.640646457672119141e+00
2.653532266616821289e+00
2.666469097137451172e+00
2.679450750350952148e+00
2.692471027374267578e+00
2.705523252487182617e+00
2.718600988388061523e+00
2.731698274612426758e+00
2.744808197021484375e+00
2.757924795150756836e+00
