# bin_7_1
1.201587821998820231e-06
1.281651519362799825e-06
1.319999708478490249e-06
1.404695056195881806e-06
1.449601947328071774e-06
1.539440970736607165e-06
1.591349664089188405e-06
1.686873497747771482e-06
1.746262636716888348e-06
1.848041934178599436e-06
1.915425218451375504e-06
2.024059995519900421e-06
2.099985136897947341e-06
2.216103909363280934e-06
2.301150875000910011e-06
2.425408935652890467e-06
2.520187296463473667e-06
2.653263946924358529e-06
2.758409129445572052e-06
2.901003658124337427e-06
3.017171874248084442e-06
3.169998050302719468e-06
3.297859654775718895e-06
3.461638482731598098e-06
3.601869494390419789e-06
3.777319963379120429e-06
3.930591468436731959e-06
4.118419018411073970e-06
4.285384183138592791e-06
4.486266619936711576e-06
4.667545047847017094e-06
4.882115666477182039e-06
5.078274881588786983e-06
5.307102611219413533e-06
5.518636518719650731e-06
5.762202996125892743e-06
5.989507291102404884e-06
6.248180912495708201e-06
6.491525577607152738e-06
6.765532783069858066e-06
7.025032060104114235e-06
7.314426390575809635e-06
7.590006937296321170e-06
7.894636777128006668e-06
8.186005150700498260e-06
8.505481550480396765e-06
8.812092693554251295e-06
9.145759265451229380e-06
9.466788326211886078e-06
9.813695910100555877e-06
1.014801648646040725e-05
1.050690609202298150e-05
1.085307883389009365e-05
1.122237722782261128e-05
1.157865359520142031e-05
1.195648674623035971e-05
1.232083351750926605e-05
1.270506381967247540e-05
1.307521451406540503e-05
1.346350809055927325e-05
1.383704760206699557e-05
1.422697779716835811e-05
1.460146593194641623e-05
1.499065799439287610e-05
1.536379589460947653e-05
1.575011543388455456e-05
1.611995562991430824e-05
1.650173925213181992e-05
1.686693486991685598e-05
1.724325505795525629e-05
1.760333617253030447e-05
1.797428371158736981e-05
1.832993886644837498e-05
1.869689502392011572e-05
1.905022389377778410e-05
1.941608185125927576e-05
1.977077205505086734e-05
2.014005441796249012e-05
2.050142385190216647e-05
2.088023338683723043e-05
2.125507285022694510e-05
2.165081139501891363e-05
2.204696596273741924e-05
2.246776764915600326e-05
2.289341564363908736e-05
2.334727182497983112e-05
2.380990381166836156e-05
2.430351406757893157e-05
2.480868515986128111e-05
2.534615306533683112e-05
2.589617793898521593e-05
2.647777497933147191e-05
2.707064315464954987e-05
2.769196849158398803e-05
2.832084827895261811e-05
2.897277742673731157e-05
2.962650273861413658e-05
3.029628899786337618e-05
3.096112323294606159e-05
3.163483054913562658e-05
3.229752062849492497e-05
3.296358517914657008e-05
3.361524267639109698e-05
3.426840826098624058e-05
3.490816135425822052e-05
3.555245329608070583e-05
3.618931885834355286e-05
3.683840282837649264e-05
3.748978696196442515e-05
3.816339682419728826e-05
3.884943413527042384e-05
3.956586793491611529e-05
4.030062516345915108e-05
4.106752474215691074e-05
4.185050544910177013e-05
4.265841843881870043e-05
4.347153258202328689e-05
4.429543074998349496e-05
4.510972546104202659e-05
4.592086471384706982e-05
4.671247159871676614e-05
4.749634378867095981e-05
4.826343145083780684e-05
4.903216874657767257e-05
4.979934635895578695e-05
5.058561465270957984e-05
5.138665412557390293e-05
5.221712088911204642e-05
5.306393145096293312e-05
5.393088242572197094e-05
5.479591991988551949e-05
5.565746284411663623e-05
5.649502690006479049e-05
5.731488863356094213e-05
5.811007276124946318e-05
5.890094727587501819e-05
5.969113253308084535e-05
6.050245550940936421e-05
6.132998495819956401e-05
6.217824133112969482e-05
6.302366421415298112e-05
6.385839987448862132e-05
6.466056993191408918e-05
6.543828787895375422e-05
6.619423226827638633e-05
6.695636026559414534e-05
6.773110603707212739e-05
6.852896164597848349e-05
6.932680780000344950e-05
7.011099413965794227e-05
7.085795896503039324e-05
7.158011478994647154e-05
7.229070384039407626e-05
7.302126745385733751e-05
7.376911370152149647e-05
7.452395795848170952e-05
7.525088286556796502e-05
7.594831502020467698e-05
7.662777146129462328e-05
7.732799761369720415e-05
7.805121597002452670e-05
7.878205824759780432e-05
7.948288576173686149e-05
8.016272860947748925e-05
8.084859335797821202e-05
8.157259833178706783e-05
8.230772900497449309e-05
8.302523338061681914e-05
8.372095847838810685e-05
8.444422421817547294e-05
8.520245381439012125e-05
8.596500647357618603e-05
8.670028224443720641e-05
8.745269217185443525e-05
8.824557428627117269e-05
8.904915121370646724e-05
8.982535882794095408e-05
9.062412639734302312e-05
9.146064428518991857e-05
9.229043624359489003e-05
9.309924085039177923e-05
9.394899755540622862e-05
9.480629206541281602e-05
9.563529124332034227e-05
9.648055484360470676e-05
9.734813472025843093e-05
9.817292676097101947e-05
9.901519589488311907e-05
9.986333202422551230e-05
1.006734284524007721e-04
1.014988402967624255e-04
1.023169359652548860e-04
1.030985485349400125e-04
1.039120894660723853e-04
1.046776315389036117e-04
1.054629326923029489e-04
1.062308113698858604e-04
1.069902852504872159e-04
1.077603307725738801e-04
1.085091172275618870e-04
1.092784560417257785e-04
1.100279426387601212e-04
1.107962628011732395e-04
1.115499176326519514e-04
1.123162205704551027e-04
1.130707313246026151e-04
1.138304466237610724e-04
1.145779195086962869e-04
1.153233533856127039e-04
1.160544406692550845e-04
1.167779329767229204e-04
1.174857647595025284e-04
1.181835917497369966e-04
1.188669798357884169e-04
1.195414951621621811e-04
1.202052360631313010e-04
1.208632837355890448e-04
1.215145111822510718e-04
1.221622989563861633e-04
1.228045867659330272e-04
1.234422439116527313e-04
1.240718079725819725e-04
1.246923694959187299e-04
1.253004015199471021e-04
1.258953541988659295e-04
1.264756886788800071e-04
1.270428923777862026e-04
1.275978611133421362e-04
1.281432493768598700e-04
1.286800952662827313e-04
1.292092855047263355e-04
1.297292615661272959e-04
1.302378277263434737e-04
1.307315730544814504e-04
1.312081341466595278e-04
1.316662998353392651e-04
1.321071377635067527e-04
1.325329365385960619e-04
1.329462871583208280e-04
1.333483390245065862e-04
1.337380129691370754e-04
1.341123752058047999e-04
1.344680515185073429e-04
1.348033929245998292e-04
1.351191791762903463e-04
1.354183498684124228e-04
1.357033261374441027e-04
1.359744332579268999e-04
1.362288260262646794e-04
1.364631236766676190e-04
1.366754907300689412e-04
1.368677781990827996e-04
1.370429309581617768e-04
1.372025462452900271e-04
1.373441629247124768e-04
1.374642769968089100e-04
1.375611537768695676e-04
1.376372998398792406e-04
1.376952561971482288e-04
1.377347558924501203e-04
1.377518985118487212e-04
1.377450075326797920e-04
1.377158980557760982e-04
1.376675195880717952e-04
1.375981391897813434e-04
1.375046763725370970e-04
1.373869583874212652e-04
1.372484550154460007e-04
1.370887201370638042e-04
1.369047551171669584e-04
1.366962904565410418e-04
1.364669240630484554e-04
1.362151183035557498e-04
1.359375131781972122e-04
1.356356261396245491e-04
1.353128401115881061e-04
1.349653945233164609e-04
1.345922165021768921e-04
1.341967518354778542e-04
1.337780129292023921e-04
1.333329702710040615e-04
1.328656823136872627e-04
1.323748382419716199e-04
1.318586969840818016e-04
1.313198350743489116e-04
1.307566186358590584e-04
1.301685318064637795e-04
1.295581624661951419e-04
1.289220073197851690e-04
1.282640723800364843e-04
1.275817780063561000e-04
1.268764137256050137e-04
1.261485051030053191e-04
1.253963135999850678e-04
1.246223875535830980e-04
1.238250733907864641e-04
1.230061114201207639e-04
1.221648412989879311e-04
1.213023950646584351e-04
1.204183456315293088e-04
1.195135789659177350e-04
1.185876999398125794e-04
1.176417626454028106e-04
1.166755990534154921e-04
1.156903643614136249e-04
1.146859598896588916e-04
1.136631562610060869e-04
1.126221747436129106e-04
1.115639233481833289e-04
1.104886690102187545e-04
1.093971856617097574e-04
1.082897917222685888e-04
1.071672235734973068e-04
1.060299996588417049e-04
1.048789560226949226e-04
1.037147126563709446e-04
1.025379199833270519e-04
1.013492930973787596e-04
1.001496147966118329e-04
9.893958567796528225e-05
9.771993835542172970e-05
9.649140684702909720e-05
9.525481979316566348e-05
9.401104825486998064e-05
9.276083217870126037e-05
9.150506464715260667e-05
9.024459529334428044e-05
8.898023527749391736e-05
8.771279535601358339e-05
8.644318570857502230e-05
8.517221765322834353e-05
8.390076617791492877e-05
8.262975949334714449e-05
8.136006148880769138e-05
8.009246747204066934e-05
7.882790755104079775e-05
7.756719651644927011e-05
7.631121629818947796e-05
7.506076678963791854e-05
7.381667740580866502e-05
7.257975975073412426e-05
7.135084409203522717e-05
7.013064882638342953e-05
6.892001325743449497e-05
6.771963193579616513e-05
6.653025963612636156e-05
6.535252531053157199e-05
6.418717492252233603e-05
6.303479684475635041e-05
6.189605739569623304e-05
6.077145941621956972e-05
5.966162409469755553e-05
5.856703870191016300e-05
5.748824259753411171e-05
5.642561463900679412e-05
5.537960929181841416e-05
5.435058293359847960e-05
5.333893199694040118e-05
5.234488815518512452e-05
5.136876839399274824e-05
5.041078194464288610e-05
4.947116596741237443e-05
4.854999948217296815e-05
4.764745789487332387e-05
4.676360581748547783e-05
4.589852571521174684e-05
4.505215407855153454e-05
4.422451630793905865e-05
4.341554124082702871e-05
4.262519133031668811e-05
4.185326213342424086e-05
4.109964883346960515e-05
4.036416937033199053e-05
3.964666744193998652e-05
3.894683420720516795e-05
3.826445813535624216e-05
3.759925202936775004e-05
3.695097953535901060e-05
3.631925752008363580e-05
3.570377539992660625e-05
3.510418596733947696e-05
3.452020567729266980e-05
3.395136526998617421e-05
3.339731609537904388e-05
3.285768424018890963e-05
3.233212155263143960e-05
3.182015834866599064e-05
3.132140040145033158e-05
3.083545947959788231e-05
3.036199140943751589e-05
2.990050341602628424e-05
2.945059689424870972e-05
2.901188796897912899e-05
2.858404279896430960e-05
2.816658190793214317e-05
2.775911930046645769e-05
2.736128232748940466e-05
2.697277360739244221e-05
2.659313041002030800e-05
2.622198308228515203e-05
2.585899583105043901e-05
2.550390847910393585e-05
2.515629155238821032e-05
2.481579987123189699e-05
2.448214380859894067e-05
2.415509985308392273e-05
2.383427180117933414e-05
2.351934761694531948e-05
2.321008046813981783e-05
2.290628673223334160e-05
2.260761857297936342e-05
2.231379464882239592e-05
2.202460686915978794e-05
2.173991278838635567e-05
2.145941032226084789e-05
2.118285363066469451e-05
2.091007580325244665e-05
2.064097537638483572e-05
2.037529368952830446e-05
2.011281564265552445e-05
1.985341328548811561e-05
1.959702351582296156e-05
1.934342593921200252e-05
1.909244188907738510e-05
1.884397785566477364e-05
1.859799729619472864e-05
1.835433206557600562e-05
1.811282202236234469e-05
1.787341215928333295e-05
1.763609058945347186e-05
1.740072377482631977e-05
1.716716879624882570e-05
1.693539284106384369e-05
1.670541489728491426e-05
1.647713700441569428e-05
1.625042272077847127e-05
1.602525837452007876e-05
1.580167614900593562e-05
1.557959964562798702e-05
1.535890397244301351e-05
1.513958730300407599e-05
1.492168571938554333e-05
1.470514789481409387e-05
1.448984370582581498e-05
1.427577278103366450e-05
1.406297877746362630e-05
1.385141894357587892e-05
1.364097470219330759e-05
1.343164508835281754e-05
1.322347537328341471e-05
1.301644258590568766e-05
1.281043111278772411e-05
1.260544860039822296e-05
1.240154939431704952e-05
1.219872986243971079e-05
1.199689120850897675e-05
1.179604975971177956e-05
1.159627549280446602e-05
1.139759116941723783e-05
1.119991665817943481e-05
1.100327513463637498e-05
1.080774917406158158e-05
1.061337173296959126e-05
1.042007282515225881e-05
1.022787256291416046e-05
1.003683872820963480e-05
9.847002069616900559e-06
9.658291110071117383e-06
9.470708724532227757e-06
9.284302050927848162e-06
9.099097142839720359e-06
8.915025261363174937e-06
8.732085236282310177e-06
8.550329229884409278e-06
8.369800966253026749e-06
8.190459024256331851e-06
8.012326333055344338e-06
7.835476034158132450e-06
7.659975324902562935e-06
7.485826404534214398e-06
7.313072383440276503e-06
7.141797422731425793e-06
6.972081016257069714e-06
6.803942043843215717e-06
6.637427781222015860e-06
6.472606121726891646e-06
6.309532394292026349e-06
6.148210331874165270e-06
5.988651744845562724e-06
5.830879443493200619e-06
5.674902395753004646e-06
5.520706502977287567e-06
5.368289335158983723e-06
5.217676610085663510e-06
5.068898455159511426e-06
4.922003339473374518e-06
4.777051732519484672e-06
4.634129337784074930e-06
4.493315399832432101e-06
4.354711222408850357e-06
4.218416322085062274e-06
4.084563447287058512e-06
3.953303893171737151e-06
3.824882633059619689e-06
3.699606417028133774e-06
3.577861232989794904e-06
3.460062518100956484e-06
3.346683254940639087e-06
3.238127130730510347e-06
3.134695794442941501e-06
3.036501537539621003e-06
2.943521168544377049e-06
2.855525535989339568e-06
2.772133221848216907e-06
2.692832414577986406e-06
2.617111666499007513e-06
2.544427920271745745e-06
2.474248382263791812e-06
2.406026999456110009e-06
2.339278121477913704e-06
2.273505994821668394e-06
2.208234143222792709e-06
2.143009351175300031e-06
2.077513859563005855e-06
2.011541595516608293e-06
1.945033017162032141e-06
1.878053124234321569e-06
1.810828009102027183e-06
1.743655539001246305e-06
1.676863850556539542e-06
1.610759567227814669e-06
1.545648915800305059e-06
1.481792293300790759e-06
1.419405075180695425e-06
1.358658825610441019e-06
1.299715398120374370e-06
1.242699020301859695e-06
1.187681924710007947e-06
1.134679770510984278e-06
1.083677236124043004e-06
1.034630213034276484e-06
9.874733624283841672e-07
9.421435557930348842e-07
8.986050356554658715e-07
8.568434532964009361e-07
8.168438163350052095e-07
7.785879151736221065e-07
7.420478303313614269e-07
7.071768167379541100e-07
6.738961318461995331e-07
6.421160974351554593e-07
6.117473421293062515e-07
5.827136261412613050e-07
5.549541744423431342e-07
5.284364298414898601e-07
5.031277665946380156e-07
4.789879201710277063e-07
4.559781233365435587e-07
4.340620793598151835e-07
4.131908732103667732e-07
3.933281940199092470e-07
3.744461316302175685e-07
3.565098300453221120e-07
3.394812548447044165e-07
3.233237167880787058e-07
3.079899416241084254e-07
2.934246138342931426e-07
2.795657408812865493e-07
2.663624121622537391e-07
2.537844815526359947e-07
2.417960507247524382e-07
2.303503748015673700e-07
2.194133073808153815e-07
2.089641556099515726e-07
1.989878711157951115e-07
1.894734501231120399e-07
1.803977212345386508e-07
1.717355916463019896e-07
1.634799691785006252e-07
1.556294974988503926e-07
1.481635897195651499e-07
1.410578432883962206e-07
1.342950004881473101e-07
1.278703858724376754e-07
1.217662567891136372e-07
1.159635458796518908e-07
1.104466145364462006e-07
1.051928189902589221e-07
1.001838234364553110e-07
9.542700490847356675e-08
9.091678177157498317e-08
8.661946123540470437e-08
8.251432119169576513e-08
7.860949047000843461e-08
7.489344858992653006e-08
7.134200836311248331e-08
6.793732775017417699e-08
6.467377859796271324e-08
6.153748935611855578e-08
5.854280254586099926e-08
5.568048556794171761e-08
5.292204361181130172e-08
5.026788492561451645e-08
4.775602707499211454e-08
4.536821351998962673e-08
4.306444526207918763e-08
4.086322932818654532e-08
3.879202063978399685e-08
3.683116068429483522e-08
3.494547570336824704e-08
3.315513668437590520e-08
3.146645874400206224e-08
2.986539816193056836e-08
2.833211975834227478e-08
2.687782276496825317e-08
2.550237630862408068e-08
2.419091900142111815e-08
2.294630063357174290e-08
2.176482326094932765e-08
2.065014295177433685e-08
1.958340564397074189e-08
1.857933743460260167e-08
1.762454880816217071e-08
1.672063263166194597e-08
1.585430396439012131e-08
1.503558488904043737e-08
1.425661505726562239e-08
1.351391943917156330e-08
1.280733868885254075e-08
1.213530061652542322e-08
1.149916075160528631e-08
1.089076963481124002e-08
1.031744648854201730e-08
9.768630724174127809e-09
9.251666741217010691e-09
8.758234855794945462e-09
8.297326999753099618e-09
7.854764136424119834e-09
7.438844487179165087e-09
7.042896877299276296e-09
6.673835643516830131e-09
6.318686271639529002e-09
5.983711629659502921e-09
5.666068659594745487e-09
5.370003607378607996e-09
5.085375869534768060e-09
4.814952565823915684e-09
4.559819405950419992e-09
4.321997201685352066e-09
4.093904373198773525e-09
3.876057308508699404e-09
3.671394218332728405e-09
3.480602122612279480e-09
3.297634666036734324e-09
3.122209860910346088e-09
2.957486981878274135e-09
2.804267925363448309e-09
2.657542048838291974e-09
2.516945164137327082e-09
2.384792504398701614e-09
2.261995507558809998e-09
2.144208018716478993e-09
2.031347273650822079e-09
1.925149030605450027e-09
1.826621466541515237e-09
1.732000605599861167e-09
1.641578713357708783e-09
1.556252362906153338e-09
1.477066037581419518e-09
1.400996458563236669e-09
1.328306519639402134e-09
1.259523447844793397e-09
1.195779667645706829e-09
1.134684211290534510e-09
1.076185561353158970e-09
1.020679322374100905e-09
9.692927524868590762e-10
9.200714379040590674e-10
8.728675100119745542e-10
8.280872537871364543e-10
7.865642262407753894e-10
7.468741867941526361e-10
7.087642769041223715e-10
6.726427370332449444e-10
6.389835274042843955e-10
6.069017071596010637e-10
5.760970335234355936e-10
5.469611711159036440e-10
5.196552210085225381e-10
4.936726608414221525e-10
4.687574048996943857e-10
4.452140049236934269e-10
4.230371618647886664e-10
4.019703542267853619e-10
3.817836450875800249e-10
3.627411443004877497e-10
3.447241306067932462e-10
3.276294224434859315e-10
3.112552170102198081e-10
2.958124663846447227e-10
2.811387396710662989e-10
2.672917963892159220e-10
2.539748140953784772e-10
2.414405936470309844e-10
2.294828830195684654e-10
2.182542603857115273e-10
2.074085800397023352e-10
1.972158274680113654e-10
1.874722773098573751e-10
1.783517522776100724e-10
1.695085202804734906e-10
1.612154689379361234e-10
1.532709938099703209e-10
1.458439669653145136e-10
1.386307702711927493e-10
1.318737208094215178e-10
1.253948531016030045e-10
1.193342567294526783e-10
1.134525273807871389e-10
1.079330278284728028e-10
1.026493584037193855e-10
9.769467841412578935e-11
9.289990729338518383e-11
8.838455774058962367e-11
8.407165467332608997e-11
8.001986702956606475e-11
7.610735837559673368e-11
7.241097026876629959e-11
6.888525377953323904e-11
6.557002001038694384e-11
6.237104803043803414e-11
5.934460399610720451e-11
5.645751249073131204e-11
5.374477459291915628e-11
5.112569988780295498e-11
4.864697140658621667e-11
4.628139040402019672e-11
4.405874310424954579e-11
4.191274187704568961e-11
3.988013873192896627e-11
3.793851810335558205e-11
3.611550943533701311e-11
3.435544067438540850e-11
3.268662668495206616e-11
3.109302181785614649e-11
2.959485418185189855e-11
2.815016486375618893e-11
2.677801348546717387e-11
2.546736036737099001e-11
2.423487821654637006e-11
2.304626337259206059e-11
2.191693992903047678e-11
2.083702735743453840e-11
1.982098955139961553e-11
1.884110488274744647e-11
1.790940153942730506e-11
1.701770228961113313e-11
1.617768802257832049e-11
1.536802463944471296e-11
1.459781369916993525e-11
1.386000310299925642e-11
1.316341610417351296e-11
1.249286030593877099e-11
1.185431712708929170e-11
1.124238466979587787e-11
1.066359846792559501e-11
1.010656843416106579e-11
9.576084565594726963e-12
9.067775745728576168e-12
8.585792486727285004e-12
8.122490158254543317e-12
7.681153886138588811e-12
7.258148160216972902e-12
6.855884978085801020e-12
6.470009885245388529e-12
6.102089189806924170e-12
5.748541110211636638e-12
5.412047129178462175e-12
5.089658616207824121e-12
4.780609299560092348e-12
4.483887294453093468e-12
4.201464629527957185e-12
3.929247254222776083e-12
3.668710351105444317e-12
3.419329288184415746e-12
3.180000575662847643e-12
2.951351961694484676e-12
2.732756967778945524e-12
2.523617052159056528e-12
2.325142771651507765e-12
2.135604652543622153e-12
1.956402416659740852e-12
1.786525426637330358e-12
1.625662990344714183e-12
1.474061133746921145e-12
1.330808577977381530e-12
1.196264421719704132e-12
1.068873384347853798e-12
9.494004677930601157e-13
8.370770973502948739e-13
7.325042050079693913e-13
6.349347343703920509e-13
5.455050148997502284e-13
4.641957545741784816e-13
3.916871074221870900e-13
3.273647800575569610e-13
2.716489725177362197e-13
2.237292250219324575e-13
1.831939859477106911e-13
1.486575303533474073e-13
1.198178483779011505e-13
9.615076989481803214e-14
7.793177412030522435e-14
6.495061510736773050e-14
5.788563505047329300e-14
5.660134908978203613e-14
6.057982638664250108e-14
6.812646941344272677e-14
7.785098851882638598e-14
8.820478561807241409e-14
9.832696286054334539e-14
1.080524301744474594e-13
1.180594224281286663e-13
1.286769801408826832e-13
1.393710346141302029e-13
1.483061290607740058e-13
1.536027604305999192e-13
1.541687255746162389e-13
1.504534116813444177e-13
1.440487023592693656e-13
1.365146770819304633e-13
1.277863475068550075e-13
1.163841488310956500e-13
1.010582260316560333e-13
8.290515619343265551e-14
6.498468656486282252e-14
4.986440408912949743e-14
3.724717599976562888e-14
2.521823947682896872e-14
1.338559170567760108e-14
4.420740823954763219e-15
1.078807677775745043e-15
2.444675858726154188e-15
4.953102166123430587e-15
7.450387907458677042e-15
1.241849729777442916e-14
2.071568193582227493e-14
2.829170508297450503e-14
3.182681660627301616e-14
3.351451888336112286e-14
3.561569258567099467e-14
3.474224969157728253e-14
2.871426582017460671e-14
2.192687992425411649e-14
1.674181601701189693e-14
9.728406266044700062e-15
2.429406172820823091e-15
-1.333510822916993697e-16
-5.509910570968552106e-16
-9.610307083447694788e-16
2.740052577671274672e-15
7.685233153353226699e-15
1.014904994260548483e-14
1.349355318079677510e-14
1.464170489567109774e-14
1.201632495788843499e-14
9.763792700633525859e-15
5.184669683041527327e-15
1.183159570606105854e-15
-4.727409692602337438e-16
-1.488813855146464179e-15
7.792553707638590540e-16
3.138897206416119212e-15
5.863880564869910564e-15
7.208340248042666346e-15
6.466773407059088818e-15
4.456029438241506822e-15
1.439007995767272004e-15
-4.129009176047193589e-16
-9.513090183267388996e-16
5.106681209570267394e-16
2.456352689383999499e-15
4.043443552743750761e-15
3.888510252998285673e-15
2.369104246386843311e-15
3.021461851780888358e-16
-6.680366481607321612e-16
-1.478084870560753353e-16
1.436714370915120293e-15
2.560746716816364312e-15
2.328576494813162539e-15
8.460234748103693310e-16
-3.652806508661331566e-16
-3.130756473286203587e-16
8.710214601501894871e-16
1.763839209211672193e-15
1.384497424943273984e-15
1.402693791668026691e-16
-3.842075444924331709e-16
2.701638025910253697e-16
1.205876538612499390e-15
1.007312437199000210e-15
4.992950824521660343e-17
-2.825790815719257206e-16
4.528002685890850292e-16
9.380219278068568869e-16
3.637099352481795943e-16
-2.465603585231802454e-16
1.770769286017290035e-16
7.048632048899571519e-16
2.939812494905459540e-16
-2.011812584112091568e-16
2.345633308025256044e-16
5.279425007183181028e-16
3.275043442135027227e-17
-8.421719586350160815e-17
4.002598335766114793e-16
1.962233303075717181e-16
-1.141283320198729714e-16
2.425073737389309008e-16
2.261039737454249916e-16
-1.057860247568200576e-16
2.091575741929054116e-16
1.431183194688298310e-16
-6.144332314447078734e-17
2.002546026607672241e-16
4.440107794759358360e-17
1.829199970841861160e-18
1.791660359136507472e-16
-5.730129379585084211e-17
1.368528479969028681e-16
1.324422168042115290e-17
4.532489228085753708e-17
7.308758268943859786e-17
-2.226167719257719297e-18
8.563436698784891982e-17
-9.893083220916226312e-18
7.348126932034178139e-17
-3.409580532341261627e-18
5.713135436860404510e-17
3.578362062104366896e-18
4.393257346576623449e-17
7.768608909862408587e-18
3.454453991139968400e-17
9.576559674893498799e-18
2.794108848604501378e-17
9.963916841000637176e-18
2.314678690023915479e-17
9.626556139844404060e-18
1.952289424293887027e-17
8.964964380658815051e-18
1.668786684507714250e-17
8.190970403967723743e-18
1.441380187580777735e-17
7.412335880687399245e-18
1.255906915674188497e-17
6.682003611182676307e-18
1.103079804765113922e-17
6.024307904262776974e-18
9.764744829411576121e-18
5.448645503978823132e-18
8.714363527502520469e-18
4.956663249534918550e-18
7.844667091646319599e-18
4.546105866027557737e-18
7.128623211718606893e-18
4.212914076517225425e-18
6.544935141505072216e-18
3.952383888891659341e-18
6.076610210886275365e-18
3.759809619295805282e-18
5.709995713702467305e-18
3.630836815466724641e-18
5.434104285261249770e-18
3.561649774157968088e-18
5.240126372615546559e-18
3.549064213937217532e-18
5.121068390808955388e-18
3.590565865319254859e-18
5.071478633146591386e-18
3.684319008692814690e-18
5.087236630734241678e-18
3.829159514246858899e-18
5.165389723551718942e-18
4.024580934602428874e-18
5.304025939224939512e-18
4.270718990830652058e-18
5.502175399158419339e-18
4.568337652261121702e-18
5.759734675197964724e-18
4.918818667278179702e-18
6.077410057065239776e-18
5.324155582344872643e-18
6.456676645073404419e-18
5.786952998562320963e-18
6.899750930920016856e-18
6.310431139631301697e-18
7.409574960992225032e-18
6.898435962617586888e-18
7.989810758235064776e-18
7.555454726928793420e-18
8.644843761594109285e-18
8.286636783516232018e-18
9.379794342173634410e-18
9.097819631992503981e-18
1.020053649797707758e-17
9.995559741060486663e-18
1.111372311819637062e-17
1.098716799063800196e-17
1.212681706875814903e-17
1.208074936807342487e-17
1.324812728761194561e-17
1.328524637180991534e-17
1.448684950931095177e-17
1.461048570214175928e-17
1.585311044634775436e-17
1.606722746946677964e-17
1.735801487564561242e-17
1.766721611068851809e-17
1.901369432659527013e-17
1.942323200303293269e-17
2.083335631443697579e-17
2.134914242872823062e-17
2.283133248107084185e-17
