# bin_6_3
2.314415152720559637e-06
2.578746640671318683e-06
2.550658453151108081e-06
2.817271421389660666e-06
2.808777165630059286e-06
3.079107276133441584e-06
3.090660071900105076e-06
3.366173810554824927e-06
3.398323706171384361e-06
3.680520957864579508e-06
3.733912223050836296e-06
4.024327604416292475e-06
4.099695068529674484e-06
4.399897782243552260e-06
4.498061893081138044e-06
4.809653787370704027e-06
4.931514037598638119e-06
5.256125528029991551e-06
5.402651834391454096e-06
5.741935283489027920e-06
5.914156867582886971e-06
6.269776976086385508e-06
6.468768257647079972e-06
6.842388976931595369e-06
7.069251942217109545e-06
7.462519388749509537e-06
7.718361891285951983e-06
8.132882721502029640e-06
8.418792160795735059e-06
8.856106893411919026e-06
9.173118755743140814e-06
9.634669565779349805e-06
9.983730392829814399e-06
1.047082302107365730e-05
1.085274751194918719e-05
1.136650710871924817e-05
1.178192929163821504e-05
1.232325030043289731e-05
1.277256905269307315e-05
1.334205963246972193e-05
1.382537929766596905e-05
1.442330135224525698e-05
1.494036885486373392e-05
1.556657545832612535e-05
1.611671614684654602e-05
1.677058911551217160e-05
1.735264462867178796e-05
1.803303614321415227e-05
1.864530886963166201e-05
1.935049245411938633e-05
1.999070265283561131e-05
2.071834038795106848e-05
2.138360368622450243e-05
2.213073823905197822e-05
2.281757292667980420e-05
2.358065462756268576e-05
2.428502972416369445e-05
2.505999031536092022e-05
2.577742651135289851e-05
2.655981193661384679e-05
2.728554776377050653e-05
2.807072199389127863e-05
2.879995639890839623e-05
2.958338610969657773e-05
3.031160524882325674e-05
3.108923042642017286e-05
3.181262013781317093e-05
3.258130748504513502e-05
3.329724266166182489e-05
3.405530623743585302e-05
3.476289353411275208e-05
3.551064985618969106e-05
3.621128059512984345e-05
3.695158366976950437e-05
3.764943017660735320e-05
3.838810696997090505e-05
3.909047011458047693e-05
3.983655211304001567e-05
4.055394499274275169e-05
4.131957250683160332e-05
4.206541225910777663e-05
4.286528379858644167e-05
4.365507075513847776e-05
4.450533176908844053e-05
4.535523519019676728e-05
4.627176179652534130e-05
4.719661693375460477e-05
4.819276208263606660e-05
4.920362237874230984e-05
5.028765735966479094e-05
5.138923421731200709e-05
5.256192387834617501e-05
5.375045868722343580e-05
5.500341347148054587e-05
5.626570484957889447e-05
5.758128100632368214e-05
5.889564086032203543e-05
6.024910286405226270e-05
6.158881862771442453e-05
6.295311442043117003e-05
6.429244312117487212e-05
6.564519436845195593e-05
6.696697974885331794e-05
6.829820554091979015e-05
6.960104526701203537e-05
7.091899871435430034e-05
7.222091839791416510e-05
7.355279087688189115e-05
7.488830111611300636e-05
7.627321159098574650e-05
7.768219808826670226e-05
7.915646561150535088e-05
8.066692494058347817e-05
8.224597200227602668e-05
8.385733732355659981e-05
8.552305262537058779e-05
8.720024316303487898e-05
8.890395756719991619e-05
9.059058323959584568e-05
9.227634000003264011e-05
9.392599227779093287e-05
9.556577126460102391e-05
9.717528565568307156e-05
9.879333962744871037e-05
1.004114297077490228e-04
1.020722915592122061e-04
1.037656317748679690e-04
1.055220348372970794e-04
1.073143614631431181e-04
1.091515242489714493e-04
1.109890989617202245e-04
1.128251087302077984e-04
1.146184964268415348e-04
1.163823918983413998e-04
1.181025050724427333e-04
1.198193261413060861e-04
1.215395851207167334e-04
1.233063592465629733e-04
1.251097940700270290e-04
1.269587422572529350e-04
1.288069603124835044e-04
1.306387692996086676e-04
1.324113708296477268e-04
1.341401861030621192e-04
1.358307293453069194e-04
1.375371413004833798e-04
1.392724049122935723e-04
1.410561743356461247e-04
1.428435131649986411e-04
1.446064963952064652e-04
1.462993814177674225e-04
1.479452043115272173e-04
1.495704997461123778e-04
1.512356738308737463e-04
1.529360349146936956e-04
1.546497567775362834e-04
1.563089492524206948e-04
1.579087566327343380e-04
1.594724655631037959e-04
1.610742524352982606e-04
1.627192303537190624e-04
1.643753252278619458e-04
1.659695144544807207e-04
1.675175977625662004e-04
1.690735424070054856e-04
1.706985058435163231e-04
1.723406076695983358e-04
1.739416556052343198e-04
1.754948484160912849e-04
1.770953771160694624e-04
1.787594216519286917e-04
1.804254802287871102e-04
1.820334556060852586e-04
1.836694088653235079e-04
1.853813906215132231e-04
1.871101721221417509e-04
1.887836387694272298e-04
1.904992812984821816e-04
1.922897965850368669e-04
1.940676559084046268e-04
1.958079755834643456e-04
1.976322131959622078e-04
1.994779812628196306e-04
2.012748547799623718e-04
2.031133650917068309e-04
2.050050801061324951e-04
2.068249952001907676e-04
2.086906433869526378e-04
2.105814547674928372e-04
2.124099006908422408e-04
2.142821813760090665e-04
2.161517672684703953e-04
2.179621199378173389e-04
2.198446383748665499e-04
2.216424741049200669e-04
2.234852012082175871e-04
2.252994604925827717e-04
2.270994044099460712e-04
2.289219614118333224e-04
2.307015147305285850e-04
2.325204470149160529e-04
2.342972554551545983e-04
2.361093000781581757e-04
2.378899134952897998e-04
2.396954050175902952e-04
2.414780931887655635e-04
2.432749685406953742e-04
2.450526758401031175e-04
2.468349514592917539e-04
2.485981029323767544e-04
2.503580699916783101e-04
2.520980253314065935e-04
2.538299156052263063e-04
2.555421346218590575e-04
2.572446646161575786e-04
2.589295889036774784e-04
2.606053284004528439e-04
2.622658197325352389e-04
2.639173547876645935e-04
2.655540797235638362e-04
2.671798080214875942e-04
2.687884262024168398e-04
2.703821585693308980e-04
2.719556987590573374e-04
2.735115471151724391e-04
2.750466099847313816e-04
2.765646908426730834e-04
2.780645417498049687e-04
2.795498206979628525e-04
2.810184872497614923e-04
2.824713557952754166e-04
2.839036066249157821e-04
2.853132153333301437e-04
2.866948098532509106e-04
2.880477257851097347e-04
2.893705602185498837e-04
2.906669664048536824e-04
2.919389784047167241e-04
2.931902079458119674e-04
2.944193109490419883e-04
2.956238927910744257e-04
2.967975395392679835e-04
2.979363069131715823e-04
2.990376545110013762e-04
3.001047443745546018e-04
3.011415124707067081e-04
3.021521059416001410e-04
3.031350483908671636e-04
3.040857697485324380e-04
3.049975255692525546e-04
3.058681819519505694e-04
3.066999427740257976e-04
3.074985874466900498e-04
3.082663080066067301e-04
3.090005142688953478e-04
3.096947610464364348e-04
3.103458712068925002e-04
3.109551598219718665e-04
3.115263169601849985e-04
3.120589704040740856e-04
3.125495381370390724e-04
3.129952305233718699e-04
3.133978164757504885e-04
3.137588608202778796e-04
3.140761073348652182e-04
3.143458623450457400e-04
3.145693924579911300e-04
3.147498023848396332e-04
3.148851467684836967e-04
3.149704636432666574e-04
3.150072983863663571e-04
3.150002525122060364e-04
3.149459927484165819e-04
3.148382247605656381e-04
3.146804880094016769e-04
3.144774007742457854e-04
3.142228811024653091e-04
3.139140087095155206e-04
3.135568683895770346e-04
3.131495730986372109e-04
3.126869805851164772e-04
3.121740884185664915e-04
3.116104025208035603e-04
3.109919892708418307e-04
3.103218074405531793e-04
3.095977667672187260e-04
3.088194086720935606e-04
3.079889093284766998e-04
3.071019341822514657e-04
3.061632730995109174e-04
3.051696638107470301e-04
3.041222081480034851e-04
3.030217712829102040e-04
3.018650562979978500e-04
3.006558022408471450e-04
2.993907512941783636e-04
2.980729139056794070e-04
2.967004988923920808e-04
2.952754276722831207e-04
2.937966960230472256e-04
2.922649330458384326e-04
2.906798199346198879e-04
2.890422526666922443e-04
2.873521526262090846e-04
2.856107838669917675e-04
2.838180437398359437e-04
2.819745931548480952e-04
2.800807510242186060e-04
2.781375734975896651e-04
2.761454011207732000e-04
2.741052457134250490e-04
2.720173219408040881e-04
2.698826662905642144e-04
2.677020223215216175e-04
2.654766563299035698e-04
2.632073984967356122e-04
2.608951992335895075e-04
2.585409938437478869e-04
2.561460762086509454e-04
2.537114552742499919e-04
2.512382988912210545e-04
2.487277220783674957e-04
2.461812634113392292e-04
2.436002270139129428e-04
2.409859689067312793e-04
2.383399224890046005e-04
2.356637590139148400e-04
2.329587504067012294e-04
2.302265439408225742e-04
2.274687723030822831e-04
2.246870401115977985e-04
2.218829197619524060e-04
2.190583779162256052e-04
2.162150218089896618e-04
2.133546483200752955e-04
2.104791223605974727e-04
2.075903074418650532e-04
2.046899786950387532e-04
2.017800639762735613e-04
1.988623901210148735e-04
1.959390010738885999e-04
1.930117379790487870e-04
1.900825673188073024e-04
1.871534459834768354e-04
1.842263882689791773e-04
1.813033067562581804e-04
1.783861046865945399e-04
1.754767118285061717e-04
1.725771282381908297e-04
1.696891990275837961e-04
1.668147754058388950e-04
1.639557020543001907e-04
1.611139016749670591e-04
1.582911117147008508e-04
1.554890335056398603e-04
1.527093524378998323e-04
1.499537995277499473e-04
1.472239428126470551e-04
1.445212621592083442e-04
1.418472447233320522e-04
1.392033761341120992e-04
1.365910046850054833e-04
1.340113576394189087e-04
1.314656436706655577e-04
1.289550657141832416e-04
1.264806614289558178e-04
1.240433597934673224e-04
1.216440321050092735e-04
1.192835424622711639e-04
1.169626585838478530e-04
1.146819731993913358e-04
1.124420162597805823e-04
1.102433752211674724e-04
1.080864712241824042e-04
1.059715287006200463e-04
1.038987764046840747e-04
1.018684674292367771e-04
9.988069028621302241e-05
9.793538770732032627e-05
9.603247569646455092e-05
9.417189181780581870e-05
9.235352118363931127e-05
9.057699432701924857e-05
8.884195802165754073e-05
8.714810459999278386e-05
8.549505032487242329e-05
8.388221386969070949e-05
8.230903380006878312e-05
8.077505134643094377e-05
7.927968441258048085e-05
7.782218441940677610e-05
7.640180423640837467e-05
7.501793503487734179e-05
7.366989501575591447e-05
7.235683689814484312e-05
7.107790947842323353e-05
6.983238783703441129e-05
6.861953174369963789e-05
6.743842652173593992e-05
6.628814071532436133e-05
6.516794392014912355e-05
6.407707406300544703e-05
6.301456297580666907e-05
6.197944609105660160e-05
6.097101693677894077e-05
5.998852969268895092e-05
5.903099545394774241e-05
5.809748664828228950e-05
5.718730534585999919e-05
5.629973584356976304e-05
5.543384942408529194e-05
5.458872985623551365e-05
5.376372785661474196e-05
5.295818772926810840e-05
5.217123463319905876e-05
5.140201206231534621e-05
5.064991105927548875e-05
4.991434929882496846e-05
4.919452416168070404e-05
4.848964306821510216e-05
4.779915622169675322e-05
4.712257005457348545e-05
4.645916331749088232e-05
4.580820408149807857e-05
4.516921753095758276e-05
4.454177996166183831e-05
4.392527252038729615e-05
4.331903067080673819e-05
4.272267503599951863e-05
4.213584519475831311e-05
4.155803459182851072e-05
4.098862415757664426e-05
4.042732065064264576e-05
3.987385997458902016e-05
3.932783364914241861e-05
3.878867470238367974e-05
3.825616722618241285e-05
3.773012130927441997e-05
3.721021380842469135e-05
3.669595633361994060e-05
3.618718886338781709e-05
3.568378195012687917e-05
3.518550870340594688e-05
3.469189871503534450e-05
3.420286019573633894e-05
3.371832557170970611e-05
3.323810911312043772e-05
3.276181329414146513e-05
3.228935606117617791e-05
3.182070933439336410e-05
3.135575823163930692e-05
3.089411459993588382e-05
3.043572246229720712e-05
2.998058991460137750e-05
2.952863253218918600e-05
2.907950378798884519e-05
2.863315535272823188e-05
2.818962605367024681e-05
2.774889292823332979e-05
2.731062761786942638e-05
2.687480125605848176e-05
2.644150697256578530e-05
2.601076564554486903e-05
2.558229652457919980e-05
2.515610748529946379e-05
2.473232659830368213e-05
2.431103811663552758e-05
2.389201362448329369e-05
2.347528557493493709e-05
2.306100765755622460e-05
2.264930490388838830e-05
2.223996986650154118e-05
2.183302038583404174e-05
2.142859383232389246e-05
2.102679652001641220e-05
2.062740243997453440e-05
2.023037890285205099e-05
1.983580946569847589e-05
1.944376835355525292e-05
1.905401978710942132e-05
1.866650946745182480e-05
1.828132191242010427e-05
1.789857078289097716e-05
1.751810940113384364e-05
1.713997436998895913e-05
1.676436158021653034e-05
1.639150679993618432e-05
1.602142531346802240e-05
1.565426054413774387e-05
1.529027962982942447e-05
1.492974551263558673e-05
1.457268700338809420e-05
1.421917671160454104e-05
1.386935346136200514e-05
1.352330912305852821e-05
1.318093909807187967e-05
1.284216339201075036e-05
1.250698960059944038e-05
1.217542364169096631e-05
1.184738400732739472e-05
1.152285162077344408e-05
1.120194332218741078e-05
1.088480519852274042e-05
1.057156911139900250e-05
1.026240530114394886e-05
9.957583528876067257e-06
9.657347508306504612e-06
9.361926417588156492e-06
9.071529664738926471e-06
8.786442816399281749e-06
8.506943536004994301e-06
8.233433021001514550e-06
7.966432311782922372e-06
7.706708886740307315e-06
7.455178495119978641e-06
7.212994978247259515e-06
6.981330053764587035e-06
6.761282831364839157e-06
6.553548959185625000e-06
6.358367530499931265e-06
6.175226599755961029e-06
6.002904972425631921e-06
5.839455501069460935e-06
5.682605358829627033e-06
5.529911767126023469e-06
5.379165323627890052e-06
5.228545068537065058e-06
5.076951170697750542e-06
4.923853097701438988e-06
4.769257795612395206e-06
4.613440412098221314e-06
4.456963723826974857e-06
4.300420769689965723e-06
4.144437766840556178e-06
3.989584950525738664e-06
3.836552217391946313e-06
3.686015661495919901e-06
3.538619483656729144e-06
3.394834952349920993e-06
3.255027487810024424e-06
3.119351505724705187e-06
2.987807583704009408e-06
2.860304432749037528e-06
2.736861551822206384e-06
2.617595548974791440e-06
2.502689659297726211e-06
2.392296626120942955e-06
2.286519775627854166e-06
2.185306772696785464e-06
2.088419386147987673e-06
1.995469437700886501e-06
1.906059091118641993e-06
1.819863254138477648e-06
1.736668321854472434e-06
1.656374374811062991e-06
1.578988726324165455e-06
1.504553956853816847e-06
1.433054223742891256e-06
1.364399913422863852e-06
1.298489471240278434e-06
1.235266699438002497e-06
1.174708799576729910e-06
1.116824182333398621e-06
1.061625255805241775e-06
1.009084800535854141e-06
9.591120563832658489e-07
9.115938932642358048e-07
8.663913142344919855e-07
8.233515880075349544e-07
7.823247632815086997e-07
7.431782143013448830e-07
7.058256650852246559e-07
6.702346322138104994e-07
6.363564751459101469e-07
6.041184614180336442e-07
5.734282436553757016e-07
5.441842832537342964e-07
5.163477679881450241e-07
4.899101882737886478e-07
4.647780448268636191e-07
4.408583642981159321e-07
4.181336637286636918e-07
3.965452282949924470e-07
3.760614275605414522e-07
3.566649846422804598e-07
3.382369259249421435e-07
3.207011149601920202e-07
3.040906857144759589e-07
2.883699521581297936e-07
2.734422199198132950e-07
2.592775406512696038e-07
2.458785150382717959e-07
2.331628868369922103e-07
2.211140331549266848e-07
2.097201412380338968e-07
1.988757893694528115e-07
1.885152749187580352e-07
1.786785970994721896e-07
1.693526911407202423e-07
1.604352774217191947e-07
1.519373006555560629e-07
1.438692804198070907e-07
1.361891511386292978e-07
1.289027953356148855e-07
1.219918832633875127e-07
1.154216386593293178e-07
1.091601870959162469e-07
1.032869773933111857e-07
9.774536997089745498e-08
9.246511202135180513e-08
8.743997597097147921e-08
8.273294340296191761e-08
7.831481779845962589e-08
7.407948784661603916e-08
7.007157656384874077e-08
6.630281960445851368e-08
6.275832540698636055e-08
5.936186056470590826e-08
5.615788191674259824e-08
5.314421124934063245e-08
5.029186514173861352e-08
4.758467373680210171e-08
4.502755363341071953e-08
4.262385207812299108e-08
4.032950709146653136e-08
3.817269046134335126e-08
3.612958096608128234e-08
3.421002936278360838e-08
3.238042583367271238e-08
3.066608765259956108e-08
2.904100969224497320e-08
2.750922912336774669e-08
2.605607173413174835e-08
2.468560272549296291e-08
2.338932735631474592e-08
2.216213968574148748e-08
2.100821700906182807e-08
1.990944901281476542e-08
1.887470789851144859e-08
1.788958332101335340e-08
1.696866782083163508e-08
1.608453387658545840e-08
1.525389320627591643e-08
1.446254760823226681e-08
1.372551481731481670e-08
1.301631879455137745e-08
1.234692369785193452e-08
1.171108286536628498e-08
1.111829124474211583e-08
1.054834677514362387e-08
1.000703664228965841e-08
9.495408390228670414e-09
9.018309474725537225e-09
8.560079251377546726e-09
8.121999604503872447e-09
7.708764306252339670e-09
7.324090585203429465e-09
6.954759771037754420e-09
6.600157370722189632e-09
6.265861805757156659e-09
5.955387150903121964e-09
5.656864155043011165e-09
5.369666810150719529e-09
5.098825277006867555e-09
4.847794947956494750e-09
4.606118977864455630e-09
4.373403856543445530e-09
4.153617018854362643e-09
3.950335157764273676e-09
3.754436773326474570e-09
3.565682953662848546e-09
3.386913301828164340e-09
3.222090554367493116e-09
3.063399332449573894e-09
2.910004340239879461e-09
2.764431458407281129e-09
2.630569965964496414e-09
2.501764774927652018e-09
2.376989727626045735e-09
2.258475324682303501e-09
2.149514386605370570e-09
2.044771988799512503e-09
1.943169828828840351e-09
1.846689875407239752e-09
1.757804885834413082e-09
1.672557474776719430e-09
1.589742379742012072e-09
1.511194221438769638e-09
1.438524766253884359e-09
1.369046322070192248e-09
1.301513355816183805e-09
1.237521860902806527e-09
1.178071608091834930e-09
1.121349848016045365e-09
1.066251748420096873e-09
1.014055234499785977e-09
9.653513165115052167e-10
9.190631383034877774e-10
8.740140880121114713e-10
8.314508312685395106e-10
7.914830084411321326e-10
7.536757718159205618e-10
7.167934922162620157e-10
6.820867949900843388e-10
6.492484819500729774e-10
6.183580732670941804e-10
5.881312677612140479e-10
5.597920154497655704e-10
5.327942625755261309e-10
5.075556020748608639e-10
4.827707101601451006e-10
4.595992257297562169e-10
4.374212701590848195e-10
4.167627539293311077e-10
3.964328636177066347e-10
3.774744477825616935e-10
3.592355896775904254e-10
3.423229679907456271e-10
3.256329431525460541e-10
3.101046418825112708e-10
2.951063771301818383e-10
2.812395542625482547e-10
2.675479139080253682e-10
2.548107448740237342e-10
2.424889554275253579e-10
2.311013334967401001e-10
2.198666737326314366e-10
2.094102445628417249e-10
1.992870925210918287e-10
1.899199890303278940e-10
1.807018777425096794e-10
1.721111072632993567e-10
1.637882889334782887e-10
1.560792860499501095e-10
1.485085711966430832e-10
1.414482285621344425e-10
1.346029499580144214e-10
1.282531588956207840e-10
1.220336225290524166e-10
1.162249130698285576e-10
1.105900751718426242e-10
1.053555093649351136e-10
1.002370271629687241e-10
9.545545656148088087e-11
9.081734438478698021e-11
8.649836089424284143e-11
8.228429685718124894e-11
7.834318493806527276e-11
7.451817687803447336e-11
7.095161838220336586e-11
6.747589580447421840e-11
6.422410598930084931e-11
6.106735685541710871e-11
5.811827586013903736e-11
5.524707402951052206e-11
5.255821596616357756e-11
4.994846255453734300e-11
4.750448323396445659e-11
4.512920852132514478e-11
4.290227584100040626e-11
4.074088383791456589e-11
3.871019576994619340e-11
3.674004914596742167e-11
3.489123554401733799e-11
3.309685763680389182e-11
3.140639840688982626e-11
2.976678501875006137e-11
2.822675526206274424e-11
2.673344460897247240e-11
2.532114349074691259e-11
2.395266702428596487e-11
2.266686526856747361e-11
2.141842405170154470e-11
2.023544883005150951e-11
1.909104429533288933e-11
1.801354349295760197e-11
1.696569147156768415e-11
1.597345090071511952e-11
1.501373989518955916e-11
1.410695747321748319e-11
1.322700032420879717e-11
1.239513253190626600e-11
1.158627957658640715e-11
1.082471700603371896e-11
1.008812170382169459e-11
9.387224878183389288e-12
8.710987232822464731e-12
8.074378226448980476e-12
7.457432327732613156e-12
6.876444093866120194e-12
6.313497993821379427e-12
5.787939508933241016e-12
5.280886659481433990e-12
4.804674156906434600e-12
4.347986575306513207e-12
3.923134396189063586e-12
3.517985811442734782e-12
3.140699090989410134e-12
2.783055802546826155e-12
2.454935843126891733e-12
2.146217706756648737e-12
1.864528352576599541e-12
1.602054205082235070e-12
1.367947270057001793e-12
1.152802226569017600e-12
9.638109911291534326e-13
7.931582325010817108e-13
6.488173787217036350e-13
5.221127291357882971e-13
4.190946732105046119e-13
3.320306580418703337e-13
2.675913323941021464e-13
2.176116077422574146e-13
1.869611431327750298e-13
1.679758299327997674e-13
1.660005097601683327e-13
1.727819540920447306e-13
1.917977212960103745e-13
2.156129891825392458e-13
2.481164928245604407e-13
2.812827457206534603e-13
3.180870458864367452e-13
3.515935488635703614e-13
3.848939428896812148e-13
4.114546779876232466e-13
4.336475752326890655e-13
4.458607818361046968e-13
4.515348920728094112e-13
4.457557935329534984e-13
4.324082047876088429e-13
4.080741756265298239e-13
3.773804551923457494e-13
3.378554603647116978e-13
2.943106325333063957e-13
2.455720594817407919e-13
1.973571926968738721e-13
1.492322320100768848e-13
1.061908675980030916e-13
6.754144276008390399e-14
3.780904063089343490e-14
1.581618171912066173e-14
4.859282391972581315e-15
2.299017669040183528e-15
9.387993082666734791e-15
2.210685055140333679e-14
4.047036422847577794e-14
5.990111244821312510e-14
7.928728531111474907e-14
9.381939273484023448e-14
1.032689368211861915e-13
1.047656167660144948e-13
9.936423556506812838e-14
8.589152200447581166e-14
6.795654570366861519e-14
4.688108272493065088e-14
2.682528294164666015e-14
9.465233251587695758e-15
-9.994460172809175759e-16
-4.800967194182008142e-15
-1.033097862601930053e-15
7.980715086801754499e-15
2.045852624375037317e-14
3.164846440554753014e-14
3.990947064525559756e-14
4.181178118850942224e-14
3.750545077350222642e-14
2.757613722534079241e-14
1.542251851335152749e-14
3.938167274179906072e-15
-2.668714417452286463e-15
-3.689490354140146208e-15
1.498247276968752013e-15
9.447854527594398500e-15
1.736671388945115735e-14
2.109688568613080166e-14
1.951566234404519358e-14
1.277173880206767519e-14
4.539090351989220157e-15
-1.693398992307894274e-15
-2.641676702310438860e-15
1.164839735373576184e-15
7.452725756900001358e-15
1.177985552006253665e-14
1.169734742688660692e-14
6.841763987035853018e-15
9.617200290554863567e-16
-2.181159798213597820e-15
-3.846108949476364865e-16
4.121031018202335531e-15
7.684191778888330514e-15
6.810197318091095245e-15
2.562852460848443346e-15
-1.213876286017493300e-15
-8.947778309058033351e-16
2.484759710542570862e-15
5.301105568787199603e-15
4.033152219120837463e-15
4.491390893284131325e-16
-1.231983785364920805e-15
8.370525310391934906e-16
3.518645890334880569e-15
3.037481270699367371e-15
7.459301155229248037e-17
-8.099329099266192685e-16
1.282451997729591851e-15
2.830590840302256747e-15
1.022670047958936498e-15
-7.047922564335959847e-16
4.713522788883136856e-16
2.132135345149400810e-15
8.253231732448653329e-16
-5.723276246700952208e-16
6.522596150045128196e-16
1.601696431505389405e-15
5.433747655625157175e-17
-2.260905302540274553e-16
1.154257009645040489e-15
6.095391442219258768e-16
-3.772355649483488907e-16
7.463083784188461398e-16
6.408349705554266043e-16
-2.939345271532569770e-16
5.927409849379024116e-16
4.476823640984614349e-16
-2.122551395796084152e-16
6.170048829362863038e-16
1.057748828687295117e-16
2.390268189925833114e-17
5.098046979796978985e-16
-1.534714527154776933e-16
3.852814974515568382e-16
5.609544301745633960e-17
1.137931922986797271e-16
2.337288819701486629e-16
-2.659060364968727035e-17
2.702586450879785259e-16
-4.808851563582979508e-17
2.331228779619431944e-16
-2.748202415011217492e-17
1.835020170564590665e-16
-5.478963774569865858e-18
1.433194795077832614e-16
8.077844951546506770e-18
1.145410188761915867e-16
1.443693192712162798e-17
9.410251040700708440e-17
1.647553796742041884e-17
7.909145738083893959e-17
1.627656978685202147e-17
6.760011899431835233e-17
1.504061814481648766e-17
5.848821649501248410e-17
1.340459045196924653e-17
5.107388518056679168e-17
1.169423079150823589e-17
4.493263220802367515e-17
1.007114944707287979e-17
3.978539323004654764e-17
8.611091844407196290e-18
3.543845341955140886e-17
7.344776944335603387e-18
3.175083379676409574e-17
6.279381135478108960e-18
2.861597060845453769e-17
5.410048246633174441e-18
2.595095672327715423e-17
4.726173266748412858e-18
2.368991431284590456e-17
4.214878987039996831e-18
2.177971671168680582e-17
3.862947914153785991e-18
2.017710230756025703e-17
3.657884150591704573e-18
1.884665144829897900e-17
3.588478259506554331e-18
1.775931878354585743e-17
3.645085565829433462e-18
1.689133946795709287e-17
3.819739717402260606e-18
1.622339506889609818e-17
4.106173508598093518e-18
1.573996683421927238e-17
4.499790504051852830e-18
1.542882788799535710e-17
4.997612633102393139e-18
1.528064186234621228e-17
5.598220655138386335e-18
1.528864402063140027e-17
6.301695685983752172e-18
1.544838945584761527e-17
7.109568589131008867e-18
1.575755445202563195e-17
8.024779719182822981e-18
1.621578350670293955e-17
9.051651063756661451e-18
1.682457344210103198e-17
1.019587134143553668e-17
1.758718996291728529e-17
1.146449452705492895e-17
1.850861185808759685e-17
1.286595132994501636e-17
1.959549959343649404e-17
1.441007364032766527e-17
2.085618492775555863e-17
1.610813083707566987e-17
2.230067971123566378e-17
1.797287788437197871e-17
2.394070110459424036e-17
2.001861394552368334e-17
2.578971181584183097e-17
2.226125105600741827e-17
2.786297314072218791e-17
2.471839133075879487e-17
3.017760933320860538e-17
2.740941202169048116e-17
3.275268111021263362e-17
3.035555642097404011e-17
3.560926673491783707e-17
3.358002930976332566e-17
3.877054767034830579e-17
3.710809442068366074e-17
4.226189700782087946e-17
4.096717150416178936e-17
4.611096670825416605e-17
