# bin_6_2
1.055634139017067465e-06
1.171219797061333689e-06
1.162415620667616965e-06
1.278642558427414660e-06
1.279163936349785020e-06
1.396739555456673498e-06
1.406728897798202047e-06
1.526369110271525599e-06
1.546019429787449860e-06
1.668450366013768460e-06
1.698003383626251666e-06
1.823962484207740435e-06
1.863706374399144033e-06
1.993942764175396589e-06
2.044209396528762903e-06
2.179483404877760753e-06
2.240644901764823657e-06
2.381726580364260446e-06
2.454191004699701013e-06
2.601857459744443255e-06
2.686063418372475608e-06
2.841094766344398583e-06
2.937504703009422871e-06
3.100678423991476198e-06
3.209770356838158791e-06
3.381853817752128670e-06
3.504111267979505452e-06
3.685852173599902384e-06
3.821752034602562139e-06
4.013866574524679202e-06
4.163864682470258777e-06
4.367023161948475648e-06
4.531537371014744174e-06
4.746347167608474039e-06
4.925737792462128462e-06
5.152723555362161454e-06
5.347271152717070135e-06
5.586852297745836965e-06
5.796732908152434022e-06
6.049198632384752591e-06
6.274456823722214589e-06
6.539939126721017846e-06
6.780459468089556434e-06
7.058904990463991918e-06
7.314382967747977901e-06
7.605524890994994082e-06
7.875438753129366799e-06
8.178770530716821091e-06
8.462356134148761835e-06
8.777109454588241500e-06
9.073340851055968628e-06
9.398470947088437497e-06
9.706050205792648156e-06
1.004023239340519442e-05
1.035759292024895938e-05
1.069923499819762728e-05
1.102456331841003383e-05
1.137183908999470291e-05
1.170312056942748841e-05
1.205403008447070848e-05
1.238912418173750570e-05
1.274158612701613797e-05
1.307833623227504677e-05
1.343031691475085757e-05
1.376669831407512703e-05
1.411637953463953756e-05
1.445068615892935138e-05
1.479667056304195458e-05
1.512773655252918939e-05
1.546928341608800613e-05
1.579672883717291859e-05
1.613400546089941763e-05
1.645848665825771966e-05
1.679281069585257584e-05
1.711624506983258471e-05
1.745028182440828995e-05
1.777600530251705570e-05
1.811387277466558243e-05
1.844667791421376407e-05
1.879390378881185095e-05
1.913990058432495987e-05
1.950317338483223095e-05
1.986941812293995010e-05
2.025608469925904766e-05
2.064994031320458416e-05
2.106722957785937475e-05
2.149545964267718102e-05
2.194946306527188724e-05
2.241712449606773382e-05
2.291163873405330066e-05
2.342092359673099888e-05
2.395635360730159099e-05
2.450562649480748860e-05
2.507824011302041859e-05
2.566159820560526373e-05
2.626348121104037458e-05
2.687118706245335425e-05
2.749122182560435142e-05
2.811127012842223720e-05
2.873729649772466678e-05
2.935812645280461015e-05
2.998010490409574300e-05
3.059404701694046994e-05
3.120755370955884323e-05
3.181407305845842306e-05
3.242294106608939642e-05
3.303030002431542366e-05
3.364693831747118290e-05
3.427086523767947286e-05
3.491308679170323511e-05
3.557174924230054844e-05
3.625610728926812712e-05
3.696230034127243080e-05
3.769589983101510357e-05
3.844950088213820581e-05
3.922427974542161357e-05
4.000955510245768213e-05
4.080362961799628469e-05
4.159520788967590986e-05
4.238340037641641188e-05
4.316042922268475886e-05
4.393020454180285533e-05
4.469139958991189584e-05
4.545387526077485465e-05
4.622142541140226876e-05
4.700594380448049308e-05
4.781016300388570321e-05
4.864072468999705275e-05
4.949249418099149750e-05
5.036254495901257793e-05
5.123768231814286090e-05
5.211028180614810633e-05
5.296843869072506830e-05
5.381158473815007501e-05
5.463969850625176441e-05
5.546480438756009668e-05
5.629616947029023608e-05
5.714719376444466143e-05
5.801942312210842394e-05
5.891096878447327375e-05
5.980669865672718765e-05
6.069381216921425641e-05
6.155852671275244281e-05
6.240229298533379193e-05
6.323298317980424689e-05
6.406973925920381922e-05
6.492361234526709129e-05
6.579830492171347134e-05
6.667846500497528139e-05
6.754642359213794878e-05
6.838627076069587920e-05
6.920354489627588129e-05
7.001485083816615486e-05
7.084277976511507767e-05
7.168962556534421977e-05
7.254091147637935135e-05
7.337015959174645859e-05
7.417070655200852665e-05
7.495715934165492265e-05
7.575874776587668649e-05
7.658169687734523562e-05
7.740729652072068283e-05
7.820626921745922817e-05
7.898170198976635988e-05
7.976163987300589680e-05
8.056983480721468258e-05
8.138631990613381972e-05
8.218099436683660834e-05
8.295418375123629195e-05
8.374534493339658885e-05
8.456511669356799044e-05
8.538222588298362650e-05
8.617273039961057251e-05
8.697229933840106486e-05
8.780587201405375629e-05
8.864356230419409078e-05
8.945589890676876647e-05
9.028408836103256644e-05
9.114604827135335647e-05
9.199944830604808450e-05
9.283611370677543066e-05
9.370843258558503341e-05
9.459120766837765494e-05
9.545013940892318300e-05
9.632913874680573035e-05
9.723109777633033124e-05
9.810228717433563885e-05
9.899358889319616241e-05
9.989836542661905685e-05
1.007747128416002088e-04
1.016731514408043417e-04
1.025702851545718189e-04
1.034427765561766251e-04
1.043476744588608132e-04
1.052160340616668208e-04
1.061040331411352075e-04
1.069803224674312117e-04
1.078488661944649110e-04
1.087281154373005942e-04
1.095860420560482233e-04
1.104616685808005433e-04
1.113159826752242878e-04
1.121858419257741038e-04
1.130392304491581012e-04
1.139036462656724572e-04
1.147559620310119766e-04
1.156150724207549637e-04
1.164645475016983444e-04
1.173172953152993024e-04
1.181613003998644167e-04
1.190057597438338473e-04
1.198416056115569358e-04
1.206758734781924103e-04
1.215015787297037548e-04
1.223244789826696247e-04
1.231390426795964305e-04
1.239501055036007059e-04
1.247530208050802501e-04
1.255517712121898173e-04
1.263421792834981401e-04
1.271274894236099475e-04
1.279039255243280061e-04
1.286743683958457114e-04
1.294356985388671409e-04
1.301908806474712590e-04
1.309375866158841474e-04
1.316788421478548240e-04
1.324125925257529012e-04
1.331411716628967386e-04
1.338618123823771464e-04
1.345754274824928498e-04
1.352782851546901859e-04
1.359704951796955749e-04
1.366487407175655277e-04
1.373142166863900295e-04
1.379656495514372256e-04
1.386059822779859522e-04
1.392350697286313748e-04
1.398552502049241978e-04
1.404645083264040566e-04
1.410624002570486004e-04
1.416449738497802370e-04
1.422115414354601574e-04
1.427603266483840907e-04
1.432939110333711233e-04
1.438132574282567037e-04
1.443210142311912743e-04
1.448154973127816012e-04
1.452953867001941478e-04
1.457568036224319240e-04
1.461996341061325795e-04
1.466241034579307372e-04
1.470336676749315371e-04
1.474287079549056485e-04
1.478090284640162940e-04
1.481710172936858804e-04
1.485136427861705557e-04
1.488362107153669853e-04
1.491407628880496059e-04
1.494266977008745887e-04
1.496936636209565046e-04
1.499399199032113599e-04
1.501664199652021255e-04
1.503726297516850337e-04
1.505582725677177629e-04
1.507216881421858214e-04
1.508642838469205884e-04
1.509863881252200405e-04
1.510874278884557587e-04
1.511650164603940629e-04
1.512208473694499769e-04
1.512561065311380539e-04
1.512693326727947661e-04
1.512571345103591418e-04
1.512218268981157024e-04
1.511649272136258298e-04
1.510841482053917580e-04
1.509775999766676060e-04
1.508485480965791122e-04
1.506958580643599148e-04
1.505176190615030104e-04
1.503154128247061010e-04
1.500899079411384298e-04
1.498387299251445622e-04
1.495630130918112902e-04
1.492617865087262361e-04
1.489353919687680676e-04
1.485839075287638186e-04
1.482062330148269536e-04
1.478039923992314304e-04
1.473762093866222780e-04
1.469230122990750097e-04
1.464449994182339310e-04
1.459401827283988745e-04
1.454106488324556775e-04
1.448546682515662034e-04
1.442738343513714323e-04
1.436672118340742265e-04
1.430358443813913743e-04
1.423790768531441422e-04
1.416971863437163452e-04
1.409899086908974585e-04
1.402578566172627418e-04
1.395008005051883977e-04
1.387196396412010738e-04
1.379140096267587759e-04
1.370843212857711987e-04
1.362305007948968322e-04
1.353533088465688739e-04
1.344526882196790197e-04
1.335293582065633035e-04
1.325830658914478437e-04
1.316145082432774104e-04
1.306238267823008384e-04
1.296118754219304924e-04
1.285787880702657978e-04
1.275251171094175643e-04
1.264511002325402033e-04
1.253575769635815248e-04
1.242448012319655930e-04
1.231134337047531263e-04
1.219637664740666949e-04
1.207967716373301503e-04
1.196128349717905402e-04
1.184127001064267748e-04
1.171968409808425352e-04
1.159662427389843294e-04
1.147212483527620632e-04
1.134627719972647992e-04
1.121914251111197922e-04
1.109080933471209563e-04
1.096132642062750990e-04
1.083080513638055636e-04
1.069929829371060254e-04
1.056690355667134004e-04
1.043369119629825053e-04
1.029975901915352411e-04
1.016517124636254834e-04
1.003003288329857418e-04
9.894407112804158729e-05
9.758405947837652168e-05
9.622095881962623156e-05
9.485578821174077565e-05
9.348930217508889134e-05
9.212254745363754078e-05
9.075624697793283893e-05
8.939139908118842303e-05
8.802875394576652754e-05
8.666932723201105305e-05
8.531384419702162873e-05
8.396325954526155330e-05
8.261829395581602896e-05
8.127992118394390924e-05
7.994881274731113036e-05
7.862585671187985025e-05
7.731169709794550855e-05
7.600724277042701768e-05
7.471307910188318001e-05
7.343000302389436054e-05
7.215857748702550749e-05
7.089959135057561713e-05
6.965355353039918865e-05
6.842114917357410193e-05
6.720281917152481389e-05
6.599922778161869722e-05
6.481076248459504601e-05
6.363794165019633574e-05
6.248108523345678093e-05
6.134070374934954542e-05
6.021705949793526813e-05
5.911055338209385973e-05
5.802135418323925480e-05
5.694984651941560654e-05
5.589617037678788839e-05
5.486055821706817758e-05
5.384304928901246633e-05
5.284387727262052997e-05
5.186303297204019957e-05
5.090062134335706609e-05
4.995656799374241318e-05
4.903098540923167390e-05
4.812377206964375196e-05
4.723490286250925851e-05
4.636420078290998397e-05
4.551164728201247253e-05
4.467704095204064706e-05
4.386025594690097886e-05
4.306103541256178530e-05
4.227929818381408601e-05
4.151477013441002965e-05
4.076724737110433151e-05
4.003637275707716580e-05
3.932199505129638331e-05
3.862382167013089399e-05
3.794158548856054874e-05
3.727489994773968448e-05
3.662356604297454843e-05
3.598724251590895202e-05
3.536564146399209666e-05
3.475834024645861354e-05
3.416513607062013976e-05
3.358568758411339570e-05
3.301966268760598585e-05
3.246662762041332663e-05
3.192638833321889929e-05
3.139860930734885851e-05
3.088294820489060889e-05
3.037897851941375412e-05
2.988650277460751847e-05
2.940517140487873839e-05
2.893466632550069711e-05
2.847455721009872220e-05
2.802463439667864364e-05
2.758457580781965022e-05
2.715406356342236604e-05
2.673266827916858296e-05
2.632019504095191745e-05
2.591634356345349477e-05
2.552081057444088755e-05
2.513322001052795197e-05
2.475338468050590265e-05
2.438105205399369654e-05
2.401597533335686038e-05
2.365779175933228865e-05
2.330635945839341658e-05
2.296145369692982030e-05
2.262283983935776114e-05
2.229015943828621760e-05
2.196326843269210311e-05
2.164194042286749021e-05
2.132596372411097799e-05
2.101499031524951228e-05
2.070892176822292322e-05
2.040759572820864521e-05
2.011087730580400469e-05
1.981848178915218892e-05
1.953036555513475099e-05
1.924639714218686148e-05
1.896644462237117204e-05
1.869019909163831597e-05
1.841757394853927243e-05
1.814841837002284289e-05
1.788262856810841342e-05
1.761995661804372621e-05
1.736041388724523290e-05
1.710395656342708263e-05
1.685054658466093755e-05
1.659991869596719202e-05
1.635199613103224394e-05
1.610664307401315977e-05
1.586379161363805088e-05
1.562322588813589000e-05
1.538500708446407066e-05
1.514914145714761950e-05
1.491560686184203056e-05
1.468411016087987088e-05
1.445454908034097608e-05
1.422685512296307789e-05
1.400109233152900247e-05
1.377716195386199022e-05
1.355510732258254280e-05
1.333482421580872510e-05
1.311621344927223201e-05
1.289906600296122739e-05
1.268352118519968195e-05
1.246970475373799355e-05
1.225762722280086968e-05
1.204696105452851340e-05
1.183767843440086055e-05
1.162994450434632456e-05
1.142397398534903368e-05
1.121951518428393807e-05
1.101638958493640637e-05
1.081466395325232601e-05
1.061463345292667585e-05
1.041611728605655165e-05
1.021886307996589550e-05
1.002288651793182635e-05
9.828521676641409206e-06
9.635533474115143534e-06
9.443646609151905701e-06
9.253028155851954133e-06
9.063997347419181113e-06
8.876135329147017141e-06
8.689434227136968552e-06
8.504302193243260086e-06
8.320677111823468803e-06
8.138308684268361450e-06
7.957716444707561344e-06
7.778748943025504096e-06
7.601378866047133114e-06
7.425984010680152153e-06
7.252275798949264409e-06
7.080294719287249842e-06
6.910425377458219399e-06
6.742059125351795717e-06
6.575703182256966392e-06
6.410974875873898849e-06
6.248047940189580359e-06
6.086939532206008523e-06
5.927440884410373766e-06
5.769904356807329697e-06
5.614075778894041767e-06
5.460322303691162113e-06
5.308426576987931500e-06
5.158752413718470835e-06
5.011205697455635327e-06
4.866061052297072715e-06
4.723283142789034267e-06
4.583146836543377001e-06
4.445719209121540933e-06
4.311296574223594866e-06
4.180075706136182331e-06
4.052484886859195676e-06
3.928892233374987281e-06
3.809832260183553795e-06
3.695731723960354120e-06
3.587042908522196584e-06
3.483951371281858587e-06
3.386479193807380699e-06
3.294263864168240384e-06
3.206697540197174564e-06
3.122831713069223912e-06
3.041640318223417810e-06
2.962015124844475322e-06
2.883025406337317967e-06
2.803906216887009147e-06
2.724253160168784266e-06
2.643893514267631688e-06
2.562927970522744354e-06
2.481546871545527508e-06
2.400079658926389570e-06
2.318832833094026294e-06
2.238142157770525694e-06
2.158285227615917502e-06
2.079591520524594725e-06
2.002348212607914970e-06
1.926835748904295334e-06
1.853231309537391652e-06
1.781673440470895927e-06
1.712192001795367948e-06
1.644776332209172904e-06
1.579372560048127627e-06
1.515999108949599018e-06
1.454709372197339757e-06
1.395605184055341309e-06
1.338761364973617392e-06
1.284235172501057073e-06
1.231990078611168392e-06
1.181908478991620953e-06
1.133787864671950043e-06
1.087426450759680111e-06
1.042640486883830481e-06
9.993077815050201711e-07
9.573533623360090227e-07
9.167657407581190268e-07
8.775475497265389861e-07
8.396960999486113805e-07
8.031765021179674295e-07
7.679590520437902316e-07
7.340269720403348520e-07
7.013867564930289678e-07
6.700495216955390970e-07
6.400311285375286535e-07
6.113197577931869199e-07
5.838793735259889974e-07
5.576533720253890948e-07
5.325768211152297046e-07
5.085744173177187124e-07
4.855739863119620556e-07
4.635032452742741984e-07
4.423202702683724694e-07
4.220089474327599822e-07
4.025569786202081341e-07
3.839375611653206901e-07
3.661156467457439870e-07
3.490483799495817057e-07
3.327220231449359239e-07
3.171310313692473003e-07
3.022336862331690104e-07
2.879893442618081722e-07
2.743905977763280952e-07
2.614090273455264713e-07
2.490330646705381722e-07
2.372541005589820098e-07
2.260156238701082549e-07
2.152768636512044706e-07
2.050484569587981346e-07
1.953134007372983650e-07
1.860332579950821715e-07
1.771941163245566505e-07
1.687915880926208108e-07
1.607840194769588876e-07
1.531604765740075824e-07
1.459072069716750270e-07
1.389664174578713680e-07
1.323028339929855318e-07
1.259316723473175687e-07
1.198415519015616539e-07
1.139879644881074506e-07
1.083776336522036283e-07
1.030140512085856467e-07
9.787756730015885912e-08
9.297749431393733465e-08
8.830565339978216904e-08
8.384481309766421303e-08
7.958249261117194011e-08
7.555724109473251581e-08
7.174001754494275072e-08
6.809730315702336965e-08
6.462661140956853298e-08
6.135256662845753202e-08
5.825986729358960762e-08
5.529906116882610783e-08
5.248757140728593150e-08
4.982672172847752468e-08
4.730789803888461222e-08
4.489820697333653365e-08
4.261390609239608445e-08
4.045354872380216137e-08
3.840010462314211472e-08
3.644890138009609821e-08
3.459786108620464263e-08
3.284763998767918625e-08
3.117501709935000484e-08
2.959452505454011276e-08
2.809363456223054541e-08
2.667503157613821081e-08
2.532333149718232104e-08
2.404883304204237663e-08
2.283816269517449930e-08
2.169150363055014298e-08
2.060210165356688710e-08
1.956978239146956692e-08
1.858987984791629427e-08
1.766021504510432546e-08
1.678219012437409473e-08
1.594558175804682375e-08
1.515374795200414559e-08
1.440038786271777317e-08
1.369143275267021490e-08
1.301299372742943660e-08
1.237226637620259488e-08
1.176297513900339182e-08
1.119096155481598374e-08
1.064314090396000144e-08
1.012372998605956499e-08
9.630302152947453375e-09
9.165771899544629696e-09
8.720264244671741256e-09
8.295162847243608175e-09
7.891466807187057247e-09
7.510073669121257819e-09
7.143591466945898913e-09
6.791969338126036409e-09
6.457812997826269212e-09
6.142402277014708508e-09
5.840353415719529273e-09
5.551218639276814113e-09
5.278059389720618344e-09
5.022304629502235034e-09
4.778888556566846448e-09
4.547290320522469297e-09
4.329525623167837430e-09
4.126112029968811650e-09
3.931435465124881301e-09
3.744550318395590597e-09
3.566255038224943485e-09
3.397106597288413670e-09
3.232776879436723333e-09
3.073309050130224405e-09
2.920561519198089179e-09
2.777039335823430788e-09
2.640457939705371216e-09
2.511056601287614533e-09
2.390385651073078571e-09
2.279874180348564310e-09
2.175430907119028283e-09
2.074773992961830252e-09
1.977474971878278406e-09
1.884027319153433387e-09
1.791900463102971579e-09
1.701318942129287291e-09
1.615180850313885948e-09
1.536280920753592719e-09
1.463804447719949664e-09
1.396602420928989529e-09
1.333914246832041055e-09
1.273997939902052582e-09
1.213897470882077711e-09
1.152914550221047998e-09
1.093577632348355472e-09
1.038859823814366061e-09
9.897848921374381521e-10
9.454103463076992726e-10
9.040011492566244006e-10
8.628846550890064716e-10
8.204392637483710383e-10
7.776429620258810917e-10
7.382192694087306937e-10
7.040802965311995983e-10
6.739421344012458817e-10
6.439361090780124870e-10
6.125702863776106972e-10
5.807934536681472959e-10
5.518559056798888544e-10
5.266322879804163414e-10
5.039437403652575558e-10
4.805149783283947304e-10
4.563028001168324159e-10
4.331239124927566438e-10
4.133186226511927351e-10
3.950203216621511214e-10
3.764269479074261675e-10
3.574165188233704230e-10
3.404085727686847714e-10
3.247972481614340354e-10
3.095821228575789337e-10
2.945124142109846261e-10
2.808734864981415980e-10
2.673780926774894292e-10
2.543837302652961313e-10
2.427683068452755730e-10
2.317960513267520247e-10
2.196155533651468599e-10
2.093710415723235741e-10
2.007649650829805910e-10
1.902420931017470348e-10
1.803067204391005198e-10
1.738150727705830014e-10
1.645804163493376011e-10
1.556780224358968934e-10
1.503880345318437361e-10
1.420086100030732295e-10
1.347019939623776915e-10
1.302723168474805026e-10
1.218573032581503063e-10
1.174834061220373221e-10
1.117369392566364723e-10
1.055331382542391942e-10
1.018771685087087176e-10
9.566289113589320285e-11
9.216840974506155535e-11
8.708453152976139618e-11
8.323270347748974634e-11
7.920779588350970320e-11
7.530747794832636417e-11
7.186161998669366500e-11
6.821348851476828588e-11
6.511757619272708588e-11
6.181833239174899594e-11
5.895622615939355684e-11
5.599437344258233037e-11
5.336344466098822860e-11
5.069700139546679595e-11
4.827290928957690484e-11
4.586353295220047759e-11
4.364602617924054482e-11
4.146283678700047623e-11
3.943109304458775311e-11
3.744692341033492229e-11
3.559225166858585906e-11
3.378637346117639180e-11
3.209098498133124676e-11
3.044557083391773762e-11
2.889658052793518047e-11
2.739504333242157539e-11
2.597856609789033705e-11
2.460840480663107034e-11
2.331210741365742382e-11
2.205869165305788814e-11
2.087273168777112483e-11
1.972714483021931403e-11
1.863984198747217091e-11
1.759028784658438115e-11
1.659465538811915646e-11
1.563369686588671626e-11
1.471980206936511473e-11
1.383780354044185966e-11
1.300051433313073223e-11
1.219276464058134360e-11
1.142353950015047632e-11
1.068224571236034460e-11
9.977936055085811685e-12
9.299359275216973811e-12
8.653165100447107653e-12
8.031528318870310196e-12
7.441660368184747693e-12
6.875071286914329512e-12
6.336725428911789608e-12
5.820459428796926317e-12
5.332694133105346859e-12
4.866152989590992559e-12
4.425559413741840075e-12
4.005758984371677149e-12
3.612106753039626406e-12
3.238728222738390522e-12
2.889687255967335876e-12
2.560811128929496169e-12
2.256645586955717136e-12
1.972366041243428622e-12
1.711406868805320616e-12
1.470356190865909618e-12
1.253058992913218295e-12
1.055366756532387386e-12
8.800051390612413309e-13
7.237523026690433824e-13
5.896536274283390277e-13
4.736921509534557140e-13
3.779948586447116166e-13
2.990101026033539394e-13
2.389808592801177781e-13
1.938906228567356551e-13
1.651387136683345602e-13
1.490730626599759588e-13
1.468998913019435022e-13
1.542267009294580607e-13
1.717262597078017638e-13
1.951453896793572902e-13
2.248481966046738168e-13
2.566333679141097713e-13
2.905259866322960506e-13
3.225271315803231472e-13
3.531525320013483976e-13
3.785557061127408276e-13
3.988597964089813292e-13
4.111361108028335217e-13
4.159983619080639782e-13
4.113223610761702442e-13
3.985758887595340983e-13
3.766827484964348897e-13
3.479429751363263529e-13
3.117970965858600211e-13
2.711399401616420469e-13
2.264162435025652686e-13
1.814008268468390311e-13
1.371758371167069986e-13
9.700150998801259230e-14
6.159831398088589842e-14
3.373874380238091056e-14
1.368303708527437500e-14
3.303343943489150156e-15
1.339686325946480396e-15
7.677339020576470764e-15
1.979781038059291857e-14
3.664787490949242752e-14
5.501879219420536699e-14
7.280492890571184098e-14
8.655143693391903522e-14
9.513750673429184333e-14
9.683409840026019447e-14
9.161259323685721024e-14
7.934381723946885686e-14
6.254728896410046560e-14
4.321279979091213980e-14
2.442172158083091437e-14
8.520960961087992369e-15
-1.338056585263401561e-15
-4.689508476719791942e-15
-1.313368484278025188e-15
7.229606498340953916e-15
1.865700674826911652e-14
2.921789429169627141e-14
3.677003648976010628e-14
3.866956609503627267e-14
3.456348348707407929e-14
2.549342372523970813e-14
1.409608069133442286e-14
3.565303585305377441e-15
-2.677952292284592498e-15
-3.495689943202272595e-15
1.224997905056504301e-15
8.706557014454697299e-15
1.596330750553399169e-14
1.953277319525946571e-14
1.798262050858741146e-14
1.181850877025673700e-14
4.087406944470481503e-15
-1.601495149571737646e-15
-2.556957870898663666e-15
1.059788275932993213e-15
6.817256941956327342e-15
1.091687610594144782e-14
1.077445767832209441e-14
6.339269548200098123e-15
8.117520344428758161e-16
-2.030970925941804249e-15
-4.241305620115915108e-16
3.819590880936900956e-15
7.068539542403339257e-15
6.321899997822583405e-15
2.321579036581965808e-15
-1.125294581964115105e-15
-8.807473661067848118e-16
2.307471503206314626e-15
4.875742310132500431e-15
3.748918405705319428e-15
3.729740645696924807e-16
-1.135938531546942769e-15
7.378628880714729237e-16
3.273570082661786741e-15
2.784462114379669665e-15
7.611377482054739835e-17
-7.820815847152831293e-16
1.197160966124215473e-15
2.599562993423689693e-15
9.565321726655258829e-16
-6.794898908107704748e-16
4.452960463943403252e-16
1.955411467079780589e-15
7.742686957675816735e-16
-5.528747774765445782e-16
6.136829201859555302e-16
1.466576234228834179e-15
5.891860524633298116e-17
-2.284436902114278341e-16
1.079681144425333383e-15
5.486566146541693383e-16
-3.418993529188526616e-16
6.767634511595937261e-16
6.029632868143250001e-16
-2.876084477257099047e-16
5.580758827273605994e-16
4.018177522962537448e-16
-1.893066758496408341e-16
5.598718089908629335e-16
1.056918549129968970e-16
1.020171106487214700e-17
4.804382585561015305e-16
-1.536214833001797268e-16
3.645522195010556064e-16
4.163819037808917076e-17
1.122629501977798390e-16
2.071738038234779584e-16
-1.832469904479291324e-17
2.416695502735887185e-16
-3.856131549628841485e-17
2.077358631839649906e-16
-1.971968921686141493e-17
1.621679849571564695e-16
4.154227216797164491e-19
1.253190590290007800e-16
1.270952622565818987e-17
9.901630483356150830e-17
1.832295406596308017e-17
8.041789745790278746e-17
1.992729920802865964e-17
6.682260284311577198e-17
1.945639508247985276e-17
5.646162095949992641e-17
1.802475817923991998e-17
4.827829021983830735e-17
1.622342601238810132e-17
4.164120970600203124e-17
1.435439927350904610e-17
3.615762958110148577e-17
1.256714943442774729e-17
3.156954946027279027e-17
1.093128922504724565e-17
2.769796111668683585e-17
9.474492697237814891e-18
2.441258416390208087e-17
8.202445126160778869e-18
2.161486749510591632e-17
7.109531196469668855e-18
1.922800806199486409e-17
6.184668619990717863e-18
1.719080252125537231e-17
5.414534039645350647e-18
1.545367697457735199e-17
4.785352402589766820e-18
1.397600722197101412e-17
4.283876627883246583e-18
1.272423727249495841e-17
3.897904109240251222e-18
1.167051204523334434e-17
3.616524935590817590e-18
1.079165466317573573e-17
3.430215539194772280e-18
1.006838277501736452e-17
3.330844202592038796e-18
9.484696726643572455e-18
3.311628947069937607e-18
9.027394629110356606e-18
3.367071323466935956e-18
8.685683776943980028e-18
3.492881096641804275e-18
8.450866897837007088e-18
3.685900444625977625e-18
8.316087719528197771e-18
3.944032769253790286e-18
8.276124225384793688e-18
4.266179124744931434e-18
8.327221217463668373e-18
4.652183657766011276e-18
8.466955195528714208e-18
5.102788846349295451e-18
8.694126628346901207e-18
5.619600476211043017e-18
9.008675168408024722e-18
6.205062305494903821e-18
9.411614911982220936e-18
6.862439937003929586e-18
9.904986444069429512e-18
7.595813310149584899e-18
1.049182387323139041e-17
8.410077385488272145e-18
1.117613459385382900e-17
9.310950203927078813e-18
1.196289035527866187e-17
1.030498779241405381e-17
1.285802799156216106e-17
1.139960507681657062e-17
1.386845850510961622e-17
1.260310206359719520e-17
1.500208317315604289e-17
1.392469442179613389e-17
1.626781536958013175e-17
1.537454745792816980e-17
1.767560673387250409e-17
1.696381225660674514e-17
1.923647615040278444e-17
1.870466282742067779e-17
2.096253991076708475e-17
