# bin_1_2
2.372092024204498732e-06
3.778613966860665273e-06
2.704686605544966732e-06
4.046104054642341283e-06
3.062922969738867823e-06
4.345195254435980842e-06
3.449339980848729054e-06
4.678223465439045388e-06
3.866638498702383501e-06
5.047705046207033338e-06
4.317683206145938308e-06
5.456336405718491876e-06
4.805501974746500034e-06
5.906990848774954032e-06
5.333282086415727012e-06
6.402712029018057080e-06
5.904362560802509812e-06
6.946703067183182020e-06
6.522221662471513609e-06
7.542310497158125852e-06
7.190458624965658070e-06
8.193001896724762311e-06
7.912768479583528173e-06
8.902336106321663922e-06
8.692908791094765668e-06
9.673924771823912337e-06
9.534657040342386358e-06
1.051138396639409513e-05
1.044175742557335889e-05
1.141827461062396049e-05
1.141785582213690893e-05
1.239803059028191875e-05
1.246642190236150585e-05
1.345387360436043668e-05
1.359065764464241969e-05
1.458871426472839396e-05
1.479339199713856462e-05
1.580503950837088104e-05
1.607696219579283275e-05
1.710478731549879393e-05
1.744308328004718421e-05
1.848921093196301282e-05
1.889270879627621036e-05
1.995873649250553281e-05
2.042588756728106996e-05
2.151282001278926557e-05
2.204162379041385534e-05
2.314981245009338528e-05
2.373775066674459146e-05
2.486684466703467924e-05
2.551083120733863360e-05
2.665974784504373794e-05
2.735610372541817463e-05
2.852302889374493160e-05
2.926749359903195422e-05
3.044992439535280460e-05
3.123771670879189617e-05
3.243256016914955464e-05
3.325850298146529452e-05
3.446224577833983553e-05
3.532096965845160337e-05
3.652993313215824881e-05
3.741617204763000371e-05
3.862686436552137045e-05
3.953585291961337505e-05
4.074542446977541982e-05
4.167339842878989173e-05
4.288019676734189774e-05
4.382498642434126321e-05
4.502919223238982885e-05
4.599088048434318930e-05
4.719518542839317842e-05
4.817677906376014607e-05
4.938704045150982432e-05
5.039507490869438123e-05
5.162085222148750228e-05
5.266581965398919711e-05
5.392066831344640500e-05
5.501713151038682112e-05
5.631850654027384238e-05
5.748474575744899970e-05
5.885336279636339981e-05
6.011041115930352240e-05
6.156893850452698587e-05
6.293890942126440890e-05
6.450993799644225265e-05
6.601365012207692040e-05
6.771702178461781318e-05
6.937109313761873530e-05
7.122086533642474793e-05
7.303467340909640859e-05
7.503624355737094484e-05
7.700940173700647538e-05
7.915755913287097221e-05
8.127877259539315535e-05
8.355759883164384490e-05
8.580582346493211628e-05
8.819129366728464586e-05
9.053988703767618953e-05
9.300559003752343289e-05
9.542948424219495080e-05
9.795498562703417638e-05
1.004397955299484130e-04
1.030198727635529539e-04
1.055704622622206831e-04
1.082220803237175615e-04
1.108669500155114542e-04
1.136300995303248944e-04
1.164178626606677603e-04
1.193471737373710145e-04
1.223332669456441877e-04
1.254803941940497687e-04
1.287064246185233368e-04
1.320983939964239548e-04
1.355721759595185307e-04
1.391962361450646709e-04
1.428846190282552736e-04
1.466917225675667968e-04
1.505362775856212065e-04
1.544687796449967275e-04
1.584230647751511557e-04
1.624566729569243211e-04
1.665258228998352913e-04
1.706985090252269961e-04
1.749493718332372231e-04
1.793468515939307764e-04
1.838672583146776652e-04
1.885605449387113672e-04
1.933863048398128787e-04
1.983648729770666930e-04
2.034382095730265618e-04
2.086101178437297797e-04
2.138292093731013102e-04
2.191139805247901875e-04
2.244472673696656744e-04
2.298770361506296579e-04
2.354131100845766717e-04
2.411034427337042701e-04
2.469395587442546960e-04
2.529255087995361216e-04
2.590105019554119164e-04
2.651663218562406630e-04
2.713470932874618101e-04
2.775588255352446168e-04
2.838138187540905147e-04
2.901614421591387728e-04
2.966230731940375101e-04
3.032040327954932694e-04
3.098563946378467705e-04
3.165258460171714214e-04
3.231631525732716259e-04
3.297721636199074853e-04
3.363894779017761842e-04
3.430610205698422983e-04
3.497855229309559965e-04
3.565083521917273429e-04
3.631522298768938284e-04
3.696808019494399579e-04
3.761253698295140128e-04
3.825424667474767526e-04
3.889417107003718867e-04
3.952518388655891892e-04
4.013896996223031673e-04
4.073411443928083944e-04
4.131760038883620337e-04
4.189352249483396318e-04
4.245644110384939819e-04
4.299640030500723664e-04
4.351367166421030034e-04
4.401695084327623833e-04
4.450969445918032900e-04
4.498233700157799170e-04
4.542977322660373481e-04
4.586063280660171351e-04
4.628336777942944368e-04
4.668990485101565070e-04
4.707503121856011319e-04
4.745007625352466838e-04
4.782302290132500484e-04
4.818373901481380682e-04
4.853390862298401047e-04
4.888886395631254810e-04
4.924619145810839619e-04
4.959856253146970517e-04
4.996191279201291080e-04
5.033862886174157551e-04
5.071860171510509437e-04
5.111639442546308913e-04
5.153365550524129134e-04
5.195956903327152284e-04
5.240983253168944849e-04
5.287732887335098260e-04
5.335698907038030452e-04
5.386163227492669903e-04
5.437289230043564807e-04
5.490222247019811187e-04
5.544024326795303969e-04
5.598396775909502722e-04
5.653684233009884574e-04
5.708645459133362661e-04
5.764215233909125626e-04
5.819055237002569540e-04
5.874161963836886094e-04
5.928525563828055452e-04
5.983046649987683145e-04
6.037095768948464716e-04
6.091464169630390457e-04
6.145775892809686881e-04
6.200680693453349077e-04
6.255872395684875919e-04
6.311787971006097269e-04
6.368032626374273445e-04
6.424784485841342858e-04
6.481503949665683552e-04
6.538169025187053757e-04
6.594189346940361940e-04
6.649530835150454936e-04
6.703761888941995239e-04
6.757071211254691385e-04
6.809369200759100328e-04
6.861175626291798760e-04
6.912716861010704096e-04
6.964680911943833168e-04
7.017309761522427152e-04
7.071081546698110504e-04
7.125869766003673856e-04
7.181658691311899705e-04
7.237853287991539292e-04
7.294086326239786677e-04
7.349662815802467325e-04
7.404376841258912849e-04
7.457938688457811487e-04
7.510636142081576977e-04
7.562612851192857541e-04
7.614349055179145181e-04
7.665894042528892220e-04
7.717385819269985620e-04
7.768483737031693344e-04
7.819088934945925447e-04
7.868944333682329059e-04
7.918312552760032458e-04
7.967381842874699015e-04
8.016625563679087444e-04
8.066018452764022557e-04
8.115432476011053822e-04
8.164201622193696575e-04
8.211934206334398729e-04
8.258320969334335872e-04
8.303744304031659496e-04
8.348571303769323874e-04
8.393260586894505911e-04
8.437638323859358727e-04
8.481495578031506477e-04
8.524488290105540055e-04
8.566840729418376005e-04
8.608711020460620622e-04
8.650226657206283760e-04
8.690879703697708056e-04
8.730340497961631410e-04
8.768529180527215305e-04
8.806042128199473209e-04
8.843137549100606393e-04
8.879737612088510696e-04
8.915328713078314420e-04
8.949951243669476133e-04
8.983715090832745812e-04
9.016656673132733861e-04
9.048348024870414216e-04
9.078925564978235045e-04
9.108717440091698659e-04
9.137890795079753195e-04
9.165960644819454899e-04
9.192916898799619995e-04
9.218811357401779328e-04
9.243542376006840889e-04
9.266945532827501695e-04
9.289609097818957032e-04
9.311412271224275491e-04
9.331805582177465832e-04
9.350788660612981921e-04
9.368785350726010651e-04
9.385464804571621829e-04
9.401129412233782089e-04
9.415662629167292040e-04
9.428592424180518797e-04
9.440239133597096936e-04
9.450847608948448591e-04
9.460015338828825894e-04
9.468023039749830488e-04
9.474315234968697574e-04
9.479478595986581867e-04
9.483342162266806619e-04
9.485699097370467806e-04
9.486655210661342624e-04
9.486142445639594379e-04
9.484397710437240166e-04
9.481036185675782886e-04
9.476233214015826250e-04
9.469993704858813578e-04
9.462312936438720904e-04
9.453015509876156212e-04
9.442276085555054242e-04
9.430055625459683732e-04
9.416219346307954079e-04
9.400889020769144164e-04
9.384029529760929680e-04
9.365553530599098064e-04
9.345540999665918457e-04
9.323961382145768773e-04
9.300753664660782287e-04
9.276009275879493719e-04
9.249638118132229823e-04
9.221680587337314312e-04
9.192138961511606534e-04
9.160966088592181755e-04
9.128220851895266393e-04
9.093832338980998263e-04
9.057859709775832645e-04
9.020252746818098336e-04
8.981051636886913528e-04
8.940230927737101299e-04
8.897813814732970401e-04
8.853793004068638214e-04
8.808181584169575123e-04
8.760982438489120505e-04
8.712202507728635447e-04
8.661851952477931955e-04
8.609935173704771905e-04
8.556466902997335528e-04
8.501451218608683602e-04
8.444909040468368900e-04
8.386846276528048608e-04
8.327287706026421628e-04
8.266240399823481400e-04
8.203732055645949692e-04
8.139770335497084923e-04
8.074386231372174478e-04
8.007590192721656319e-04
7.939416373172822209e-04
7.869878822759798732e-04
7.799016275692299263e-04
7.726843715432611540e-04
7.653399718811989714e-04
7.578701500319079106e-04
7.502792836397855587e-04
7.425695644980090989e-04
7.347456329092835487e-04
7.268099144362458273e-04
7.187672748596836631e-04
7.106203608644202918e-04
7.023743481365409382e-04
6.940323755591386095e-04
6.855999797727164698e-04
6.770803844830982883e-04
6.684791869038419392e-04
6.598000588776734530e-04
6.510490820782161925e-04
6.422300544131805946e-04
6.333489815013589692e-04
6.244100110945047027e-04
6.154196739283419220e-04
6.063823256763654695e-04
5.973043964359190305e-04
5.881905062357195135e-04
5.790474912915557918e-04
5.698801141819709922e-04
5.606951230746530599e-04
5.514974958586780877e-04
5.422942897365966080e-04
5.330906198599646333e-04
5.238933886256785062e-04
5.147077497702486982e-04
5.055408888996341986e-04
4.963980870911307479e-04
4.872861489724611265e-04
4.782102465433967181e-04
4.691774622984683164e-04
4.601930057256702804e-04
4.512635166478772366e-04
4.423939675258349124e-04
4.335911015562710861e-04
4.248598771173833148e-04
4.162064447640500446e-04
4.076353935212420642e-04
3.991529045082506367e-04
3.907634363959986822e-04
3.824724652907007913e-04
3.742839566188741157e-04
3.662033847413993337e-04
3.582345193174141847e-04
3.503819718034595679e-04
3.426488449094051655e-04
3.350396843080790895e-04
3.275573933252528148e-04
3.202055631975204140e-04
3.129862977122798654e-04
3.059030755554300782e-04
2.989578079647167556e-04
2.921529722843408793e-04
2.854896035955872932e-04
2.789700581265743755e-04
2.725951930041965428e-04
2.663663273603964713e-04
2.602834054689016061e-04
2.543476745971887478e-04
2.485589657880455804e-04
2.429174773132407360e-04
2.374220870203552411e-04
2.320729823299172217e-04
2.268690401069819573e-04
2.218094464715600843e-04
2.168921269608230901e-04
2.121163048770911700e-04
2.074799996407116214e-04
2.029815325877148426e-04
1.986180442741008936e-04
1.943879603008079153e-04
1.902885989203924387e-04
1.863175952005759444e-04
1.824714743184029087e-04
1.787480646450022184e-04
1.751441983074758166e-04
1.716570269414749027e-04
1.682826422450705878e-04
1.650184755203475291e-04
1.618610767996039900e-04
1.588073382195348570e-04
1.558531202563380501e-04
1.529956553533589096e-04
1.502313884514352353e-04
1.475571569397913325e-04
1.449687766415058926e-04
1.424634720491790233e-04
1.400377469799072921e-04
1.376885400987272576e-04
1.354117767493294563e-04
1.332048184847770456e-04
1.310643841325638017e-04
1.289876361946465009e-04
1.269707220987757517e-04
1.250112339040712823e-04
1.231062093084026921e-04
1.212531344029702251e-04
1.194484656991372381e-04
1.176900878648796446e-04
1.159754175347291086e-04
1.143023154393196209e-04
1.126675972292586121e-04
1.110694805095772670e-04
1.095057898619604674e-04
1.079747784590402238e-04
1.064736270866685573e-04
1.050008895551759981e-04
1.035548057907302610e-04
1.021340239846847572e-04
1.007360781964092874e-04
9.935983469722921757e-05
9.800392777125798880e-05
9.666738404028384177e-05
9.534806885630682830e-05
9.404512885040319152e-05
9.275755985780636159e-05
9.148472958022466474e-05
9.022479487698448707e-05
8.897713945679120644e-05
8.774107981997094437e-05
8.651628232344817180e-05
8.530114383839943165e-05
8.409523177687079480e-05
8.289813855568486109e-05
8.170979102653588573e-05
8.052878522505172723e-05
7.935482401735439073e-05
7.818773315231265190e-05
7.702766389572659447e-05
7.587338100799216145e-05
7.472469143088995814e-05
7.358163156774394332e-05
7.244456060497307388e-05
7.131240093706986459e-05
7.018505146384718769e-05
6.906275632081014938e-05
6.794608852523678600e-05
6.683414029045972756e-05
6.572689656562112940e-05
6.462477991781607632e-05
6.352852715541070546e-05
6.243734191846642546e-05
6.135121320058351945e-05
6.027063685630414678e-05
5.919638350332210333e-05
5.812763266169010016e-05
5.706422290974304007e-05
5.600657258659753977e-05
5.495536910614108968e-05
5.390971471082080127e-05
5.286928431512003603e-05
5.183444703475557940e-05
5.080590623965493215e-05
4.978290908645604168e-05
4.876525217232982975e-05
4.775354090216390150e-05
4.674876711782217296e-05
4.575060796219944430e-05
4.475918601941061213e-05
4.377537758024791783e-05
4.280028025115016415e-05
4.183366662190829264e-05
4.087547601676618327e-05
3.992615345001577278e-05
3.898612239226183489e-05
3.805459965642477461e-05
3.713090159294789462e-05
3.621494857961328451e-05
3.530690521835009053e-05
3.440639874211404332e-05
3.351347013221560366e-05
3.262908062993881045e-05
3.175453511218129905e-05
3.089065845631282090e-05
3.003807037976319769e-05
2.919745053920381965e-05
2.836877091829817586e-05
2.755091666293256000e-05
2.674201889727978703e-05
2.594051855591605400e-05
2.514507497221088439e-05
2.435529643198407849e-05
2.357207557744854274e-05
2.279861141270667199e-05
2.203943466288624381e-05
2.130012324657731081e-05
2.058588507979972054e-05
1.990125232211688630e-05
1.924841528234691798e-05
1.862730715900431962e-05
1.803518315165788467e-05
1.746797605899278239e-05
1.692056852768396313e-05
1.638845688906755054e-05
1.586796613791929993e-05
1.535718925100134358e-05
1.485525921668658221e-05
1.436261207814652094e-05
1.387993313546268021e-05
1.340818284840802281e-05
1.294783287849189912e-05
1.249949690128045940e-05
1.206349787730141458e-05
1.164015253904652736e-05
1.122920677157704892e-05
1.083031084843504528e-05
1.044257194835463837e-05
1.006480155613827040e-05
9.695407475829363489e-06
9.333308468495658987e-06
8.978004802593003220e-06
8.629810444774090841e-06
8.289535420221383233e-06
7.958675696120690824e-06
7.638765817291131593e-06
7.330813114364468222e-06
7.034786395044133655e-06
6.749994115000952593e-06
6.475239592716278067e-06
6.209037854442908937e-06
5.949789020915899016e-06
5.696212476770885247e-06
5.447333076741665062e-06
5.202351701790066141e-06
4.960679850998111610e-06
4.722280270111894201e-06
4.487756325681320595e-06
4.258050732786045249e-06
4.034176345284826170e-06
3.817181748308628234e-06
3.608029288579276046e-06
3.407361539689616225e-06
3.215574606072464271e-06
3.032798275494752992e-06
2.858977500287435739e-06
2.694078516001583698e-06
2.537988580027940826e-06
2.390320688752996925e-06
2.250734370858809943e-06
2.118787069361617785e-06
1.993703888498323658e-06
1.874974858652282821e-06
1.762548594052849931e-06
1.656253976586075061e-06
1.555975108193593115e-06
1.461491023992654903e-06
1.372323323780937887e-06
1.288234549154904194e-06
1.209001677067194735e-06
1.134242229617542985e-06
1.063686956105865341e-06
9.973125137829738954e-07
9.349074918982453032e-07
8.762621417756389459e-07
8.213741745802491236e-07
7.699182972372636872e-07
7.215767193746832670e-07
6.762843309612161669e-07
6.338301216849507252e-07
5.939643313881794704e-07
5.565406099305480845e-07
5.216167919779363184e-07
4.888593494541996257e-07
4.581384803637852356e-07
4.294163435343250181e-07
4.024439062873597689e-07
3.770953935988825477e-07
3.533445161515029432e-07
3.311328075655600799e-07
3.102586551318657897e-07
2.907144718918607429e-07
2.724037443746004861e-07
2.551943703127521663e-07
2.391194597806528109e-07
2.239858705520461361e-07
2.097970649933671299e-07
1.964605901137027082e-07
1.840635575527080901e-07
1.724307233230837424e-07
1.614901403996960051e-07
1.512037720386711588e-07
1.415710739859248747e-07
1.326327127027674948e-07
1.242052671420896001e-07
1.162827057813063520e-07
1.088939739671390595e-07
1.020250964343157793e-07
9.552719533348904576e-08
8.941954366068424226e-08
8.376552506983983312e-08
7.848153367839711903e-08
7.348205543332225326e-08
6.880561909488552591e-08
6.446952758375432750e-08
6.040637250254232276e-08
5.657393706476313064e-08
5.298217905770407159e-08
4.964058628723260597e-08
4.653229520946381061e-08
4.361230911786621247e-08
4.084085760224938450e-08
3.826761083172538475e-08
3.588854455155493828e-08
3.365211691279476525e-08
3.152319799901247938e-08
2.954556749436320562e-08
2.772231114693411207e-08
2.599755563959618256e-08
2.436993947683840493e-08
2.285101446812429757e-08
2.144942501604672371e-08
2.011570521517223110e-08
1.887208221535985549e-08
1.770750344076233496e-08
1.662518999579849092e-08
1.559595133931344492e-08
1.464120259005957398e-08
1.374666552301220917e-08
1.291118899798895317e-08
1.211894989451517358e-08
1.138271322597600371e-08
1.069059297480301367e-08
1.004889902176463276e-08
9.439850206670102277e-09
8.868246313283653252e-09
8.329948546447347072e-09
7.838254675364477428e-09
7.371006209087573914e-09
6.924675471756094101e-09
6.504797210526521031e-09
6.127786584289499395e-09
5.769543301599928326e-09
5.419084246551648610e-09
5.090806018325192291e-09
4.801767125362940763e-09
4.527128083973543626e-09
4.251166923221683449e-09
3.993073911339353467e-09
3.771376788881286021e-09
3.560257769207443162e-09
3.343479044070440797e-09
3.139502982484051300e-09
2.969078314690064408e-09
2.805983623560691858e-09
2.636044924787954159e-09
2.474416382725118638e-09
2.343020836383286010e-09
2.216269710727301852e-09
2.083167490522616164e-09
1.955273248680656242e-09
1.853236076755268463e-09
1.754206654991392538e-09
1.649801317393247954e-09
1.549209577058725095e-09
1.469160259965807498e-09
1.391392878244070196e-09
1.309347764903216459e-09
1.230728855515701116e-09
1.167070280470323925e-09
1.106007439011433100e-09
1.041447009925401414e-09
9.800890931731433635e-10
9.288734215039519274e-10
8.812097007155155803e-10
8.300160407707888493e-10
7.822286037063548552e-10
7.408729837469810250e-10
7.035907274955509382e-10
6.627336996762545222e-10
6.257989447816029199e-10
5.919314166079804206e-10
5.630685764948512945e-10
5.301076541162994179e-10
5.016608252986199114e-10
4.738765316787495821e-10
4.514214989054440500e-10
4.248862314854687033e-10
4.028017302677885544e-10
3.801488413833264271e-10
3.624980050859729077e-10
3.412140727837007186e-10
3.239108890609261548e-10
3.055423952698216939e-10
2.915402155516694304e-10
2.745083756489873128e-10
2.608393718682780276e-10
2.459995735059705182e-10
2.348018054417646800e-10
2.211909181084202310e-10
2.103163848288831155e-10
1.983576254269655255e-10
1.893441274368773275e-10
1.784681365042711331e-10
1.697672429015743900e-10
1.601428999610844829e-10
1.528504860142783816e-10
1.441519172837306300e-10
1.371549780450880163e-10
1.294089015496309641e-10
1.234853066262048006e-10
1.165172523557156765e-10
1.108703224965571478e-10
1.046308397029269478e-10
9.980348354435045657e-11
9.420637645529028275e-11
8.963335863117572488e-11
8.459853980204894032e-11
8.065461081729637229e-11
7.614495761859650705e-11
7.243084874252817707e-11
6.835792006183717754e-11
6.512707605424958481e-11
6.147965630036305723e-11
5.845418818509460272e-11
5.514966746194242510e-11
5.249636217920458240e-11
4.953361014371640073e-11
4.706073779574982606e-11
4.436964660178300127e-11
4.218451769803544317e-11
3.976709370753575236e-11
3.773885770434333808e-11
3.553798969817907209e-11
3.373241138484094476e-11
3.175007580386165912e-11
3.008038519930406048e-11
2.827260030146404333e-11
2.677582228326598012e-11
2.514204743285319944e-11
2.376228593267888665e-11
2.227088331108110253e-11
2.102652848056746270e-11
1.967409427205207115e-11
1.853063255703143065e-11
1.729614461012823376e-11
1.626002399229958333e-11
1.513719110412651597e-11
1.418886707451896320e-11
1.316584916928596115e-11
1.230431810191021402e-11
1.137284567250502847e-11
1.058912489767330373e-11
9.743779421176759879e-12
9.032864008660319925e-12
8.265192454008728532e-12
7.624275605937796258e-12
6.933583220717620811e-12
6.356695396745330991e-12
5.734211804613198280e-12
5.222602031894964338e-12
4.670835879444522573e-12
4.218125607982102075e-12
3.729078601511425485e-12
3.338404145140999682e-12
2.916052740661396902e-12
2.581354788372851281e-12
2.218226080484208760e-12
1.942890848124370889e-12
1.642869700768304452e-12
1.420954825601521740e-12
1.176420873929213940e-12
1.009921784498453397e-12
8.233540593078915813e-13
7.055483289821549054e-13
5.681339186919544422e-13
4.983228035695538856e-13
4.097906734815974495e-13
3.794651877270753119e-13
3.289100755093242462e-13
3.337738019558869084e-13
3.174758727491626096e-13
3.467720999380823668e-13
3.516274423321547998e-13
3.977655308903548304e-13
4.172320681841115389e-13
4.682419856730761646e-13
4.885812214273590974e-13
5.358249213815461192e-13
5.503689817975585518e-13
5.837768415710262882e-13
5.818022627437372678e-13
5.959200419230997986e-13
5.751059197500956179e-13
5.662431484233280378e-13
5.233623169347249121e-13
4.936114300198355846e-13
4.344508564265393674e-13
3.892584075080678372e-13
3.197152816042735977e-13
2.690276285962236608e-13
2.015361376758551796e-13
1.563991622087067784e-13
1.004269994856185687e-13
7.121356024765223774e-14
3.659381626692633381e-14
2.917723257895514874e-14
1.739300518551159826e-14
3.114070775632213396e-14
3.897155821457792281e-14
6.610462330457881485e-14
8.175021472375493170e-14
1.095947820331121150e-13
1.206473865014505789e-13
1.367763480655096601e-13
1.321295240770105688e-13
1.299367263433437658e-13
1.085280613572788097e-13
9.153319304313769278e-14
6.091292062293375208e-14
4.108046508744916150e-14
1.592903525668501227e-14
7.193216050774319521e-15
-2.114967565347968690e-15
6.044522870134745460e-15
1.256812462474136520e-14
3.072656991765283378e-14
4.023492130479619541e-14
5.315969116510057543e-14
5.173118436619725242e-14
4.972524153386988961e-14
3.433020454263416588e-14
2.278711484162784478e-14
6.102288803600803154e-15
8.624354012895007382e-16
-3.340715317684709053e-15
5.243426487047473421e-15
1.206140726756486388e-14
2.391089554527393481e-14
2.568069867776124234e-14
2.597894406994142482e-14
1.558511248366705392e-14
8.014728048884973047e-15
-1.704424454885129804e-15
-9.068082459682133206e-16
1.536641375958360891e-15
1.097517096138426417e-14
1.409808199861980043e-14
1.569109930363472537e-14
8.126032873016661201e-15
2.866629971120700576e-15
-2.671207349307720475e-15
1.002442630311970324e-15
4.819659028962477598e-15
1.050767586911451896e-14
7.903143145845137745e-15
4.297024072938540610e-15
-1.632020383550204973e-15
3.539328026122288400e-17
2.778289019201797609e-15
7.289599974435478483e-15
4.549769868392220811e-15
1.497712326661270079e-15
-1.744357365340668290e-15
1.861054893228166780e-15
3.914306064284110519e-15
4.383765951888569863e-15
-1.566302608351065649e-16
-2.813649524887430991e-16
1.286996407006190689e-15
3.989252238999375182e-15
9.766971522314804202e-16
-2.664803058848499317e-16
3.197378093801251257e-16
3.065615125319403071e-15
7.389743126217417165e-16
-1.916637408488661123e-16
5.380471539983258755e-16
2.356476562885946857e-15
-1.706281518754975604e-16
1.500734503634182213e-16
1.144115091112667045e-15
1.110855867879903406e-15
-6.703380636732809261e-16
1.246195275231341229e-15
5.463934060502632468e-16
-1.730016215611388129e-17
4.981503975437372553e-16
8.393530086095228766e-16
-4.509189690744447118e-16
1.019229964513243440e-15
-6.554816145951943340e-17
2.942554654568768801e-16
4.229728678414223766e-16
6.428394445167976843e-17
2.835943204604513562e-16
2.957424620655372722e-16
-3.082466098304473632e-17
4.909272285645020974e-16
-1.898400581308433971e-16
5.198158290115591548e-16
-2.078269257986660550e-16
4.622934828901551501e-16
-1.759650347499534368e-16
3.909176693655917248e-16
-1.426348273275817100e-16
3.316536274412383555e-16
-1.195582906395011876e-16
2.867695978871161808e-16
-1.052739759584937647e-16
2.525623139679873474e-16
-9.637710302305417811e-17
2.255119540770840003e-16
-9.040008781199831765e-17
2.032963005974701059e-16
-8.591898093421566136e-17
1.845092008155593706e-16
-8.217626977669623614e-17
1.682934137759661662e-16
-7.878177522419046904e-17
1.541015640589138815e-16
-7.553859009731569146e-17
1.415628469008996169e-16
-7.235053577898544847e-17
1.304113306492941451e-16
-6.917397692534233873e-17
1.204468879183391091e-16
-6.599255408024470830e-17
1.115131324342066730e-16
-6.280371381844225184e-17
1.034843607816818383e-16
-5.961140647107997168e-17
9.625743184174077783e-17
-5.642208570480878112e-17
8.974645922276721298e-17
-5.324251984822202116e-17
8.387918422276942449e-17
-5.007861389273924247e-17
7.859439195523936581e-17
-4.693480627840756189e-17
7.384001037643149993e-17
-4.381379044963684208e-17
6.957166731584559608e-17
-4.071642125339402714e-17
6.575157410459791580e-17
-3.764172077011660102e-17
6.234764401252092613e-17
-3.458693464178219060e-17
5.933278949077387765e-17
-3.154760952526902436e-17
5.668435442601645662e-17
-2.851767329178352930e-17
5.438365755805779266e-17
-2.548950899571596458e-17
5.241562072019430709e-17
-2.245401520356519421e-17
5.076847140663532895e-17
-1.940065038411983881e-17
4.943350378393067071e-17
-1.631745962317693889e-17
4.840489220619625795e-17
-1.319108372888208619e-17
4.767954806876057170e-17
-1.000674965546840885e-17
4.725701482060693280e-17
-6.748243720369617745e-18
4.713939679633817813e-17
-3.397868244888228266e-18
4.733131807799561205e-17
6.361798291205799304e-20
4.783990662961246739e-17
3.657074079187322102e-18
4.867480377126069669e-17
7.405065931634846089e-18
4.984819370785875216e-17
1.133196696779400493e-17
5.137485190856806396e-17
1.546407165924650205e-17
5.327221065389217581e-17
1.982971829676974891e-17
5.556043818943771312e-17
2.445942078622978339e-17
5.826252984814650390e-17
2.938600646607000602e-17
6.140440832223898280e-17
3.464475811777470027e-17
6.501502904111496897e-17
4.027355646143928801e-17
6.912648857072878787e-17
