# bin_5_1
2.695114621745966490e-06
2.078064139870700841e-06
2.893880660597397603e-06
2.329836351307003235e-06
3.115612410865978313e-06
2.603086893702319383e-06
3.361997911219481802e-06
2.899690725879561636e-06
3.634860770000615282e-06
3.221652953929460600e-06
3.936159037920834144e-06
3.571106854024151109e-06
4.267982136848760939e-06
3.950309719125554318e-06
4.632545289743703793e-06
4.361635911529362792e-06
5.032180802371788486e-06
4.807566428768092985e-06
5.469325460501518800e-06
5.290674194740093556e-06
5.946503215629099906e-06
5.813604206578215953e-06
6.466302257671079919e-06
6.379047590439435911e-06
7.031345486581092512e-06
6.989708553466343490e-06
7.644253360536774124e-06
7.648263185178066518e-06
8.307598076489603776e-06
8.357309086423884658e-06
9.023848086425114031e-06
9.119304882887030485e-06
9.795302089662116660e-06
9.936498851306245429e-06
1.062401186966938135e-05
1.081084621740560781e-05
1.151169374744644790e-05
1.174391515982606629e-05
1.245962901544774078e-05
1.273678226565414079e-05
1.346855455197287503e-05
1.378991917671843386e-05
1.453854597207688191e-05
1.490307348114352923e-05
1.566889716992260546e-05
1.607514861238420334e-05
1.685800202546418786e-05
1.730408964763784660e-05
1.810324639122794249e-05
1.858678444398046358e-05
1.940092122866686773e-05
1.991899250324217753e-05
2.074617086017615687e-05
2.129531714493776160e-05
2.213299354367825875e-05
2.270923978697378750e-05
2.355431466029187673e-05
2.415323794118339252e-05
2.500215519662053442e-05
2.561901033385304599e-05
2.646791917361349694e-05
2.709783243431575833e-05
2.794282218035357859e-05
2.858106247589754933e-05
2.941847788391753910e-05
3.006081030486630330e-05
3.088764877586513415e-05
3.153076748119268457e-05
3.234514979353997441e-05
3.298717537553100666e-05
3.378886742363611609e-05
3.442987742836308524e-05
3.522082174816911572e-05
3.586336222112544096e-05
3.664815548924661265e-05
3.729765756748842828e-05
3.808388592339837018e-05
3.874888771943900970e-05
3.954720992467788699e-05
4.023926578811150284e-05
4.106312184915721173e-05
4.179627694435974268e-05
4.266110672364973065e-05
4.345083585213520592e-05
4.437273043886863234e-05
4.523429864383220580e-05
4.622808898028394817e-05
4.717439834805985951e-05
4.825131852268858107e-05
4.929046374963770127e-05
5.045570665823803977e-05
5.158865834260036623e-05
5.283934431642051561e-05
5.405837464373309967e-05
5.538262405565499736e-05
5.667121216506185248e-05
5.804906146859996444e-05
5.938396102552797988e-05
6.079067413987398897e-05
6.214647830774322284e-05
6.355827793974541424e-05
6.491410158271939095e-05
6.631545191595010068e-05
6.766231493249572147e-05
6.905277426352990648e-05
7.039918116521060151e-05
7.179691546411446940e-05
7.316952901154278634e-05
7.460850018356943668e-05
7.604544003690389548e-05
7.756478673757904638e-05
7.910155052752200760e-05
8.072908436069935374e-05
8.238124595085826796e-05
8.411750865853476113e-05
8.586863157253709212e-05
8.768119902466602696e-05
8.948567023110623865e-05
9.132176251481494958e-05
9.312702161960209580e-05
9.494339854376462938e-05
9.672359168066583602e-05
9.851833199542180304e-05
1.002975581325046963e-04
1.021182973272834269e-04
1.039591286536364082e-04
1.058706220379869434e-04
1.078243031984173986e-04
1.098501918754793454e-04
1.119033551920510804e-04
1.139931197672208578e-04
1.160681107706205278e-04
1.181369591127912446e-04
1.201664226320652777e-04
1.221870443326488267e-04
1.241951707663425670e-04
1.262379909824585731e-04
1.283175202055855831e-04
1.304618613288058965e-04
1.326432827543979904e-04
1.348520646439243847e-04
1.370397722449716782e-04
1.391971149895708461e-04
1.413079209652859066e-04
1.434063837279939352e-04
1.455156870417050269e-04
1.476746333530530098e-04
1.498756144703848364e-04
1.520996949460602199e-04
1.542957914555202477e-04
1.564419605582228893e-04
1.585376751153658636e-04
1.606279810876369855e-04
1.627497886650915225e-04
1.649163529400916536e-04
1.670875923540982618e-04
1.692145540494187264e-04
1.712748821903067951e-04
1.733051167103716273e-04
1.753598789859207646e-04
1.774568542903748943e-04
1.795505068134104127e-04
1.815825237294749195e-04
1.835544941122142499e-04
1.855283468244981197e-04
1.875504013258604344e-04
1.895804864796042785e-04
1.915522479028459546e-04
1.934678595335591106e-04
1.954090014909590613e-04
1.973992767262602453e-04
1.993720778899039329e-04
2.012777420295617690e-04
2.031921912565396468e-04
2.051689163070335976e-04
2.071464606793379777e-04
2.090633373643934476e-04
2.110092836435905879e-04
2.130228742393772557e-04
2.150182641103383157e-04
2.169787810150420769e-04
2.190193151196488924e-04
2.210869361742755560e-04
2.231137676332743181e-04
2.251923024953097878e-04
2.273332117941615274e-04
2.294218708321072689e-04
2.315699165295146550e-04
2.337610333154442350e-04
2.359101150658929401e-04
2.381202014320530074e-04
2.403443399659928315e-04
2.425281438006616651e-04
2.447936872773459139e-04
2.469890797986090485e-04
2.492340021364422608e-04
2.514553778148352278e-04
2.536626979165226814e-04
2.558883064454229249e-04
2.580666217353685303e-04
2.602745723862919642e-04
2.624335740729291807e-04
2.646177908400464758e-04
2.667655552575010818e-04
2.689331578787570597e-04
2.710794919903132061e-04
2.732438157219022425e-04
2.753997379133669770e-04
2.775734719891595416e-04
2.797467282657928192e-04
2.819356960366960294e-04
2.841254938525538298e-04
2.863244780129005481e-04
2.885189748379365883e-04
2.907119417345259481e-04
2.928911082102460327e-04
2.950572211994358205e-04
2.972012350663197919e-04
2.993250225571653621e-04
3.014246182322781486e-04
3.035049603753898497e-04
3.055671299806046997e-04
3.076182168447705008e-04
3.096614539951408267e-04
3.117024642493000999e-04
3.137421644712958956e-04
3.157809481245306979e-04
3.178147505934117824e-04
3.198384433459885794e-04
3.218449872403004726e-04
3.238281393211990176e-04
3.257834152060700003e-04
3.277089323763032400e-04
3.296063095897413500e-04
3.314786362079183380e-04
3.333307247917386795e-04
3.351651645135122494e-04
3.369835584698077343e-04
3.387830920196440733e-04
3.405605074524034538e-04
3.423099893867643617e-04
3.440288007927477256e-04
3.457142912035526491e-04
3.473684151259544164e-04
3.489921359728722391e-04
3.505886812202606870e-04
3.521571579738612835e-04
3.536971469615792841e-04
3.552039088996217513e-04
3.566751847493873748e-04
3.581072965970073492e-04
3.595020024495921120e-04
3.608607267272798732e-04
3.621887482098163106e-04
3.634864596156312487e-04
3.647529857008544691e-04
3.659804293657594886e-04
3.671636045943684336e-04
3.682986351289646424e-04
3.693905159927537182e-04
3.704428608888102326e-04
3.714580075276180892e-04
3.724294431255923939e-04
3.733534861352830040e-04
3.742288535052563209e-04
3.750610810599941587e-04
3.758491299697880642e-04
3.765896736933074481e-04
3.772777917199644088e-04
3.779180504540141585e-04
3.785127072894978141e-04
3.790603496762221338e-04
3.795532189459568267e-04
3.799919337027568632e-04
3.803789414810450440e-04
3.807163215953816371e-04
3.809981639107933179e-04
3.812235064454912625e-04
3.813938926069328651e-04
3.815118722958795849e-04
3.815710906875307640e-04
3.815724523245772604e-04
3.815208843103415261e-04
3.814142351023499730e-04
3.812426322636081749e-04
3.810123235752965114e-04
3.807254854306237014e-04
3.803774537246404266e-04
3.799675878247956102e-04
3.794989395881856616e-04
3.789693719755095813e-04
3.783790746496193619e-04
3.777267188927964695e-04
3.770128349009565041e-04
3.762350517765645271e-04
3.753950747888937125e-04
3.744921039175192075e-04
3.735259576638488691e-04
3.724970360836413457e-04
3.714073512443307433e-04
3.702498769032513590e-04
3.690321839835899597e-04
3.677482262809415653e-04
3.664023518487526001e-04
3.649925904191664836e-04
3.635199481620073232e-04
3.619837284403607316e-04
3.603836696448317004e-04
3.587209769129481407e-04
3.569950342808423044e-04
3.552076000472910054e-04
3.533570858652431367e-04
3.514445250504989195e-04
3.494705321448918450e-04
3.474355754982062696e-04
3.453405391260666764e-04
3.431850454515923340e-04
3.409703026342931782e-04
3.386965390669108311e-04
3.363653839540729990e-04
3.339763561960275772e-04
3.315311348955996625e-04
3.290302804377375520e-04
3.264754398579958997e-04
3.238667104415052862e-04
3.212059302168140300e-04
3.184938054321687561e-04
3.157319799078422908e-04
3.129209529569680626e-04
3.100630626975957207e-04
3.071587008389000729e-04
3.042097499297801138e-04
3.012172005682016407e-04
2.981831421242439476e-04
2.951082800750595876e-04
2.919951302886764121e-04
2.888444778227521373e-04
2.856585198295602513e-04
2.824383292666926689e-04
2.791861673708142090e-04
2.759033473818036926e-04
2.725921635418113815e-04
2.692537613827253730e-04
2.658907540420317938e-04
2.625045673528347357e-04
2.590979499924508781e-04
2.556723435564699763e-04
2.522305713112314935e-04
2.487743170322153133e-04
2.453063550817379782e-04
2.418282262268025120e-04
2.383425939052149134e-04
2.348510432426500257e-04
2.313561480412112601e-04
2.278593441812359628e-04
2.243632839946920680e-04
2.208696896292354473e-04
2.173812130216563020e-04
2.138994830505615524e-04
2.104272482257810043e-04
2.069662889061617945e-04
2.035193376743116766e-04
2.000881672243846887e-04
1.966753719514382061e-04
1.932825349142228578e-04
1.899118883097146774e-04
1.865645537362415772e-04
1.832426695770584765e-04
1.799477254518456939e-04
1.766821265020002813e-04
1.734474059592256215e-04
1.702457461676317450e-04
1.670784172465673227e-04
1.639473085311993759e-04
1.608533462509020818e-04
1.577980264656777220e-04
1.547821172167402845e-04
1.518071006621416049e-04
1.488739855719800078e-04
1.459845484241569890e-04
1.431396170760858668e-04
1.403401377897526452e-04
1.375861883075705258e-04
1.348786039388043267e-04
1.322178067035331684e-04
1.296048371967142040e-04
1.270400815376824253e-04
1.245242921713978228e-04
1.220572114650555768e-04
1.196388945198005122e-04
1.172691384833273901e-04
1.149486650175325761e-04
1.126774945811501421e-04
1.104556659029918853e-04
1.082823060613192237e-04
1.061571174767128128e-04
1.040799766446100238e-04
1.020512594602278008e-04
1.000700039456092701e-04
9.813530114211229934e-05
9.624658667193741626e-05
9.440403973296295870e-05
9.260678085587258415e-05
9.085378233035455698e-05
8.914393331769309239e-05
8.747739697233906388e-05
8.585314817786269994e-05
8.426988788443955743e-05
8.272664137262751398e-05
8.122332697328588113e-05
7.975866943652668397e-05
7.833117761755067833e-05
7.694036251285776384e-05
7.558571424585639039e-05
7.426547890680811200e-05
7.297886497488227924e-05
7.172530660109659791e-05
7.050352551669640164e-05
6.931252196493889841e-05
6.815166999420687536e-05
6.701945452889254099e-05
6.591562312695364964e-05
6.483903088522103718e-05
6.378838875189809740e-05
6.276335965938157713e-05
6.176277928127402769e-05
6.078592011220507039e-05
5.983176428172525229e-05
5.889933339647579784e-05
5.798826644506792805e-05
5.709721090535129455e-05
5.622560223937658427e-05
5.537229582279064549e-05
5.453702584851384359e-05
5.371862444669026841e-05
5.291645713598467141e-05
5.212969157419736557e-05
5.135805663361788528e-05
5.060070099728362729e-05
4.985703772654054717e-05
4.912643365091960013e-05
4.840863367204214699e-05
4.770292635112171085e-05
4.700866219124574710e-05
4.632523486732539138e-05
4.565235657266640209e-05
4.498937347790559697e-05
4.433567517167530419e-05
4.369079828443873204e-05
4.305461850973965919e-05
4.242674644575734032e-05
4.180671315685611882e-05
4.119420139644125738e-05
4.058913427662963106e-05
3.999106833878185544e-05
3.939946109138318741e-05
3.881389354678886340e-05
3.823430905389552613e-05
3.766043502796067807e-05
3.709192204556973889e-05
3.652860860330401065e-05
3.597058010353872175e-05
3.541761797732168260e-05
3.486923260233454341e-05
3.432508976472763428e-05
3.378522939031637591e-05
3.324958005213907874e-05
3.271793095718231382e-05
3.219021446158440485e-05
3.166656113144334457e-05
3.114680920445632082e-05
3.063056167697250707e-05
3.011765512243011668e-05
2.960843666277952817e-05
2.910306421171892510e-05
2.860129786424585126e-05
2.810286531620239246e-05
2.760784826755383677e-05
2.711636645847062018e-05
2.662836698002713295e-05
2.614376953436008992e-05
2.566260493910235373e-05
2.518479137409645004e-05
2.471016536453584522e-05
2.423876448796046882e-05
2.377076026394066044e-05
2.330604060852725605e-05
2.284437103773302236e-05
2.238584165250281902e-05
2.193073847383153569e-05
2.147902365339198125e-05
2.103053347626031563e-05
2.058544344988184329e-05
2.014403372029482177e-05
1.970628766327513529e-05
1.927222599141216607e-05
1.884198963712224186e-05
1.841565353179154871e-05
1.799331529218580446e-05
1.757513784974456235e-05
1.716096968464695554e-05
1.675089185062903703e-05
1.634529008157834640e-05
1.594407788734002898e-05
1.554712000554228597e-05
1.515486805657168086e-05
1.476729909207150963e-05
1.438442671544159333e-05
1.400627914180533911e-05
1.363275474490583768e-05
1.326403136803766231e-05
1.289992885855997963e-05
1.254043341113400697e-05
1.218583569701120166e-05
1.183635481355045639e-05
1.149260888901554839e-05
1.115502623964258029e-05
1.082456705884527220e-05
1.050183060950221044e-05
1.018757592261173079e-05
9.882082106628436508e-06
9.585709111204382369e-06
9.298341785610492898e-06
9.019950833888739034e-06
8.750248753532033911e-06
8.489232281554807922e-06
8.236731915914262902e-06
7.992797061285865338e-06
7.757192543151812637e-06
7.529701263524775148e-06
7.309655182112423217e-06
7.096370375280821220e-06
6.888793370284439906e-06
6.685927084165202982e-06
6.486531487921174632e-06
6.289655065265371239e-06
6.094440560264379527e-06
5.900587292210443591e-06
5.708056714240819863e-06
5.517318663663788522e-06
5.328781067694211000e-06
5.142859581572744354e-06
4.959715503196037455e-06
4.779775047501706266e-06
4.603593774316190547e-06
4.431993594235101973e-06
4.265602305476865650e-06
4.104940330157990963e-06
3.950071003469599770e-06
3.800767822205669394e-06
3.656442474195080547e-06
3.516554829260172384e-06
3.380471274936661584e-06
3.247645092019063460e-06
3.117689333140016640e-06
2.990823327656484668e-06
2.867390072960169284e-06
2.747413656633916635e-06
2.630703492693269819e-06
2.517608287506982183e-06
2.408418016305257776e-06
2.302866491885076694e-06
2.200727243812970568e-06
2.102449082717530862e-06
2.008271862230931358e-06
1.918207626912596302e-06
1.832165321312818474e-06
1.749818614783878312e-06
1.670871558453813273e-06
1.595130317435085199e-06
1.522072343366348049e-06
1.451732750300686545e-06
1.384333668174769552e-06
1.319825435758070444e-06
1.257975985822519059e-06
1.198777308211548934e-06
1.142154409303591801e-06
1.088199230912968298e-06
1.036550051958461323e-06
9.870319814028983195e-07
9.399751909626387557e-07
8.949083365526999665e-07
8.519972971498550519e-07
8.110326547328334467e-07
7.718826636850119283e-07
7.345119634382874621e-07
6.989607136794390073e-07
6.652394362986114190e-07
6.330893871132199952e-07
6.023358186455646282e-07
5.731414029696591901e-07
5.455307971799960047e-07
5.192011277265496067e-07
4.942540928451404534e-07
4.704905250435580588e-07
4.478669192850682437e-07
4.262588349257617072e-07
4.055192717520167585e-07
3.857487192770630826e-07
3.667915108868441202e-07
3.486868793716214006e-07
3.314848532670633765e-07
3.149862637157028579e-07
2.992717092457875319e-07
2.842701634480636467e-07
2.700553234249200061e-07
2.564849945477538018e-07
2.436350087054398229e-07
2.313375534159546364e-07
2.197012006664584408e-07
2.086151093785532291e-07
1.981490700175128815e-07
1.881923809218871520e-07
1.787813858367669459e-07
1.698775258635099665e-07
1.614288632710834071e-07
1.534424389358231552e-07
1.458035952228568431e-07
1.385395777031352539e-07
1.316527694759731217e-07
1.251118326603794054e-07
1.188958066601845654e-07
1.129921362707214714e-07
1.073839739946742296e-07
1.020591450262908943e-07
9.697488430838587201e-08
9.214092314790643449e-08
8.760781266087506930e-08
8.335570361750373757e-08
7.933495431687576068e-08
7.553773046250576857e-08
7.193032628507155981e-08
6.846779305720432203e-08
6.519248705501190349e-08
6.204287120382935032e-08
5.908078608670120330e-08
5.624474008948385758e-08
5.355607669699736372e-08
5.102169280674575043e-08
4.864049151742279304e-08
4.639360980054494303e-08
4.422162046710808640e-08
4.213470166346628344e-08
4.012205454698127076e-08
3.821257465508208223e-08
3.639565029568450924e-08
3.469886871399346212e-08
3.310767734005904592e-08
3.159932807176418743e-08
3.012998976485458390e-08
2.870283394200773609e-08
2.732768652727260727e-08
2.603306439897865653e-08
2.483932113623252888e-08
2.372723137996229640e-08
2.263918869272680670e-08
2.157052551893889339e-08
2.054134432735620356e-08
1.955979798915268060e-08
1.867066297413255745e-08
1.785889479561264481e-08
1.702501096850673479e-08
1.619055151505088890e-08
1.542530531825175067e-08
1.472547736305776260e-08
1.408956631439761275e-08
1.342135587308300106e-08
1.275292354079967013e-08
1.217052795068165754e-08
1.163958531343432850e-08
1.111080877035466870e-08
1.055237061296754649e-08
1.005871326706684835e-08
9.633919418019584921e-09
9.185042010915919738e-09
8.720775814724500278e-09
8.326048068289170973e-09
7.979192258521722951e-09
7.579105990964890080e-09
7.208256786296877890e-09
6.910877465250937855e-09
6.587300769415472931e-09
6.248638485756434560e-09
5.991461687334316786e-09
5.708712240454974440e-09
5.423550516944307748e-09
5.199997266212412634e-09
4.942216598390161846e-09
4.705031277352420007e-09
4.516768121202366791e-09
4.271519518436397530e-09
4.099079933935084468e-09
3.896014411348446747e-09
3.717486870577389507e-09
3.552319727350001413e-09
3.371663710561976273e-09
3.232888143053590974e-09
3.067235823632981634e-09
2.938438328659779476e-09
2.788400304734515164e-09
2.670092699250728078e-09
2.538097714050483106e-09
2.426243785649108371e-09
2.307103874344561955e-09
2.204980213838835905e-09
2.099067011029953175e-09
2.004007364556899754e-09
1.907577877678153454e-09
1.821359125651233026e-09
1.735055665165104451e-09
1.655476538908519309e-09
1.576518513656065341e-09
1.504536254432228007e-09
1.433672371248224730e-09
1.367484621311837956e-09
1.302554431625638309e-09
1.242658603651972932e-09
1.184328129447951785e-09
1.129393703252018708e-09
1.075905791937271803e-09
1.026170598345371977e-09
9.780616820583742993e-10
9.325623002706911771e-10
8.884418274171724492e-10
8.472283019693906405e-10
8.075116382962262122e-10
7.698627150502463252e-10
7.334568087071660490e-10
6.993352360630453298e-10
6.664969084706562795e-10
6.353722069015906714e-10
6.052878115493667250e-10
5.770526362724028640e-10
5.498753131107375581e-10
5.241522945468340459e-10
4.992983984101898087e-10
4.759469333085133482e-10
4.534577291769567109e-10
4.321922784758795064e-10
4.116477637231449205e-10
3.923240051716141799e-10
3.736962650247760450e-10
3.561059925101671956e-10
3.391201260216324752e-10
3.231316386474078751e-10
3.077073695908386095e-10
2.931546858946008476e-10
2.790955096620268785e-10
2.658561685397770300e-10
2.530619225534322337e-10
2.410112069963782499e-10
2.293591537692668212e-10
2.183923934073022472e-10
2.077766646572480837e-10
1.977860006010999381e-10
1.881133749372332510e-10
1.790158995363061792e-10
1.701897406196005823e-10
1.618946418232751373e-10
1.538574441986377276e-10
1.462957860528119007e-10
1.389415017924598301e-10
1.320393516443784896e-10
1.253420371622090680e-10
1.190491473757827212e-10
1.129088486399527350e-10
1.071495166109311127e-10
1.015551089103286812e-10
9.630042250439628518e-11
9.115869356144690217e-11
8.633834785495477019e-11
8.165242374168713422e-11
7.724977761919964302e-11
7.293140018803942165e-11
6.889138481502389282e-11
6.495433534287067512e-11
6.124750053354082642e-11
5.761658564140671998e-11
5.422505699422016540e-11
5.089943059611766746e-11
4.778153681498490404e-11
4.473387915269004501e-11
4.186735666504163070e-11
3.906936331259072101e-11
3.645676089973721219e-11
3.388155828926230536e-11
3.148550613065059576e-11
2.914089202428730252e-11
2.694870751068623158e-11
2.481219735765965988e-11
2.281326627235646895e-11
2.087471542833478058e-11
1.907105100181899377e-11
1.731506698748763342e-11
1.569425628976466188e-11
1.412208494047193631e-11
1.268215799132824257e-11
1.128761682462472062e-11
1.002056036616407213e-11
8.803328772451795313e-12
7.709636091428912845e-12
6.665760647937377518e-12
5.740488399983638337e-12
4.868285384475446616e-12
4.111097089001597421e-12
3.405691283134274152e-12
2.810150626776130909e-12
2.267073882806265572e-12
1.827826052635696759e-12
1.438038430355695481e-12
1.144779358354247642e-12
8.955959772188048995e-13
7.349253137469247910e-13
6.118373517972270209e-13
5.637195348049454794e-13
5.447410939281906624e-13
5.874280459246999707e-13
6.458639091747555190e-13
7.512483094316614562e-13
8.591057707731451838e-13
9.971553284561586009e-13
1.122411005470196314e-12
1.261564846979049465e-12
1.373106276962473546e-12
1.483789864119706682e-12
1.555236652848399095e-12
1.613273727144411798e-12
1.625151040906602989e-12
1.616458713907722083e-12
1.559426610531498978e-12
1.481661538543654595e-12
1.360473367415072950e-12
1.225317440997197056e-12
1.058211330379648024e-12
8.901799749519193547e-13
7.065313286277137452e-13
5.386667058664408159e-13
3.734423153970900277e-13
2.400262152857049668e-13
1.249643380502146127e-13
5.247637408940318772e-14
5.999549612912750866e-15
3.349414785372713560e-15
2.333955201539968822e-14
7.714669124387379995e-14
1.393347278446148035e-13
2.163883957422283127e-13
2.817468484831682905e-13
3.411117995081298286e-13
3.713519228235136566e-13
3.819240051017372397e-13
3.571226528100697769e-13
3.132670004089471815e-13
2.435128925062263042e-13
1.704148907064718618e-13
9.280813249419707881e-14
3.412969700961607534e-14
-8.423374680597412440e-15
-1.850645771160853490e-14
-7.710302731718115561e-15
2.892250915090565259e-14
7.083878334925542012e-14
1.159794134723558494e-13
1.428810561547582071e-13
1.529679951649929894e-13
1.345665199104169017e-13
1.010239244523046163e-13
5.378298845939712152e-14
1.467924446407974944e-14
-1.246076589544915835e-14
-1.314657444338703045e-14
3.197493054845356105e-15
3.496203833543469700e-14
6.153942004433740259e-14
7.762996076591486054e-14
6.973517535346082167e-14
4.718891924004931738e-14
1.492542109582781255e-14
-5.830035746410566469e-15
-1.116366766914196925e-14
4.699815032769573120e-15
2.587918455884117690e-14
4.360204302620122281e-14
4.161779501365130388e-14
2.552341759620084720e-14
2.325811963652623860e-15
-7.536401428729938370e-15
-2.468052402377476000e-15
1.554137415462889654e-14
2.715837098983959558e-14
2.542212187011638092e-14
8.466115175407915715e-15
-4.000425455990234448e-15
-4.115050434061321394e-15
9.515012881124153852e-15
1.866784036412352265e-14
1.520352705320350901e-14
9.102263206453265526e-16
-4.092220308101001970e-15
2.396552993570626752e-15
1.328931223257267438e-14
1.052130150636655688e-14
6.420652541061298408e-16
-3.524597300723565916e-15
5.053167372404730164e-15
9.853975414862976508e-15
4.087933679951467181e-15
-3.063357190829342740e-15
2.053316923818881723e-15
7.364888223319206388e-15
3.337303222254864458e-15
-2.513933335435608992e-15
2.688790357633822353e-15
5.479830498739690231e-15
4.863868941252681025e-16
-1.193080043538519254e-15
4.503351596249524720e-15
1.893806405242738178e-15
-1.121482324448875353e-15
2.416265240179348892e-15
2.597379764199570505e-15
-1.375137988736297746e-15
2.408438057912170849e-15
1.361941543291086989e-15
-5.532576062165838305e-16
1.999706722209694952e-15
6.011458298574396975e-16
-1.575180714370844240e-16
2.070606953384570334e-15
-7.919771246387483742e-16
1.603320204078822421e-15
-9.522920491410620925e-18
5.980274727092984438e-16
6.547277429986974558e-16
7.376727157066279917e-17
8.008544767698224275e-16
-1.434412084126070433e-17
6.761503026265605019e-16
5.224620439137469178e-17
5.049163208751112099e-16
1.243321217420071020e-16
3.675530036451582443e-16
1.658335037600017307e-16
2.713091790667860931e-16
1.813174437985990557e-16
2.049966072043250449e-16
1.813169398756439320e-16
1.579804066764755664e-16
1.734513767497466986e-16
1.233053823417695835e-16
1.621049451261231884e-16
9.682613348211699275e-17
1.495950054834211288e-16
7.607437353363401458e-17
1.370979185723170232e-16
5.952220320431211393e-17
1.251881214137105899e-16
4.617196914092454828e-17
1.141251076318464015e-16
3.533622263096349563e-17
1.040031740744029957e-16
2.651832739242283474e-17
9.483019670314532675e-17
1.934544139610467924e-17
8.656982596464257269e-17
1.352919558018441719e-17
7.916450556313809807e-17
8.841497599463527978e-18
7.254818785363731773e-17
5.098924897015058550e-18
6.665337125494679170e-17
2.152205734081994376e-18
6.141493739876482129e-17
-1.211572797615952228e-19
5.677215347621300658e-17
-1.822241279112193053e-18
5.266961332490089988e-17
-3.034704816195812743e-18
4.905756395601097956e-17
-3.827852998167457716e-18
4.589188192626137587e-17
-4.259031052289557001e-18
4.313385728712777027e-17
-4.375524223739238439e-18
4.074988094881598733e-17
-4.216083326498583289e-18
3.871109230825125182e-17
-3.812161989089198267e-18
3.699302216563541593e-17
-3.188926071692784602e-18
3.557525069047026761e-17
-2.366080362966431695e-18
3.444109233293377932e-17
-1.358547712723399173e-18
3.357731315421842031e-17
-1.770255736122132767e-19
3.297388288623585174e-17
1.171558341451373971e-18
3.262376243423797987e-17
2.683675833076314840e-18
3.252272540953281140e-17
4.358899766075720776e-18
3.266921248595856816e-17
6.199666889006657574e-18
3.306421603841650453e-17
8.211093111363211765e-18
3.371119286338709154e-17
1.040083395080648269e-17
3.461600290305730691e-17
1.277898352711541335e-17
3.578687124096002458e-17
1.535800703900199720e-17
3.723437078754741988e-17
1.815270176473939841e-17
3.897142339453585341e-17
2.118018202134326995e-17
4.101331664616374080e-17
2.445988433042826190e-17
4.337773351647320117e-17
2.801358819041921102e-17
4.608479169196111093e-17
3.186544879241620079e-17
4.915708937633155459e-17
3.604203720146637477e-17
