# z
0.000000000000000000e+00
4.026845637583892357e-02
8.053691275167784713e-02
1.208053691275167846e-01
1.610738255033556943e-01
2.013422818791946178e-01
2.416107382550335692e-01
2.818791946308724650e-01
3.221476510067113885e-01
3.624161073825503121e-01
4.026845637583892357e-01
4.429530201342282147e-01
4.832214765100671383e-01
5.234899328859060619e-01
5.637583892617449299e-01
6.040268456375839090e-01
6.442953020134227771e-01
6.845637583892617561e-01
7.248322147651006242e-01
7.651006711409396033e-01
8.053691275167784713e-01
8.456375838926174504e-01
8.859060402684564295e-01
9.261744966442952975e-01
9.664429530201342766e-01
1.006711409395973256e+00
1.046979865771812124e+00
1.087248322147650992e+00
1.127516778523489860e+00
1.167785234899328950e+00
1.208053691275167818e+00
1.248322147651006686e+00
1.288590604026845554e+00
1.328859060402684644e+00
1.369127516778523512e+00
1.409395973154362380e+00
1.449664429530201248e+00
1.489932885906040338e+00
1.530201342281879207e+00
1.570469798657718075e+00
1.610738255033556943e+00
1.651006711409396033e+00
1.691275167785234901e+00
1.731543624161073769e+00
1.771812080536912859e+00
1.812080536912751727e+00
1.852348993288590595e+00
1.892617449664429463e+00
1.932885906040268553e+00
1.973154362416107421e+00
2.013422818791946511e+00
2.053691275167785157e+00
2.093959731543624248e+00
2.134228187919462894e+00
2.174496644295301984e+00
2.214765100671141074e+00
2.255033557046979720e+00
2.295302013422818810e+00
2.335570469798657900e+00
2.375838926174496546e+00
2.416107382550335636e+00
2.456375838926174282e+00
2.496644295302013372e+00
2.536912751677852462e+00
2.577181208053691108e+00
2.617449664429530198e+00
2.657718120805369288e+00
2.697986577181207934e+00
2.738255033557047025e+00
2.778523489932886115e+00
2.818791946308724761e+00
2.859060402684563851e+00
2.899328859060402497e+00
2.939597315436241587e+00
2.979865771812080677e+00
3.020134228187919323e+00
3.060402684563758413e+00
3.100671140939597503e+00
3.140939597315436149e+00
3.181208053691275239e+00
3.221476510067113885e+00
3.261744966442952975e+00
3.302013422818792066e+00
3.342281879194630712e+00
3.382550335570469802e+00
3.422818791946308892e+00
3.463087248322147538e+00
3.503355704697986628e+00
3.543624161073825718e+00
3.583892617449664364e+00
3.624161073825503454e+00
3.664429530201342100e+00
3.704697986577181190e+00
3.744966442953020280e+00
3.785234899328858926e+00
3.825503355704698016e+00
3.865771812080537106e+00
3.906040268456375752e+00
3.946308724832214843e+00
3.986577181208053489e+00
4.026845637583893023e+00
4.067114093959731669e+00
4.107382550335570315e+00
4.147651006711408961e+00
4.187919463087248495e+00
4.228187919463087141e+00
4.268456375838925787e+00
4.308724832214765321e+00
4.348993288590603967e+00
4.389261744966442613e+00
4.429530201342282147e+00
4.469798657718120793e+00
4.510067114093959439e+00
4.550335570469798974e+00
4.590604026845637620e+00
4.630872483221476266e+00
4.671140939597315800e+00
4.711409395973154446e+00
4.751677852348993092e+00
4.791946308724832626e+00
4.832214765100671272e+00
4.872483221476509918e+00
4.912751677852348564e+00
4.953020134228188098e+00
4.993288590604026744e+00
5.033557046979865390e+00
5.073825503355704925e+00
5.114093959731543571e+00
5.154362416107382217e+00
5.194630872483221751e+00
5.234899328859060397e+00
5.275167785234899043e+00
5.315436241610738577e+00
5.355704697986577223e+00
5.395973154362415869e+00
5.436241610738255403e+00
5.476510067114094049e+00
5.516778523489932695e+00
5.557046979865772229e+00
5.597315436241610875e+00
5.637583892617449521e+00
5.677852348993288167e+00
5.718120805369127702e+00
5.758389261744966348e+00
5.798657718120804994e+00
5.838926174496644528e+00
5.879194630872483174e+00
5.919463087248321820e+00
5.959731543624161354e+00
6.000000000000000000e+00
