# bin_7_1
1.531570492643518016e-08
1.532591110725794823e-08
1.533630734710484835e-08
1.534689867404294749e-08
1.535768545112375540e-08
1.536867281149960229e-08
1.537986428126147475e-08
1.539126345135608395e-08
1.540287397245954616e-08
1.541469956047523866e-08
1.542674398220764369e-08
1.543901109034722118e-08
1.545150478582907192e-08
1.546422892535376129e-08
1.547718732802735941e-08
1.549038384638065717e-08
1.550382240810394540e-08
1.551750721805981327e-08
1.553144263304041671e-08
1.554563322977263362e-08
1.556008336862424708e-08
1.557481976113033730e-08
1.558979956727103233e-08
1.560503469738794155e-08
1.562056690470487491e-08
1.563638109266394284e-08
1.565248240195136378e-08
1.566887592627958566e-08
1.568555358417739372e-08
1.570255843630178724e-08
1.571985682522076185e-08
1.573746657700698665e-08
1.575539292943343767e-08
1.577364143528683440e-08
1.579222073990912787e-08
1.581113022344812877e-08
1.583037786181129110e-08
1.585068017670796187e-08
1.586990466825879049e-08
1.589019762701284565e-08
1.591085062892139539e-08
1.593187030457307464e-08
1.595326301807501318e-08
1.597505887358224314e-08
1.599720883919477009e-08
1.601974798242334794e-08
1.604267998052237880e-08
1.606602348489331192e-08
1.608977501950040729e-08
1.611394127071444205e-08
1.613852898173376281e-08
1.616354505191701067e-08
1.618899614405101448e-08
1.621488863465597336e-08
1.624122842976328490e-08
1.626802141828190322e-08
1.629527473740693823e-08
1.632299650675806282e-08
1.635120054071649793e-08
1.637987596537532329e-08
1.640903036953031376e-08
1.643870786670220214e-08
1.646887365541426804e-08
1.649954920984369487e-08
1.653072823290852402e-08
1.656244436092247815e-08
1.659469500762705797e-08
1.662748571654084110e-08
1.666081936862029277e-08
1.669470356013155521e-08
1.672915044342992237e-08
1.676416573335583186e-08
1.679975680153341099e-08
1.683594536625657492e-08
1.687271549936238461e-08
1.687083121013398667e-08
1.694803397111375935e-08
1.698658604685507229e-08
1.702577935860402307e-08
1.706559776952140165e-08
1.710604753463252498e-08
1.714714253849343417e-08
1.718888469139224661e-08
1.723128178343162303e-08
1.727433779615599393e-08
1.731805599672575240e-08
1.736244290730071011e-08
1.740750851192053613e-08
1.745326581906619502e-08
1.749972624726766109e-08
1.754689128913030245e-08
1.759476056816359452e-08
1.764333637085953471e-08
1.769263249613202271e-08
1.774265362577711598e-08
1.779340594372317694e-08
1.784489879064813702e-08
1.789712956264591618e-08
1.795011720659570947e-08
1.800385826770266659e-08
1.805835547988789532e-08
1.811361201170528859e-08
1.816963664365302072e-08
1.822643387954738188e-08
1.828400832572835890e-08
1.834236828593404813e-08
1.840151053776461264e-08
1.846143828343493210e-08
1.852215672787021690e-08
1.858364526606476708e-08
1.864597336564616524e-08
1.870907921516414076e-08
1.877298365517949828e-08
1.883769079374766307e-08
1.890320038953048247e-08
1.896950970979185771e-08
1.903661022333372133e-08
1.910453319885141813e-08
1.917325020143824147e-08
1.924276655873261507e-08
1.931307927850458294e-08
1.938418823066050208e-08
1.945609253591924642e-08
1.952878597883007608e-08
1.960227184920678729e-08
1.967653267679730559e-08
1.975157190419052475e-08
1.982735891397612607e-08
1.990394685880840268e-08
1.998128309535575273e-08
2.005935119463775265e-08
2.013816838149532001e-08
2.021772429515644980e-08
2.029800820226370562e-08
2.037899543528493608e-08
2.046069343653694014e-08
2.054306696152796428e-08
2.062611662389878610e-08
2.070982441637261592e-08
2.079417632626545514e-08
2.087916782904654161e-08
2.096476244377368977e-08
2.105095086749781083e-08
2.113770350981856790e-08
2.122502682450535973e-08
2.131287835056173547e-08
2.140124990367425963e-08
2.149011017592816199e-08
2.157943681646085562e-08
2.166920501313008884e-08
2.175939043734413601e-08
2.184996485892644347e-08
2.194090078733638020e-08
2.203216802833936558e-08
2.212373801384258562e-08
2.221557776003464260e-08
2.230765510948620111e-08
2.239993712177015646e-08
2.249238749808096739e-08
2.258497135644000808e-08
2.267765017822322363e-08
2.277038654096132603e-08
2.286314002643691996e-08
2.295587077536872102e-08
2.304853717100757579e-08
2.314109648687307833e-08
2.323351959522243029e-08
2.332572991565711765e-08
2.341770157945706792e-08
2.350939435684980796e-08
2.360076414518933673e-08
2.369172051697653532e-08
2.378226396149503589e-08
2.387232977031449905e-08
2.396178179602263407e-08
2.405083054514417139e-08
2.413916528354387703e-08
2.422677570582937880e-08
2.431367324114844724e-08
2.439987247525169327e-08
2.448519496291057775e-08
2.456963364185484598e-08
2.465314060123503454e-08
2.473568627274451615e-08
2.481720055545597418e-08
2.489764087172765357e-08
2.497696008677959721e-08
2.505510686308421737e-08
2.513204759176101468e-08
2.520773545871524344e-08
2.528211982634202269e-08
2.535516415452224896e-08
2.542682044990011280e-08
2.549706150756759553e-08
2.556585034372756208e-08
2.563313933024399798e-08
2.569889465301017083e-08
2.576309438593649439e-08
2.582570199549966440e-08
2.588669380056572913e-08
2.594602584169873830e-08
2.600368731325248595e-08
2.605964815083936590e-08
2.611389588082972833e-08
2.616638895592286292e-08
2.621711880450609013e-08
2.626606762769723304e-08
2.631321993263338464e-08
2.635856016474361023e-08
2.640207574108402591e-08
2.644375529078739323e-08
2.648359015476354951e-08
2.652157342666762518e-08
2.655770031827319801e-08
2.659196289120284542e-08
2.662436768223960553e-08
2.665490978660860811e-08
2.668359143295823862e-08
2.671041902009848067e-08
2.673539591431933978e-08
2.675853335298447847e-08
2.677984198981883091e-08
2.679933341043565538e-08
2.681702064285113985e-08
2.683291867780239487e-08
2.684703947031973373e-08
2.685941156527212034e-08
2.687004999699645537e-08
2.687897475968985813e-08
2.688621919018335176e-08
2.689177358014253429e-08
2.689567675374224793e-08
2.689793064786915192e-08
2.689855763661815028e-08
2.689757132629657563e-08
2.689499324545914798e-08
2.689081295731402178e-08
2.688504689000620461e-08
2.687769792057874372e-08
2.686876479563121752e-08
2.685824207278374360e-08
2.684612143996827529e-08
2.683239540367708116e-08
2.681705824408746921e-08
2.680010824795665613e-08
2.678154029883139090e-08
2.676135034900695203e-08
2.673953761550856253e-08
2.671609977911553036e-08
2.669104373139589123e-08
2.666437950398589546e-08
2.663614174924926984e-08
2.660635529988310209e-08
2.657505767841409154e-08
2.654229283525402187e-08
2.650811043639710863e-08
2.647256266045809934e-08
2.643570344831979588e-08
2.639758651820912196e-08
2.635826117830165036e-08
2.631778460407372420e-08
2.627620353430871899e-08
2.623355894053391982e-08
2.618987446865231610e-08
2.614515500903406626e-08
2.609938297680528716e-08
2.605251746091462266e-08
2.600449470733988756e-08
2.595522856479934877e-08
2.590461238105043521e-08
2.585252050032401422e-08
2.579880781304264629e-08
2.574330874769920965e-08
2.568583927265367620e-08
2.562619010490199145e-08
2.556414213467193426e-08
2.549947409735629054e-08
2.543197170013118913e-08
2.536142839901578956e-08
2.528767144249675039e-08
2.521053454316341469e-08
2.512987017709865011e-08
2.504556504753870347e-08
2.495748070839669959e-08
2.486549036386226786e-08
2.476947094982821978e-08
2.466932125363098018e-08
2.456494943468098550e-08
2.445628138905442299e-08
2.434328862344905267e-08
2.422587175533903659e-08
2.410403489621140842e-08
2.397776380717008644e-08
2.384705358477625262e-08
2.371190780520267280e-08
2.357234003144600231e-08
2.342838274064025135e-08
2.328009230028848948e-08
2.312753891655767825e-08
2.297078840146310357e-08
2.280989786234792898e-08
2.264491467157712080e-08
2.247588949840058845e-08
2.230279972534672833e-08
2.212564945327642666e-08
2.194440568999282167e-08
2.175901737324026257e-08
2.156941507721194613e-08
2.137551144931273160e-08
2.117720674936001089e-08
2.097439928480329220e-08
2.076698044077636161e-08
2.055488778284615186e-08
2.033810654444641517e-08
2.011667582194571042e-08
1.989068767637927919e-08
1.966028258214054467e-08
1.942564505312951366e-08
1.918698822657547465e-08
1.894453684584066854e-08
1.869852992297638238e-08
1.844922316682684497e-08
1.819688846400342572e-08
1.794181017421230543e-08
1.768429079194764633e-08
1.742463751527298750e-08
1.716316870815718742e-08
1.690020974432500397e-08
1.663609247347076819e-08
1.637117582636061619e-08
1.610574574811147348e-08
1.584016116555682133e-08
1.557476161040581194e-08
1.530990267514620031e-08
1.504592660077927788e-08
1.478317892742989298e-08
1.452200051524200991e-08
1.426272463261498043e-08
1.400566547147744008e-08
1.375110852874835450e-08
1.349931586792194785e-08
1.325052947874797271e-08
1.300497036026372748e-08
1.276283713972130489e-08
1.252430908965584285e-08
1.228955882025284018e-08
1.205875671849383532e-08
1.183207416132911793e-08
1.160968435719141613e-08
1.139176159861299064e-08
1.117848079851475285e-08
1.097001276588141270e-08
1.076650739483257777e-08
1.056807176508667880e-08
1.037475503089818522e-08
1.018654793564384487e-08
1.000338304779457021e-08
9.825137603190363977e-09
9.651636189363007404e-09
9.482652427232922854e-09
9.317910496470153031e-09
9.157087519795271123e-09
8.999818114345759721e-09
8.845700069629235594e-09
8.694304951760164635e-09
8.545185126742783147e-09
8.397888037287345756e-09
8.251965734740481302e-09
8.106982335136569813e-09
7.962529813845422448e-09
7.818238668090569104e-09
7.673774796747372743e-09
7.528855668521891047e-09
7.383256068014972568e-09
7.236791772808925876e-09
7.089323488169031284e-09
6.940775082376024711e-09
6.791128150064839098e-09
6.640412457799396020e-09
6.488715290377629263e-09
6.336196123177636432e-09
6.183094211196162655e-09
6.029714667430971172e-09
5.876408839365969968e-09
5.723577846153062492e-09
5.571664699068076008e-09
5.421128298557713563e-09
5.272458685835814769e-09
5.126168149494731323e-09
4.982741475098203457e-09
4.842619212680850147e-09
4.706208894438248168e-09
4.573856667814738971e-09
4.445849437728628103e-09
4.322362910723665048e-09
4.203488595007482650e-09
4.089233740657028387e-09
3.979508741842146748e-09
3.874123754737157710e-09
3.772824594234874169e-09
3.675287504311788195e-09
3.581115333445145023e-09
3.489899573859434137e-09
3.401271974344204997e-09
3.314904451655134609e-09
3.230511964389630260e-09
3.147863075319604466e-09
3.066781201046538159e-09
2.987142329026366154e-09
2.908847217529088636e-09
2.831823369304657674e-09
2.756040714627400534e-09
2.681480173855961425e-09
2.608148516137697221e-09
2.536108835946173153e-09
2.465464790196772951e-09
2.396322440904873515e-09
2.328769700724679618e-09
2.262888560462985423e-09
2.198765768676056302e-09
2.136456567113119505e-09
2.075962052084939926e-09
2.017254014272382192e-09
1.960304306370216816e-09
1.905080156266129143e-09
1.851537486346771698e-09
1.799626124306721859e-09
1.749295838538101396e-09
1.700500035636805741e-09
1.653183337677882401e-09
1.607280641144149413e-09
1.562718911552526876e-09
1.519406419224234251e-09
1.477248595632920439e-09
1.436163960520173968e-09
1.396092194430890268e-09
1.356990174100247874e-09
1.318830791611935222e-09
1.281617393042068704e-09
1.245383953693100783e-09
1.210167829016979408e-09
1.175990995802562659e-09
1.142858679119474545e-09
1.110765370896587201e-09
1.079688317354704301e-09
1.049575804208908487e-09
1.020361561755730866e-09
9.919837217005184698e-10
9.643957517038876188e-10
9.375604414746209913e-10
9.114491999659392298e-10
8.860494078537492206e-10
8.613643091462433979e-10
8.374000854165100362e-10
8.141568195452695646e-10
7.916264313852175448e-10
7.697965355733073442e-10
7.486485427913973926e-10
7.281553902370977102e-10
7.082869096018218561e-10
6.890108674526227851e-10
6.703029696468225682e-10
6.521414794515180014e-10
6.345075708453705673e-10
6.173862893653701712e-10
6.007660491273544047e-10
5.846361138199168636e-10
5.689854703850010833e-10
5.538019113467785804e-10
5.390725482925702446e-10
5.247838725292188681e-10
5.109218777414141801e-10
4.974727618037816115e-10
4.844234283557691996e-10
4.717615661968060365e-10
4.594756308574095374e-10
4.475546541116083586e-10
4.359881294748574650e-10
4.247658498976965693e-10
4.138776759077859562e-10
4.033134506272598366e-10
3.930630161753521766e-10
3.831162481265976888e-10
3.734631096495805150e-10
3.640936550770030992e-10
3.549983263282582429e-10
3.461676851533774124e-10
3.375926660717198114e-10
3.292645032935226401e-10
3.211747089411531678e-10
3.133150855734977441e-10
3.056777499762495037e-10
2.982551321354115023e-10
2.910399461739226516e-10
2.840251436518700680e-10
2.772038318595973858e-10
2.705694616324451274e-10
2.641155412939767257e-10
2.578359205753244678e-10
2.517244278256007887e-10
2.457753365877646606e-10
2.399830274026742144e-10
2.343420033358168090e-10
2.288470955935666614e-10
2.234931785459049098e-10
2.182753777599404527e-10
2.131890145210486955e-10
2.082295846750536775e-10
2.033927401582333310e-10
1.986742795250618043e-10
1.940701610801817874e-10
1.895764945525884553e-10
1.851895660301341677e-10
1.809058120079756348e-10
1.767218070669466230e-10
1.726342482515178869e-10
1.686399128298932476e-10
1.647358437014617245e-10
1.609190853684345750e-10
1.571868639857926572e-10
1.535365294936373498e-10
1.499655391758323258e-10
1.464714508583017154e-10
1.430519268410925497e-10
1.397047389397096697e-10
1.364277723900598814e-10
1.332188250017441298e-10
1.300763742849360805e-10
1.269983881985305599e-10
1.239830732061484575e-10
1.210288427126156436e-10
1.181340732555451223e-10
1.152972705559179165e-10
1.125170194899860009e-10
1.097919722332478114e-10
1.071208425251335655e-10
1.045024050511481832e-10
1.019354976636821387e-10
9.941902145890954281e-11
9.695194203939991324e-11
9.453324241685032153e-11
9.216205828379502513e-11
8.983745669445563341e-11
8.755858542317936840e-11
8.532463437803324526e-11
8.313483676988359646e-11
8.098846470986039872e-11
7.888482273756444160e-11
7.682324206043718573e-11
7.480307979204778635e-11
7.282368490620610808e-11
7.088453086642580521e-11
6.898501593712697517e-11
6.712459209130172536e-11
6.530272685218727129e-11
6.351890202846191832e-11
6.177261196747444972e-11
6.006336150314066494e-11
5.839066829261951275e-11
5.675406030357343234e-11
5.515304391643959515e-11
5.358721745900821708e-11
5.205617792703476944e-11
5.055931042029254382e-11
4.909624924752503856e-11
4.766654867055919761e-11
4.626975354039896032e-11
4.490544205442077684e-11
4.357313426362471419e-11
4.227243956177004432e-11
4.100288635993711568e-11
3.976402763805964504e-11
3.855541538466643372e-11
3.737659984905831748e-11
3.622712943565312362e-11
3.510655225687263070e-11
3.401439019375662990e-11
3.295023454317596154e-11
3.191360129433667319e-11
3.090402915269227807e-11
2.992105538844549561e-11
2.896421672486347933e-11
2.803304919759047612e-11
2.712706624622081424e-11
2.624584609063868014e-11
2.538889908408895804e-11
2.455575780954565206e-11
2.374595817065441239e-11
2.295903050560155084e-11
2.219449234789764294e-11
2.145192288841606839e-11
2.073083865730972416e-11
2.003077935550909076e-11
1.935128704919071802e-11
1.869190673109286073e-11
1.805217787405867766e-11
1.743166982538774261e-11
1.682991744891262664e-11
1.624650304600976921e-11
1.568097753791814332e-11
1.513289734897580253e-11
1.460185736312340886e-11
1.408742312076957494e-11
1.358916799466300120e-11
1.310669924239897096e-11
1.263960069848191030e-11
1.218745447229125036e-11
1.174989080220286254e-11
1.132652278630067786e-11
1.091695747863404851e-11
1.052080962853420436e-11
1.013772872494142520e-11
9.767342229193190503e-12
9.409285033223979639e-12
9.063224812144686122e-12
8.728800390738196767e-12
8.405692831904790721e-12
8.093564126767951194e-12
7.792084184171759286e-12
7.500953693758942854e-12
7.219847723248429379e-12
6.948479397136812407e-12
6.686544907997266074e-12
6.433748660797682656e-12
6.189823755146300260e-12
5.954481568736010818e-12
5.727467824398787911e-12
5.508506991687993024e-12
5.297356331480900582e-12
5.093753835906339184e-12
4.897469553704062554e-12
4.708255709214307666e-12
4.525894480081012219e-12
4.350150778364755496e-12
4.180812139385093176e-12
4.017671334045077970e-12
3.860512112111996236e-12
3.709144552493199800e-12
3.563365375957061850e-12
3.422990873895290435e-12
3.287837460613313309e-12
3.157730266068015972e-12
3.032488136816051558e-12
2.911947209887902499e-12
2.795945058476601572e-12
2.684324253938796632e-12
2.576931877682154016e-12
2.473617029437685465e-12
2.374240360544351965e-12
2.278658276286245375e-12
2.186738319851788490e-12
2.098348338633945157e-12
2.013363965898215558e-12
1.931661772256903173e-12
1.853121979774163391e-12
1.777629524409137071e-12
1.705075795316478168e-12
1.635351843152109318e-12
1.568354440584573684e-12
1.503981814322493819e-12
1.442140697466553945e-12
1.382735511027013328e-12
1.325675645536760379e-12
1.270873730856835511e-12
1.218245522153510787e-12
1.167709583392484867e-12
1.119187042569355691e-12
1.072601581069693001e-12
1.027879611880060076e-12
9.849476619279917042e-13
9.437433177346298132e-13
9.041984605432999649e-13
8.662480942014404631e-13
8.298347832840840213e-13
7.948974132628803419e-13
7.613788185797087935e-13
7.292216289327100891e-13
6.983761591980143512e-13
6.687938434613282220e-13
6.404186607496140785e-13
6.132065623638834560e-13
5.871118917953718007e-13
5.620908922440028791e-13
5.381000155949280752e-13
5.151025006983151482e-13
4.930561484941879934e-13
4.719244507888814197e-13
4.516715488735690487e-13
4.322609380227530589e-13
4.136598871103098942e-13
3.958341559401796295e-13
3.787542680882231650e-13
3.623896558203693240e-13
3.467109805564712614e-13
3.316907108426413868e-13
3.173029931841296330e-13
3.035225490376783621e-13
2.903247627243675325e-13
2.776855823728395961e-13
2.655818650843419803e-13
2.539914945418799985e-13
2.428893761971183408e-13
2.322588143830651867e-13
2.220798265673313373e-13
2.123348877433137425e-13
2.030055764109139086e-13
1.940755196465590032e-13
1.855281252234485962e-13
1.773484852966766626e-13
1.695209726645814058e-13
1.620304542053738644e-13
1.548629713980267849e-13
1.480047817779396541e-13
1.414424014328351467e-13
1.351635001542499260e-13
1.291556816174032277e-13
1.234086347423649207e-13
1.179109553279016957e-13
1.126526521199240931e-13
1.076236049095031273e-13
1.028144208850978008e-13
9.821606231609337059e-14
9.381877787731340203e-14
8.961385782101201298e-14
8.559376405321881160e-14
8.174951897224303622e-14
7.807404422900895216e-14
7.455991319991396023e-14
7.120058640795094546e-14
6.798938132176117945e-14
6.492022545102965107e-14
6.198696105880620494e-14
5.918367418254526718e-14
5.650454177176639860e-14
5.394411380234734018e-14
5.149696245173001384e-14
4.915397952094097906e-14
4.691209935285782347e-14
4.477042146047202084e-14
4.272479934721416818e-14
4.077101237861131786e-14
3.890488503752813383e-14
3.712276745606268873e-14
3.542070477038031911e-14
3.379488364259470704e-14
3.224221119162063382e-14
3.075942943112071562e-14
2.934358967342551496e-14
2.799200457355044170e-14
2.670202052788808039e-14
2.547126862975759693e-14
2.429699636034122262e-14
2.317677364892208217e-14
2.210800519944195601e-14
2.108798429060487643e-14
2.011418865191334486e-14
1.918512542083856096e-14
1.830044619183756164e-14
1.745644464619550063e-14
1.665147982070624723e-14
1.588371235796817343e-14
1.515133459056551070e-14
1.445243688349180206e-14
1.378562683152334140e-14
1.314935560308814309e-14
1.254232328919835408e-14
1.196312729600858676e-14
1.141059138900981986e-14
1.088347671016467205e-14
1.038065719841514596e-14
9.901021308013308898e-15
9.441658100894828609e-15
9.003296133061492743e-15
8.585151817968765162e-15
8.186319158445238205e-15
7.805930197236098987e-15
7.443117900674344852e-15
7.097103611243309703e-15
6.767097266858525086e-15
6.452346206959308730e-15
6.152175988960934942e-15
5.865903658748202635e-15
5.594130745098212306e-15
5.334968263606899556e-15
5.087745237044505757e-15
4.851952141615064803e-15
4.627070591458222359e-15
4.412574470759469344e-15
4.206649261070255445e-15
4.012876226408522712e-15
3.826279330414579190e-15
3.646026556127573750e-15
3.474184609845534665e-15
3.310416266616662491e-15
3.154329780200456421e-15
3.005548340761192004e-15
2.863740215320339283e-15
2.728576185298034956e-15
2.600099614219269349e-15
2.477690368870989538e-15
