# bin_5_4
2.049524053663069498e-07
2.050522070603309922e-07
2.051539169871599089e-07
2.052575723458899340e-07
2.053632111825297322e-07
2.054708720964982414e-07
2.055805931039691375e-07
2.056924130739708868e-07
2.058063716586739485e-07
2.059225093784981045e-07
2.060408674203999805e-07
2.061614881502658276e-07
2.062844145727048787e-07
2.064096889929437029e-07
2.065373531229229848e-07
2.066674491201864259e-07
2.068000202012271476e-07
2.069351135874282605e-07
2.070727786926852333e-07
2.072130681244497062e-07
2.073560313480836111e-07
2.075020430794712761e-07
2.076504660192140221e-07
2.078014594953410491e-07
2.079556172802024427e-07
2.081127058745154547e-07
2.082727863530926121e-07
2.084359191992789518e-07
2.086019809622811874e-07
2.087715618384899390e-07
2.089441818116717730e-07
2.091200795109939910e-07
2.092993182356577370e-07
2.094819660601242830e-07
2.096681449430136268e-07
2.098578162376726207e-07
2.100510927117337761e-07
2.102583734533739671e-07
2.104486544766635786e-07
2.106531265359655841e-07
2.108614773864298585e-07
2.110737931807563196e-07
2.112902106323096473e-07
2.115110045213347585e-07
2.117355979600761427e-07
2.119644469793398191e-07
2.121975969686270106e-07
2.124353121655047351e-07
2.126775351558540897e-07
2.129243571110715951e-07
2.131758707328398373e-07
2.134321717339334949e-07
2.136933531614992356e-07
2.139595047258420859e-07
2.142307101686569268e-07
2.145070539118651766e-07
2.147886395041730875e-07
2.150757582131713346e-07
2.153680956849058653e-07
2.156660078184447044e-07
2.159696323457137010e-07
2.162790800017295086e-07
2.165943454507615742e-07
2.169156166655068433e-07
2.172429987146986617e-07
2.175765573610745525e-07
2.179165300294338333e-07
2.182629505641173297e-07
2.186159364446408497e-07
2.189756163840186638e-07
2.193421545162503644e-07
2.197156626689862760e-07
2.200963261532226542e-07
2.204842343285236933e-07
2.208794084961034912e-07
2.212811758719151034e-07
2.216922435961069331e-07
2.221101101083941415e-07
2.225358876906811889e-07
2.229697511100762072e-07
2.234118699320144827e-07
2.238623845130585100e-07
2.243214192037128783e-07
2.247891074648367589e-07
2.252655616386858405e-07
2.257509025548027782e-07
2.262452788730085373e-07
2.267489007233828880e-07
2.272617466987063796e-07
2.277848923059851761e-07
2.283175982765808387e-07
2.288602183859519083e-07
2.294129138745599494e-07
2.299758861876924997e-07
2.305493395005212654e-07
2.311334610226146288e-07
2.317284430357727833e-07
2.323347663110092633e-07
2.329518535862192505e-07
2.335806473226473125e-07
2.342210299906931656e-07
2.348731762287649028e-07
2.355373080425459676e-07
2.362137053840025872e-07
2.369025803243499050e-07
2.376040856686560194e-07
2.383184478485817310e-07
2.390458361529185597e-07
2.395794299502079910e-07
2.405402979707816292e-07
2.413084397070473427e-07
2.420902078977314979e-07
2.428861016111731996e-07
2.436963635441333636e-07
2.445212380055409316e-07
2.453608828363908167e-07
2.462153972930891979e-07
2.470854700471773028e-07
2.479709250843088255e-07
2.488720885195663917e-07
2.497891729273417055e-07
2.507224407786059941e-07
2.516721520062631741e-07
2.526384974629915624e-07
2.536225439442313847e-07
2.546220092978171761e-07
2.556397122977921068e-07
2.566748537135052540e-07
2.577279450036277121e-07
2.587991426306862527e-07
2.598885594557872580e-07
2.609962170438815043e-07
2.621227733015884841e-07
2.632685113316739612e-07
2.644335676010627999e-07
2.656177375765529491e-07
2.668215521431327075e-07
2.680452453332524384e-07
2.692889761861686724e-07
2.705529717453229000e-07
2.718374849754394458e-07
2.731426780905714821e-07
2.744687552918044705e-07
2.758159537953881585e-07
2.771843807073808297e-07
2.785742980321615888e-07
2.799858524204872678e-07
2.814169105102233213e-07
2.828746500240482955e-07
2.843521958570702844e-07
2.858520752037430205e-07
2.873744202347973257e-07
2.889193820723185652e-07
2.904845276406886819e-07
2.920753289775070952e-07
2.936888592668359404e-07
2.953254806037813372e-07
2.969852981709111891e-07
2.986683764278188175e-07
3.003746169123339445e-07
3.021046240027196410e-07
3.038578938806110828e-07
3.056346309672744933e-07
3.074348599067002156e-07
3.092585792199510950e-07
3.111057703428494955e-07
3.129763838510673081e-07
3.148703517292949598e-07
3.167877416027982275e-07
3.187283274645542822e-07
3.206922858120602527e-07
3.226787902463832824e-07
3.246882371806165294e-07
3.267204736902784611e-07
3.287738494516699806e-07
3.308519694688115839e-07
3.329507354938570472e-07
3.350711757436892328e-07
3.372123247847981011e-07
3.393757979246505591e-07
3.415591567641889476e-07
3.437628918161259930e-07
3.459860145974241265e-07
3.482283835409384271e-07
3.504894537031974733e-07
3.527686625636928746e-07
3.550654141726740750e-07
3.573789445554114369e-07
3.597086237551520714e-07
3.620536096825518065e-07
3.644132812113790927e-07
3.667871837229504716e-07
3.691731646772390577e-07
3.715720485328386774e-07
3.739812496141408104e-07
3.764005909503537400e-07
3.788288733479930039e-07
3.812649600320856678e-07
3.837076836939985505e-07
3.861558353446452562e-07
3.886081295926177337e-07
3.910632607941295220e-07
3.935198565215477256e-07
3.959765022116195280e-07
3.984317315818694758e-07
4.008840338667762187e-07
4.033318400179730896e-07
4.057735525578487329e-07
4.082075045743268507e-07
4.106320317284396796e-07
4.130453933375419677e-07
4.154457431309461526e-07
4.178314450006315464e-07
4.202005760756910120e-07
4.225513928811699654e-07
4.248817483603631445e-07
4.271896721097752354e-07
4.294735119483625701e-07
4.317311493667771786e-07
4.339607256215934729e-07
4.361599122585279627e-07
4.383267521961541480e-07
4.404593991075210439e-07
4.425557995728111868e-07
4.446136739018282416e-07
4.466310514385146980e-07
4.486057833363003439e-07
4.505360408724874434e-07
4.524197678399736415e-07
4.542547262385016334e-07
4.560389992051508185e-07
4.577704883933843608e-07
4.594475477042721055e-07
4.610679221990812420e-07
4.626297776799097923e-07
4.641312606044408374e-07
4.655704199737682838e-07
4.669456722083241593e-07
4.682550001677247590e-07
4.694967200653676786e-07
4.706690974900542719e-07
4.717704514919725019e-07
4.727991029721792827e-07
4.737533841918010922e-07
4.746316435148627698e-07
4.754322356878022649e-07
4.761535138085327821e-07
4.767938591576006897e-07
4.773516476489463666e-07
4.778252551742181906e-07
4.782130307349093680e-07
4.785132978433032595e-07
4.787243416793059831e-07
4.788444331820710078e-07
4.788718263431318349e-07
4.788047830409258381e-07
4.786415800795635159e-07
4.783805114985314852e-07
4.780198736752177178e-07
4.775579599731610804e-07
4.769930823629817236e-07
4.763235884018402770e-07
4.755478935410314160e-07
4.746645214265373953e-07
4.736721014368851719e-07
4.725693453488523279e-07
4.713550473417860921e-07
4.700281134416742840e-07
4.685875680678190775e-07
4.670325476349334571e-07
4.653622959652999686e-07
4.635761608315848856e-07
4.616735847304394527e-07
4.596541187322278211e-07
4.575174520106229099e-07
4.552633937863361424e-07
4.528918074905162681e-07
4.504025838649645910e-07
4.477956831583798979e-07
4.450711835671690305e-07
4.422293068696948709e-07
4.392704371999766296e-07
4.361951444975646387e-07
4.330042384622992474e-07
4.296988031240138178e-07
4.262802763096110545e-07
4.227504950536923524e-07
4.191117013765047439e-07
4.153665363244727265e-07
4.108699981664052525e-07
4.075695396601752139e-07
4.035248693700985888e-07
3.993882930728934651e-07
3.951639376841179526e-07
3.908567056525383594e-07
3.864715937824782906e-07
3.820137874128677776e-07
3.774886366868814659e-07
3.729016137650651308e-07
3.682582024197034814e-07
3.635638457774071359e-07
3.588238888230536578e-07
3.540435530755861333e-07
3.492279475347469627e-07
3.443820995026125771e-07
3.395110155830770231e-07
3.346197162044801493e-07
3.297131306501608157e-07
3.247962872880531159e-07
3.198738880250300752e-07
3.149505007463116888e-07
3.100305575673942706e-07
3.051185548694834670e-07
3.002191108722456491e-07
2.953370066611417614e-07
2.904769793877651627e-07
2.856440149290321533e-07
2.808431352068349725e-07
2.760792948253906743e-07
2.713571341004201455e-07
2.666808966371354540e-07
2.620668491176374924e-07
2.574935214584532200e-07
2.529763997279925711e-07
2.485182080763574947e-07
2.441211800607422519e-07
2.397871156197992815e-07
2.355172929740434773e-07
2.313124489831968395e-07
2.271728087590279814e-07
2.230981223319676666e-07
2.190876752334885710e-07
2.151404563196594272e-07
2.112552804135032518e-07
2.074308368326874521e-07
2.036657278763320893e-07
1.999584938622463583e-07
1.963076702722744865e-07
1.927114774793701380e-07
1.891677218549655537e-07
1.856739531918138539e-07
1.822278653168577364e-07
1.788269945395582356e-07
1.754691508591697475e-07
1.721521184752662657e-07
1.688736606394439569e-07
1.656315904240088699e-07
1.624238655542336809e-07
1.592488580007029446e-07
1.561052029987567963e-07
1.529919908915389844e-07
1.499087136838398610e-07
1.468550805141686920e-07
1.438308707028929975e-07
1.408351591147058878e-07
1.378665050793602943e-07
1.349156652254045904e-07
1.319945357480742393e-07
1.290934860923173990e-07
1.262103610467656709e-07
1.233431749504321027e-07
1.204904914891154398e-07
1.176510110464223679e-07
1.148236001032598158e-07
1.120076319001912703e-07
1.092032195897072517e-07
1.064116861420863352e-07
1.036361626157781505e-07
1.008815649562840208e-07
9.816014292545854905e-08
9.546765213646101784e-08
9.281863130829535310e-08
9.022229644696213440e-08
8.768754185464202954e-08
8.522211450103325992e-08
8.283258884314677233e-08
8.052425281117911582e-08
7.830083668052253037e-08
7.616334211430715080e-08
7.411035743717395796e-08
7.213845801406790791e-08
7.023824872810239745e-08
6.841348698557265816e-08
6.665322006217163467e-08
6.495078392124449886e-08
6.329920875154622499e-08
6.169167531135371385e-08
6.012176347535483824e-08
5.858716105943050717e-08
5.707462465558536189e-08
5.558355597451160803e-08
5.411193040694014400e-08
5.266016124331201215e-08
5.123039181143463242e-08
4.982586046807721666e-08
4.844708674173603621e-08
4.710401546800450777e-08
4.579604332789995255e-08
4.452410287221163187e-08
4.328780111051657383e-08
4.208612366683270295e-08
4.091801533455700809e-08
3.978278388030909312e-08
3.868259542065905725e-08
3.761231700335621390e-08
3.657457415925265442e-08
3.556911696649809991e-08
3.459281724424246190e-08
3.364855521435318132e-08
3.273177049373063221e-08
3.184017516384425521e-08
3.097201955180327006e-08
3.012617226318442257e-08
2.930224429486699363e-08
2.850240084196115005e-08
2.772363992926901503e-08
2.696872376152133084e-08
2.623619963193076471e-08
2.552902790266952074e-08
2.484440145144517427e-08
2.418073650842394481e-08
2.353630385040804310e-08
2.290933618337420057e-08
2.229984919275394688e-08
2.170433576584883081e-08
2.112418429570928706e-08
2.055966684881175239e-08
2.001129811724288796e-08
1.947833622127697339e-08
1.896355114415658634e-08
1.846562657943834946e-08
1.798402210419634965e-08
1.751905651574002884e-08
1.706764811484791816e-08
1.662997488759430347e-08
1.620422172539610933e-08
1.579174181690371753e-08
1.539109112304049680e-08
1.500202113952968038e-08
1.462523098638331121e-08
1.425878912373321080e-08
1.390343395392933854e-08
1.355893614229733997e-08
1.322424234592244641e-08
1.290050405649089197e-08
1.258725187388183805e-08
1.228262961626779806e-08
1.198697689915775244e-08
1.169993443697675792e-08
1.142117201293252591e-08
1.115039708918447761e-08
1.088734952629776645e-08
1.063178500846000937e-08
1.038347448509516004e-08
1.014219585467420688e-08
9.907729868530135320e-09
9.679862696843835031e-09
9.458389820209634939e-09
9.243079277835871757e-09
9.033730647280194772e-09
8.830136030041585851e-09
8.632091657907265382e-09
8.439389298431518667e-09
8.251857739930098629e-09
8.069281346807035366e-09
7.891487306563030456e-09
7.718299058768826096e-09
7.549547204702471519e-09
7.385067952698234811e-09
7.224703461158698666e-09
7.068302001706415184e-09
6.915717853002966631e-09
6.766811350817949008e-09
6.621448714233333320e-09
6.479501495287019214e-09
6.340846180569399308e-09
6.205364242520255990e-09
6.072942074308551619e-09
5.943470943178474178e-09
5.816846935484709148e-09
5.692970592922820340e-09
5.571746403416001579e-09
5.453081402170270034e-09
5.336890747567629081e-09
5.223088802501592730e-09
5.111597776509581584e-09
5.002341394331505329e-09
4.895247739402940919e-09
4.790027802027264971e-09
4.687061853586387868e-09
4.586062054115219839e-09
4.486969501383183411e-09
4.389728512125520075e-09
4.294286361382470662e-09
4.200592944934436895e-09
4.108600608195678050e-09
4.018264309866237147e-09
3.929540543743431903e-09
3.842391524835903987e-09
3.756778631637506825e-09
3.672666399180258207e-09
3.590021214355712444e-09
3.508810588141153468e-09
3.429006136633395691e-09
3.350579148195970330e-09
3.273503438498720477e-09
3.197754435084849760e-09
3.123308905672394879e-09
3.050144868700601370e-09
2.978241649939798575e-09
2.907579908267224757e-09
2.838141552915099830e-09
2.769909621063866728e-09
2.702868094288011822e-09
2.637001753725124377e-09
2.572296121104150442e-09
2.508736891856538813e-09
2.446312459638759268e-09
2.385009933406241374e-09
2.324817668924505561e-09
2.265724476733655677e-09
2.207719519051469753e-09
2.150792711667074629e-09
2.094933173784741090e-09
2.040131501108317515e-09
1.986378162977654983e-09
1.933663796724225075e-09
1.881979142770585672e-09
1.831315013013355838e-09
1.781661689232201555e-09
1.733011273534388557e-09
1.685354071148864650e-09
1.638680957817470209e-09
1.592982744134113477e-09
1.548250158526865355e-09
1.504473833208414990e-09
1.461644258467057809e-09
1.419751772673833836e-09
1.378786533013974426e-09
1.338810361959757758e-09
1.299667360592625843e-09
1.261421762753440402e-09
1.224062301515835479e-09
1.187578739232925349e-09
1.151959933362690525e-09
1.117194774006142926e-09
1.083271971716964126e-09
1.050180110461818928e-09
1.017907611293442840e-09
9.864427006989481684e-10
9.557729354577812350e-10
9.258871489520370404e-10
8.967725741643648673e-10
8.684168226990731596e-10
8.408074195757259318e-10
8.139317847834279763e-10
7.877772124085037778e-10
7.623308831175715410e-10
7.375799176999180203e-10
7.135113800399429962e-10
6.901118955292364346e-10
6.673696403922046798e-10
6.452705538795537479e-10
6.238019244185147253e-10
6.029507388080901844e-10
5.827040033942863200e-10
5.630487583637123531e-10
5.439721181028665052e-10
5.254603355782991368e-10
5.075024895582945306e-10
4.900849535019509659e-10
4.731951252826561732e-10
4.568205274577890281e-10
4.409487950976991509e-10
4.255676761912040261e-10
4.106650615784968272e-10
3.962286239665912271e-10
3.822472404060053780e-10
3.687088912131586781e-10
3.556020815131432486e-10
3.429154737962452540e-10
3.306378983737319071e-10
3.187583618922425782e-10
3.072657447958782253e-10
2.961500682974397438e-10
2.854005923501275077e-10
2.750070807903128979e-10
2.649592786491198450e-10
2.552477378397238272e-10
2.458623582658452463e-10
2.367941314666617530e-10
2.280335675763599192e-10
2.195716069696668745e-10
2.113991936288015126e-10
2.035080054726059034e-10
1.958894168981944370e-10
1.885350087281194945e-10
1.814365790651416544e-10
1.745865798871841497e-10
1.679771268351840047e-10
1.616005247529936608e-10
1.554497635080411643e-10
1.495175032097959874e-10
1.437966172418736751e-10
1.382806475335178514e-10
1.329628283568758596e-10
1.278367232537603453e-10
1.228959151385985424e-10
1.181345965539520516e-10
1.135466869212345488e-10
1.091262946976739154e-10
1.048681156087731615e-10
1.007665777921025708e-10
9.681626719959431820e-11
9.301245797219851872e-11
8.934960411176538528e-11
8.582328469889689659e-11
8.242868814050134323e-11
7.916116437941629671e-11
7.601654727968189164e-11
7.299032111780527530e-11
7.007857146697739696e-11
6.727715963509922607e-11
6.458209292428515802e-11
6.198979972841154216e-11
5.949648976923238153e-11
5.709880507424464628e-11
5.479311794249141411e-11
5.257631042530799513e-11
5.044498558611407200e-11
4.839623496555396344e-11
4.642688904901442132e-11
4.453422736696795535e-11
4.271527463154915469e-11
4.096740383291520554e-11
3.928807162626896772e-11
3.767459744098707920e-11
3.612469336490084806e-11
3.463586397835914540e-11
3.320592483801677574e-11
3.183262404983432723e-11
3.051391228061259219e-11
2.924761631191733933e-11
2.803181803749204049e-11
2.686461222331009974e-11
2.574415869042370389e-11
2.466867744321843528e-11
2.363641597054300391e-11
2.264579142513841724e-11
2.169514605717024171e-11
2.078297946843547534e-11
1.990778259711065015e-11
1.906815313155244768e-11
1.826112404702998010e-11
1.748855977606665811e-11
1.674754165719852443e-11
1.603808817401912144e-11
1.535654958533490301e-11
1.470176174779537863e-11
1.407518267753186590e-11
1.347444477076041584e-11
1.289843505241346432e-11
1.234631296295377826e-11
1.181708009966612966e-11
1.130981331363946810e-11
1.082365703747419691e-11
1.035775673800015005e-11
9.911308977674082581e-12
9.483497626505508673e-12
9.073623443087374644e-12
8.680924762826540506e-12
8.304750444982442348e-12
7.944413952393142494e-12
7.599275773523144436e-12
7.268715912828932949e-12
6.952136014905942074e-12
6.648966458293533007e-12
6.358669317624962288e-12
6.080684220073457585e-12
5.814521171241833749e-12
5.559712614912426050e-12
5.315752836509725326e-12
5.082250555665451693e-12
4.858709965001461605e-12
4.644789957770246710e-12
4.440039846821496342e-12
4.244099368685762942e-12
4.056605586113333380e-12
3.877192662073486495e-12
3.705512537201092026e-12
3.541245217179051082e-12
3.384099932136775835e-12
3.233766241334075148e-12
3.089960369528578403e-12
2.952396617877325754e-12
2.820826976999736271e-12
2.694999919376016872e-12
2.574665079325067676e-12
2.459588713569924284e-12
2.349541871214589251e-12
2.244306300701062672e-12
2.143694658120637642e-12
2.047495730529718819e-12
1.955520132298100447e-12
1.867581859869891465e-12
1.783521200991881182e-12
1.703175139907809105e-12
1.626379301025095875e-12
1.552986145213077955e-12
1.482847097158660273e-12
1.415818075695623573e-12
1.351769746284653314e-12
1.290566492575635789e-12
1.232090615945355485e-12
1.176222998301484501e-12
1.122844457564022485e-12
1.071854515703587210e-12
1.023145415922011979e-12
9.766219074361277458e-13
9.321881758063729063e-13
8.897475072929635744e-13
8.492196267768482521e-13
8.105077582961386453e-13
7.735401507543041421e-13
7.382356983777848536e-13
7.045182646363570231e-13
6.723177007941400300e-13
6.415729808438883132e-13
6.122105317913448554e-13
5.841772850067146514e-13
5.574170879061461823e-13
5.318786175245162330e-13
5.075064509623647608e-13
4.842481984381220026e-13
4.620521537342852309e-13
4.408683067997726394e-13
4.206195046379447887e-13
4.012757927013374648e-13
3.828197716764218726e-13
3.652137419395481233e-13
3.484139300710118334e-13
3.323836919574326718e-13
3.170846831628945204e-13
3.024847048067721128e-13
2.885521550079379242e-13
2.752578276197447015e-13
2.625722550022129910e-13
2.504695987153475267e-13
2.389220046114515387e-13
2.279038892351518311e-13
2.173919564710587065e-13
2.073609191449191043e-13
1.977903355869114077e-13
1.886590460757370421e-13
1.799451231021990194e-13
1.716313113622903098e-13
1.636960063666217288e-13
1.561092704509472962e-13
1.488705069862002521e-13
1.419642859992279323e-13
1.353751598384020205e-13
1.290886965195500937e-13
1.230907512463881258e-13
1.173680664419583665e-13
1.119085237310850929e-13
1.066997758621089234e-13
1.017302665022122548e-13
9.698920629995232085e-14
9.246592125031637435e-14
8.815077277430067393e-14
8.403419699254719993e-14
8.005032143301859602e-14
7.624340333451070957e-14
7.261242833791381706e-14
6.914891381786608454e-14
6.584551985052320601e-14
6.269482410668619083e-14
5.969014980318653171e-14
5.682474126904249113e-14
5.409218015536906313e-14
5.148641713029617927e-14
4.900184332932654047e-14
4.661939488940169113e-14
4.434782411103202937e-14
4.218191159879142057e-14
4.011747835013277312e-14
3.814988387468555991e-14
3.627446894362482822e-14
3.448722065290406857e-14
3.278392505180959517e-14
3.112745243502842200e-14
2.939085517797974829e-14
2.773985012052693590e-14
2.617077733080020563e-14
2.467919056898444659e-14
2.326150311301184811e-14
2.191466398517419339e-14
2.063525759810888545e-14
1.944082650494414770e-14
1.831067220848088443e-14
