# bin_4_2
2.229606895656952326e-07
2.231133267082073297e-07
2.232688509587111154e-07
2.234273165438818019e-07
2.235887787866156421e-07
2.237532938141169121e-07
2.239209174240047092e-07
2.240917065196877058e-07
2.242657190426233772e-07
2.244430140584726609e-07
2.246236515557821157e-07
2.248076929597705227e-07
2.249951592112910767e-07
2.251861948044362472e-07
2.253808200586270220e-07
2.255790972297778228e-07
2.257810898921997157e-07
2.259868658821499908e-07
2.261964954865762683e-07
2.264100524392773254e-07
2.266276075943723496e-07
2.268642887734312616e-07
2.270752856546470835e-07
2.273049757673747378e-07
2.275392421681630272e-07
2.277778745736135800e-07
2.280209569618626363e-07
2.282685729677236279e-07
2.285205744633440440e-07
2.287777195122133421e-07
2.290394077457736634e-07
2.293059499721694415e-07
2.295774338146410051e-07
2.298539518918164748e-07
2.301355985464997427e-07
2.304224646599747066e-07
2.307146359959028898e-07
2.310225179489516424e-07
2.313152424864225482e-07
2.316238627430316602e-07
2.319381644186845822e-07
2.322582597192621308e-07
2.325842575490860566e-07
2.329165663648372680e-07
2.332545831031815858e-07
2.335988728097497714e-07
2.339492587780329904e-07
2.343062805909359407e-07
2.346698250343533767e-07
2.350400102463150657e-07
2.354169559392429046e-07
2.358007848700438337e-07
2.361916171569967779e-07
2.365895695892607850e-07
2.369947529748074828e-07
2.374072787521056792e-07
2.378273664873842735e-07
2.382549742564600796e-07
2.386904500549717697e-07
2.391336332458561251e-07
2.395848597032040817e-07
2.400442605222850868e-07
2.405119000110741992e-07
2.409879457205563692e-07
2.414725434456011282e-07
2.419658445702266043e-07
2.424679907879636103e-07
2.429791005874462409e-07
2.434993155114239153e-07
2.440287878721220524e-07
2.445676761336436004e-07
2.451159361693411980e-07
2.456742164874098591e-07
2.462423937956389702e-07
2.468207808476357764e-07
2.473945597197291507e-07
2.480073276744865657e-07
2.486162719579164269e-07
2.492358751240789372e-07
2.498663283294665616e-07
2.505078165154007051e-07
2.511604943919912034e-07
2.518244996430003416e-07
2.524999778959092237e-07
2.531870523376033042e-07
2.538858532699569150e-07
2.545965373772826638e-07
2.553193212749203301e-07
2.560542072958472549e-07
2.568022178388843499e-07
2.575626716363321641e-07
2.583359034047519775e-07
2.591220722505872385e-07
2.599213755278750875e-07
2.607340111626401966e-07
2.615601578040146399e-07
2.623999969367238425e-07
2.632539429194303198e-07
2.641215653929591492e-07
2.650036212813740319e-07
2.659000328995510834e-07
2.668109487588409250e-07
2.677365831528942975e-07
2.686771484589212053e-07
2.696328231652950216e-07
2.706037820493223669e-07
2.715901536980329543e-07
2.725920836814055740e-07
2.736097691914734740e-07
2.746430015284729183e-07
2.756929831089190902e-07
2.767589147250133804e-07
2.778412307684488502e-07
2.789401068200149213e-07
2.800557155112861352e-07
2.811881382880344146e-07
2.823373950333048581e-07
2.835043362658636541e-07
2.846879403787100540e-07
2.858891952164268368e-07
2.871079584500876711e-07
2.883443854615178901e-07
2.895986234647300068e-07
2.908707445815133793e-07
2.921618987509711986e-07
2.934690490809450473e-07
2.947955126010771761e-07
2.962592909352089704e-07
2.975032178793201295e-07
2.988848421063175921e-07
3.002851831872508678e-07
3.018076962882091351e-07
3.031407664694873068e-07
3.045968399934263226e-07
3.060717419557298295e-07
3.075650685713857119e-07
3.090771400897737535e-07
3.106079729707119887e-07
3.121575005230974731e-07
3.137257158234358383e-07
3.153126295089633475e-07
3.169181401050351404e-07
3.185421188474846796e-07
3.201848027386636061e-07
3.218455521710463906e-07
3.235249786678091730e-07
3.252224920611704796e-07
3.269379761024318048e-07
3.286713467308712226e-07
3.304225980637614815e-07
3.321913440353373844e-07
3.339774587707416100e-07
3.357807349181856426e-07
3.376008804884328882e-07
3.394376985921435693e-07
3.412909687120360903e-07
3.431604464976625485e-07
3.450455818040298723e-07
3.469458866625235208e-07
3.488619108032118650e-07
3.507923504644374637e-07
3.527372359000671586e-07
3.546958530096896446e-07
3.566678013893982453e-07
3.586527362787685724e-07
3.606501559672419274e-07
3.626596275160798269e-07
3.646802457463370311e-07
3.667117428971070988e-07
3.687536689368780309e-07
3.708046787591117088e-07
3.728644355647731002e-07
3.749324104741798868e-07
3.770079377194473323e-07
3.790891477203794636e-07
3.811784734868720456e-07
3.832713749750202854e-07
3.853687150056765631e-07
3.874689837105508244e-07
3.895728161182729158e-07
3.916777745525046055e-07
3.937824017454910585e-07
3.958869025963252951e-07
3.979901940170455798e-07
4.000906668096323251e-07
4.021874008056821440e-07
4.042792643370189990e-07
4.063648004755732544e-07
4.084437052843392358e-07
4.105138068072688037e-07
4.125741823877068034e-07
4.146234845598187674e-07
4.166604930755480482e-07
4.186836404384068992e-07
4.206916591626169055e-07
4.226826850389764023e-07
4.246558597152672900e-07
4.266094094133865486e-07
4.285419793231024417e-07
4.304514424042982849e-07
4.323367299197971125e-07
4.341960233596682250e-07
4.360276443204615194e-07
4.378300981218338659e-07
4.396010435945196315e-07
4.413393386822034467e-07
4.430429850440258649e-07
4.447101739451244533e-07
4.463390496574188546e-07
4.479279491170385520e-07
4.494746208349896122e-07
4.509770910453778461e-07
4.524339147178718502e-07
4.538429394335636740e-07
4.552023995879043599e-07
4.565099809232725132e-07
4.577636725712084967e-07
4.589619191995281411e-07
4.601027589617758912e-07
4.611838537327164857e-07
4.622034156697695412e-07
4.631595771533624358e-07
4.641995977545186934e-07
4.648737333749611521e-07
4.656279479992558705e-07
4.663110388492305259e-07
4.669210641882367637e-07
4.674565306986511886e-07
4.679152656645528276e-07
4.682956393470351035e-07
4.685958693489986945e-07
4.688142273195624043e-07
4.689490395917394224e-07
4.689986550064566366e-07
4.689614386725539146e-07
4.688358516553151318e-07
4.686203326942021144e-07
4.683134024608493931e-07
4.679135945035569842e-07
4.674194943911433543e-07
4.668297306832730288e-07
4.661430119812415928e-07
4.653580878409119977e-07
4.644738033403243988e-07
4.634890474369549297e-07
4.624027783772337233e-07
4.612140193339222048e-07
4.599219021386312048e-07
4.585256472846576534e-07
4.570245992949212608e-07
4.554182111658845271e-07
4.537060454992557816e-07
4.518877606317865552e-07
4.499631554964708890e-07
4.479321793741346956e-07
4.457949402421516814e-07
4.435516882988022608e-07
4.412028135424283521e-07
4.387488266355517540e-07
4.361903528534731471e-07
4.335281759697116825e-07
4.307632573068921962e-07
4.278966316508243509e-07
4.249297135545736449e-07
4.218637933236457190e-07
4.187003259441263999e-07
4.154408440800877699e-07
4.120869954648582305e-07
4.086405477852288283e-07
4.051033846294127010e-07
4.014775010792523266e-07
3.977649944959978704e-07
3.939680466541003676e-07
3.900889275335761692e-07
3.861300119305034029e-07
3.820937793842851360e-07
3.779828354712391181e-07
3.737999207146161805e-07
3.695479666790799761e-07
3.652301633436286186e-07
3.608499631299558480e-07
3.564110705323996640e-07
3.519174478643232132e-07
3.473731349643640631e-07
3.427824603178221999e-07
3.381499966484417111e-07
3.334806496723160609e-07
3.287796213885148603e-07
3.240523818411423637e-07
3.193046275017263175e-07
3.145423937637170475e-07
3.097718395143468881e-07
3.049992840974691283e-07
3.002311011030580811e-07
2.954736241322376739e-07
2.907331211511163976e-07
2.860158061826719155e-07
2.813278425534920371e-07
2.766752049593422432e-07
2.720634601400567590e-07
2.674976361443298951e-07
2.629821147766102395e-07
2.585206114315170251e-07
2.541161590383981657e-07
2.497711142262175229e-07
2.454872019293691234e-07
2.412658190137184032e-07
2.371069211922674907e-07
2.330105840523950966e-07
2.289759591535570763e-07
2.250015666291876200e-07
2.210854018804754454e-07
2.172252763461411619e-07
2.134190235929584176e-07
2.096646717042188937e-07
2.059604974713391620e-07
2.023053811177680097e-07
1.986973972717430785e-07
1.951357372515003146e-07
1.916189968820074163e-07
1.881456099182540257e-07
1.847140226458712209e-07
1.813227331919502913e-07
1.779703073571876265e-07
1.746554117799509354e-07
1.713768837866064232e-07
1.681337230739840031e-07
1.649248985702600911e-07
1.617492691073482948e-07
1.586056007432957791e-07
1.554925796213331929e-07
1.524089347948740056e-07
1.493537271188350077e-07
1.463263412088436517e-07
1.433262399204512377e-07
1.403529149882200966e-07
1.374058865844722846e-07
1.344846749798701447e-07
1.315885907530314770e-07
1.287165297186280853e-07
1.258673611472674087e-07
1.230402733698903211e-07
1.202347749020574169e-07
1.174506668353737274e-07
1.146879720735446468e-07
1.119469304194316314e-07
1.092282213554567921e-07
1.065335292346272843e-07
1.038657060431658883e-07
1.012287621326941132e-07
9.862784278126803609e-08
9.606918010111482541e-08
9.355995426595539236e-08
9.110725125108511009e-08
8.871662625988153308e-08
8.639194154717000404e-08
8.413542278601466657e-08
8.194778462431125625e-08
7.982849869094908604e-08
7.777590306343673258e-08
7.578740523620620404e-08
7.385967914659010386e-08
7.198867665054434501e-08
7.016963592805037658e-08
6.839702820022601156e-08
6.666445588435099879e-08
6.496545823043925082e-08
6.329518123570819277e-08
6.165073518325313517e-08
6.003107553333785287e-08
5.843693262188089667e-08
5.687075356225830402e-08
5.533655289566911976e-08
5.383862247058645366e-08
5.238022491452064321e-08
5.096349679719809841e-08
4.958949333476286243e-08
4.825823641441138249e-08
4.696880397351405957e-08
4.571948342491488440e-08
4.450818697806231051e-08
4.333269767245570573e-08
4.219082473454206226e-08
4.108042285318460024e-08
3.999929824558831788e-08
3.894511272577492491e-08
3.791559808354793293e-08
3.690902317684504143e-08
3.592424849613487558e-08
3.496069256522692430e-08
3.401837613684863616e-08
3.309805900151810664e-08
3.220121046442144072e-08
3.132940972537860469e-08
3.048386193395645651e-08
2.966519405672419199e-08
2.887340991775566660e-08
2.810783230291495514e-08
2.736705592573777350e-08
2.664918774065054171e-08
2.595236429383417756e-08
2.527500093523515609e-08
2.461591879147410793e-08
2.397433591527722819e-08
2.334986637523640059e-08
2.274245967736970698e-08
2.215213001501212426e-08
2.157876711413429096e-08
2.102211538771395085e-08
2.048179187138520132e-08
1.995732434742897174e-08
1.944818763448382310e-08
1.895389238457273843e-08
1.847409633971324209e-08
1.800857629095714070e-08
1.755711659688166848e-08
1.711948493078322542e-08
1.669538862316828976e-08
1.628444587506056438e-08
1.588614159366681034e-08
1.549983970030504768e-08
1.512489205956447529e-08
1.476070671970792363e-08
1.440676511137997943e-08
1.406264883343819771e-08
1.372805303434524140e-08
1.340278964099813345e-08
1.308674389579249560e-08
1.277978993432450983e-08
1.248177517586006228e-08
1.219250648053193395e-08
1.191173955616756775e-08
1.163917745754720949e-08
1.137447736494059969e-08
1.111728830410621933e-08
1.086728159443698148e-08
1.062414995294085739e-08
1.038761517269370244e-08
1.015742880010524940e-08
9.933373313265278983e-09
9.715254156492660164e-09
9.502883290020153574e-09
9.296075680772066194e-09
9.094649133825921960e-09
8.898421285953981821e-09
8.707210491360992598e-09
8.520836327938001794e-09
8.339122047366084336e-09
8.161897457287896423e-09
7.988997264293392682e-09
7.820261723851444181e-09
7.655537215901628021e-09
7.494676246810774188e-09
7.337537929118986844e-09
7.183987143912133546e-09
7.033894409517951808e-09
6.887135960248544670e-09
6.743592980977478827e-09
6.603151291166734997e-09
6.465701538063577580e-09
6.331138972045827635e-09
6.199363300059085305e-09
6.070278352044792275e-09
5.943791986894299291e-09
5.819815362927211737e-09
5.698265937695018746e-09
5.579063299094890064e-09
5.462131215553571363e-09
5.347398944026765467e-09
5.234797526047988819e-09
5.124262002639343146e-09
5.015730671757905103e-09
4.909145182635388109e-09
4.804450478979366200e-09
4.701594563409603062e-09
4.600528314532436236e-09
4.501205367356965068e-09
4.403581956924876510e-09
4.307616906311899999e-09
4.213271600560889628e-09
4.120509830955592688e-09
4.029293745119304554e-09
3.939599227485054960e-09
3.851392442824231585e-09
3.764644594206940831e-09
3.679331142209360603e-09
3.595423878135939281e-09
3.512906169866590367e-09
3.431753619658653436e-09
3.351946351146637212e-09
3.273465817463569207e-09
3.196294705889419442e-09
3.120416849413529042e-09
3.045817089840776207e-09
2.972481214166697621e-09
2.900395845900259158e-09
2.829548409265775220e-09
2.759927070213148291e-09
2.691520634068765715e-09
2.624318433202583315e-09
2.558310215788444835e-09
2.493486131430147474e-09
2.429835957611592238e-09
2.367351960981127344e-09
2.306024471902439849e-09
2.245844718753673846e-09
2.186804000689922780e-09
2.128893632729934576e-09
2.072104960924444313e-09
2.016429325081063314e-09
1.961858062654066203e-09
1.908382447276921771e-09
1.855993596815186133e-09
1.804682432137684600e-09
1.754439699712113333e-09
1.705255940766572129e-09
1.657120883468849472e-09
1.610025997471383560e-09
1.563960547798111605e-09
1.518914190525158082e-09
1.474876313852922177e-09
1.431836028323955875e-09
1.389782191305359629e-09
1.348703423990007676e-09
1.308588096156661767e-09
1.269427093142819066e-09
1.231202700112712127e-09
1.193905337141969997e-09
1.157522370684409198e-09
1.122040359647265512e-09
1.087447446294651908e-09
1.053729786449728336e-09
1.020873955350768576e-09
9.888663505717420624e-10
9.576932109136913571e-10
9.273406432840336755e-10
8.977946225183246600e-10
8.690410185476177972e-10
8.410656023973075704e-10
8.138541030110333836e-10
7.873916763938517792e-10
7.616650045471769280e-10
7.366592041195404698e-10
7.123597039302802483e-10
6.887521666998667593e-10
6.658222124050070587e-10
6.435554976475587338e-10
6.219377524914456000e-10
6.009547639870131224e-10
5.805923811798203343e-10
5.608360519381800053e-10
5.416727842205936696e-10
5.230882564582544677e-10
5.050687659979268969e-10
4.876007493587345195e-10
4.706707848149244085e-10
4.542655828047104268e-10
4.383720007090436841e-10
4.229770951246640859e-10
4.080681005610610299e-10
3.936320191235098764e-10
3.796572920715815458e-10
3.661312754493069304e-10
3.530419245806837390e-10
3.403774145355957615e-10
3.281261308010087317e-10
3.162766599037336798e-10
3.048178111386361398e-10
2.937382090530745497e-10
2.830278224093047355e-10
2.726756712894918863e-10
2.626713848624380554e-10
2.530048259845825289e-10
2.436660744726536312e-10
2.346454126499204342e-10
2.259333416555323621e-10
2.175202112239296190e-10
2.093976351826972431e-10
2.015568108410150081e-10
1.939882529497448616e-10
1.866839560798457843e-10
1.796356893240325201e-10
1.728354198385203214e-10
1.662749970911897290e-10
1.599474419075189433e-10
1.538450099986593654e-10
1.479604798073326955e-10
1.422868257682257214e-10
1.368171990294799328e-10
1.315447125555232532e-10
1.264633377726985967e-10
1.215665471617854937e-10
1.168482267653540439e-10
1.123022541270421062e-10
1.079232169533682000e-10
1.037053095547273871e-10
9.964307133492616674e-11
9.573109072492449128e-11
9.196447953534722658e-11
8.833814174046006507e-11
8.484708936565193552e-11
8.148697319260133987e-11
7.825307877350826914e-11
7.514084352522571040e-11
7.214632591772363029e-11
6.926523511662541530e-11
6.649357275986157996e-11
6.382731997490590405e-11
6.126301379611239820e-11
5.879686389317459246e-11
5.642521487680253362e-11
5.414494601471124436e-11
5.195262837644817515e-11
4.984495363457523441e-11
4.781910651134282461e-11
4.587184814082630974e-11
4.400055486196725362e-11
4.220231431965325740e-11
4.047432479545656093e-11
3.881423061776548629e-11
3.721928653226913018e-11
3.568729846228218244e-11
3.421580209288780019e-11
3.280242997287160975e-11
3.144521501036365130e-11
3.014184563111596701e-11
2.889049515269374250e-11
2.768900284736595773e-11
2.653566794266401766e-11
2.542847112116348950e-11
2.436583296642612905e-11
2.334586402362603841e-11
2.236712618693102258e-11
2.142793750868520806e-11
2.052677413961677634e-11
1.966216640639559890e-11
1.883269865513376394e-11
1.803681967913323098e-11
1.727354189782065839e-11
1.654147298118128151e-11
1.583939304165938013e-11
1.516618119441299615e-11
1.452051955012556480e-11
1.390156120063775289e-11
1.330813133582439353e-11
1.273922076801728817e-11
1.219385800968800675e-11
1.167093050187131612e-11
1.116987193599221883e-11
1.068964264863242931e-11
1.022944566214895161e-11
9.788453458912709472e-12
9.365930071563828223e-12
8.961109821358145777e-12
8.573272185083844135e-12
8.201728686573332824e-12
7.845853857559076873e-12
7.504983399437254791e-12
7.178507877310658217e-12
6.865802730136920088e-12
6.566380877453245876e-12
6.279662649250390832e-12
6.005125268614042057e-12
5.742266514551480149e-12
5.490612766192579235e-12
5.249703373708339365e-12
5.019095418506535735e-12
4.798363166124886765e-12
4.587077181879923550e-12
4.384886969218268213e-12
4.191368979558198108e-12
4.006198831645995316e-12
3.829009418885172870e-12
3.659470629004413570e-12
3.497262102883791110e-12
3.342082932909066732e-12
3.193623792826766922e-12
3.051621239080141338e-12
2.915771920716347561e-12
2.785831256480025048e-12
2.661565717998180559e-12
2.542701459271015758e-12
2.429041435151605099e-12
2.320315199022203458e-12
2.216381203728465497e-12
2.116983600518228846e-12
2.021955964707597725e-12
1.931131663327264847e-12
1.844306574411798941e-12
1.761319345400704784e-12
1.681991170726808035e-12
1.606166656132339111e-12
1.533707454542038724e-12
1.464455830089759455e-12
1.398280327153002259e-12
1.335035809922452442e-12
1.274610226275826218e-12
1.216873824636841287e-12
1.161711240378007135e-12
1.109010099793094173e-12
1.058657548337018864e-12
1.010546067868167026e-12
9.645872855026325433e-13
9.206789646084353961e-13
8.787430474680079134e-13
8.386825261505931469e-13
8.004237631801344026e-13
7.638891941198443754e-13
7.290040771531833991e-13
6.956945752389951706e-13
6.638837480830863154e-13
6.335173032241982302e-13
6.045252791172844799e-13
5.768505318664115336e-13
5.504349470407588727e-13
5.252208803212684890e-13
5.011597107361908172e-13
4.781954966091030825e-13
4.562781897124673296e-13
4.353623644382535851e-13
4.153994901938251242e-13
3.963484269688572953e-13
3.781670701811605595e-13
3.608123301985190318e-13
3.442534087762956911e-13
3.284487549863763163e-13
3.133642763557510774e-13
2.989678102831273188e-13
2.852303206020026328e-13
2.721197813954994043e-13
2.596100986597934277e-13
2.476751642738751873e-13
2.362881525821015731e-13
2.254223480316964252e-13
2.150558414576097846e-13
2.051620237533565117e-13
1.956670384037215467e-13
1.865678481091578418e-13
1.778851763993346153e-13
1.696036118487209245e-13
1.617015606059268679e-13
1.541623893364155156e-13
1.469702766909913928e-13
1.401085183035042722e-13
1.335621529707731939e-13
1.273179506420009144e-13
1.213606151160370685e-13
1.156775964426085196e-13
1.102561842755944714e-13
1.050840333548690956e-13
1.001511030780315504e-13
9.544520874393372837e-14
9.095669069750595386e-14
8.667503738924006985e-14
8.259112973702064898e-14
7.869560198992411778e-14
7.497822935232318715e-14
7.142188767760132115e-14
6.803012570215824860e-14
6.479581799776212881e-14
6.171142265718352907e-14
5.877034673361860353e-14
5.596562107602727739e-14
5.329109000000611401e-14
5.074087236802580227e-14
4.830931004115563317e-14
4.599110879753962233e-14
4.378120263041369469e-14
4.167401510339030366e-14
3.966575389474023578e-14
3.775152321655517416e-14
3.573846454576253080e-14
3.380182562826441100e-14
3.195988067129567056e-14
3.020880647182665490e-14
2.854456182733082739e-14
2.696276824597377191e-14
2.546091541479791238e-14
2.403457319089611266e-14
2.268038297045531140e-14
2.139565584216384726e-14
2.017614576598292174e-14
1.897778787539847244e-14
1.784137854089895501e-14
1.676597187555412846e-14
1.574868257341876034e-14
1.478626759672133236e-14
1.387706242047937527e-14
1.301847023230439392e-14
1.220783007913158740e-14
1.139767717794128521e-14
1.042300665965731048e-14
9.512678592886742655e-15
8.663773941124144191e-15
7.873275496113907922e-15
7.137726876257671370e-15
6.453073630647301289e-15
5.818012157751089746e-15
5.244690071184863182e-15
4.716974897542767417e-15
