# bin_6_2
4.122583831099699015e-08
4.123092847214099285e-08
4.123611362011083454e-08
4.124139576219805341e-08
4.124677697827893566e-08
4.125225935109115730e-08
4.125784470285675068e-08
4.126353492287406229e-08
4.126933194935158926e-08
4.127523778662925774e-08
4.128125445629398758e-08
4.128738411273894811e-08
4.129362236548339197e-08
4.129998414849009096e-08
4.130646450958011826e-08
4.131306497719013557e-08
4.131978717208884866e-08
4.132663348187598049e-08
4.133360664166402377e-08
4.134070996060548323e-08
4.134794586392987125e-08
4.135539129383646821e-08
4.136289064863889441e-08
4.137047109392838395e-08
4.137825934151649268e-08
4.138619199861277755e-08
4.139427312619015218e-08
4.140250646701455850e-08
4.141084220855413150e-08
4.141943875017129115e-08
4.142814175729839005e-08
4.143700624931935468e-08
4.144603565398770039e-08
4.145523429470441938e-08
4.146460663583863705e-08
4.147415608777427366e-08
4.148388462391051823e-08
4.149616783590043304e-08
4.150388670450865138e-08
4.151416600275173576e-08
4.152463726765274625e-08
4.153530722875015080e-08
4.154618158549394394e-08
4.155733085039652713e-08
4.156860786674322889e-08
4.158008801197894577e-08
4.159178289822598024e-08
4.160372703416337540e-08
4.161589633442332493e-08
4.162829669179986168e-08
4.164093408236883975e-08
4.165381088765305673e-08
4.166694062242308903e-08
4.168032376115956293e-08
4.169396311202251679e-08
4.170786134839038590e-08
4.172202524461819775e-08
4.173646479344512956e-08
4.175120896298579664e-08
4.176619884886139542e-08
4.178149950052344729e-08
4.179710201261224092e-08
4.181300110378771027e-08
4.182921015890771300e-08
4.184573729140970313e-08
4.186259163629893974e-08
4.187977983878358171e-08
4.189730294980287725e-08
4.191516707088697512e-08
4.193338053177318478e-08
4.195195283210971099e-08
4.197089295927161326e-08
4.199022545461452369e-08
4.200995007585150355e-08
4.203006350651279519e-08
4.204725647967131840e-08
4.207140213262156562e-08
4.209266601077397903e-08
4.211435092436396649e-08
4.213647197397554052e-08
4.215904265592897425e-08
4.218206934824261333e-08
4.220555435948747733e-08
4.222950168234241032e-08
4.225391001374383101e-08
4.227877956469988884e-08
4.230411650599194936e-08
4.232994069999552179e-08
4.235628250674355152e-08
4.238316739303653569e-08
4.241058810206157011e-08
4.243853158448987047e-08
4.246700425510158140e-08
4.249602133332519510e-08
4.252559819622451018e-08
4.255574583220897945e-08
4.258647594449759157e-08
4.261785147559709544e-08
4.264975079498489797e-08
4.268231105660359991e-08
4.271548721639000692e-08
4.274927418923482590e-08
4.278371167657206484e-08
4.281880986544777089e-08
4.285458116436738965e-08
4.289103742996809721e-08
4.292818022611363553e-08
4.296601538240237834e-08
4.300456098703802948e-08
4.304375017692655247e-08
4.308381722814735333e-08
4.312456029117289876e-08
4.316605391058836829e-08
4.320831370423269768e-08
4.325135526084691819e-08
4.329517387360695538e-08
4.333976415383821704e-08
4.338520323753895138e-08
4.343144800987681193e-08
4.347851781108917360e-08
4.352641868390658733e-08
4.357516781718852393e-08
4.362478150877121481e-08
4.367527379126863574e-08
4.372661933448844643e-08
4.377885990645442859e-08
4.383200223541726231e-08
4.388609383628384097e-08
4.394097695106333203e-08
4.399687276699129742e-08
4.405376515976878369e-08
4.411146245435090028e-08
4.417022120447090012e-08
4.422986495989500792e-08
4.429046679765072578e-08
4.435202662026625348e-08
4.441455956126709865e-08
4.447808154635378620e-08
4.454256983562150314e-08
4.460803900913738844e-08
4.467450265480203736e-08
4.474195377223069291e-08
4.481039541890250558e-08
4.487983302948015975e-08
4.495027829196792723e-08
4.502169227330697156e-08
4.509412542414123666e-08
4.516754499031494760e-08
4.524195498323804973e-08
4.531735292113745879e-08
4.539374070673478321e-08
4.547110998823864245e-08
4.554945765812550524e-08
4.562877420707522185e-08
4.570905810354870032e-08
4.579029573659682449e-08
4.587247894087399595e-08
4.595559905661604542e-08
4.603963934420683463e-08
4.612459024295175316e-08
4.621043257324901584e-08
4.629715294817153632e-08
4.638472973332112766e-08
4.647316103380635250e-08
4.656239250214311051e-08
4.665241583815053267e-08
4.674322514792322597e-08
4.683473951505704644e-08
4.692700069909826642e-08
4.701992478166312241e-08
4.711354461835409684e-08
4.720768159942517500e-08
4.730244139567804158e-08
4.739773101713602801e-08
4.749351878755402257e-08
4.758975498305917162e-08
4.768639115703745654e-08
4.778337734275132908e-08
4.788066012026028322e-08
4.797818357076983284e-08
4.807588850211017648e-08
4.817371253340655042e-08
4.827158423230152885e-08
4.836944716064433943e-08
4.846722305038660333e-08
4.856483656388216040e-08
4.866220868538705503e-08
4.875925686759546840e-08
4.885592946886054751e-08
4.895206155454698814e-08
4.904760626867836482e-08
4.914245964207629400e-08
4.923652034434999368e-08
4.932968326157790951e-08
4.942183940949434850e-08
4.951287626734115580e-08
4.960267753318642560e-08
4.969112319170216511e-08
4.977808966148868215e-08
4.986344958530223030e-08
4.994707192624128446e-08
5.002882254548153553e-08
5.010856435006049486e-08
5.018615773736665582e-08
5.026146059188959381e-08
5.033432833444231479e-08
5.040461378787228121e-08
5.047215744996724528e-08
5.053683841392935021e-08
5.059847358078796888e-08
5.065691092677604286e-08
5.071201761685786485e-08
5.076363094314468224e-08
5.081155451843838251e-08
5.085572445063073969e-08
5.089594701388194447e-08
5.093207266580458252e-08
5.096395683275342577e-08
5.099145505527296217e-08
5.101443698396978210e-08
5.103276667065165951e-08
5.104631609536356909e-08
5.105496206105715640e-08
5.105858744284728568e-08
5.105708247433382307e-08
5.105034492516935535e-08
5.103828027527817728e-08
5.102080176111176820e-08
5.099783116491767897e-08
5.096929893804028505e-08
5.093514484147321364e-08
5.089531828182875506e-08
5.084977825733136630e-08
5.079849314689105509e-08
5.074144090238107658e-08
5.063615198367847556e-08
5.056717994807592402e-08
5.049243273145522731e-08
5.041192978650398830e-08
5.032569023980426920e-08
5.027796129355495066e-08
5.018070432480401770e-08
5.007782728014825395e-08
4.996938172645596888e-08
4.985542351886638148e-08
4.973600310061356499e-08
4.961119525970001638e-08
4.948105507832037786e-08
4.934564690831826611e-08
4.920503490038509799e-08
4.905928220570766209e-08
4.890844875930865077e-08
4.875261960581599726e-08
4.859178503859982435e-08
4.842602105297357591e-08
4.825537027727678103e-08
4.807987236270129138e-08
4.789956375256386733e-08
4.771449042429300795e-08
4.752464127714597595e-08
4.733005969136248919e-08
4.713072761906351491e-08
4.692666173357662454e-08
4.671786512528033708e-08
4.650433882141513648e-08
4.628607586100966828e-08
4.606305935980437840e-08
4.583526437630667998e-08
4.560265804945083394e-08
4.536519863825141566e-08
4.512283486212521469e-08
4.487550477597066651e-08
4.462313361781624437e-08
4.436563429489072630e-08
4.410290918375350980e-08
4.383484799349204697e-08
4.356132202849390926e-08
4.328218212545806181e-08
4.299728407372891320e-08
4.270644061249443433e-08
4.240951571364345752e-08
4.210636410097669374e-08
4.179684855842553352e-08
4.148084489330754424e-08
4.115824627843538931e-08
4.082900885323814892e-08
4.049305639052069097e-08
4.015044232318564682e-08
3.980124177939229174e-08
3.944557792871090049e-08
3.908362192894667403e-08
3.871556724302000440e-08
3.834171016719299493e-08
3.796230968961012233e-08
3.757767485165422273e-08
3.718814051210594907e-08
3.679406504022997144e-08
3.639582849183518842e-08
3.599381230025908881e-08
3.558836489659215447e-08
3.517976984038093664e-08
3.476833575672999212e-08
3.435425718742475071e-08
3.393771448015682305e-08
3.351885365904475785e-08
3.309779608689013276e-08
3.267463466579535453e-08
3.224944254228394782e-08
3.182227362245945566e-08
3.139314504350519225e-08
3.096204969682213144e-08
3.052895804758306987e-08
3.009391659945039595e-08
2.965700945444348125e-08
2.921841390166840864e-08
2.877834126741049267e-08
2.833711042192163588e-08
2.789509878155241422e-08
2.745272186883811124e-08
2.701038838757462527e-08
2.656849486221730196e-08
2.612742616617620739e-08
2.568755476465657602e-08
2.524923887909935783e-08
2.481282151177049515e-08
2.437863090899077423e-08
2.394697889532579511e-08
2.351815481833414951e-08
2.309242376305893972e-08
2.267004274300258810e-08
2.225118793844400036e-08
2.183607055663271426e-08
2.142489484014442293e-08
2.101789080802933792e-08
2.061527967223620664e-08
2.021733018164337760e-08
1.982431798082835370e-08
1.943652958730045773e-08
1.905423383217022349e-08
1.867763204512657234e-08
1.830695785644629168e-08
1.794236355773401171e-08
1.758400374993383303e-08
1.723201063613712391e-08
1.688649184762179147e-08
1.654754478081648135e-08
1.621527388981243984e-08
1.588976476471361308e-08
1.557113124143500194e-08
1.525948095395501998e-08
1.495492235760313463e-08
1.465755574081110647e-08
1.436745461602398884e-08
1.408461770753517759e-08
1.380892990859632456e-08
1.354016618860814555e-08
1.327796980705242625e-08
1.302189632760845569e-08
1.277142442696858801e-08
1.252597332866005681e-08
1.228491503761576525e-08
1.204759196872532217e-08
1.181332718148731214e-08
1.158142924970237376e-08
1.135120972107185622e-08
1.112199721667292973e-08
1.089318310260083697e-08
1.066427972742696014e-08
1.043493115109592417e-08
1.020493439549829450e-08
9.974246649343760118e-09
9.742968713855543175e-09
9.511355612636936617e-09
9.279777616070271010e-09
9.048649013250383996e-09
8.818414621013505792e-09
8.589571792153585048e-09
8.362646473198980871e-09
8.138153811741723782e-09
7.916593053330433457e-09
7.698472848622017880e-09
7.484330891378386453e-09
7.274703266443733828e-09
7.070097886249501609e-09
6.870993124664653362e-09
6.677805652062082250e-09
6.490863648280491255e-09
6.310423739958121007e-09
6.136663482825467381e-09
5.969632737462369937e-09
5.809248364845878498e-09
5.655372596614218733e-09
5.507810405871685693e-09
5.366260227682982346e-09
5.230323949557809310e-09
5.099500666234007460e-09
4.973250130731064630e-09
4.850935012585692668e-09
4.731839814055850850e-09
4.615260184441592641e-09
4.500557639538883049e-09
4.387179421574174795e-09
4.274739305202614346e-09
4.163078407588079277e-09
4.052252645159590475e-09
3.942488240611635664e-09
3.834133368872899200e-09
3.727615034838103700e-09
3.623379961891317224e-09
3.521784150515054236e-09
3.423097506713815089e-09
3.327524602615865961e-09
3.235160753512672572e-09
3.146036144257649775e-09
3.060116145104208283e-09
2.977353212673762783e-09
2.897633669285771792e-09
2.820766959610270208e-09
2.746504098222634165e-09
2.674580073106549772e-09
2.604702520482188775e-09
2.536562213598566018e-09
2.469899162257172304e-09
2.404551868974393432e-09
2.340471048441841750e-09
2.277687869167920455e-09
2.216297019352832758e-09
2.156451812107802954e-09
2.098314769644222914e-09
2.041997126626428260e-09
1.987539328539127133e-09
1.934908258964670547e-09
1.884017315667244420e-09
1.834732710756742675e-09
1.786890293421793148e-09
1.740349279785442161e-09
1.694992246625652607e-09
1.650751019677961947e-09
1.607591696344978544e-09
1.565514425357155153e-09
1.524540596472655343e-09
1.484694300480680748e-09
1.445987064819653061e-09
1.408419135242826267e-09
1.371973426354313478e-09
1.336619512344137388e-09
1.302313086297013632e-09
1.269011923188417526e-09
1.236673058476788689e-09
1.205258268322740119e-09
1.174733947350726979e-09
1.145065534484372747e-09
1.116228327605075746e-09
1.088198897309420612e-09
1.060949775400943617e-09
1.034454046570745474e-09
1.008685505098106818e-09
9.836214517523897874e-10
9.592375875279110845e-10
9.355119389069215247e-10
9.124251889355202936e-10
8.899608520893039145e-10
8.681036196783254107e-10
8.468376351524944213e-10
8.261480005820110714e-10
8.060201412723085003e-10
7.864385770079414248e-10
7.673873788037516499e-10
7.488502485375806915e-10
7.308106452933629762e-10
7.132531768812162027e-10
6.961618356495244565e-10
6.795214212721793434e-10
6.633173149079934996e-10
6.475354778192099136e-10
6.321624416593706609e-10
6.171852491738878477e-10
6.025914007558731109e-10
5.883688625970960684e-10
5.745060119997208398e-10
5.609915900909135534e-10
5.478146819115953252e-10
5.349647122658199307e-10
5.224314462921914122e-10
5.102048171570466387e-10
4.982756725812866931e-10
4.866346480006161965e-10
4.752729039005318674e-10
4.641819134966081745e-10
4.533534452667368820e-10
4.427795553757332771e-10
4.324526003745886290e-10
4.223652261902867814e-10
4.125103360812590624e-10
4.028810886514454875e-10
3.934708832164834659e-10
3.842733554842409521e-10
3.752823804194708102e-10
3.664918233664693082e-10
3.578965424694761863e-10
3.494908277622654868e-10
3.412694344095004387e-10
3.332271432998575291e-10
3.253594201311359954e-10
3.176614178331667656e-10
3.101286482437120568e-10
3.027567921381646041e-10
2.955416877384145614e-10
2.884793332055008398e-10
2.815658729977293171e-10
2.747976012786271315e-10
2.681710888168676584e-10
2.616826760323403208e-10
2.553292027231383296e-10
2.491075119776169496e-10
2.430145619851692264e-10
2.370472791887093251e-10
2.312031512676571415e-10
2.254794440676232254e-10
2.198733370730644690e-10
2.143824549091729733e-10
2.090043987441446760e-10
2.037368582201613784e-10
1.985776090464265558e-10
1.935245140114924621e-10
1.885755250344772545e-10
1.837286672319882388e-10
1.789820366201783002e-10
1.743337955919812215e-10
1.697820321736690164e-10
1.653253058028931778e-10
1.609618251467495366e-10
1.566899948142831482e-10
1.525082693970477807e-10
1.484151508867344579e-10
1.444091869715620197e-10
1.404889633590658433e-10
1.366531058279155014e-10
1.329002753438539255e-10
1.292291740565578320e-10
1.256384158304275950e-10
1.221489649040839391e-10
1.186936530770252893e-10
1.153370515929101220e-10
1.120560322446590571e-10
1.088495606005244867e-10
1.057164461340410523e-10
1.026555765806863117e-10
9.966590368805253984e-11
9.674623480158034126e-11
9.389543000337198107e-11
9.111264877968985964e-11
8.839671777522238489e-11
8.574658691899788811e-11
8.316121318924167871e-11
8.063956029774271492e-11
7.818059452535495901e-11
7.578328309732438813e-11
7.344660202069020931e-11
7.116953458284050756e-11
6.895095971246479747e-11
6.679005948034146625e-11
6.468572343008113858e-11
6.263693828735267632e-11
6.064269626463086123e-11
5.870199209256179601e-11
5.681382169927718118e-11
5.497718730388431291e-11
5.319103654749507570e-11
5.145448942484235431e-11
4.976649804218618630e-11
4.812604330182443718e-11
4.653221335698988904e-11
4.498399793406537867e-11
4.348039372383473032e-11
4.202050493245166356e-11
4.060333922766659613e-11
3.922791596326806468e-11
3.789335357893348851e-11
3.659865646528119877e-11
3.534295845020916462e-11
3.412531101502276667e-11
3.294477876611122841e-11
3.180051994863826105e-11
3.069159190239898288e-11
2.961717265727050866e-11
2.857636886379031804e-11
2.756830193428685637e-11
2.659217984560581484e-11
2.564712350498737269e-11
2.473236395347957170e-11
2.384705008936605716e-11
2.299042733751738805e-11
2.216169060372797478e-11
2.136007412657624864e-11
2.058485455479413615e-11
1.983529950102046645e-11
1.911064629927005577e-11
1.841022434000980327e-11
1.773330147565170525e-11
1.707921535005191381e-11
1.644731518827491181e-11
1.583691492061957685e-11
1.524739331422377777e-11
1.467812680762618757e-11
1.412852024645722846e-11
1.359794731506343181e-11
1.308584098407761824e-11
1.259163236856743471e-11
1.211476650510526593e-11
1.165470264831526122e-11
1.121090554853786476e-11
1.078287811574168761e-11
1.037010414860439846e-11
9.972102908153337894e-12
9.588393179350475567e-12
9.218512747376956194e-12
8.862013923532566209e-12
8.518454334046869907e-12
8.187415372809849921e-12
7.868468428518524003e-12
7.561225356277122102e-12
7.265286567783650563e-12
6.980260972575914240e-12
6.705800859232162461e-12
6.441482490185252790e-12
6.187079013022397033e-12
5.942184644441891836e-12
5.706471076915952886e-12
5.479620009802594757e-12
5.261323075953278198e-12
5.051269792532432371e-12
4.849184257245804668e-12
4.654783703098701978e-12
4.467795834097379248e-12
4.287947362803042355e-12
4.115002371900667228e-12
3.948715331105546004e-12
3.788822080437358657e-12
3.635107956157027483e-12
3.487349167463601067e-12
3.345341880067408430e-12
3.208849906888423238e-12
3.077684676115489953e-12
2.951650838698712670e-12
2.830559527360960206e-12
2.714228134935774404e-12
2.602472285662992635e-12
2.495137888671468896e-12
2.392046248491422842e-12
2.293046516083344611e-12
2.197979193134609158e-12
2.106700013215915033e-12
2.019066002249948949e-12
1.934940735205503020e-12
1.854180823792136726e-12
1.776668349634790872e-12
1.702275320042641986e-12
1.630882316726666683e-12
1.562380860242216522e-12
1.496648460856113041e-12
1.433583498544481036e-12
1.373083289108785029e-12
1.315049461776215983e-12
1.259384003521369985e-12
1.205992439630058323e-12
1.154790704749310973e-12
1.105690652095133057e-12
1.058605895099094948e-12
1.013465122077731379e-12
9.701822405902606285e-13
9.286924216493556288e-13
8.889205750873906841e-13
8.507990507092445962e-13
8.142623586926625848e-13
7.792480673474688561e-13
7.456951726327261006e-13
7.135426493944271743e-13
6.827343700285067505e-13
6.532177723843988073e-13
6.249393495238557646e-13
5.978492918329820898e-13
5.719004589947088421e-13
5.470451667661310088e-13
5.232418061608465832e-13
5.004466531100545465e-13
4.786171936491133790e-13
4.577167811573988392e-13
4.377061026239507749e-13
4.185459358747758346e-13
4.002040363602706868e-13
3.826440616307169806e-13
3.658353751954720483e-13
3.497457429752398543e-13
3.343465675052957550e-13
3.196080639030413293e-13
3.055046144588474968e-13
2.920086024367668342e-13
2.790960014913840822e-13
2.667410112845382747e-13
2.549196579288291324e-13
2.436111190276141108e-13
2.327927237174690502e-13
2.224422173629510481e-13
2.125412853121523468e-13
2.030699517023106734e-13
1.940114033796687617e-13
1.853484898101039585e-13
1.770649474207938852e-13
1.691446447694368992e-13
1.615708960233788357e-13
1.543301693963283367e-13
1.474071717343363395e-13
1.407883917875467937e-13
1.344603939702776465e-13
1.284107196501606628e-13
1.226282315224889572e-13
1.171010941960828949e-13
1.118187341110650752e-13
1.067704982266631713e-13
1.019465391253183128e-13
9.733733781890119379e-14
9.293291827961566672e-14
8.872377538536810210e-14
8.470225432767417078e-14
8.085928028196264085e-14
7.718731661439319709e-14
7.367882419371417806e-14
7.032704905855717947e-14
6.712507178506225378e-14
6.406660532085808898e-14
6.114554949951353775e-14
5.835555561352392408e-14
5.569072114442097850e-14
5.314558272144499712e-14
5.071462822357728443e-14
4.838445225562461251e-14
4.615317727540304243e-14
4.402306492251089554e-14
4.199062280845831279e-14
4.005057610236140541e-14
3.819877191549052803e-14
3.643143769987248125e-14
3.474474869780577298e-14
3.313452425870541880e-14
3.159783458039424832e-14
3.013139660863594541e-14
2.873228486499502609e-14
2.739754413664403022e-14
2.612428560042058114e-14
2.490990006795449820e-14
2.375148930844164773e-14
2.264653121705515048e-14
2.159240604021244189e-14
2.058667059712276592e-14
1.962704483919621645e-14
1.871158460168898137e-14
1.783923679746349165e-14
1.700704546016156518e-14
1.621325370969473987e-14
1.545604883348580376e-14
1.473377290802781131e-14
1.404475408966332693e-14
1.338747653305881466e-14
1.276052070393087653e-14
1.216249565219852134e-14
1.159209437817422501e-14
1.104808607705483508e-14
1.052916935898878759e-14
1.003431933639765035e-14
9.562381258086352382e-15
9.108308938158143973e-15
8.674898132863684355e-15
8.261658012488766807e-15
7.867679364517347483e-15
7.492118474405010564e-15
7.134074256583764093e-15
6.792856518369827161e-15
6.467612395270023691e-15
6.157622411849654410e-15
5.862242541770422302e-15
5.580751326963125695e-15
5.311139736306893048e-15
5.054265665530288056e-15
4.809598968507719798e-15
4.576601629011569079e-15
4.354697392287291167e-15
4.143417039849334200e-15
3.942265643060148492e-15
3.750762247876827240e-15
3.566123650921996750e-15
3.379393335531540853e-15
3.202244592829036355e-15
3.034214507599542050e-15
2.874915159489369416e-15
2.723857564102800976e-15
2.580612122302350458e-15
2.444874951398648928e-15
2.319185510125629790e-15
2.200526897374734855e-15
