# bin_5_3
1.876674762691324255e-07
1.877167396440090417e-07
1.877669480484652001e-07
1.878181207185269649e-07
1.878702774150443969e-07
1.879234381241942822e-07
1.879776219117521332e-07
1.880328483623258919e-07
1.880891374998304678e-07
1.881465098671924004e-07
1.882049863198988925e-07
1.882645885325349738e-07
1.883253384514337489e-07
1.883872569446683509e-07
1.884505220386201076e-07
1.885148380337621896e-07
1.885803830904067893e-07
1.886471814491767841e-07
1.887152591441510772e-07
1.887846450141162428e-07
1.888552023498373632e-07
1.889277691373049327e-07
1.890011930254635555e-07
1.890756061153398596e-07
1.891520720374926909e-07
1.892298368649956524e-07
1.893090989283931645e-07
1.893898419346751380e-07
1.894720062423764259e-07
1.895561261946361414e-07
1.896416713242783543e-07
1.897289084758266359e-07
1.898177710615673864e-07
1.899083469671672530e-07
1.900006750594780654e-07
1.900947900128301289e-07
1.901907206217684812e-07
1.902988726661933861e-07
1.903881453924589986e-07
1.907967873351068864e-07
1.905932255130396641e-07
1.906987523469516629e-07
1.908063352349525589e-07
1.909163226980268192e-07
1.910280441763763827e-07
1.911419029103235076e-07
1.912579597525769826e-07
1.913763888323404565e-07
1.914971109261929005e-07
1.916201778706854405e-07
1.917456424176996075e-07
1.918735596814566704e-07
1.920039814343900081e-07
1.921369554130523782e-07
1.922725226872282211e-07
1.924107243501040152e-07
1.925516199797726023e-07
1.926952837744143380e-07
1.928418547176406710e-07
1.929911560430761989e-07
1.931434513839070351e-07
1.932987888365696166e-07
1.934571087626890636e-07
1.936185631628319573e-07
1.937832026784697913e-07
1.939511029497335086e-07
1.941223294279495778e-07
1.942969238734039893e-07
1.944749507853326619e-07
1.946564851523377955e-07
1.948416078704654478e-07
1.950303983557177673e-07
1.952230403580874004e-07
1.954194914014654983e-07
1.956198155602766576e-07
1.958093852278312398e-07
1.960321242827877905e-07
1.962443322662130653e-07
1.964607315994976319e-07
1.966814476324022824e-07
1.969065872971641073e-07
1.971362273586595335e-07
1.973704141761747726e-07
1.976092414353513042e-07
1.978527554158890242e-07
1.981009832338959452e-07
1.983540187914141067e-07
1.986120035209391489e-07
1.988748586510350556e-07
1.991435522053569863e-07
1.994173103073595148e-07
1.996964022079288995e-07
1.999809157885298955e-07
2.002709781362486179e-07
2.005667185655102526e-07
2.008682490727199746e-07
2.011756857329555258e-07
2.014894042956958881e-07
2.018088267854419340e-07
2.021347508478435805e-07
2.024669898490530370e-07
2.028056436615322537e-07
2.031508722936105272e-07
2.035028361545502204e-07
2.038616642715812901e-07
2.042274844999092916e-07
2.046003811025933169e-07
2.049804580191437588e-07
2.053678740055469103e-07
2.057624147044206894e-07
2.061651972647693902e-07
2.065754123711227949e-07
2.069934750831379069e-07
2.074195396235681948e-07
2.078537612927325843e-07
2.082962088801166129e-07
2.087468879989617763e-07
2.092064082604178164e-07
2.096744915518304604e-07
2.101513765554105159e-07
2.106371842116479252e-07
2.111320847999307433e-07
2.116362456987258082e-07
2.121497651506936448e-07
2.126733812103116041e-07
2.132054257072323717e-07
2.137479163350370289e-07
2.142999979522651928e-07
2.148626795165984428e-07
2.154354352106849794e-07
2.160182769872165206e-07
2.166115202099057362e-07
2.172155589441340935e-07
2.178305670829255623e-07
2.184566083847658705e-07
2.190933318529873488e-07
2.197412278455329164e-07
2.204004227210939285e-07
2.210709853520493988e-07
2.217530532587639010e-07
2.224467908936008724e-07
2.231522735784575367e-07
2.238696198063631895e-07
2.245989568682616683e-07
2.253403869667116374e-07
2.260940138018280499e-07
2.268599309959453019e-07
2.276382747907420803e-07
2.284291083330189258e-07
2.292325240834514784e-07
2.300486326314272346e-07
2.308774990924505164e-07
2.317192100315363925e-07
2.325738231480118823e-07
2.334414294018940255e-07
2.343220655681240788e-07
2.352157907931537498e-07
2.361226601349059981e-07
2.370426913915959621e-07
2.379763336203490137e-07
2.389223790052136188e-07
2.398820600021327325e-07
2.408553787646478922e-07
2.418414948066418305e-07
2.428407968686191567e-07
2.438532457722358834e-07
2.448787677988416765e-07
2.459173010601665214e-07
2.469689550792359237e-07
2.480333470514713828e-07
2.491107818064382177e-07
2.502004007063016777e-07
2.513027572479630479e-07
2.524174636179483753e-07
2.535431525005005236e-07
2.546831917646072013e-07
2.558337977740424154e-07
2.569958532746273283e-07
2.581686579391215623e-07
2.593536263757690418e-07
2.605486139564278728e-07
2.617541714560669579e-07
2.629693194800937709e-07
2.641940750232662453e-07
2.654279305007556846e-07
2.666705721493216403e-07
2.679215414751466898e-07
2.691801009150098007e-07
2.704458337133047238e-07
2.717180006183477082e-07
2.729962824724819482e-07
2.742800447013321555e-07
2.755683220671078526e-07
2.768605533829432777e-07
2.781558326125396766e-07
2.794539155696616241e-07
2.807532961348381305e-07
2.820534973056181107e-07
2.833535480156826683e-07
2.846525840164292638e-07
2.859495126019249780e-07
2.872433449008427042e-07
2.885331524487981331e-07
2.898178690776688278e-07
2.910962798196939607e-07
2.923673089288861802e-07
2.936297809472320337e-07
2.948824488305934045e-07
2.961245593765143521e-07
2.973540739111967555e-07
2.948851318735036618e-07
2.997712743588082447e-07
3.009563420120136618e-07
3.021238947518393069e-07
3.032726570972945901e-07
3.044012114594011286e-07
3.055081647654246028e-07
3.065921233997084615e-07
3.076516858162936482e-07
3.086854457036809727e-07
3.096919919054233605e-07
3.106699150130291382e-07
3.116178093185878058e-07
3.125342769942754968e-07
3.134140840880228071e-07
3.142674109927102753e-07
3.150813547362133251e-07
3.158584289775238645e-07
3.165973242578973358e-07
3.172926206718519546e-07
3.179554917061514876e-07
3.185723048912622216e-07
3.191460270181324705e-07
3.196711483309778976e-07
3.201552500009430164e-07
3.205974823351468731e-07
3.209878856600876094e-07
3.213253175972523929e-07
3.216180290945097535e-07
3.218605878255006385e-07
3.220520742844953991e-07
3.221919645656679574e-07
3.222792447872629228e-07
3.223132794785000973e-07
3.222933491918619969e-07
3.222187209055262352e-07
3.220888311289537671e-07
3.219029122054568071e-07
3.216603613805466732e-07
3.213604622775495047e-07
3.210027263188194604e-07
3.205864056607786305e-07
3.201108062043744235e-07
3.195752270741214750e-07
3.189789544897934457e-07
3.183212829823171843e-07
3.176015200026467065e-07
3.168189887052325205e-07
3.159730149224677073e-07
3.150629216596780191e-07
3.140880457855430976e-07
3.130477514567627899e-07
3.119414590511355093e-07
3.107686829171751695e-07
3.095290290144291710e-07
3.082221721396374914e-07
3.068478525029912076e-07
3.054058972501290134e-07
3.038962617150664357e-07
3.023188711672461300e-07
3.006738403377761573e-07
2.989612324241974291e-07
2.971814287657028654e-07
2.953347178692886814e-07
2.934212798068388222e-07
2.914416490540764038e-07
2.893962691118150749e-07
2.872855593805333210e-07
2.851099505842521661e-07
2.828699268493299292e-07
2.805660424040642223e-07
2.781989328687792807e-07
2.757693384594745255e-07
2.732781562301778720e-07
2.707264664756357159e-07
2.681155988264025741e-07
2.654471700100784637e-07
2.627230838792910583e-07
2.599455253020451872e-07
2.571169460063178084e-07
2.542400565892101704e-07
2.513178235745218487e-07
2.483534318538070690e-07
2.453502560421882615e-07
2.423118313541024167e-07
2.392418267578876231e-07
2.361439928265018456e-07
2.330221368389209631e-07
2.298800629947745029e-07
2.267214613597045985e-07
2.235498622000232991e-07
2.203685930121334678e-07
2.171807737416311201e-07
2.139893441105777443e-07
2.107970876013783870e-07
2.076066417788736176e-07
2.044206684736858790e-07
2.012416186876823465e-07
1.980718382821257865e-07
1.949134935658218284e-07
1.917685381404313590e-07
1.886388227358337361e-07
1.855260743701909786e-07
1.824322814626547581e-07
1.793594878187954145e-07
1.763098488753245091e-07
1.732856413810171534e-07
1.702892624462813522e-07
1.673231027623653288e-07
1.643893303467192089e-07
1.614898325137554180e-07
1.586262253623420363e-07
1.557998651652241182e-07
1.530118518705510117e-07
1.502630270167363310e-07
1.475540295159236372e-07
1.448851006413929440e-07
1.422563124469005853e-07
1.396673528096775326e-07
1.371174741317382883e-07
1.346060178337171558e-07
1.321316878209618135e-07
1.296932273391325615e-07
1.272893975229530925e-07
1.249188965214260990e-07
1.225807987057104360e-07
1.202739435401994052e-07
1.179973415053321013e-07
1.157499234470564054e-07
1.135303549310127023e-07
1.113372977415710108e-07
1.091694225320347600e-07
1.070255462813331418e-07
1.049046169661727986e-07
1.028056640494941862e-07
1.007278010895672952e-07
9.867029377377930148e-08
9.663267622881748542e-08
9.461481574682089727e-08
9.261695225043117974e-08
9.063970321678311845e-08
8.868402205742928608e-08
8.675115979893938409e-08
8.484233478827651524e-08
8.295826021768775623e-08
8.109909933931601762e-08
7.926450312258956880e-08
7.745372449605577101e-08
7.566584044363444515e-08
7.389982206640593665e-08
7.215463590647704388e-08
7.042927549194307060e-08
6.872267699154776821e-08
6.703370076925196336e-08
6.536129560847210992e-08
6.370461712422883058e-08
6.206332892180170020e-08
6.043820016823118484e-08
5.883109341499332277e-08
5.724481128681323406e-08
5.568299992187832636e-08
5.414999168003848820e-08
5.265070363940913853e-08
5.118962979837724525e-08
4.977067726179523486e-08
4.839981550244831138e-08
4.707325310181568162e-08
4.579510730690664403e-08
4.456508226238958692e-08
4.338152178132944241e-08
4.224175868786887636e-08
4.114277024113138664e-08
4.008106108613613331e-08
3.905302224750459496e-08
3.805499982662671452e-08
3.708311706084086402e-08
3.613395306013728064e-08
3.520445722128005069e-08
3.429198507620301351e-08
3.339420466964516335e-08
3.250758871008480263e-08
3.163608205684470454e-08
3.077871697520095945e-08
2.993734552200478566e-08
2.911412458114990233e-08
2.831116344935058168e-08
2.753033192029408945e-08
2.677272060899714214e-08
2.603832888947744064e-08
2.532632278748960289e-08
2.463552426468824391e-08
2.396478568952217866e-08
2.327813583635845119e-08
2.268013402734083218e-08
2.206518505421553042e-08
2.146945917996800102e-08
2.089004820869657587e-08
2.032786064908838198e-08
1.978206892298213651e-08
1.925152842967587986e-08
1.873517349653282554e-08
1.823223460938626929e-08
1.774225894342329538e-08
1.726510903768325944e-08
1.679996644637069703e-08
1.634937328482942938e-08
1.591273761243447082e-08
1.549018193330793464e-08
1.505914716236469494e-08
1.468581889900867544e-08
1.430254189972946097e-08
1.393056954485045500e-08
1.356888497439746667e-08
1.321664001449900166e-08
1.287339414550077070e-08
1.253900080815698774e-08
1.221422251341573548e-08
1.188033465809222800e-08
1.158663420450412482e-08
1.128920991837190982e-08
1.100124625318503442e-08
1.072249045514434045e-08
1.045258214660001075e-08
1.019384169628534296e-08
9.940132329783768701e-09
9.693895340091461069e-09
9.454734738146377690e-09
9.222369502990587253e-09
8.996601757315579416e-09
8.777275480858476408e-09
8.564264817063063307e-09
8.357893633535518637e-09
8.157087623174170926e-09
7.962152917032447401e-09
7.772891981693758346e-09
7.589098225095514170e-09
7.410563752165879019e-09
7.237083796473679382e-09
7.068093051617067665e-09
6.904180541678458612e-09
6.744793430523270328e-09
6.589780577550397740e-09
6.438997688451734659e-09
6.292305954072381495e-09
6.149576822385832983e-09
6.010678433374991617e-09
5.875779058293114151e-09
5.744159090602077909e-09
5.616000007685935236e-09
5.491182885555453419e-09
5.369591139996828564e-09
5.250855974514279710e-09
5.135384714407418683e-09
5.022807166139198965e-09
4.913018742487094111e-09
4.805921009410818726e-09
4.701417496305264735e-09
4.599416226335694300e-09
4.499828458662202787e-09
4.402574408223792203e-09
4.307560765439601784e-09
4.214714607300955857e-09
4.123960643622563307e-09
4.035226886085356102e-09
3.948444353610635315e-09
3.863546864869892715e-09
3.780471046065111958e-09
3.699156257910914997e-09
3.619544600534748600e-09
3.541580868043940398e-09
3.465215469948397616e-09
3.390391587371348396e-09
3.317064118152574272e-09
3.245186995232160225e-09
3.174715567690221273e-09
3.105609822823499973e-09
3.037829450817859811e-09
2.971336908182114149e-09
2.906096379594613390e-09
2.842073798684393494e-09
2.779236870951486342e-09
2.717555031452802394e-09
2.657000254551150112e-09
2.597543522135131079e-09
2.539159760525072243e-09
2.481824310887428712e-09
2.425513862200676034e-09
2.370206431773891560e-09
2.315881313723991844e-09
2.262519003112817390e-09
2.210101018685374305e-09
2.158609812314355024e-09
2.108028021704067416e-09
2.058341413903383856e-09
2.009534452279652237e-09
1.961593198036082801e-09
1.914504462314647779e-09
1.868255667846658886e-09
1.822834819737869945e-09
1.778230516026632769e-09
1.734432233145689271e-09
1.691429197218219283e-09
1.649211935079846888e-09
1.607771082145936645e-09
1.567097609660805283e-09
1.527182778585426307e-09
1.488016047227594140e-09
1.449593659735149511e-09
1.411905576128919942e-09
1.374944164589586123e-09
1.338701944910302415e-09
1.303171534158108468e-09
1.268345663890309593e-09
1.234217184070890756e-09
1.200779026827586662e-09
1.168024199988152871e-09
1.135945722138444434e-09
1.104536602846140247e-09
1.073789831847128365e-09
1.043696987643366215e-09
1.014253831955926863e-09
9.854518454183844307e-10
9.572838756192195706e-10
9.297426974643296026e-10
9.028210135682769842e-10
8.765114584953763492e-10
8.508065730160469285e-10
8.256988080021373694e-10
8.011805047522919705e-10
7.772439392038353216e-10
7.538807883849304638e-10
7.310842151013835798e-10
7.076861617668778678e-10
6.860314932231396321e-10
6.660103484365897302e-10
6.453971159350048824e-10
6.253090912154156245e-10
6.057379097429072143e-10
5.866750401080068497e-10
5.681122029844219421e-10
5.500402472247758254e-10
5.324515227527164634e-10
5.153368953570684591e-10
4.986876972474726071e-10
4.824952567612993370e-10
4.667508909691745405e-10
4.514458901812067553e-10
4.365715263209441001e-10
4.221190974689589081e-10
4.080799164595629670e-10
3.944449158794875440e-10
3.812063132761541494e-10
3.683550988443202689e-10
3.558827109324297201e-10
3.437806535630904936e-10
3.320404884440277564e-10
3.206543194516036929e-10
3.096128823702466372e-10
2.989080752017497249e-10
2.885325123048692929e-10
2.784777539871700539e-10
2.687358279609606839e-10
2.592990589428338373e-10
2.501593212664953703e-10
2.413091418822091195e-10
2.327409795734328707e-10
2.244471170270368580e-10
2.164207918136810623e-10
2.086545257133782859e-10
2.011412484391386966e-10
1.938739524853965937e-10
1.868457707548788303e-10
1.800502526779574931e-10
1.734806598523173428e-10
1.671305515658413349e-10
1.609934218679345172e-10
1.550635013970373660e-10
1.493345252058985259e-10
1.438005649056103106e-10
1.384556156770980362e-10
1.332944264266711547e-10
1.283112511807382133e-10
1.235006861182788484e-10
1.188572682254675827e-10
1.143762007648946238e-10
1.100522552739356976e-10
1.058805143038684943e-10
1.018560217893921795e-10
9.797446002061878351e-11
9.423110996606450333e-11
9.062137729154698618e-11
8.714127690601088187e-11
8.378643513541337531e-11
8.055260759931262769e-11
7.743614524804149063e-11
7.443303128295500996e-11
7.153949643166867377e-11
6.875174725628853779e-11
6.606652327651602310e-11
6.348022426383488849e-11
6.098936917363134182e-11
5.859099455196290801e-11
5.628181042238257993e-11
5.405862822924498512e-11
5.191873914911382226e-11
4.985900141160323232e-11
4.787688114066628594e-11
4.596954546806854389e-11
4.413426281265139042e-11
4.236873744208705254e-11
4.067027053257597965e-11
3.903670983527948159e-11
3.746562383150608312e-11
3.595468198361763382e-11
3.450193947818190492e-11
3.310510013139560261e-11
3.176234586597607980e-11
3.047151682521308785e-11
2.923091253284827162e-11
2.803851091456574340e-11
2.689272860766266056e-11
2.579168005604307888e-11
2.473388750333992581e-11
2.371758387556838154e-11
2.274130925751285351e-11
2.180364745657871487e-11
2.090300812835740083e-11
2.003815219772952397e-11
1.920760177112132434e-11
1.841013417616672696e-11
1.764449772357078144e-11
1.690954065440082162e-11
1.620398065130611027e-11
1.552675560427585315e-11
1.487678584797020106e-11
1.425302941376077630e-11
1.365447926863265382e-11
1.308012982212598340e-11
1.252911753420870087e-11
1.200050100311439698e-11
1.149340320324023176e-11
1.100698290614634381e-11
1.054046170878948374e-11
1.009303792155426848e-11
9.663986026792933394e-12
9.252542345597306367e-12
8.857894764690941188e-12
8.479732950396101923e-12
8.117201527297047702e-12
7.769681768368188373e-12
7.436577098479204762e-12
7.117243847020096257e-12
6.811222058902167536e-12
6.517958916723338240e-12
6.236943791580662548e-12
5.967684555329935121e-12
5.709707002266829699e-12
5.462555754837848279e-12
5.225776294256543167e-12
4.998986999839554197e-12
4.781741503493551916e-12
4.573690750872471681e-12
4.374441634053047737e-12
4.183637879464202605e-12
4.000933056660102602e-12
3.825998849225256698e-12
3.658511228336610138e-12
3.498157590436253210e-12
3.344643943535579506e-12
3.197695052448362087e-12
3.057033937481621284e-12
2.922401636543490712e-12
2.793552019140676535e-12
2.670239118897920973e-12
2.552233595821295570e-12
2.439336696380080427e-12
2.331301326582807204e-12
2.227947708871991796e-12
2.129070499368945426e-12
2.034474921300290044e-12
1.943990248500589154e-12
1.857434766961616754e-12
1.774650961575261014e-12
1.695474241992742909e-12
1.619757928182373005e-12
1.547348076603426574e-12
1.478111401007064981e-12
1.411906451611238336e-12
1.348608780327212929e-12
1.288088362585270973e-12
1.230224043921522942e-12
1.174918268368370264e-12
1.122052663385635354e-12
1.071512933094213333e-12
1.023205899693216457e-12
9.770314621426526885e-13
9.329067665691246460e-13
8.907382363613320590e-13
8.504456445200167834e-13
8.119462492611778115e-13
7.751592978263349486e-13
7.400147977825491422e-13
7.064385148728572688e-13
6.743628593203605412e-13
6.437235612535562945e-13
6.144540373687020215e-13
5.864999056088654757e-13
5.598007231372681337e-13
5.343028442041045677e-13
5.099532471048600013e-13
4.867010691314959077e-13
4.644986690347715962e-13
4.432974688677624607e-13
4.230531190570800312e-13
4.037204782275220734e-13
3.853004163268150108e-13
3.676731905874751732e-13
3.508071650723947582e-13
3.347382114075938231e-13
3.193984056808726987e-13
3.047569016583374715e-13
2.907851656183954314e-13
2.774526421783742599e-13
2.647296463566938707e-13
2.525891404436375162e-13
2.410024893014415061e-13
2.299137815452398533e-13
2.193106734200562144e-13
2.091942945185043255e-13
1.995428072477309320e-13
1.903338244352341766e-13
1.815645779869642889e-13
1.731783037440539936e-13
1.651755205999607856e-13
1.575389152737805036e-13
1.502526522288283720e-13
1.432860199973484913e-13
1.366537535358802588e-13
1.303260129961734472e-13
1.242883957344924965e-13
1.185287694729186180e-13
1.130333523628794635e-13
1.077902102266240499e-13
1.027877135114870089e-13
9.801519610674868489e-14
9.346142619718707555e-14
8.911427077217732971e-14
8.495299270367698901e-14
8.098317971568837767e-14
7.719621136353402340e-14
7.358349887205446839e-14
7.013727985753306045e-14
6.684967719626763572e-14
6.371350386137414296e-14
6.072170092068205114e-14
5.786785472379249468e-14
5.514557953364703917e-14
5.254911910558847840e-14
5.007228553703944623e-14
4.771004521569448627e-14
4.545691610735714971e-14
4.325942233599876806e-14
4.115861761478038297e-14
3.915542759637947254e-14
3.724579310532706010e-14
3.542532010233991322e-14
3.368990413324363460e-14
3.203606652143360932e-14
3.045994876969086602e-14
2.895782367387610848e-14
2.752648048409442463e-14
2.616249294135779520e-14
2.485229576572107757e-14
2.360403865367287830e-14
2.241525728918957577e-14
2.128342015173276119e-14
2.020574964461895561e-14
1.917992338904651926e-14
1.820375588350977761e-14
1.727456534369672549e-14
1.636488843199920807e-14
1.537976650861956212e-14
1.444627860991623282e-14
1.356233344377230978e-14
1.272522300008381329e-14
1.193300470096532710e-14
1.118309299392562381e-14
1.047417540045367171e-14
9.818481022926850626e-15
9.201713507327232310e-15
