# bin_5_1
1.606919167814655101e-07
1.606715956063006094e-07
1.606509150512250683e-07
1.606298708011288781e-07
1.606084586728733102e-07
1.605866743134453255e-07
1.605645120654307396e-07
1.605419663769290709e-07
1.605190317219993860e-07
1.604957026736197738e-07
1.604719736921775274e-07
1.604478396227399266e-07
1.604232201180735711e-07
1.603982581452458093e-07
1.603728707339903465e-07
1.603470492796546960e-07
1.603207853862736635e-07
1.602940737684020244e-07
1.602669104465456909e-07
1.602392937228390315e-07
1.602112179048460933e-07
1.601829978343539904e-07
1.601539472850088907e-07
1.601241664777592509e-07
1.600941839008987167e-07
1.600637096337065610e-07
1.600327438937352290e-07
1.600012853440791358e-07
1.599686807244045979e-07
1.599368576791453481e-07
1.599038702483383393e-07
1.598703582956377819e-07
1.598363182193344616e-07
1.598017500973664739e-07
1.597666544418999137e-07
1.597310270557509225e-07
1.596948573902526021e-07
1.596683662592394644e-07
1.596208476111454661e-07
1.595829933625247096e-07
1.595445744919411783e-07
1.595056001280474833e-07
1.594660748185131201e-07
1.594258441269754046e-07
1.593855677984549059e-07
1.593436570561274741e-07
1.593023174435393179e-07
1.592599385157461307e-07
1.592165071313316385e-07
1.591729611266675662e-07
1.591288399745975054e-07
1.590841501218420219e-07
1.590388941103350261e-07
1.589930698950444541e-07
1.589466682289687689e-07
1.588996792205026347e-07
1.588521105730952665e-07
1.588039838014665071e-07
1.587553823324935758e-07
1.587060932876490653e-07
1.586562555876021212e-07
1.586059715353477041e-07
1.585550804090425914e-07
1.585036494270854453e-07
1.584516919780415339e-07
1.583992258891338564e-07
1.583462583270795922e-07
1.582927724520043028e-07
1.582387732469139841e-07
1.581842753921783462e-07
1.581292987165962477e-07
1.580738609846479400e-07
1.580180356762894491e-07
1.579618238321783337e-07
1.579051910828410546e-07
1.578480090239778926e-07
1.577902775235248706e-07
1.577321467421078785e-07
1.576736050893316774e-07
1.576148114157074401e-07
1.575556928048445184e-07
1.574962947840498047e-07
1.574366095726786513e-07
1.573766366264168866e-07
1.573163530218711457e-07
1.572557427898791138e-07
1.571948160864216268e-07
1.571336425301693379e-07
1.570723374706853795e-07
1.570109957453138564e-07
1.569495719262922204e-07
1.568879962983841445e-07
1.568262940774743568e-07
1.567644976359734229e-07
1.567026720978965724e-07
1.566408540411852095e-07
1.565790729600539151e-07
1.565174139090677218e-07
1.564559400500723020e-07
1.563946201038546466e-07
1.563334599659752974e-07
1.562724760307571337e-07
1.562117506532773262e-07
1.561513664524626705e-07
1.560913747942824862e-07
1.560318258186663740e-07
1.559727265821032777e-07
1.559141037494132525e-07
1.558560380403283189e-07
1.557983644811152435e-07
1.557418621610991499e-07
1.556856624553490571e-07
1.556303388680433942e-07
1.555759727948147894e-07
1.555223943012114353e-07
1.554697199398518648e-07
1.554178855162748156e-07
1.553674069015674244e-07
1.553179493715401118e-07
1.552696719125250692e-07
1.552226223624434046e-07
1.551768984168251129e-07
1.551325958388907141e-07
1.550897426700529948e-07
1.550483783711786200e-07
1.550086550490149655e-07
1.549706145216202476e-07
1.549340137629859943e-07
1.548997633184829898e-07
1.548672835385683771e-07
1.548365266457539901e-07
1.548077634701279617e-07
1.547816563755980054e-07
1.547575324054187262e-07
1.547356592785373851e-07
1.547161338807412585e-07
1.546990780708332025e-07
1.546845887714763373e-07
1.546726918023010468e-07
1.546634838069038003e-07
1.546570908038363733e-07
1.546539568520751248e-07
1.546529568177206320e-07
1.546558233131873602e-07
1.546613807474174916e-07
1.546701433180620733e-07
1.546821774156463879e-07
1.546976031612783446e-07
1.547164714693732576e-07
1.547388658335705564e-07
1.547648929573472114e-07
1.547946175226853617e-07
1.548281303404963494e-07
1.548654979095222275e-07
1.549068243942183936e-07
1.549521647762336283e-07
1.550016012962234714e-07
1.550552173560872784e-07
1.551130649843313115e-07
1.551752304173695278e-07
1.552417618383083636e-07
1.553127354833664989e-07
1.553881951384933089e-07
1.554682029397163158e-07
1.555528061866331495e-07
1.556420467062851549e-07
1.557362414429484018e-07
1.558348393708841926e-07
1.559382811675111316e-07
1.560464472777702144e-07
1.561596377069230538e-07
1.562771634884134905e-07
1.563997242970948497e-07
1.565270824950602800e-07
1.566579729521662564e-07
1.567961149313267147e-07
1.569377291140265117e-07
1.570840174125330646e-07
1.572342197426197689e-07
1.573903661693635887e-07
1.575502707805133634e-07
1.577145882204631356e-07
1.578829544941708570e-07
1.580556640553732914e-07
1.582322697917548691e-07
1.584126912358251109e-07
1.585967506557369291e-07
1.587842526233875975e-07
1.589749834440967508e-07
1.591687100961168727e-07
1.593651805731801436e-07
1.595641230498832607e-07
1.597652458453113431e-07
1.599682373697159911e-07
1.601727653743428317e-07
1.603784778369524793e-07
1.605850017756242138e-07
1.607919432371265624e-07
1.609988877061401983e-07
1.612053994775602575e-07
1.614110237891180945e-07
1.616152873524678964e-07
1.618176988946395505e-07
1.620177501821359677e-07
1.622149157621053308e-07
1.624086528216805267e-07
1.625984378164312432e-07
1.627836964663610605e-07
1.629636570741994534e-07
1.631379395285220680e-07
1.633059421895025467e-07
1.634668907850184510e-07
1.636202347026102370e-07
1.637653401880351735e-07
1.639015644606874698e-07
1.640282666407597287e-07
1.641447976912377503e-07
1.642505175887772349e-07
1.643447881936430663e-07
1.644269769535821344e-07
1.644964559667621418e-07
1.645526071654037582e-07
1.645948237424967655e-07
1.646225138193037469e-07
1.646351042874370555e-07
1.646320420512636068e-07
1.646127943361838168e-07
1.645768495483691434e-07
1.645237240600938934e-07
1.644528972980820848e-07
1.643640804289427000e-07
1.642568177843980216e-07
1.641307554478602407e-07
1.639856223852331805e-07
1.638210369505894152e-07
1.636367997013143855e-07
1.634327027749507174e-07
1.632085743808608530e-07
1.629642780566140463e-07
1.626997147707296940e-07
1.624148231063603476e-07
1.621095759079141358e-07
1.617839655074629379e-07
1.614379976877061377e-07
1.610716875662503438e-07
1.606850550085119931e-07
1.602781281660133907e-07
1.598509444059933225e-07
1.594035428098707221e-07
1.589359443527490380e-07
1.584481447193320731e-07
1.579399345485539112e-07
1.574115841297591014e-07
1.568628179240158719e-07
1.562935025631681488e-07
1.557034834869268488e-07
1.550925945237387693e-07
1.544606588049874223e-07
1.538074785815359581e-07
1.531328971226260938e-07
1.524365320119578554e-07
1.517181948971391264e-07
1.509776403897635422e-07
1.502146686629409891e-07
1.494291938628166050e-07
1.486209483230284431e-07
1.477898957357574000e-07
1.469357574010478179e-07
1.460588967025187150e-07
1.451590942763488731e-07
1.442363530484555044e-07
1.432906928608953067e-07
1.423221435297502984e-07
1.413307470160672543e-07
1.403165656617498191e-07
1.392796646978191857e-07
1.382200569153234112e-07
1.371376790063067100e-07
1.360324191049778436e-07
1.349041494314387589e-07
1.337527334541106991e-07
1.325780308087977881e-07
1.313799215944604614e-07
1.301583562593933192e-07
1.289133777909064022e-07
1.276453700721076183e-07
1.263542962220110771e-07
1.250408839010053972e-07
1.237058335370321623e-07
1.223500096831687458e-07
1.209745326739980452e-07
1.195803944481885210e-07
1.181689966738549862e-07
1.167417567796932083e-07
1.153001894623918490e-07
1.138458921147073237e-07
1.122426858741386006e-07
1.109057406124257424e-07
1.094231603170695234e-07
1.079343378300753448e-07
1.064406756308630773e-07
1.049434285402443433e-07
1.034437121026243121e-07
1.019425442285230854e-07
1.004410375855512901e-07
9.893965118625299196e-08
9.743942891160138935e-08
9.594116997436857776e-08
9.444562371003135656e-08
9.295346222939972980e-08
9.146525516117757570e-08
8.998151189378913050e-08
8.850282884434370356e-08
8.702994084771664826e-08
8.556373106281944549e-08
8.410523301486129485e-08
8.265563799845155051e-08
8.121629363999854193e-08
7.978860943213769251e-08
7.837389758481752139e-08
7.697333810860266582e-08
7.558798923119561942e-08
7.421878995294834247e-08
7.286655582245352056e-08
7.153197501069074382e-08
7.020844223552875174e-08
6.891082458977192608e-08
6.763206807556223581e-08
6.637245632497023206e-08
6.513186419576122566e-08
6.391689814106796709e-08
6.271354774386856892e-08
6.152838761468635149e-08
6.036114794385504431e-08
5.921160011796723078e-08
5.807955812550239621e-08
5.696488647102407434e-08
5.586748924257638607e-08
5.478714998361622651e-08
5.372367810822318459e-08
5.267656157630404321e-08
5.164530278510647490e-08
5.062936569717240090e-08
4.962818171471992992e-08
4.864113416760336380e-08
4.766758823395572924e-08
4.670694409115361403e-08
4.575871096943663939e-08
4.482254307509555253e-08
4.389825440653304810e-08
4.298583384825317923e-08
4.208539938377560097e-08
4.119718493136086808e-08
4.032139434363097069e-08
3.945798949861373461e-08
3.860668314572493567e-08
3.776695932063254988e-08
3.693813620767742394e-08
3.611945193497313425e-08
3.531014022888463569e-08
3.450943575808410291e-08
3.371661058361766981e-08
3.293096672478371404e-08
3.215171765313818011e-08
3.137823782009812430e-08
3.061000616754216676e-08
2.984677780804608623e-08
2.908884265821640843e-08
2.833701514863601384e-08
2.758899014680689002e-08
2.685364835880090032e-08
2.612939208728379496e-08
2.541847407725398597e-08
2.472310805412474403e-08
2.404520037042409328e-08
2.338634321201115415e-08
2.274781633381364355e-08
2.213045795282913624e-08
2.153453038251424537e-08
2.095972204307542491e-08
2.040529046415670039e-08
1.987022388504408697e-08
1.935335413486633122e-08
1.885338928654153006e-08
1.836893808979370532e-08
1.789852984475161530e-08
1.744072407000365186e-08
1.699417252794088416e-08
1.655999067321830323e-08
1.613212860032094915e-08
1.571209782756507600e-08
1.529945855044230999e-08
1.489429207613277681e-08
1.449496589890760293e-08
1.410620444098851793e-08
1.372651146504748575e-08
1.335645117620886996e-08
1.299632164318675831e-08
1.264603197985774328e-08
1.230520955849413222e-08
1.197503800942984432e-08
1.165176143519513457e-08
1.133681936486021238e-08
1.102856949221779127e-08
1.073013067323759973e-08
1.044004001013579380e-08
1.015836083519950124e-08
9.885012690269574603e-09
9.619736224595505527e-09
9.362115634705927803e-09
9.111702389283130928e-09
8.868125687224727250e-09
8.631115820344785280e-09
8.400542343565632452e-09
8.177583242028054296e-09
7.958806043559793978e-09
7.747825312787434580e-09
7.543416759942988679e-09
7.345362763354159737e-09
7.153336691010473467e-09
6.966912436812423111e-09
6.785634477646719100e-09
6.609964466025977062e-09
6.437750424950224154e-09
6.269779758423792454e-09
6.105230851840091274e-09
5.945834532513032240e-09
5.790878329193064601e-09
5.640473087927675140e-09
5.494694645276581164e-09
5.353518348128553317e-09
5.216799714617649089e-09
5.084338183831476610e-09
4.956550674031521656e-09
4.831857085827044998e-09
4.710082201286762380e-09
4.592302490447870822e-09
4.477746033787695662e-09
4.366330725250064123e-09
4.258542503761698993e-09
4.153231692572151635e-09
4.050415528336109965e-09
3.951065330278464321e-09
3.854593184361572124e-09
3.760911948949201649e-09
3.669926198158286493e-09
3.581535253029363866e-09
3.496062654415548466e-09
3.412552386248256845e-09
3.331342727239779109e-09
3.252359096541565147e-09
3.175514016891328334e-09
3.100739056436245500e-09
3.027976229566146332e-09
2.957161801987913852e-09
2.888236882270306487e-09
2.821145607821125213e-09
2.755832862045023643e-09
2.692243943143094810e-09
2.630324605410955954e-09
2.570020856682584593e-09
2.511280015685129508e-09
2.454050366973077732e-09
2.398281189607905886e-09
2.343922639104752434e-09
2.290928764162711082e-09
2.239256093342366506e-09
2.188854981498982999e-09
2.139685605656374274e-09
2.091706630305078363e-09
2.044878143874985132e-09
1.999161671662900775e-09
1.954520273451574217e-09
1.910918558975993467e-09
1.868322566402460499e-09
1.826699688674852496e-09
1.786018671330005996e-09
1.746249534260073024e-09
1.707362961600519769e-09
1.669332657946807567e-09
1.632131581039239773e-09
1.595734286235298075e-09
1.560116277617832083e-09
1.525254044144511828e-09
1.491124798231091006e-09
1.457706986986338620e-09
1.424980813374711057e-09
1.392926553717583975e-09
1.361524287470350528e-09
1.330756416372046672e-09
1.300605642264428160e-09
1.271055465696977540e-09
1.242090175943811065e-09
1.213694775447011759e-09
1.185854937188462189e-09
1.158556928783909206e-09
1.131787651701078683e-09
1.105534635112290467e-09
1.079786015813439470e-09
1.054530508299985099e-09
1.029757318581388995e-09
1.005456127862238237e-09
9.816163554642757610e-10
9.582300356646778374e-10
9.352874776704998799e-10
9.127801624623726661e-10
8.906999628956834215e-10
8.690390783545940038e-10
8.477900376385277688e-10
8.269456850670069369e-10
8.064991960259250115e-10
7.864440581604230239e-10
7.667740393142352558e-10
7.474831407830236597e-10
7.285655926741430866e-10
7.100159765611951012e-10
6.918279603179839331e-10
6.739978278284100791e-10
6.565199339255126950e-10
6.393894537523915582e-10
6.226017043790771279e-10
6.061520233373614317e-10
5.900361175231876142e-10
5.742495503724477058e-10
5.587880641032526234e-10
5.435890927789544832e-10
5.287666216599258376e-10
5.142569525303069267e-10
5.000561056268082554e-10
4.861595634106907711e-10
4.725646134607452508e-10
4.592662029954525938e-10
4.462617128433161388e-10
4.335467165417637088e-10
4.211174116474676891e-10
4.089700154235098042e-10
3.971007417975867643e-10
3.855053464625761848e-10
3.741809508593050890e-10
3.631233029654998823e-10
3.523283930604260699e-10
3.417928757141351134e-10
3.315126923523039299e-10
3.214840184749869508e-10
3.117030130147064647e-10
3.021658204171700267e-10
2.928685660401723416e-10
2.838073877659264381e-10
2.749784128071753570e-10
2.663777499721282223e-10
2.580012518299729861e-10
2.498454847777273863e-10
2.419062824991663353e-10
2.341795329517545046e-10
2.266617277140069155e-10
2.193487457371052094e-10
2.122366445365419771e-10
2.053215592844396731e-10
1.985995607321610532e-10
1.920665920655817347e-10
1.857191286671322730e-10
1.795529240301420198e-10
1.735645037666349349e-10
1.677497893836913881e-10
1.621049580248363503e-10
1.566264911106009529e-10
1.513104675601564844e-10
1.461531698354190418e-10
1.411507609509428049e-10
1.362999042084226632e-10
1.315968049141784093e-10
1.270377519235064498e-10
1.226195053599006275e-10
1.183384237464787292e-10
1.141909235633135304e-10
1.101738808254307991e-10
1.062837961608249534e-10
1.025172355045297918e-10
9.887121049486295093e-11
9.534226055433138105e-11
9.192749592161887410e-11
8.862368721524515436e-11
8.542767340570645125e-11
8.233670757366257847e-11
7.934762344568788069e-11
7.645779330579656122e-11
7.366426381640732774e-11
7.096417753120103704e-11
6.835504284423103233e-11
6.583399866462397163e-11
6.339865840914424566e-11
6.104628848303875032e-11
5.877460846956425333e-11
5.658100428759370101e-11
5.446329063753087571e-11
5.241897189831786626e-11
5.044596149318142350e-11
4.854188686271868050e-11
4.670476468025630878e-11
4.493234279061993540e-11
4.322265653645052060e-11
4.157378161355385547e-11
3.998363450411172895e-11
3.845040421307015265e-11
3.697223870210868295e-11
3.554741510038487163e-11
3.417407478950872284e-11
3.285058169625786533e-11
3.157528643319321549e-11
3.034658612817956921e-11
2.916292556571056047e-11
2.802276216961677288e-11
2.692470302066907527e-11
2.586725973589018257e-11
2.484908121305377568e-11
2.386880198135420251e-11
2.292512270253947104e-11
2.201679259123889253e-11
2.114256367578610111e-11
2.030129951772705331e-11
1.949178143837271431e-11
1.871295796475082014e-11
1.796371566404225971e-11
1.724296902371768328e-11
1.654978485540165476e-11
1.588314578414939812e-11
1.524210209641140520e-11
1.462573332785735045e-11
1.403313620101253849e-11
1.346347183617357957e-11
1.291589627953264703e-11
1.239201197785334918e-11
1.188615248446012540e-11
1.140004009823868167e-11
1.093296716231699719e-11
1.048421262296390473e-11
1.005311526504601828e-11
9.639017864965973875e-12
9.241281538508745603e-12
8.859287293782761442e-12
8.492479051968774712e-12
8.140242471216945077e-12
7.802042196480993740e-12
7.477373852816004600e-12
7.165667373283759566e-12
6.866489230085685447e-12
6.579331910826295239e-12
6.303710567299837004e-12
6.039250439615129897e-12
5.785464888382380239e-12
5.541975255631730624e-12
5.308359291597682112e-12
5.084250433161458003e-12
4.869279567805352048e-12
4.663094974072557382e-12
4.465332528406912748e-12
4.275517101515797046e-12
4.093696198018389527e-12
3.919356693140998657e-12
3.752202871272933529e-12
3.591950924622014393e-12
3.438258169744348529e-12
3.290958129667465230e-12
3.149777969338300477e-12
3.014464412023862423e-12
2.884783860475934238e-12
2.760516705410338120e-12
2.641428716736423327e-12
2.527334079050330083e-12
2.418027751383898874e-12
2.313295526654169869e-12
2.212983939383791944e-12
2.116896204232412406e-12
2.024864099368626388e-12
1.936729076239154362e-12
1.852320823523778662e-12
1.771491601311653666e-12
1.694094242564807026e-12
1.619983566507808174e-12
1.549031826346955744e-12
1.481103705201491764e-12
1.416075572001308146e-12
1.353828606924001042e-12
1.294249285854244256e-12
1.237228064037205169e-12
1.182654303270015479e-12
1.130430917618837566e-12
1.080462352742542934e-12
1.032649326164592412e-12
9.869016521011299443e-13
9.431325002417078601e-13
9.012583692009376383e-13
8.612002682557370258e-13
8.228815456819047625e-13
7.862333437418316771e-13
7.511790923652293947e-13
7.176534221803172238e-13
6.855949994612119583e-13
6.549352307448339821e-13
6.256188803165443233e-13
5.975843677637351092e-13
5.707928419515499707e-13
5.451797821634339625e-13
5.206893131346126052e-13
4.972773798478551308e-13
4.748951927640524876e-13
4.535016777219599277e-13
4.330548292662254753e-13
4.135145440783214547e-13
3.948413658900536720e-13
3.769949506656147522e-13
3.599428543949998286e-13
3.436484974718329208e-13
3.280797161476723150e-13
3.132044125383067230e-13
2.989924648117134680e-13
2.854166386553776343e-13
2.724480073292278822e-13
2.600605987516326890e-13
2.482284370870436604e-13
2.369278398432837226e-13
2.261359438659342195e-13
2.158287455730622796e-13
2.059851484792366389e-13
1.965828018322298785e-13
1.876043177986770383e-13
1.790298348704131816e-13
1.708412894848724047e-13
1.630222520983857926e-13
1.555563973389051782e-13
1.484292372679599032e-13
1.416269109485879586e-13
1.351345353001793948e-13
1.289381499835361031e-13
1.230245244077134144e-13
1.173796987703680538e-13
1.119685836671675974e-13
1.067881315341976035e-13
1.018453298735818571e-13
9.713082814235455829e-14
9.263238735122139624e-14
8.834009035115728108e-14
8.424434794600243544e-14
8.033643449635816023e-14
7.660734297600601298e-14
7.304984995971118577e-14
6.965573371500902976e-14
6.641792730871132172e-14
6.332940259763030629e-14
6.038302157656865001e-14
5.757282421718713720e-14
5.489193085188950289e-14
5.233471839634670196e-14
4.989535830170219794e-14
4.756838593555742864e-14
4.534868174005831694e-14
4.322956297254474278e-14
4.119947909223942587e-14
3.926342850893985078e-14
3.741727585370234789e-14
3.565681321968979375e-14
3.397817461188154965e-14
3.237736568632694625e-14
3.085085307267678355e-14
2.939525435240804895e-14
2.800740339328659734e-14
2.668417969470902600e-14
2.542277359649931897e-14
2.422002096277865771e-14
2.307359674393065946e-14
2.198074684003552659e-14
2.091359875529012953e-14
1.989413376728715133e-14
1.892320753717024523e-14
1.799865245728574603e-14
1.711823037932761640e-14
1.627982238388044299e-14
1.548168110336304751e-14
1.472179826506579715e-14
1.399839383447479688e-14
1.330978778207401558e-14
1.265423439916674331e-14
1.202554756531848640e-14
1.141304367222005486e-14
1.085786422686356646e-14
1.031630293993466840e-14
9.801082634114465592e-15
9.311132942405250864e-15
8.845128990216393622e-15
8.401902507236067115e-15
7.970389976694725397e-15
7.513368553878281911e-15
7.080791868993703083e-15
6.671471449107154656e-15
6.284125260780841229e-15
5.917630302067250059e-15
5.570687669106677571e-15
5.242525796622704612e-15
4.937361877695414536e-15
4.649604683296038755e-15
