# bin_4_3
2.538675412727072434e-07
2.541104748686034511e-07
2.543580204304016075e-07
2.546102644605552984e-07
2.548672951347219004e-07
2.551292020165834221e-07
2.553960749210182277e-07
2.556680053783855276e-07
2.559450865706562883e-07
2.562274134279562478e-07
2.565150824370508134e-07
2.568081921674251551e-07
2.571068427366651199e-07
2.574111344688726107e-07
2.577211680156957415e-07
2.580370454147650624e-07
2.583588707208308308e-07
2.586867529816495304e-07
2.590208044231821645e-07
2.593611414832289322e-07
2.597078784128896175e-07
2.600614596683134018e-07
2.604213064523588700e-07
2.607876469229842528e-07
2.611611506051869685e-07
2.615416502842099953e-07
2.619292780317005174e-07
2.623241663673378673e-07
2.627261462028329114e-07
2.631362378937431291e-07
2.635536805571550415e-07
2.639789078104805815e-07
2.644120603794395043e-07
2.648532848880272712e-07
2.653027305711444994e-07
2.657605440720565437e-07
2.662268677568435653e-07
2.667122859578598642e-07
2.671856248221753430e-07
2.676783612374989418e-07
2.681802199678041856e-07
2.686913747662167004e-07
2.692122954780973976e-07
2.697424973736420989e-07
2.702825236354790596e-07
2.708323665617013264e-07
2.713924268596925521e-07
2.719628678799035220e-07
2.725437917284200299e-07
2.731353185869980469e-07
2.737377735408507957e-07
2.743512839759307289e-07
2.749760428072000915e-07
2.756122406395638639e-07
2.762600631189047154e-07
2.769196976590142714e-07
2.776080334810217197e-07
2.782754256788848388e-07
2.789717033625700703e-07
2.796806471724921632e-07
2.804025211405015727e-07
2.811375871852902803e-07
2.818859067266724409e-07
2.826476952256918854e-07
2.834232417074150609e-07
2.842127852844822817e-07
2.850165564281037869e-07
2.858347633558791776e-07
2.866676785994155770e-07
2.875153564981423113e-07
2.883782705271973992e-07
2.892566759531243463e-07
2.901508086505101931e-07
2.910608760938169606e-07
2.919871615151071332e-07
2.929148834133845023e-07
2.938886919744928335e-07
2.948646698165799728e-07
2.958578480574372306e-07
2.968685228020861194e-07
2.978969851660867588e-07
2.989434968952675873e-07
3.000083032270124361e-07
3.011491331446194920e-07
3.022516480473489226e-07
3.033731904292665308e-07
3.045140297662954299e-07
3.056744217343275439e-07
3.068547026408363104e-07
3.080557328704036415e-07
3.092771519891376688e-07
3.105193446434031627e-07
3.117825891568078988e-07
3.130672031704716824e-07
3.143735063750211255e-07
3.157018006619941193e-07
3.170523915769210635e-07
3.184259285723036595e-07
3.198218520389852299e-07
3.212412333450262806e-07
3.226840702845387176e-07
3.241506476299678028e-07
3.255761570605557786e-07
3.270908214656868689e-07
3.286302215101547684e-07
3.301946636571241319e-07
3.317844083897154379e-07
3.333997336914786736e-07
3.350409702360568452e-07
3.367080705863298536e-07
3.384023241784561562e-07
3.401230789611698422e-07
3.418709114014102365e-07
3.436461317582353907e-07
3.454490473533612844e-07
3.472798742449505361e-07
3.491387604526286950e-07
3.510265658810015303e-07
3.529428165937973932e-07
3.548882070280514327e-07
3.568628718843514381e-07
3.588670986354777781e-07
3.609011656872285349e-07
3.629652751318787811e-07
3.650605601899339906e-07
3.671845477459105143e-07
3.693400865158029812e-07
3.715268234060516158e-07
3.737448227735225366e-07
3.759940449911490115e-07
3.782745494442980524e-07
3.805867073543070670e-07
3.829309116916851701e-07
3.853073704039613839e-07
3.877161374450234836e-07
3.901569041025302546e-07
3.926300975455472104e-07
3.951358327204199956e-07
3.976741379424763669e-07
4.002450977943679354e-07
4.028488107906867889e-07
4.054852555340223038e-07
4.081543896814452569e-07
4.108565232787864961e-07
4.135910142138558199e-07
4.163586773892454370e-07
4.191589144127757059e-07
4.219916646771046218e-07
4.248568941084038754e-07
4.277547135130320791e-07
4.306846292702412552e-07
4.336466192826701803e-07
4.366405018247853508e-07
4.396659224844974420e-07
4.427228513186761373e-07
4.458109941581478794e-07
4.489301829809823758e-07
4.520797352336891379e-07
4.552588976804419854e-07
4.584688400516225051e-07
4.617077315658251534e-07
4.649756783026093668e-07
4.682719014649997112e-07
4.715959836954388793e-07
4.749474033471521692e-07
4.783255640470854212e-07
4.817300388921864657e-07
4.851597506252065900e-07
4.886145201244160282e-07
4.920931794968738137e-07
4.955946947163012339e-07
4.991185773718317523e-07
5.026639502731497664e-07
5.062300141131046786e-07
5.098145242732295717e-07
5.134199344236277788e-07
5.170417218513001129e-07
5.206799080202920621e-07
5.243328036540129727e-07
5.280008250899463143e-07
5.316815718272254936e-07
5.353732853409673563e-07
5.390752964654641026e-07
5.427863019788018202e-07
5.465044312663965831e-07
5.502285399471514129e-07
5.539569364443881807e-07
5.576880325207953167e-07
5.614201817211393688e-07
5.651516379975695590e-07
5.688806919714585017e-07
5.726054858646007516e-07
5.763242701130397691e-07
5.800349229592941418e-07
5.837356054382877785e-07
5.874238544253082721e-07
5.910982011316462623e-07
5.947564391834444266e-07
5.983959195194598734e-07
6.020147205918299120e-07
6.056100543928847102e-07
6.091801680462623787e-07
6.127225952386440023e-07
6.162343733255673711e-07
6.197132554875079967e-07
6.231565233671308300e-07
6.265616499434072639e-07
6.299259363264607434e-07
6.332465606869474768e-07
6.365207567220682451e-07
6.397457376233157588e-07
6.429185264446339471e-07
6.460363167946703865e-07
6.490961163438198334e-07
6.520948586279629679e-07
6.550296114605534407e-07
6.578972531559431822e-07
6.606946698332879499e-07
6.634188318458260199e-07
6.660665651932230531e-07
6.686347081028203280e-07
6.711201766019766211e-07
6.735197048302011289e-07
6.758301405981941647e-07
6.780483103721585605e-07
6.801709912296739135e-07
6.821950197639193659e-07
6.841172451881548426e-07
6.859344384698166250e-07
6.876434853961358932e-07
6.892412003434943678e-07
6.907244371842915345e-07
6.920900854975572541e-07
6.933350438638252214e-07
6.944562158933956866e-07
6.954506492641370292e-07
6.963151602140337345e-07
6.970467284538977991e-07
6.976425841234822583e-07
6.980996855160166601e-07
6.984152393225565694e-07
6.985862094938439483e-07
6.986099177523970764e-07
6.984836747703141341e-07
6.982048344493432536e-07
6.977708205625010714e-07
6.971791283982913692e-07
6.964273754026645377e-07
6.955132840869069173e-07
6.944347204495393649e-07
6.931896797768428496e-07
6.917768542750194096e-07
6.901933640000252408e-07
6.884381928584477702e-07
6.865099607044509763e-07
6.844074955475812216e-07
6.821298189985863676e-07
6.796761454436615649e-07
6.770458643031068982e-07
6.742385391091444058e-07
6.712539703485763258e-07
6.680922242481009958e-07
6.647536125512967341e-07
6.612386731944958254e-07
6.575481574745864656e-07
6.536829937579246763e-07
6.496442899414805419e-07
6.454333923521384886e-07
6.410518969669135023e-07
6.365016985240913465e-07
6.317847834203069560e-07
6.269035299299112817e-07
6.218604874661727924e-07
6.166584420799104421e-07
6.113004500708455370e-07
6.057898394242086834e-07
6.001302322010653548e-07
5.943255546436941329e-07
5.883800989287500968e-07
5.822985960866066923e-07
5.760862284455418657e-07
5.697486234669784861e-07
5.632918191451886909e-07
5.567222201165437176e-07
5.500465956007033405e-07
5.432721829075449224e-07
5.364067405683872219e-07
5.294585004876611034e-07
5.224361267170444530e-07
5.153486929733276630e-07
5.082056689760394315e-07
5.010168833756108227e-07
4.937924256002899058e-07
4.865425442761888350e-07
4.792775128029689850e-07
4.725694360266302076e-07
4.652992107499145951e-07
4.574938868717054457e-07
4.502703267875080106e-07
4.430818831448026339e-07
4.359375175320572514e-07
4.288454289725958578e-07
4.218130048342346843e-07
4.148467887734332296e-07
4.079524804495415542e-07
4.011349758554217369e-07
3.943983988752289768e-07
3.877460045937123105e-07
3.811801283115100417e-07
3.747021879851586423e-07
3.683127021985935994e-07
3.620113986666541438e-07
3.557975764676959035e-07
3.496703273331452600e-07
3.436287263294160876e-07
3.376718937604882195e-07
3.317989963974979549e-07
3.260092437088939430e-07
3.203016810021496498e-07
3.146748573184975580e-07
3.091269155237215783e-07
3.036557880024610291e-07
2.982592500503818417e-07
2.929349470965437717e-07
2.876804407679625809e-07
2.824933035714249974e-07
2.773711160979745804e-07
2.723118883628665861e-07
2.673113399994390720e-07
2.623669044977996007e-07
2.574751052229056980e-07
2.526323722164899032e-07
2.478353866879880252e-07
2.430811241183570034e-07
2.383666621840119763e-07
2.336891665019955211e-07
2.290459103041760060e-07
2.244342478877661057e-07
2.198513778765356264e-07
2.152941469642197923e-07
2.107596614889882596e-07
2.062458170246456716e-07
2.017513311613309516e-07
1.972757307487130411e-07
1.928192559201720183e-07
1.883828152728556141e-07
1.839682302420884060e-07
1.795788508716042428e-07
1.752197202606127878e-07
1.708975903522338281e-07
1.666209049732611747e-07
1.623997440087164946e-07
1.582456398088255281e-07
1.541701001967872228e-07
1.501825591232920551e-07
1.462901157890804505e-07
1.424975808159138518e-07
1.388076123129320640e-07
1.352210566135589909e-07
1.317370506148642933e-07
1.283532813008818771e-07
1.250662555448244973e-07
1.218712405679855829e-07
1.187622377422439613e-07
1.157319110183943015e-07
1.127714951192875773e-07
1.098719019491965467e-07
1.070262225341789653e-07
1.042302423102785103e-07
1.014822426431214775e-07
9.878293428439204393e-08
9.613540795986321601e-08
9.354498304269871853e-08
9.101743090549823021e-08
8.855714376881373547e-08
8.616680305569947708e-08
8.384776395426795169e-08
8.159985975466946458e-08
7.942152718021724400e-08
7.730998711734528554e-08
7.526169480942078435e-08
7.327288130901591195e-08
7.133966573398703475e-08
6.945828363911354965e-08
6.762491619509037351e-08
6.583553425001541796e-08
6.408621164020214596e-08
6.237392013223329210e-08
6.069663367480319331e-08
5.905328164846585863e-08
5.744386099218455283e-08
5.586970597063362804e-08
5.433348923047826837e-08
5.283831343017993979e-08
5.138686502573054034e-08
4.998088432087818808e-08
4.862100845289895302e-08
4.730662045227025705e-08
4.603573584790150112e-08
4.480536017616622220e-08
4.361228755716058017e-08
4.245361183840897652e-08
4.132707117899749343e-08
4.023105505078597038e-08
3.916461167577358446e-08
3.812734475375633413e-08
3.711898188378358292e-08
3.613912028780412235e-08
3.518711180519169184e-08
3.426226874091109311e-08
3.336367328112754702e-08
3.249050748180901760e-08
3.164228663015137696e-08
3.081869107545570365e-08
3.001970067403382353e-08
2.924527128194661466e-08
2.852536632619692742e-08
2.776930388439032889e-08
2.706678794900903548e-08
2.638671833604863152e-08
2.572778466338241134e-08
2.508863435554171862e-08
2.446804907863030692e-08
2.386498943650814131e-08
2.327866316671850853e-08
2.270855876056768812e-08
2.215445361080826619e-08
2.161630810009529492e-08
2.109405245233080422e-08
2.058754457771826153e-08
2.009653536005344515e-08
1.962064193441049921e-08
1.915934245449163425e-08
1.871199096026124696e-08
1.827791116559719248e-08
1.785647437682611847e-08
1.744709959073645327e-08
1.704927220066879215e-08
1.666254688175739637e-08
1.628654770894976197e-08
1.592095244573195284e-08
1.556544936205997988e-08
1.521972860747206754e-08
1.488348183812546222e-08
1.455639585263571282e-08
1.423815455539106723e-08
1.392843995988856322e-08
1.362693821566735536e-08
1.333334676133735223e-08
1.304737096795577095e-08
1.276872558843081565e-08
1.249713592072745835e-08
1.223233749024209442e-08
1.197407684649366317e-08
1.172210996360682014e-08
1.147620222961696651e-08
1.123612886125462210e-08
1.100167356073427236e-08
1.077262801137990795e-08
1.054879207181455907e-08
1.032997340111711269e-08
1.011598724486201176e-08
9.906655900297732213e-09
9.701808690009319200e-09
9.501281348742610721e-09
9.304919135421908986e-09
9.123295328713531696e-09
8.924099741814836648e-09
8.739366976193028175e-09
8.558244881439167122e-09
8.380610951621968798e-09
8.206348584303530986e-09
8.035347187226121432e-09
7.867502061006414572e-09
7.702713991372720659e-09
7.540888963801147537e-09
7.381938021657853703e-09
7.225777064074010489e-09
7.072326778449521748e-09
6.921512619132459285e-09
6.773264516741534676e-09
6.627516528817588257e-09
6.484206673390560123e-09
6.343276830474142596e-09
6.204671769485990034e-09
6.068342311567788406e-09
5.934240291562956343e-09
5.802321550790019064e-09
5.672545385253978194e-09
5.544872298834013665e-09
5.419255143684017624e-09
5.295685105195641813e-09
5.174119142139949963e-09
5.054528720535953897e-09
4.936887301625170297e-09
4.821170185312738488e-09
4.707354462663980553e-09
4.595418913011911996e-09
4.485343828938212812e-09
4.377110830536318443e-09
4.270702646578686030e-09
4.166103021161567680e-09
4.063295912778381803e-09
3.962268375363882652e-09
3.863006026899154839e-09
3.765495842904506945e-09
3.669725249601349856e-09
3.575681985277129343e-09
3.483354080190804459e-09
3.392729814493499352e-09
3.303797703479366292e-09
3.216553588789230187e-09
3.130971492971810767e-09
3.047047250787312255e-09
2.964769162943916641e-09
2.884125327515889898e-09
2.805103023606127767e-09
2.727691274934684278e-09
2.651876814182387929e-09
2.577646673803222952e-09
2.504987483526725481e-09
2.433885442928164064e-09
2.364326347283536715e-09
2.296295604436112409e-09
2.229778205346271343e-09
2.164758711111660144e-09
2.101221211624353306e-09
2.039149330751166486e-09
1.978526239929906361e-09
1.919334934990728950e-09
1.861557236907665558e-09
1.805175344076484703e-09
1.750170800693167440e-09
1.696524767919680672e-09
1.644218043828009368e-09
1.593231093348412214e-09
1.543544847845514750e-09
1.495137528859740446e-09
1.447989536942026495e-09
1.402080239807041940e-09
1.357388279984240548e-09
1.313893685899899999e-09
1.271574697382093337e-09
1.230409957471900220e-09
1.190377997221891746e-09
1.151457279191747714e-09
1.113626217279485605e-09
1.076863224985720935e-09
1.041146701466595828e-09
1.006455039086178513e-09
9.727661704060098592e-10
9.400595494686601403e-10
9.083132752942078254e-10
8.775060564712878605e-10
8.476167374524664893e-10
8.186243021761267353e-10
7.905078680860179200e-10
7.632480282936784306e-10
7.368216271301270235e-10
7.112097341145428858e-10
6.863919990796140835e-10
6.623492244158936007e-10
6.390615202766946160e-10
6.165095362926973582e-10
5.946742099990497896e-10
5.735367656793334820e-10
5.530787108964875523e-10
5.332818616112372562e-10
5.141279344857980256e-10
4.956000788457804726e-10
4.776805860714009001e-10
4.603524597733631269e-10
4.435990424557617328e-10
4.274039996626289337e-10
4.117513055202089988e-10
3.966252599176835691e-10
3.820101162624620271e-10
3.678915114511205331e-10
3.542543632553434266e-10
3.410842875358819025e-10
3.283672212824801542e-10
3.160894194980541821e-10
3.042374500890359528e-10
2.927978757841995914e-10
2.817585600579336239e-10
2.711067128103369115e-10
2.608301852368566181e-10
2.509171371738463194e-10
2.413560182857708904e-10
2.321352676038604851e-10
2.232445536065752728e-10
2.146728979220128685e-10
2.064099384325612713e-10
1.984455885168689850e-10
1.907700300490463645e-10
1.833736082337621695e-10
1.762472411011210874e-10
1.693816336644583081e-10
1.627683828096105535e-10
1.563988179454855150e-10
1.502645252628134798e-10
1.443578274698037160e-10
1.386707734407339260e-10
1.331956570858657257e-10
1.279254899950504473e-10
1.228530220850717203e-10
1.179713811928224149e-10
1.132737572669821111e-10
1.087539812183412536e-10
1.044056357336629702e-10
1.002225207804693596e-10
9.619905450752878620e-11
9.232942022544551100e-11
8.860799395043895363e-11
8.502971876609282809e-11
8.158918129418123862e-11
7.828165635907008206e-11
7.510219696350853903e-11
7.204603300961643046e-11
6.910890530524201714e-11
6.628622042534284990e-11
6.357400059685838971e-11
6.096805241718733717e-11
5.846433782713765121e-11
5.605928076863935657e-11
5.374900984019069505e-11
5.153019375900707832e-11
4.939921262154589308e-11
4.735295989447385447e-11
4.538805412451204564e-11
4.350160569019726149e-11
4.169046430884902321e-11
3.995195587667787830e-11
3.828322245185152094e-11
3.668159876088849184e-11
3.514451383052661162e-11
3.366949029538444681e-11
3.225394701230501822e-11
3.089592490367498361e-11
2.959307221620312494e-11
2.834324967825420793e-11
2.714445036519849835e-11
2.599451271302620079e-11
2.489174096713701343e-11
2.383418096641127453e-11
2.282005951013601972e-11
2.184766814364479769e-11
2.091517073902662811e-11
2.002134445665233647e-11
1.916447765453877859e-11
1.834314939282911665e-11
1.755591967692190528e-11
1.680143963817958112e-11
1.607840324417153201e-11
1.538553822674137683e-11
1.472163071542859838e-11
1.408555080078266670e-11
1.347614869873784330e-11
1.289234813907377960e-11
1.233308045784584087e-11
1.179741398224668679e-11
1.128435872868064865e-11
1.079299355474317810e-11
1.032243448047859191e-11
9.871832762629141889e-12
9.440372240189699507e-12
9.027267950842643188e-12
8.631765448034872393e-12
8.253139595320045023e-12
7.890668270003405973e-12
7.543719485991698552e-12
7.211661917112398963e-12
6.893854265931719310e-12
6.589710677346092815e-12
6.298654085543650766e-12
6.020145868827175980e-12
5.753651099936894817e-12
5.498692300798100028e-12
5.254738928723047918e-12
5.021346075980208987e-12
4.798102000205544149e-12
4.584524910954236468e-12
4.380266825647959553e-12
4.184850416633679329e-12
3.997991475565191000e-12
3.819268961897368580e-12
3.648372513298954255e-12
3.484987400249368893e-12
3.328772478607849192e-12
3.179417917740085989e-12
3.036629593391766701e-12
2.900128903252421514e-12
2.769653315386169181e-12
2.644937323583307301e-12
2.525721739661362012e-12
2.411783780409844214e-12
2.302894375010505150e-12
2.198836364685283415e-12
2.099398384347196651e-12
2.004380865540404205e-12
1.913586950521058339e-12
1.826819409973967467e-12
1.743922441051941316e-12
1.664716066172231724e-12
1.589050807941372953e-12
1.516761403454224138e-12
1.447718599242427176e-12
1.381765284639439587e-12
1.318783067668824973e-12
1.258631473400614280e-12
1.201183194424002316e-12
1.146328715355618404e-12
1.093952880992686695e-12
1.043949850510105203e-12
9.962150281166963139e-13
9.506428974651905726e-13
9.071502131175996302e-13
8.656373329828661475e-13
8.260154170796783181e-13
7.881988283460882968e-13
7.521033770210080478e-13
7.176523294840008046e-13
6.847734946189285117e-13
6.533937034296182703e-13
6.234394198040276101e-13
5.948531811034164197e-13
5.675676024299994603e-13
5.415262069583953227e-13
5.166711889306308188e-13
4.929530887371403915e-13
4.703210218917444938e-13
4.487280045586489559e-13
4.281267287454952626e-13
4.084697953859361681e-13
3.897152951100170405e-13
3.718162639776229985e-13
3.546768517481976141e-13
3.382819173026514723e-13
3.226357409250519330e-13
3.077097489193957295e-13
2.934686337496661283e-13
2.798801424708839759e-13
2.669139062783224075e-13
2.545425507458160111e-13
2.427392366157681567e-13
2.314783132324303393e-13
2.207335924365187381e-13
2.104834733114110614e-13
2.007034511841292825e-13
1.913720672339503043e-13
1.824712369147423389e-13
1.739771921930351546e-13
1.658745383253412142e-13
1.581452092571407717e-13
1.507694145914987764e-13
1.437328605419482997e-13
1.370190548455082490e-13
1.306010073743025549e-13
1.244787531612400962e-13
1.186384997312903273e-13
1.130671469226611313e-13
1.077526337569394602e-13
1.026832907048360976e-13
9.784752978204474706e-14
9.323437716121427616e-14
8.883474906586704127e-14
8.463786246311735371e-14
8.063471485418770384e-14
7.681661273231742442e-14
7.317544153097888391e-14
6.970280479315705020e-14
6.615603559290065543e-14
6.274962968536748657e-14
5.950402273987907433e-14
5.641193460981205541e-14
5.346720032139763817e-14
5.066275642956403083e-14
4.799319555546241346e-14
4.545196912327857242e-14
4.303294368807015515e-14
4.073096317805404474e-14
3.853989750452001069e-14
3.639802794113041864e-14
3.435993020367995857e-14
3.242305138513745853e-14
3.058308047216803262e-14
2.883530414584098788e-14
2.717612607159905183e-14
2.560169255930057465e-14
2.410728161643071170e-14
2.261961691273576045e-14
2.088175359128400671e-14
1.924288559905092755e-14
1.769948015834846782e-14
1.624558421917759360e-14
1.487769959135140829e-14
1.359040274896639067e-14
1.238198202108755966e-14
1.127501107502434580e-14
1.024292347363444762e-14
