# bin_3_3
8.831402752693343986e-07
8.839593494246732591e-07
8.847937077974383452e-07
8.856436266585986155e-07
8.865093872380378196e-07
8.873912747069172564e-07
8.882895742091968210e-07
8.892045758980608267e-07
8.901365746806354044e-07
8.910858705174021557e-07
8.920527677223858841e-07
8.930375767474742859e-07
8.940406122918238942e-07
8.950621886182215732e-07
8.961026199284776614e-07
8.971622239827761563e-07
8.982413242390242409e-07
8.993402601076015022e-07
9.004593806212197128e-07
9.015990479625358529e-07
9.027596152621902591e-07
9.039420408279947915e-07
9.051453459358521642e-07
9.063702802220085984e-07
9.076180328471959796e-07
9.088885130257258070e-07
9.101821254974729788e-07
9.114992746527072734e-07
9.128389741333581351e-07
9.142057318537851804e-07
9.155958192859603814e-07
9.170110195315156305e-07
9.184511903255806690e-07
9.199178981140798727e-07
9.214110281220277621e-07
9.229310157721316724e-07
9.244782790656485287e-07
9.260893808436557513e-07
9.276563244769163846e-07
9.292879920555484210e-07
9.309487269863616009e-07
9.326390414292856489e-07
9.343606937552842801e-07
9.361114624963265710e-07
9.378931248930674866e-07
9.397062324013483824e-07
9.415511549916931129e-07
9.434290327507499782e-07
9.453398765658173670e-07
9.472842179887337710e-07
9.492625935967722992e-07
9.512755498994893068e-07
9.533236233341222868e-07
9.554073377005384187e-07
9.575271948376885964e-07
9.596836977391403706e-07
9.618774146340292253e-07
9.641095722528939729e-07
9.663792634808902785e-07
9.686879205980769932e-07
9.710362843245790137e-07
9.734248149890353573e-07
9.758538740341053753e-07
9.783241442082893580e-07
9.808362310917927751e-07
9.833907569703292958e-07
9.859883071653520575e-07
9.886293826724662470e-07
9.913145615562705996e-07
9.940444559780506668e-07
9.968189140251902632e-07
9.996401222088084337e-07
1.002509017178898364e-06
1.005424353259571421e-06
1.008387342234416353e-06
1.011347365196055024e-06
1.014457855713766812e-06
1.017565926268786918e-06
1.020724945643170740e-06
1.023934789982780928e-06
1.027196129581107298e-06
1.030510381285564863e-06
1.033876323714181699e-06
1.037295317288503508e-06
1.040767786117448620e-06
1.044294171493561260e-06
1.047874098307133314e-06
1.051510991678527778e-06
1.055201590913658146e-06
1.058950970610225155e-06
1.062756952772900759e-06
1.066620245906943528e-06
1.070541322578482138e-06
1.074521207331237105e-06
1.078559628508351288e-06
1.082657081453869139e-06
1.086814944952166164e-06
1.091034622612717621e-06
1.095312819551142462e-06
1.099654157289049432e-06
1.104056185575837912e-06
1.108521089729590991e-06
1.113048015012032503e-06
1.117637932730650048e-06
1.122291217561081024e-06
1.127008213974731642e-06
1.131789087263925747e-06
1.136634042843521445e-06
1.141543447710694048e-06
1.146516338749937484e-06
1.151556358847887597e-06
1.156660407641083798e-06
1.161829615166971583e-06
1.167064167523904434e-06
1.172364218012943297e-06
1.177729581017745989e-06
1.183159490960954185e-06
1.188655694310047677e-06
1.194218217678889760e-06
1.199845119925890884e-06
1.205537023504920662e-06
1.211293513638984954e-06
1.217115101876635054e-06
1.223001028166474694e-06
1.228953088150390152e-06
1.234964444213873717e-06
1.241039496191361656e-06
1.247179761749388109e-06
1.253382200592893156e-06
1.259645719661595533e-06
1.265969205499731467e-06
1.272355864829463020e-06
1.278799188396505819e-06
1.285301723167250472e-06
1.291862229167411153e-06
1.298474743544881160e-06
1.305146100568156824e-06
1.311875324153571676e-06
1.318653960797432641e-06
1.325484225102451925e-06
1.332364866577876340e-06
1.339293840345688893e-06
1.346270062804682740e-06
1.353292942447026556e-06
1.360357501687987927e-06
1.367465907976156269e-06
1.374613993985449543e-06
1.381799784238608026e-06
1.389021370480499953e-06
1.396277679012363827e-06
1.403564098321497489e-06
1.410879764237460375e-06
1.418221820842116756e-06
1.425587148578944610e-06
1.432973740755411631e-06
1.440378283053992318e-06
1.447799342732668758e-06
1.455231527543837896e-06
1.462670616957972577e-06
1.470118683708702116e-06
1.477567407660265444e-06
1.485015559172184834e-06
1.492457673730859613e-06
1.499890849672792528e-06
1.507310265745896602e-06
1.514713653424366635e-06
1.522096460725526363e-06
1.529453167042898805e-06
1.536781001251695475e-06
1.544074357495075310e-06
1.551328167459029048e-06
1.558536990140629193e-06
1.565697779623555150e-06
1.572805313173329733e-06
1.579850225047942989e-06
1.586838975260269112e-06
1.593753788692133243e-06
1.600593896178595268e-06
1.607351725641016072e-06
1.614026905351294001e-06
1.620609571026160914e-06
1.627092523388430186e-06
1.633471716189347445e-06
1.639741303356403253e-06
1.645895078488253005e-06
1.651926489525289036e-06
1.657829257637169067e-06
1.663597055839023038e-06
1.669223470323055456e-06
1.674701865712298298e-06
1.680025867245869239e-06
1.685188721528092257e-06
1.690184380273037065e-06
1.695005066983376907e-06
1.699643845646040197e-06
1.704095032862318607e-06
1.708351181846786954e-06
1.712405798598208095e-06
1.716252697837316866e-06
1.719882666197033895e-06
1.723290906221776650e-06
1.726469885941190434e-06
1.729412682586510137e-06
1.732112963102379832e-06
1.734562410749847030e-06
1.736755589966671039e-06
1.738685470331561934e-06
1.740345289522058540e-06
1.741728425880185258e-06
1.742827688182366962e-06
1.743637703317188422e-06
1.744150993853693339e-06
1.744362669899555744e-06
1.744266181136614772e-06
1.743856115842981683e-06
1.743125952453624470e-06
1.742070049792766194e-06
1.740684208404926865e-06
1.738962850052174600e-06
1.736902433555631677e-06
1.734497051281064031e-06
1.731742937824070183e-06
1.728637674961983715e-06
1.726142185033528643e-06
1.721357267574323108e-06
1.717176973248265839e-06
1.712633519315991422e-06
1.707725252996316881e-06
1.702450612949542566e-06
1.696808776292868701e-06
1.690799022501896693e-06
1.684421113755408499e-06
1.677675272985225446e-06
1.670563244021389713e-06
1.663085249231428005e-06
1.655240883541240095e-06
1.647033411091333059e-06
1.638465082983928117e-06
1.629538378507914530e-06
1.620256125663340462e-06
1.610621670840725651e-06
1.600638284352968940e-06
1.590310243944909337e-06
1.579642304057482219e-06
1.568639648745094163e-06
1.557307901453149573e-06
1.545653096586528581e-06
1.533681846573986191e-06
1.521401328230284652e-06
1.508819534938613075e-06
1.495945246084029439e-06
1.482787938513114444e-06
1.469356573179802628e-06
1.455664096469534803e-06
1.441720976588247615e-06
1.427539503988711417e-06
1.413132593493414729e-06
1.398513711634534519e-06
1.383696650046960890e-06
1.368695436527729566e-06
1.353524448756686932e-06
1.338198101148233041e-06
1.322731964530106005e-06
1.307140418038676819e-06
1.291437850192619857e-06
1.275637951705539731e-06
1.259753609651354311e-06
1.243796927132924699e-06
1.227779216570460717e-06
1.211711044699367170e-06
1.195602260283627478e-06
1.179458333226252919e-06
1.163294376712433352e-06
1.147113843262368161e-06
1.130922568442480657e-06
1.114725335401085766e-06
1.098526346477073318e-06
1.082329467197963938e-06
1.066139013469197605e-06
1.049959125216398034e-06
1.033795603524212588e-06
1.017654506804973682e-06
1.001542197254520625e-06
9.854648995372526377e-07
9.694287375934091975e-07
9.534388473579742746e-07
9.375075936568842537e-07
9.216422890341970275e-07
9.058542194175037374e-07
8.901555585431852934e-07
8.745596995505186722e-07
8.590811432338839592e-07
8.437350275664546299e-07
8.285368405489011774e-07
8.135021529529842717e-07
7.986466462460085212e-07
7.839861873490075446e-07
7.695372579634106650e-07
7.553157848123849281e-07
7.413353923344317486e-07
7.276067256536463985e-07
7.141371519059827902e-07
7.009302849671432664e-07
6.879870153850422583e-07
6.753034173260959579e-07
6.628727072190132115e-07
6.506848218473805141e-07
6.387261596756890272e-07
6.269801798208646924e-07
6.154267092779246115e-07
6.040426586086723781e-07
5.928033107916492785e-07
5.816846311458991176e-07
5.706653460769886968e-07
5.597278873619983316e-07
5.488589085117804453e-07
5.380481679627229291e-07
5.272898967435286961e-07
5.165804196747951191e-07
5.059165691204374589e-07
4.952965477100237956e-07
4.847210753910658975e-07
4.741934800956858286e-07
4.637199156714127180e-07
4.533089098919265805e-07
4.429709649032321059e-07
4.327182182070800414e-07
4.225636357924200188e-07
4.125210115839752241e-07
4.026047833284215185e-07
3.928300181358461550e-07
3.832123370040044629e-07
3.737686504018719406e-07
3.645155817525851161e-07
3.554671297935172012e-07
3.466346633030110038e-07
3.380262093434984648e-07
3.305386076665340608e-07
3.214989115156155113e-07
3.135789572082950975e-07
3.058806561012288354e-07
2.983936812505688357e-07
2.911038869424100423e-07
2.839933682056781074e-07
2.770413840504700237e-07
2.702268749036650353e-07
2.635304514753365459e-07
2.569377230598145769e-07
2.504403618872440866e-07
2.440357893089651982e-07
2.375072933192289976e-07
2.315233103835927015e-07
2.254362371009887412e-07
2.194798536071180119e-07
2.136663958824526416e-07
2.080062078466981307e-07
2.025079166415595251e-07
1.971776478197202744e-07
1.920175576835284308e-07
1.870256553069958313e-07
1.821963995446656279e-07
1.775215102662135241e-07
1.729902274834176300e-07
1.685894032515399940e-07
1.643047107145591331e-07
1.601221370888538919e-07
1.560288135879159704e-07
1.520150966476347004e-07
1.480745810745734387e-07
1.442046307403829704e-07
1.404058847872993065e-07
1.366822587254939255e-07
1.330408760201620908e-07
1.294903052895326678e-07
1.260379361054408710e-07
1.226894132871807076e-07
1.194485076713467316e-07
1.163166409223610030e-07
1.132916844739202129e-07
1.103681128986646036e-07
1.075388198160682545e-07
1.047964623834242495e-07
1.021337080231446520e-07
9.954347670074815986e-08
9.701993419075849344e-08
9.447299774001853075e-08
9.215948729266972698e-08
8.981897820686751298e-08
8.753738464489417404e-08
8.531478670031832868e-08
8.315214253560437132e-08
8.105000187807448609e-08
7.900879699912776228e-08
7.702862476181375024e-08
7.510922081125218949e-08
7.324953343496259940e-08
7.144768844425382416e-08
6.964114047512783190e-08
6.800747455181756693e-08
6.636359760777884815e-08
6.476669300091705704e-08
6.316002560368186626e-08
6.170449464581534707e-08
6.023598253150852738e-08
5.880778230240783144e-08
5.741911873388561523e-08
5.606935188285796097e-08
5.475779218563301391e-08
5.348350637617284987e-08
5.224545321338118283e-08
5.104237828644412562e-08
4.987303945077915068e-08
4.873625728504070142e-08
4.763093831442766770e-08
4.655612601450980400e-08
4.551094948855977959e-08
4.449458256178795321e-08
4.350616857002662420e-08
4.254478245748391570e-08
4.160940894714133930e-08
4.069896502971169045e-08
3.981235944036690176e-08
3.894854755251471254e-08
3.810656209327030279e-08
3.728555462715071547e-08
3.648480089540477002e-08
3.570369435918481265e-08
3.494170767311171063e-08
3.419833361928025001e-08
3.347305440294770328e-08
3.276534182832347383e-08
3.207462554521797948e-08
3.140031181556360843e-08
3.074177810116909274e-08
3.009841093975029954e-08
2.946961518193767251e-08
2.885485284735083122e-08
2.825359536956753175e-08
2.766535819739285734e-08
2.708969827117311415e-08
2.652619386588943002e-08
2.597443733299673122e-08
2.543405260131085118e-08
2.490467450986129072e-08
2.438595007386939068e-08
2.387754102805678490e-08
2.337912303556406789e-08
2.289038534819038499e-08
2.241103105067418407e-08
2.194077471039582433e-08
2.147934670905469251e-08
2.102647649673515832e-08
2.058192054571953117e-08
2.014544030653191687e-08
1.971681126736231329e-08
1.929582233374505888e-08
1.888227519571246644e-08
1.847598230377668379e-08
1.807676631966006844e-08
1.768446003547644218e-08
1.729890522981398593e-08
1.691995213901692655e-08
1.654745900539771740e-08
1.618129171986772004e-08
1.582132071511517507e-08
1.546743101838952588e-08
1.511950688628882858e-08
1.477744177225876848e-08
1.444113864996692644e-08
1.411049709331684380e-08
1.378543161840367770e-08
1.346585852756164726e-08
1.315169900974848655e-08
1.284287863570809559e-08
1.253932704388272956e-08
1.224097781564742303e-08
1.194776817447793222e-08
1.165963849373224944e-08
1.137653232029346983e-08
1.109839576131310185e-08
1.082517714308115567e-08
1.055682502906573240e-08
1.029329559635982778e-08
1.003454116227777599e-08
9.780514843624090250e-09
9.531179536644546581e-09
9.286490432493850187e-09
9.046406733050055320e-09
8.810886923377140514e-09
8.610229102951255599e-09
8.353380562418004408e-09
8.131315412630159335e-09
7.913656834015434020e-09
7.700365324152701230e-09
7.491401095601648596e-09
7.286723938862505905e-09
7.086293354285454602e-09
6.890068636613187265e-09
6.698008666515348417e-09
6.510071542375480609e-09
6.326214400975463048e-09
6.146393586441765111e-09
5.970562113463105163e-09
5.798679975696091997e-09
5.630698865134314915e-09
5.466572300421912966e-09
5.306252857247213103e-09
5.149692137232612923e-09
4.996840911512645752e-09
4.847649154097753124e-09
4.702066405260943315e-09
4.560041175189585107e-09
4.421521751043375421e-09
4.286455550606932122e-09
4.154789422279566027e-09
4.026469564679731052e-09
3.901439528226330687e-09
3.779649258612557017e-09
3.661041511474140397e-09
3.545561092462857898e-09
3.433152586241948530e-09
3.323760308971122193e-09
3.217328396745882638e-09
3.113799818069294033e-09
3.013120765081053804e-09
2.915234257612842392e-09
2.820084510311970419e-09
2.727615868416959262e-09
2.637772814404464607e-09
2.550497960781311631e-09
2.465740372982561000e-09
2.383443162406307079e-09
2.303551948773377771e-09
2.226012755498521301e-09
2.150772034747276135e-09
2.077776716249988794e-09
2.006974170287877789e-09
1.938312264351608850e-09
1.871739392982295435e-09
1.807204667406421557e-09
1.744656988413202973e-09
1.684048457814264314e-09
1.625329142635159726e-09
1.568450703548134899e-09
1.513365489089426229e-09
1.461918200900323747e-09
1.410162558594220453e-09
1.360066953844997805e-09
1.311586948835209215e-09
1.264679412568339635e-09
1.216593965592842843e-09
1.172836684360702579e-09
1.131770482990802384e-09
1.090805675953669294e-09
1.051199881657482314e-09
1.012914111735386334e-09
9.759101335456974470e-10
9.401515687434759115e-10
9.055996547289245062e-10
8.722197532430325594e-10
8.399759940082292370e-10
8.088361550393109369e-10
7.787659392810792334e-10
7.497327343431707601e-10
7.217047694218649103e-10
6.946510500131640612e-10
6.685413236845036089e-10
6.433461639461995420e-10
6.190356317543898370e-10
5.955845675745589099e-10
5.729636474341291459e-10
5.511461775698848564e-10
5.301073330747881623e-10
5.098215166467511949e-10
4.902635237993140545e-10
4.714107873437880491e-10
4.532395477957951639e-10
4.357268314961653591e-10
4.188516943625938609e-10
4.025919724519176976e-10
3.869279557838868750e-10
3.718391512278895123e-10
3.573056909530287094e-10
3.433095445271702403e-10
3.298315647016838054e-10
3.168548309355484650e-10
3.043617147566911924e-10
2.923351696216739403e-10
2.807597871994100667e-10
2.696191320191966244e-10
2.588987283128701016e-10
2.485831352174926047e-10
2.386587794557255224e-10
2.291111382388962446e-10
2.199275434469527689e-10
2.110943665871599583e-10
2.025996751487411653e-10
1.944307322946470626e-10
1.865763840745837192e-10
1.790247246440727901e-10
1.717650713182614079e-10
1.647870655906031955e-10
1.580799451417241621e-10
1.516340462633825726e-10
1.454397865396102999e-10
1.394881069352090628e-10
1.337696413218385151e-10
1.282759588449215444e-10
1.229987038171485882e-10
1.179298001912287653e-10
1.130614538652911373e-10
1.083860717780277572e-10
1.038965521417198700e-10
9.958572139197966393e-11
9.544694630949222269e-11
9.147369794498571423e-11
8.765956320757167929e-11
8.399859015084109680e-11
8.048486266606388984e-11
7.711284957388277656e-11
7.387690158538573734e-11
7.077200725421570528e-11
6.779299407001497325e-11
6.493484917025411672e-11
6.219316169009351060e-11
5.956327487944188567e-11
5.704083652567444455e-11
5.462165395407179764e-11
5.230168374627567815e-11
5.007702753685183626e-11
4.794393195805794235e-11
4.589878226708185250e-11
4.393809739120345690e-11
4.205852681165663958e-11
4.025684775110083803e-11
3.852980996216172328e-11
3.687473276353015239e-11
3.528860263976610977e-11
3.376869661752539864e-11
3.231221104776487186e-11
3.091672572917344045e-11
2.957997965705938789e-11
2.829919729953716385e-11
2.707230873450941439e-11
2.589712391575685328e-11
2.477153745689084044e-11
2.369352646602153475e-11
2.266102825082583950e-11
2.167243150675125998e-11
2.072573085848723666e-11
1.981933063616981369e-11
1.895148931029472807e-11
1.812068519957483488e-11
1.732539886471724412e-11
1.656417255710841087e-11
1.583547344935715439e-11
1.513809487854581810e-11
1.447067297111855623e-11
1.383196467854392915e-11
1.322086370512764575e-11
1.263603725798986958e-11
1.207650703967459211e-11
1.154118424024887983e-11
1.102907820448536331e-11
1.053917949209612571e-11
1.007054653884036193e-11
9.622309462421176831e-12
9.193570192328486769e-12
8.783495423945979714e-12
8.391399227755422960e-12
8.016367089769490004e-12
7.657801308068033623e-12
7.314932648397341731e-12
6.987103189673156351e-12
6.673676709122495961e-12
6.374079229590823112e-12
6.087652788952585912e-12
5.813865153691176931e-12
5.552154585866191212e-12
5.302024560802958869e-12
5.062949862653154703e-12
4.834446871190995724e-12
4.616061229080613958e-12
4.407329011087284362e-12
4.207853678160130630e-12
4.017277746020691696e-12
3.835166788910637252e-12
3.661250305936462550e-12
3.495148399336937990e-12
3.336475988610977115e-12
3.184926812480357306e-12
3.040175321589778090e-12
2.901944874140105403e-12
2.769930003932488619e-12
2.643875847369055800e-12
2.523500471615745390e-12
2.408548596524016491e-12
2.298778704556055967e-12
2.193965450819897131e-12
2.093876524617542031e-12
1.998295036653020004e-12
1.906914606323814594e-12
1.819649452043072612e-12
1.736332330848433162e-12
1.656791254847395485e-12
1.580850180451848234e-12
1.508362359852452139e-12
1.439162543560701608e-12
1.373105435786597531e-12
1.310053725610979901e-12
1.249880284056745071e-12
1.192455976399568037e-12
1.137654024193172156e-12
1.085347122603310991e-12
1.035427152770726817e-12
9.877857260626642822e-13
9.423232313587948642e-13
8.989368714501368499e-13
8.575386820096653730e-13
8.180314625681847797e-13
7.803319363701308335e-13
7.443522545033833412e-13
7.100154950127948668e-13
6.772499516331053879e-13
6.459819716995327650e-13
6.161445087636143867e-13
5.876693463500516000e-13
5.604951438944720704e-13
5.345696208504840998e-13
5.098265574715390613e-13
4.862177114050541109e-13
4.636937804591773459e-13
4.422005349440362735e-13
4.216949674025527554e-13
4.021270502754714272e-13
3.834574191995919370e-13
3.652107679735367119e-13
3.474884950037011246e-13
3.305825174663695547e-13
3.144568367084834704e-13
2.990798382476541750e-13
2.844134449266203114e-13
2.704251021140892552e-13
2.570855591098024619e-13
2.443619672228121459e-13
2.322304538001196028e-13
2.206630984151520246e-13
2.096349866075259259e-13
1.991171612789070754e-13
1.890875361923229451e-13
1.795272705940930083e-13
1.704119160673806729e-13
1.617220763764061006e-13
1.534387325443414155e-13
1.455428780010446065e-13
1.380180416189681549e-13
1.308724388701606875e-13
1.241875930040370966e-13
1.178175869659940449e-13
1.117465813451953911e-13
1.059607830120904876e-13
1.004465344324526234e-13
9.519296755488431748e-14
9.018697695313661369e-14
8.541640754417628361e-14
8.087207240694497310e-14
7.654415431087620317e-14
7.242256880049548075e-14
6.849695372119728673e-14
6.476051476021508330e-14
6.120272142153904832e-14
5.703129167487880843e-14
5.298084336877253545e-14
4.913334366314900208e-14
4.548140512135481980e-14
4.201806492017168942e-14
3.873392814052400461e-14
3.562504256374446228e-14
3.268103949615552575e-14
2.989403484201713494e-14
2.725876480773910762e-14
2.476991102597109490e-14
2.286748778135297135e-14
2.108526590254549194e-14
1.940049911190111195e-14
1.780889897328519518e-14
1.630599650694974481e-14
1.488877584056182327e-14
1.355368653812486519e-14
1.229558355218649076e-14
1.111664581607716872e-14
1.003510790981871923e-14
9.018979718674000278e-15
8.065870831960468545e-15
7.171936006398839978e-15
6.334642390353872241e-15
5.550377512107680667e-15
4.818263943932804121e-15
4.311894074925869949e-15
3.871138419383951221e-15
