# bin_2_4
2.375765993914296662e-08
2.383196080489276538e-08
2.390769772099802550e-08
2.398489820871205813e-08
2.406359030857743253e-08
2.414380258995221818e-08
2.422556416069458890e-08
2.430890467696403958e-08
2.439385435319767410e-08
2.448044397224640044e-08
2.456870489563850831e-08
2.465866907406910678e-08
2.475036905807127037e-08
2.484383800875282022e-08
2.493910970874475432e-08
2.503621857337003540e-08
2.513519966187608156e-08
2.523608868878969292e-08
2.533892203551046771e-08
2.544373676211278028e-08
2.555057061925571288e-08
2.565946206021545976e-08
2.577045025301688046e-08
2.588357509272200233e-08
2.599887721397212012e-08
2.611639800363617832e-08
2.623617961360017457e-08
2.635826497365577511e-08
2.648269780451434407e-08
2.660952263079680910e-08
2.673878479421057577e-08
2.687053046743744666e-08
2.700480667293660469e-08
2.714166130158432088e-08
2.728114312790332218e-08
2.742330182545181180e-08
2.756818798217953137e-08
2.771585311587674518e-08
2.786634968970112176e-08
2.801973112813665516e-08
2.817605183279478004e-08
2.833536719850408013e-08
2.849773362930197911e-08
2.866320855430935236e-08
2.883185044412656684e-08
2.900371882714021863e-08
2.917887430553533456e-08
2.935737857133784206e-08
2.953929442284080116e-08
2.972468578092668638e-08
2.991361770524361498e-08
3.010615640997089659e-08
3.030236927952406630e-08
3.050232489183455286e-08
3.070609305478953574e-08
3.091374483030920074e-08
3.112535255394688386e-08
3.134098985380721468e-08
3.156073166922152528e-08
3.178465426984193823e-08
3.201283527420421275e-08
3.224535366812604148e-08
3.248228982221069514e-08
3.272372551009829959e-08
3.296974392571572789e-08
3.322042969968859165e-08
3.347586891633986214e-08
3.373614913023336339e-08
3.400135938161406456e-08
3.427159021109688186e-08
3.454693369338283167e-08
3.482748349442486724e-08
3.511333490015236075e-08
3.540458483615323071e-08
3.570133188578882676e-08
3.600367630851735672e-08
3.631172005723805082e-08
3.662556679397817221e-08
3.694532190529706545e-08
3.727109251693796041e-08
3.760298750619935169e-08
3.794111751505350078e-08
3.828559496211875045e-08
3.863653405191607291e-08
3.899405080183907524e-08
3.935826312033083911e-08
3.972929084792733238e-08
4.010725577251428566e-08
4.049228164182809496e-08
4.088449417552414859e-08
4.128402107495927027e-08
4.169099203074756399e-08
4.210553873002029373e-08
4.252779486001752151e-08
4.295789611245208732e-08
4.339598018585510954e-08
4.384218678827954862e-08
4.429665769782914185e-08
4.475953683667836266e-08
4.523097028415279967e-08
4.571110627864496000e-08
4.620009521865226836e-08
4.669808966078054430e-08
4.720524431530161210e-08
4.772171604008088196e-08
4.824766383135903742e-08
4.878324881538184109e-08
4.932863423660768904e-08
4.988398547915289017e-08
5.044947013272961441e-08
5.102525800130343629e-08
5.161152109084842813e-08
5.220843359568985229e-08
5.281617188189170759e-08
5.343491446859910816e-08
5.406484200685460485e-08
5.470613725700632092e-08
5.535898506631226204e-08
5.602357234570105411e-08
5.670008806103829905e-08
5.738872321871420335e-08
5.808967084000112463e-08
5.880312593336957694e-08
5.952928546601317347e-08
6.026834833372315858e-08
6.102051532961936602e-08
6.178598911177143161e-08
6.256497417253631305e-08
6.335767675888211585e-08
6.416430470802371899e-08
6.498506737441361708e-08
6.582017559471501683e-08
6.666984165423574781e-08
6.753427925577215394e-08
6.841370348896116502e-08
6.930833079931237521e-08
7.021837896107442775e-08
7.114406696375557584e-08
7.208561458463175250e-08
7.304324217362120574e-08
7.401717062181890542e-08
7.500762133922913230e-08
7.601481624165493005e-08
7.703897774081401159e-08
7.808032873563001634e-08
7.913909260733276871e-08
8.021549289799222809e-08
8.130975245595176585e-08
8.242209320034031375e-08
8.355273613012304335e-08
8.470190135005908768e-08
8.586980810887784564e-08
8.705667484681789875e-08
8.826271924160832710e-08
8.948815811382173750e-08
9.073320617833459670e-08
9.199807512399373366e-08
9.328297363836485562e-08
9.458810750873852711e-08
9.591367975316336111e-08
9.725989076427691186e-08
9.862693845134325336e-08
1.000150182739535881e-07
1.014243216371337180e-07
1.028550341537323716e-07
1.043073356649633937e-07
1.057814004755148811e-07
1.072773976341650965e-07
1.087954912325492397e-07
1.103358406990806615e-07
1.118986008630877618e-07
1.134839194637828942e-07
1.150919348668456249e-07
1.167227762553458910e-07
1.183765640746917840e-07
1.200534105346270013e-07
1.217534201330900055e-07
1.234766901625282865e-07
1.252233103546063417e-07
1.269933586805622858e-07
1.287868994437180287e-07
1.306039838760474129e-07
1.324446508887487310e-07
1.343089278728065072e-07
1.361968315088933789e-07
1.381083684688761929e-07
1.400435329716478815e-07
1.420023013212898770e-07
1.439846316284900957e-07
1.459904648593573971e-07
1.480197259820849984e-07
1.500723251433801354e-07
1.521481588019375593e-07
1.542471095047865748e-07
1.563690391674481414e-07
1.585137859101807624e-07
1.606811653217136195e-07
1.628709719949846194e-07
1.650829811214659876e-07
1.673169500614239632e-07
1.695726194027340174e-07
1.718497073281028074e-07
1.741479028232661496e-07
1.764668666201867820e-07
1.788062331644110981e-07
1.811656126820285646e-07
1.835445932385655849e-07
1.859427425355327196e-07
1.883596039502144143e-07
1.907946868838682211e-07
1.932474667071845316e-07
1.957173872015964148e-07
1.982038631285263163e-07
2.007062827995127988e-07
2.032240104402522337e-07
2.057563835348222071e-07
2.083027012936913730e-07
2.108622233734247855e-07
2.134341727932771585e-07
2.160177390185761492e-07
2.186120810460716590e-07
2.212163302786139581e-07
2.238295885769241204e-07
2.264509153748249997e-07
2.290793254988561339e-07
2.317137925536266828e-07
2.343532525158562420e-07
2.369966073226927043e-07
2.396427282142606268e-07
2.422904538335981939e-07
2.449385761211878006e-07
2.475858379109133617e-07
2.502309367990168649e-07
2.528725292338675199e-07
2.555092345827493143e-07
2.581396388835317205e-07
2.607622922204445760e-07
2.633756934317781817e-07
2.659782882962040206e-07
2.685684739072611671e-07
2.711446032400697832e-07
2.737049896660131800e-07
2.762479110186493307e-07
2.787716052901826347e-07
2.812742544924324535e-07
2.837539842118363582e-07
2.862088684894714780e-07
2.886369348433750532e-07
2.910361691927488228e-07
2.934045200565565537e-07
2.957398915704254460e-07
2.980401276969653622e-07
3.003030137038189260e-07
3.025262814953253912e-07
3.047076150333764971e-07
3.068446555903311538e-07
3.089350057259744672e-07
3.109762194946633155e-07
3.129657896484050979e-07
3.149011510733959743e-07
3.167796863724036808e-07
3.185987314646014460e-07
3.203555809273488216e-07
3.220474913817397560e-07
3.236716724459581511e-07
3.252252807823815549e-07
3.267072253340726374e-07
3.281109772101285868e-07
3.294353557527403947e-07
3.306773541899811031e-07
3.318339367397772529e-07
3.329020423010448456e-07
3.338785876625011342e-07
3.347604707577111778e-07
3.355445736554137302e-07
3.362277653350424325e-07
3.368069043351160410e-07
3.372788559343552039e-07
3.376405223965973816e-07
3.378888787184283814e-07
3.380209286979324209e-07
3.380337296573096283e-07
3.379243822439898637e-07
3.378886929709154698e-07
3.375260976090375031e-07
3.370331104688327361e-07
3.364073623834886535e-07
3.356470185303255286e-07
3.347493266976283460e-07
3.337127576461615030e-07
3.325355742304124141e-07
3.312163511121652895e-07
3.297540712785695442e-07
3.281481014411576590e-07
3.263981585579557956e-07
3.245039336210362987e-07
3.224664203812815964e-07
3.202859137319021269e-07
3.177812718739066380e-07
3.153207469664396054e-07
3.127226769383859566e-07
3.099899189404416285e-07
3.071257708056433502e-07
3.041339230806274259e-07
3.010185468994024512e-07
2.977844616261792107e-07
2.944371050995771554e-07
2.909824667895215021e-07
2.874270207972782484e-07
2.837776625517347160e-07
2.800416568106242254e-07
2.762266502866733281e-07
2.723406725321339615e-07
2.683920865140670284e-07
2.643895383845690703e-07
2.603419099089446007e-07
2.562582759922092948e-07
2.521478267725249578e-07
2.480197089747635235e-07
2.438829663252320080e-07
2.397465290750102415e-07
2.356192090621280709e-07
2.315096969124821728e-07
2.274265575622755284e-07
2.233780876750710991e-07
2.193721174504692355e-07
2.154160125751202225e-07
2.115167120808096579e-07
2.076807690325320749e-07
2.039143899931700762e-07
2.002234384429520214e-07
1.966132192828008906e-07
1.930883667826476891e-07
1.896529002078591511e-07
1.863102899569424551e-07
1.830635230605717702e-07
1.799151617763238628e-07
1.768672291746157379e-07
1.739208240622384023e-07
1.710760807336254680e-07
1.683322577836608082e-07
1.656878310543152103e-07
1.631405844765923170e-07
1.606876589982313917e-07
1.583251276610961863e-07
1.560475355541003166e-07
1.538479741227153811e-07
1.517182216960659111e-07
1.496488865720639261e-07
1.476295443983609907e-07
1.456488334178485121e-07
1.436943582872958057e-07
1.417527105879719362e-07
1.398096035131454189e-07
1.378500057386113521e-07
1.358582671306746451e-07
1.338182639972325505e-07
1.317144255602298583e-07
1.295334156126197249e-07
1.272643766204725794e-07
1.248988258893549346e-07
1.224305194452174794e-07
1.198553029467891760e-07
1.171711558157360499e-07
1.143799428636943075e-07
1.114886064941247034e-07
1.085088359455723327e-07
1.054566043942888164e-07
1.023517016751467776e-07
9.921727578182641798e-08
9.607884462181583287e-08
9.296252949661129639e-08
8.989433557456594838e-08
8.689987880273841617e-08
8.400416836400537106e-08
8.123143378148355924e-08
7.860483082871649522e-08
7.614340634428601694e-08
7.385870423688725401e-08
7.175478699471013820e-08
6.982876434855044501e-08
6.807137513610620213e-08
6.646757199549692724e-08
6.499748049717086256e-08
6.363800848044000570e-08
6.236384995032701041e-08
6.114807773168582766e-08
5.996267393919789813e-08
5.877899478685445045e-08
5.756824553513803046e-08
5.630506867915295149e-08
5.497350901747092021e-08
5.356773508519680908e-08
5.209147802697739707e-08
5.055735239880241504e-08
4.898616102652017913e-08
4.740522203277796279e-08
4.584210640918185897e-08
4.432027681303729757e-08
4.285845574033186458e-08
4.147035221511977291e-08
4.016451162375947185e-08
3.894436351641800281e-08
3.780876101922566716e-08
3.675267689333681816e-08
3.576772865841375041e-08
3.484273198647019416e-08
3.396427051348602924e-08
3.311716954589587553e-08
3.228514655531624395e-08
3.145392381744869059e-08
3.061429142489608068e-08
2.976232658290412257e-08
2.889919218725443513e-08
2.803086568383597419e-08
2.716783011569333933e-08
2.632348183256038151e-08
2.550951033193007413e-08
2.473390594584264711e-08
2.400076941244411532e-08
2.331025406578496259e-08
2.265858798498432497e-08
2.203833555000524644e-08
2.144054892627701014e-08
2.085772095244372987e-08
2.028437063594154408e-08
1.971719491294810766e-08
1.915517709431860625e-08
1.859960353718323310e-08
1.805370645164609335e-08
1.752103887545098938e-08
1.700449291802856810e-08
1.650615785763454012e-08
1.602721410154172464e-08
1.556786280350599190e-08
1.512731797272380783e-08
1.470411321462722026e-08
1.429672242411379031e-08
1.390372178241362132e-08
1.352384123085168274e-08
1.315602312775469507e-08
1.279945069085608485e-08
1.245355702069005652e-08
1.211793216256067516e-08
1.179224529446603374e-08
1.147623577875618245e-08
1.116969564105618559e-08
1.087245115657739155e-08
1.058435300544284913e-08
1.030525920774364158e-08
1.003502568843904925e-08
9.773494769323758628e-09
9.520488384915974800e-09
9.275806851268092977e-09
9.039226049442304080e-09
8.810498770027817904e-09
8.589363960695965844e-09
8.375555695564623486e-09
8.168807907762340823e-09
7.968857036787493721e-09
7.775443819400696729e-09
7.588315071760754718e-09
7.407224303887131092e-09
7.231935167494554648e-09
7.062222502694509010e-09
6.897871144271177280e-09
6.738674722851753335e-09
6.584434537304978706e-09
6.434958544872309275e-09
6.290061329045029517e-09
6.149565037037925911e-09
6.013298765089953913e-09
5.881097581889033877e-09
5.752801581127483813e-09
5.628254997949937303e-09
5.507305746484307830e-09
5.389806812014696898e-09
5.275617050051326471e-09
5.164600582931163956e-09
5.056626136559104336e-09
4.951566400006859172e-09
4.849297453911164510e-09
4.749699083946526558e-09
4.652656451704090543e-09
4.558060112207571501e-09
4.465805409065447139e-09
4.375791866614698099e-09
4.287922610848105863e-09
4.202103942895462572e-09
4.118246112601601894e-09
4.036264105206153533e-09
3.956077201652681830e-09
3.877608426324233988e-09
3.800784012770631594e-09
3.725532917196123493e-09
3.651786791893659439e-09
3.579481122369440413e-09
3.508555387562011774e-09
3.438952602939272984e-09
3.370618860242288209e-09
3.303502886982308091e-09
3.237555687909787970e-09
3.172730939105868332e-09
3.108985711439966920e-09
3.046280226517782973e-09
2.984577462732608838e-09
2.923842771937439637e-09
2.864043524644375878e-09
2.805148956185466837e-09
2.747130793008250548e-09
2.689963461663105962e-09
2.633623789621421746e-09
2.578090693057731150e-09
2.523344877008894969e-09
2.469368572964371879e-09
2.416145585647843569e-09
2.363661658886116143e-09
2.311904365495238983e-09
2.260862876000013460e-09
2.210527733713248756e-09
2.160890644258947345e-09
2.111944319632531900e-09
2.063682563900931947e-09
2.016100325387569476e-09
1.969193565304471493e-09
1.922959119194429434e-09
1.877394563460362351e-09
1.832498095631714859e-09
1.788268438573062724e-09
1.744704782238879282e-09
1.701806727852004528e-09
1.659574228594525337e-09
1.618007533628395536e-09
1.577107133836089776e-09
1.536873709737634721e-09
1.497307978737745928e-09
1.458410556268426693e-09
1.420181946454096901e-09
1.382622548461540752e-09
1.345732662567202102e-09
1.309512495429517678e-09
1.273962112189854073e-09
1.239081211668298845e-09
1.204869062713646181e-09
1.171324547722175425e-09
1.138446208958951224e-09
1.106232290865178478e-09
1.074680774550046724e-09
1.043789274530538966e-09
1.013554866264473510e-09
9.839741136540413755e-10
9.550431308162555495e-10
9.267576418783474095e-10
8.991130350343806102e-10
8.721043865044895494e-10
8.457263380867460974e-10
8.199730487095569400e-10
7.948382477850351865e-10
7.703152917716238906e-10
7.463972172952140576e-10
7.230767878847229009e-10
7.003464931941771093e-10
6.781984903138849429e-10
6.566246225648500482e-10
6.356164598349666853e-10
6.151653374469009180e-10
5.952623918481223556e-10
5.758985906648270530e-10
5.570647439550577637e-10
5.387515118743827183e-10
5.209494242456244830e-10
5.036488997248718430e-10
4.868402639278898513e-10
4.705137655111644097e-10
4.546596018419484030e-10
4.392679645773939488e-10
4.243290550560222034e-10
4.098330866244608291e-10
3.957702857789979075e-10
3.821308934430669082e-10
3.689051678787730863e-10
3.560834284891796874e-10
3.436561022889165241e-10
3.316137203688975644e-10
3.199469077792524453e-10
3.086463734562852419e-10
2.977029009988034358e-10
2.871073551031202215e-10
2.768507427322553891e-10
2.669242303653198390e-10
2.573191281928263057e-10
2.480268733440610387e-10
2.390390140545628967e-10
2.303471965766351739e-10
2.219431949777553047e-10
2.138189660558315399e-10
2.059666408471756744e-10
1.983785043393386260e-10
1.910469754966637133e-10
1.839645887715837771e-10
1.771239881282639761e-10
1.705179825622460178e-10
1.641395711156817055e-10
1.579819231586115580e-10
1.520383570133156182e-10
1.463023195163052803e-10
1.407673680948744900e-10
1.354271883903073142e-10
1.302756543279182280e-10
1.253068245284999429e-10
1.205149199207571854e-10
1.158943016192252817e-10
1.114394502703827863e-10
1.071449533879486644e-10
1.030055465803290339e-10
9.901614591617278893e-11
9.517183156687319049e-11
9.146782763174095721e-11
8.789948262962687604e-11
8.446225183985787809e-11
8.115169867394484518e-11
7.796353563939903293e-11
7.489362550477814585e-11
7.193796347607627239e-11
6.909265974578618970e-11
6.635392307239632565e-11
6.371804821533027246e-11
6.118143652475182994e-11
5.874062307641930050e-11
5.639226583453545739e-11
5.413313029696533177e-11
5.196007447580520147e-11
4.987003495440540292e-11
4.786002398763974803e-11
4.592716169618017337e-11
4.406868334295491596e-11
4.228192566365549829e-11
4.056431286030398864e-11
3.891334352695988317e-11
3.732657994710098423e-11
3.580165645903487369e-11
3.433630093282502918e-11
3.292832978000387965e-11
3.157563791249322680e-11
3.027618876036805279e-11
2.902800446923202563e-11
2.782916057876790792e-11
2.667780331749212706e-11
2.557215681769317331e-11
2.451051353311453473e-11
2.349122432274493704e-11
2.251268948350711071e-11
2.157335146471291654e-11
2.067169886667156493e-11
1.980628479097359981e-11
1.897572625378242736e-11
1.817869715725489222e-11
1.741392079374773861e-11
1.668016219135766294e-11
1.597622210472833519e-11
1.530094325846394294e-11
1.465321554910238857e-11
1.403197069503470058e-11
1.343617688420338923e-11
1.286483422757489313e-11
1.231697104541320310e-11
1.179164599337583815e-11
1.128796232295681504e-11
1.080506901723584242e-11
1.034215470285557106e-11
9.898441010423723910e-12
9.473176062639885591e-12
9.065629114861659524e-12
8.675091628731712721e-12
8.300881307377301988e-12
7.942340913973555198e-12
7.598836871920724623e-12
7.269757952107384320e-12
6.954513727321365814e-12
6.652534868786842567e-12
6.363281084290903281e-12
6.086241419385499616e-12
5.820928515285750298e-12
5.566873036199358475e-12
5.323618994224702630e-12
5.090720525643314116e-12
4.867743492705387828e-12
4.654271341474600100e-12
4.449906620080424934e-12
4.254270993426890827e-12
4.067004371986533812e-12
3.887763106994625687e-12
3.716217960960894889e-12
3.552054656068078081e-12
3.394972464825575308e-12
3.244680656786231584e-12
3.100895938766705860e-12
2.963341033504228892e-12
2.831744270140006791e-12
2.705842465926080232e-12
2.585387743164500987e-12
2.470148608533963745e-12
2.359908335509954542e-12
2.254462503658832196e-12
2.153616122320262427e-12
2.057180956361719336e-12
1.964974238526293527e-12
1.876818402480664533e-12
1.792540897703630164e-12
1.711974464066461144e-12
1.634957578718859385e-12
1.561334761296643348e-12
1.490957329864193800e-12
1.423685593213013416e-12
1.359388129465442705e-12
1.297939737561430753e-12
1.239219609905698080e-12
1.183109963638881466e-12
1.129495361226321320e-12
1.078263969436007944e-12
1.029309516334582839e-12
9.825313144577123524e-13
9.378336265956287014e-13
8.951246638518566628e-13
8.543153898052679547e-13
8.153189661582851302e-13
7.780528371962767111e-13
7.424403788285272398e-13
7.084119995043909302e-13
6.759064964658047895e-13
6.448722221307913953e-13
6.152646795155609081e-13
5.870189680880828110e-13
5.600788493386473050e-13
5.343900247174566529e-13
5.098957194786210436e-13
4.865375365221282814e-13
4.642570024091046336e-13
4.430012619464612782e-13
4.227189143257402025e-13
4.033623160586746632e-13
3.848879274328595046e-13
3.672559967964525806e-13
3.504291776120298626e-13
3.343717372102679355e-13
3.190494132813009700e-13
3.044289832626873078e-13
2.904783164326860065e-13
2.771665164173149067e-13
2.644643188568581491e-13
2.523442356374795974e-13
2.407796012069887205e-13
2.297449599345483285e-13
2.192160228797980850e-13
2.091696142485210105e-13
1.995836203667622338e-13
1.904369409976130796e-13
1.817094429027008567e-13
1.733819155241668494e-13
1.654360286967547258e-13
1.578542923062766360e-13
1.506200177855911428e-13
1.437172813838134663e-13
1.371308891165572684e-13
1.308463433179133188e-13
1.248498107339945206e-13
1.191280920702479333e-13
1.136685929386559712e-13
1.084592961378856285e-13
1.034887351977580415e-13
9.874596914352733045e-14
9.422055841144709303e-14
8.990254186891493025e-14
8.578241489134344968e-14
8.185110843781211204e-14
7.809996909094665265e-14
7.452074000925001898e-14
7.110554275086746501e-14
6.784685993461504910e-14
6.473751869081055841e-14
6.177067487359287476e-14
5.893979799671890439e-14
5.623865685703299395e-14
5.366130582076004878e-14
5.120207173498099698e-14
4.885554144008743815e-14
4.661654985586948701e-14
4.448016861062467350e-14
4.244169519446208704e-14
4.049664260793122923e-14
3.864072948478786934e-14
3.686987066940440172e-14
3.518016822337041710e-14
3.356790284624733158e-14
3.202952568899759013e-14
3.056165054150673757e-14
2.916104638017918174e-14
2.782463025510570286e-14
2.654946050417808860e-14
2.533273027856884076e-14
