# bin_7_3
1.828116092541394316e-08
1.829929014392371613e-08
1.831775906820329963e-08
1.833657032669241794e-08
1.835573184356771165e-08
1.837524990307303158e-08
1.839513079788954688e-08
1.841538092979350424e-08
1.843600680464455227e-08
1.845701503847198095e-08
1.847841234361141945e-08
1.850020556444234063e-08
1.852240163971574799e-08
1.854500750915188564e-08
1.856803012101267313e-08
1.859147650447413278e-08
1.861535381243642746e-08
1.863966952636705934e-08
1.866443133002847379e-08
1.868964717999640107e-08
1.871532486246616206e-08
1.874149496624867304e-08
1.876811733464578734e-08
1.879520756307597819e-08
1.882281172957007940e-08
1.885091805453166833e-08
1.887953541834437960e-08
1.890867270523334741e-08
1.893833232718009179e-08
1.916512219228666566e-08
1.899928977886002301e-08
1.903059303219355125e-08
1.906246032275897628e-08
1.909490131791805545e-08
1.912792582823348133e-08
1.916154344619662091e-08
1.919576342798836342e-08
1.923131670554780639e-08
1.926604796325640626e-08
1.930213207550603110e-08
1.933885808436280375e-08
1.937623718565609966e-08
1.941428036038163967e-08
1.945303941488182778e-08
1.949242714479330480e-08
1.953252684371364489e-08
1.957331158351008438e-08
1.961483176259609039e-08
1.965707979390662453e-08
1.970006736181844740e-08
1.974381540678273084e-08
1.978831771013202144e-08
1.983359517659040895e-08
1.987965938619902150e-08
1.992652149322297379e-08
1.997419268793575037e-08
2.002268547652182896e-08
2.007201340875620009e-08
2.012219591534233858e-08
2.017322644344899584e-08
2.022513618377478729e-08
2.027792636450212406e-08
2.033161464812952305e-08
2.038621286649094456e-08
2.044173439242281057e-08
2.049819294863746854e-08
2.055560153588250198e-08
2.061397148708890940e-08
2.067331568955212879e-08
2.073364772689896799e-08
2.079498155404775059e-08
2.085733097677878933e-08
2.092071953194658954e-08
2.098514823615931033e-08
2.105063047735328776e-08
2.111615707114224004e-08
2.118479294505086271e-08
2.125350363037481674e-08
2.132332737526886825e-08
2.171327648282585550e-08
2.146635076273360537e-08
2.153958636116310277e-08
2.161398549825756177e-08
2.168955998797612879e-08
2.176631997383036512e-08
2.184427596589048173e-08
2.192344016873231662e-08
2.200382881393754471e-08
2.208544711547961395e-08
2.216835485926947379e-08
2.225251747970399625e-08
2.233795470505231168e-08
2.242468257605886723e-08
2.251270561284779238e-08
2.260204214418925690e-08
2.269270436109118276e-08
2.278470442091354815e-08
2.287807220364884387e-08
2.297277093257293462e-08
2.306885910419277278e-08
2.316632640342490024e-08
2.326518204359706239e-08
2.336543901329821752e-08
2.346710990775187804e-08
2.357020470287259911e-08
2.367473283526645442e-08
2.378070022573911117e-08
2.388811365705136654e-08
2.399698319925888358e-08
2.410729242845364919e-08
2.421911695419457671e-08
2.433239782830064812e-08
2.444716065035187227e-08
2.456341226733116053e-08
2.468115896971754859e-08
2.480040038059824941e-08
2.492112508571694047e-08
2.504336533249771302e-08
2.516713494322059857e-08
2.529239610392319320e-08
2.541916383834148248e-08
2.554744034188123980e-08
2.567722678847735594e-08
2.580851870747118806e-08
2.594135057307067830e-08
2.607560742276238781e-08
2.621140153867854476e-08
2.634865732512464646e-08
2.648744682848310515e-08
2.662769277071231710e-08
2.676939606753220330e-08
2.691255479654876546e-08
2.705718299377556593e-08
2.720326258119562683e-08
2.735075222772417083e-08
2.749964772846668949e-08
2.764993898186763172e-08
2.780161966592245760e-08
2.795464897189028368e-08
2.810901762717876215e-08
2.826470767253437744e-08
2.842170185898928910e-08
2.857996022144699239e-08
2.873946642916683829e-08
2.890019300937374903e-08
2.906211124772391560e-08
2.922519036625240722e-08
2.938941247697461052e-08
2.955470795168991444e-08
2.972107564411712825e-08
2.988846900219360024e-08
3.005684819121451835e-08
3.022617343671231491e-08
3.039639328384964031e-08
3.056747787223751923e-08
3.073941339067530306e-08
3.091208168743282399e-08
3.108546703150633352e-08
3.125949447418758678e-08
3.143415321345579795e-08
3.160937124997623550e-08
3.178508511152485806e-08
3.196123676411274944e-08
3.213776549833319402e-08
3.231460797871949095e-08
3.249169725155726774e-08
3.266898019460505845e-08
3.284636142714282785e-08
3.302379271238371785e-08
3.320118879621682125e-08
3.337849791648283870e-08
3.355559468123019427e-08
3.373243841077165316e-08
3.390895426263140090e-08
3.408497894701026773e-08
3.426066324424537154e-08
3.443567639360748952e-08
3.461002930798903737e-08
3.478359688720769934e-08
3.495640878233971056e-08
3.512827199020484745e-08
3.529909269184958965e-08
3.546882327904941074e-08
3.563737162553334109e-08
3.580465689397369822e-08
3.597057193749421697e-08
3.613503323625232488e-08
3.629795334296884174e-08
3.645925526211092529e-08
3.661883644672225730e-08
3.677661761871923910e-08
3.693250947838196363e-08
3.708642650287699769e-08
3.723829558988908741e-08
3.738799879454214647e-08
3.753548405615056221e-08
3.768066053721926069e-08
3.782344577586996406e-08
3.796375991356793545e-08
3.810152469179625927e-08
3.823666078255624776e-08
3.836909182441704536e-08
3.849874159151383814e-08
3.862553588100218311e-08
3.874940195738632252e-08
3.887027186991539047e-08
3.898807016014889712e-08
3.910273160405661610e-08
3.921418796386903208e-08
3.932237399886774171e-08
3.942722587736739594e-08
3.952868273315824877e-08
3.962668573888576934e-08
3.972118660910900428e-08
3.981211415008309715e-08
3.989941714645914612e-08
3.998306377489729708e-08
4.006298738487486892e-08
4.013915028948456198e-08
4.021152131730037427e-08
4.028003466980456932e-08
4.034468349031547359e-08
4.040542498390936838e-08
4.046222835633882179e-08
4.051510635618412052e-08
4.056391414939313735e-08
4.060875143335519797e-08
4.064957911439879897e-08
4.068636348487340065e-08
4.071906571705413320e-08
4.074769071923952059e-08
4.077221675749445638e-08
4.079264446190831383e-08
4.080895937026336186e-08
4.082111403771594390e-08
4.082913301449651947e-08
4.083299490087747894e-08
4.083267530638624112e-08
4.082815838482528985e-08
4.081942097479445840e-08
4.080643772140767626e-08
4.078918337605611009e-08
4.076763373217920075e-08
4.074177097551984613e-08
4.071158329171840209e-08
4.067704164399702962e-08
4.063815470283653898e-08
4.059490456871452698e-08
4.054728557118876070e-08
4.049530337020120265e-08
4.043897549230545954e-08
4.037833057868060637e-08
4.031340621492075554e-08
4.024425006812149968e-08
4.017091934045350470e-08
4.009347992108054524e-08
4.001200271742184687e-08
3.992656260276910322e-08
3.983723572270784026e-08
3.974409810462169125e-08
3.964722657026741014e-08
3.954671095206050991e-08
3.944259593052632604e-08
3.933494643122218100e-08
3.922379485479503299e-08
3.910914910751868387e-08
3.899099139846359683e-08
3.886927925612193329e-08
3.874394605348865695e-08
3.861486320125006984e-08
3.848200029806661935e-08
3.834518693574993074e-08
3.820426883033771138e-08
3.805906882064374038e-08
3.790938785151766887e-08
3.775500992406782356e-08
3.759571725705054474e-08
3.743130444224454126e-08
3.726157706236198736e-08
3.708636635826888668e-08
3.690552985002898068e-08
3.671895121454755639e-08
3.652653229389868428e-08
3.632817796025119550e-08
3.612378370891602625e-08
3.591329162173121162e-08
3.569663634183664487e-08
3.547378791486845977e-08
3.524474068386471455e-08
3.500951382746943170e-08
3.476815216245725275e-08
3.452072508566858496e-08
3.426732061544919078e-08
3.400803817455773567e-08
3.374300652323728703e-08
3.347235489666647457e-08
3.319624323857480656e-08
3.291486295084005394e-08
3.262842409951449521e-08
3.233713085791816971e-08
3.204117420316611796e-08
3.174072887395532580e-08
3.143594818789684325e-08
3.112695435448748054e-08
3.081383345668589031e-08
3.049665261039117204e-08
3.017544379354806706e-08
2.985021355266426639e-08
2.952095303650109982e-08
2.918758741488646231e-08
2.885006884092466057e-08
2.850833196954946286e-08
2.816234995846890924e-08
2.781215655739672904e-08
2.745784922005849624e-08
2.709958788732339140e-08
2.673759043961209075e-08
2.637211592133236767e-08
2.600349183655024517e-08
2.563202057232087650e-08
2.525803194155796310e-08
2.488187378915919278e-08
2.450391712814347101e-08
2.412453177476577903e-08
2.374411725103676424e-08
2.336307626628929803e-08
2.298181616946645201e-08
2.260074470616729787e-08
2.222026869039091851e-08
2.184079081093514868e-08
2.146270502303307605e-08
2.108639784067509662e-08
2.071225551844089739e-08
2.034065452447193726e-08
1.997195844205791726e-08
1.960651770010461346e-08
1.924466611939686164e-08
1.888671766258198205e-08
1.853295199365418716e-08
1.818360471349892316e-08
1.783888126304977455e-08
1.749896632018513352e-08
1.716402002831802249e-08
1.683418934684315489e-08
1.650959339056015499e-08
1.619035595054069971e-08
1.587660923814963767e-08
1.556850072141060398e-08
1.526619555266499840e-08
1.496987543435942269e-08
1.467973779147547421e-08
1.439598938754644707e-08
1.411882193467429959e-08
1.384837199950550196e-08
1.358468980196825569e-08
1.332773783520234792e-08
1.307738705305411662e-08
1.283343238807464831e-08
1.259558086282647135e-08
1.236346492613715760e-08
1.213664511541654636e-08
1.191461815776654206e-08
1.169682301084797935e-08
1.148264781548990943e-08
1.127145249718862730e-08
1.106258980339843297e-08
1.085543133435219419e-08
1.064940409946269958e-08
1.044399907326589860e-08
1.023879172603438284e-08
1.003345179525661186e-08
9.827732885595243166e-09
9.621495409801304125e-09
9.414702717695580161e-09
9.207380412374428224e-09
8.999614403810255976e-09
8.791571671548040252e-09
8.583478480267892852e-09
8.375589932818716706e-09
8.168195685154268864e-09
7.961638824278531270e-09
7.756325176839748062e-09
7.552702328414020580e-09
7.351236123242024008e-09
7.152420520759415329e-09
6.956760686230549371e-09
6.764735085233351657e-09
6.576816399669487714e-09
6.393467005049777708e-09
6.215079290053504884e-09
6.041970841826648462e-09
5.874419353430349295e-09
5.712638891955658921e-09
5.556742618747364904e-09
5.406730214234258877e-09
5.262498024549245054e-09
5.123853179708561877e-09
4.990486047855259413e-09
4.861970373766802777e-09
4.737834225595322371e-09
4.617570537094115476e-09
4.500637403725735919e-09
4.386538154975987550e-09
4.274881672362063272e-09
4.165375854151292203e-09
4.057819191781551271e-09
3.952097601637321399e-09
3.848175313255506857e-09
3.746073945348628262e-09
3.645815216244592508e-09
3.547428265436198441e-09
3.450974694192874023e-09
3.356504416279048765e-09
3.264071225933464075e-09
3.173768362458753866e-09
3.085715096320696975e-09
3.000017295840298656e-09
2.916731614062140942e-09
2.835878941814573460e-09
2.757465945982990857e-09
2.681447845549532369e-09
2.607713599924817341e-09
2.536133182601496374e-09
2.466599249740649835e-09
2.399031169665114872e-09
2.333364775275129957e-09
2.269554198767393747e-09
2.207575664876874129e-09
2.147417327571491928e-09
2.089049010391441587e-09
2.032416764803395568e-09
1.977445550673265316e-09
1.924031807501622164e-09
1.872063291927207391e-09
1.821436764819388248e-09
1.772074314002184593e-09
1.723924392578147529e-09
1.676958248766464459e-09
1.631180770462244722e-09
1.586627605299760443e-09
1.543335474979105183e-09
1.501324022429516790e-09
1.460591916661659201e-09
1.421123263755080477e-09
1.382884320788307154e-09
1.345813202417168900e-09
1.309835396026024035e-09
1.274882615412148750e-09
1.240902276966232539e-09
1.207851987728564410e-09
1.175697792350886243e-09
1.144420275129039709e-09
1.114014888678407363e-09
1.084479421527958580e-09
1.055805825362938532e-09
1.027979201863601477e-09
1.000981398669290584e-09
9.747896325884054120e-10
9.493741240250448863e-10
9.247015017925601348e-10
9.007396553648805841e-10
8.774605283558844107e-10
8.548390399205525913e-10
8.328524635269026814e-10
8.114813424822429218e-10
7.907094941714374546e-10
7.705221048416605822e-10
7.509047242320036628e-10
7.318424112431414229e-10
7.133200840472830868e-10
6.953224626892467160e-10
6.778340085207420554e-10
6.608392205847639649e-10
6.443228943033734862e-10
6.282702796227466514e-10
6.126671514981843930e-10
5.974997009587279333e-10
5.827545180652319425e-10
5.684186833475156707e-10
5.544792671590839484e-10
5.409238959979665363e-10
5.277403224085512737e-10
5.149165390711101998e-10
5.024408097396902562e-10
4.903016523641222688e-10
4.784880994101562028e-10
4.669893885290996068e-10
4.557951980176758150e-10
4.448955643012839765e-10
4.342808537103874339e-10
4.239417688228484332e-10
4.138693731844263876e-10
4.040550823873105614e-10
3.944906272132102291e-10
3.851680149324634664e-10
3.760795000399874140e-10
3.672175769171482359e-10
3.585749933515446929e-10
3.501447606676160249e-10
3.419201467893115222e-10
3.338946589432034571e-10
3.260620277680324652e-10
3.184161390036000433e-10
3.109513118956420450e-10
3.036617204686213132e-10
2.965420381187150403e-10
2.895870606020096043e-10
2.827918319403505433e-10
2.761515184575604180e-10
2.696614712671602144e-10
2.633172183424953330e-10
2.571144740612894715e-10
2.510491324602862720e-10
2.451172528286070009e-10
2.393150461695936392e-10
2.336388589298862852e-10
2.280851288108320239e-10
2.226505749645378145e-10
2.173319279370444619e-10
2.121261066423821141e-10
2.070301596541689659e-10
2.020412508055671768e-10
1.971566507610503781e-10
1.923737406428285668e-10
1.876900187732447378e-10
1.831031010856422931e-10
1.786107110575250294e-10
1.742106684803355193e-10
1.699008783999705503e-10
1.656792859506159521e-10
1.615440463921074320e-10
1.574932782330256538e-10
1.535252285435237046e-10
1.496382221373202091e-10
1.458306512935257348e-10
1.421009688984794929e-10
1.384476865384084674e-10
1.348693772785912679e-10
1.313646749900264410e-10
1.279322747155773255e-10
1.245708863238184852e-10
1.212793713058539855e-10
1.180565185888222865e-10
1.149011944012357981e-10
1.118123035387498070e-10
1.087887903455072989e-10
1.058296345920193876e-10
1.029338460232869798e-10
1.001004583889816974e-10
9.732851386288043791e-11
9.461708493797991963e-11
9.196532239810712109e-11
8.937231283662331952e-11
8.683719432225201790e-11
8.435911857225162709e-11
8.193724955001733262e-11
7.957076116843064182e-11
7.725883499135613662e-11
7.500066342875410467e-11
7.279544787012654906e-11
7.064236714572221526e-11
6.854069192823176995e-11
6.648961001395574121e-11
6.448834037079429474e-11
6.253610489262441345e-11
6.063212821705234997e-11
5.877563681829227644e-11
5.696584848033508229e-11
5.520199024859924484e-11
5.348333523192317321e-11
5.180908784284568428e-11
5.017847914093983015e-11
4.859074171072731962e-11
4.704510904761341017e-11
4.554081562090635435e-11
4.407709888406058527e-11
4.265317293076301071e-11
4.126832558557020216e-11
3.992177246989646289e-11
3.861275637444764558e-11
3.734052276830985297e-11
3.610432116765493430e-11
3.490340422710160755e-11
3.373700706407491167e-11
3.260443537162927264e-11
3.150493102280253666e-11
3.043776351447644766e-11
2.940220865909027247e-11
2.839754803363365480e-11
2.742304899872170201e-11
2.647804930766158296e-11
2.556182838173967034e-11
2.467369461066582907e-11
2.381296402520042070e-11
2.297896082564982280e-11
2.217100218576453791e-11
2.138846142713342435e-11
2.063067326716154206e-11
1.989699764035700064e-11
1.918680370818744048e-11
1.849947035527048501e-11
1.783437256976790445e-11
1.719093702591397455e-11
1.656854798589870896e-11
1.596664787032353967e-11
1.538465562045889264e-11
1.482201199849923760e-11
1.427815817210449019e-11
1.375257597969464827e-11
1.324472749252083285e-11
1.275408717396878791e-11
1.228016931510140606e-11
1.182246963990116840e-11
1.138049539377018009e-11
1.095379127342004974e-11
1.054187612532123011e-11
1.014431608062069821e-11
9.760661372163862756e-12
9.390473738608402844e-12
9.033349909554774583e-12
8.688863464958761024e-12
8.356630335851825968e-12
8.036252149601333116e-12
7.727342187747010065e-12
7.429546253709805122e-12
7.142490441200054855e-12
6.865836700380114804e-12
6.599234638509119750e-12
6.342363152778844453e-12
6.094886231298460080e-12
5.856503431509472682e-12
5.626898121947362967e-12
5.405782831391701363e-12
5.192866438489914897e-12
4.987871134295880840e-12
4.790530735831103546e-12
4.600571841936581504e-12
4.417750188555633458e-12
4.241809373691072831e-12
4.072514997755885292e-12
3.909634459827314337e-12
3.752945793488011819e-12
3.602222106784113285e-12
3.457260651593767140e-12
3.317847628012082766e-12
3.183789850833673275e-12
3.054895441446685528e-12
2.930975901461769257e-12
2.811852229390089497e-12
2.697353854569390348e-12
2.587311226646023694e-12
2.481565130677381912e-12
2.379950047879056201e-12
2.282318101248024932e-12
2.188520855772298287e-12
2.098415821528569217e-12
2.011868268867914434e-12
1.928743913419769866e-12
1.848915257070993368e-12
1.772256367181786412e-12
1.698653337765342158e-12
1.627988156906029107e-12
1.560149560017180759e-12
1.495030329656150724e-12
1.432527079440306824e-12
1.372539960643968168e-12
1.314972424778122721e-12
1.259731194430362120e-12
1.206726455548427877e-12
1.155869057555459090e-12
1.107082092291919042e-12
1.060283107419378505e-12
1.015394860558766397e-12
9.723431044687966568e-13
9.310559504800084642e-13
8.914640461678160451e-13
8.534981229621619792e-13
8.170974895400992994e-13
7.822029535308063342e-13
7.487475776738492424e-13
7.166776907203582246e-13
6.859381845482379598e-13
6.564763137346905936e-13
6.282393242507689130e-13
6.011834277222776766e-13
5.752576982827025679e-13
5.504180978066783063e-13
5.266213617638180503e-13
5.038244825962362751e-13
4.819867593838064608e-13
4.610672163019752171e-13
4.410320939787155776e-13
4.218435646298311283e-13
4.034656282451352077e-13
3.858676886889089851e-13
3.690167589927141927e-13
3.528832658925209576e-13
3.374374997981586357e-13
3.226512213600524946e-13
3.084967588662006655e-13
2.949473242197686939e-13
2.819733352457733594e-13
2.695547184499870295e-13
2.576676667874351045e-13
2.462918282266095243e-13
2.354045682511226455e-13
2.249871772984634719e-13
2.150194847554859736e-13
2.054843992523924704e-13
1.963620829620166814e-13
1.876357782519586001e-13
1.792889812739837989e-13
1.713047460397071719e-13
1.636678234153922340e-13
1.563631062493757806e-13
1.493763832257420692e-13
1.426951646736085795e-13
1.363060240639317725e-13
1.301971155210901223e-13
1.243564352438186841e-13
1.187728179118428302e-13
1.134355946113042743e-13
1.083334110473773092e-13
1.034557537544633854e-13
9.879378317243600247e-14
9.433709821945145810e-14
9.007715565780301976e-14
8.600535740785912518e-14
8.211393623952808564e-14
7.839509117402173695e-14
7.484165912003942169e-14
7.144657800094289567e-14
6.820270807131512797e-14
6.510329563629028519e-14
6.214199105560290712e-14
5.931244407403441010e-14
5.660341849598053886e-14
5.401142872087561979e-14
5.153602723045361817e-14
4.917238337104279710e-14
4.691541038604610763e-14
4.476018617181398210e-14
4.270234467163176780e-14
4.073734665113948256e-14
3.886073778095168895e-14
3.706893090341652509e-14
3.535822430351492567e-14
3.372516007745690721e-14
3.216650844839624501e-14
3.067912720795108775e-14
2.926018436835500069e-14
2.790651563661581246e-14
2.661514611067729005e-14
2.538306658153237328e-14
2.420741973748292083e-14
2.308517441051595799e-14
2.201465879541516535e-14
2.099615503123336675e-14
2.002448313546868214e-14
1.909761004521502052e-14
1.821343534860414577e-14
1.736991270491367197e-14
1.656498737257024203e-14
1.579694877900614872e-14
1.506414382894359966e-14
1.436495027544172818e-14
1.369782668296063538e-14
1.306135102504137313e-14
1.245411488723371788e-14
1.187482204678922920e-14
1.132215917573319997e-14
1.079154715371041962e-14
1.028502738762105611e-14
9.801818772441425711e-15
9.340879452803463883e-15
8.901218573601517810e-15
8.481856771747864045e-15
8.081917772277038124e-15
7.700467604643507357e-15
7.336662811995786408e-15
6.989716969554447479e-15
6.658860676419772304e-15
6.346200314204513847e-15
6.048110953033272936e-15
5.763805560429855913e-15
5.492680231077142927e-15
5.234131559737548570e-15
4.987594507545160544e-15
4.752500323900128865e-15
4.528340575880492259e-15
4.313333680256077215e-15
4.102473572529521867e-15
3.901569359614889276e-15
3.710263659110487342e-15
3.528094034925354202e-15
3.354625223573373367e-15
3.189441008278935290e-15
3.032195402835729623e-15
2.883466330980061623e-15
2.742073289622443483e-15
