# bin_5_1
1.086394068622380800e-08
1.088194725866960886e-08
1.090940896893159908e-08
1.092803478239389228e-08
1.094700191494794706e-08
1.096628675446539390e-08
1.098588994210195417e-08
1.100581760630898512e-08
1.102607406972263630e-08
1.104666367902204446e-08
1.106759079885190193e-08
1.108885980681849698e-08
1.111047509266339514e-08
1.113244106149014172e-08
1.115476212955568927e-08
1.117381483258458343e-08
1.119695937511627759e-08
1.122390315006538186e-08
1.124768933359837026e-08
1.127185288396601973e-08
1.129639823917607146e-08
1.132132983004447388e-08
1.137491156025406179e-08
1.137236947068660458e-08
1.139848637807829276e-08
1.142500723447387241e-08
1.145193645248057503e-08
1.147927842661286612e-08
1.150702751637120687e-08
1.153520862627533331e-08
1.156381588712026952e-08
1.159285352548508024e-08
1.162232574600051248e-08
1.165223672936476622e-08
1.168259058687891171e-08
1.171339136202629810e-08
1.174464309795246891e-08
1.177634987445182010e-08
1.180851571944618856e-08
1.184114458140615415e-08
1.187424034871059649e-08
1.190780684288889566e-08
1.194184790163195272e-08
1.197636729830385007e-08
1.201136868164946222e-08
1.204685561802057689e-08
1.208283156878642461e-08
1.211929980468471471e-08
1.215617429033858415e-08
1.219360277896201503e-08
1.223166589702959209e-08
1.227015694687945246e-08
1.230913209033596817e-08
1.234861644255279163e-08
1.238711603472255653e-08
1.242747321467191396e-08
1.247014996429442791e-08
1.251169600130160394e-08
1.255376410119025039e-08
1.259635390924742041e-08
1.263946836834759502e-08
1.268310892901582179e-08
1.272727674989573069e-08
1.277197286817988363e-08
1.281719806078951163e-08
1.286295270404953606e-08
1.290923684096667673e-08
1.295605037747194268e-08
1.300320766874458258e-08
1.305126410590496646e-08
1.309966706875211707e-08
1.314859980241040824e-08
1.319813095938491463e-08
1.324809893222410190e-08
1.329858909100847913e-08
1.334960263931930694e-08
1.340116239033045138e-08
1.345324210166881456e-08
1.350611464041930260e-08
1.355894380601250403e-08
1.361256295565734928e-08
1.366669033521483703e-08
1.372132203216610693e-08
1.377645312879386356e-08
1.383207859058767687e-08
1.388819354241912263e-08
1.394479308112571904e-08
1.399668225562025219e-08
1.405942682568588941e-08
1.411744552748258089e-08
1.417592293506572233e-08
1.423485332870748610e-08
1.429423002007079245e-08
1.435411175879530631e-08
1.441434201850789561e-08
1.447498957013344845e-08
1.453603951323556936e-08
1.459752132580424069e-08
1.465939401557018178e-08
1.472164664057106259e-08
1.476903096398036370e-08
1.484724972500789575e-08
1.491057957090530365e-08
1.497057669971062699e-08
1.503839244404430183e-08
1.510253344057255703e-08
1.516712700766242237e-08
1.523200050189473876e-08
1.529715125738139649e-08
1.536254599372220293e-08
1.542814543598820409e-08
1.549398731970076930e-08
1.556004004825862142e-08
1.562626878374045489e-08
1.569266436936615600e-08
1.575920952138731521e-08
1.582588549675718445e-08
1.589269084468583142e-08
1.595954369224918906e-08
1.602648960405174366e-08
1.609348303868834139e-08
1.616050637768120436e-08
1.622753035444959623e-08
1.629454132485221040e-08
1.636151180722889789e-08
1.643001360212053367e-08
1.649522665981269811e-08
1.656193007691865880e-08
1.662849393123644297e-08
1.669489448110981471e-08
1.676110232886627555e-08
1.682709158704204876e-08
1.689283564367087636e-08
1.695829642175665723e-08
1.702347037255195098e-08
1.708830841282620593e-08
1.715230893594122711e-08
1.721675092510626129e-08
1.728053720906006200e-08
1.734375208272712056e-08
1.740648585811267710e-08
1.746870254963376357e-08
1.752165100032682990e-08
1.759145611026497057e-08
1.765193594245160644e-08
1.771194497039359690e-08
1.777089639508004636e-08
1.782933147493118162e-08
1.788701071607050967e-08
1.794390473609303289e-08
1.799997938151524211e-08
1.805520038090757584e-08
1.810951688245994735e-08
1.816290756320849420e-08
1.821533667130170429e-08
1.826676715956237177e-08
1.831715938556713333e-08
1.836647284541685345e-08
1.841466553924652784e-08
1.846170115777869730e-08
1.850756201261491664e-08
1.855226281934451597e-08
1.859554580697209100e-08
1.863760037408044063e-08
1.867831708778193394e-08
1.871765588091697015e-08
1.875426811674753028e-08
1.879204367194144747e-08
1.882699790002569696e-08
1.886043417791393113e-08
1.889230384927324881e-08
1.892256484424143777e-08
1.895168431954132821e-08
1.897810660525467196e-08
1.899824893624473905e-08
1.902678693328140231e-08
1.904845511434309747e-08
1.906829598200509024e-08
1.908627410255045194e-08
1.910235743134143603e-08
1.911515896017385466e-08
1.912871211427009771e-08
1.913889198140169973e-08
1.914703688375207786e-08
1.914586359044336836e-08
1.915710082608955755e-08
1.915958669760939487e-08
1.915864948069774915e-08
1.915616147968164809e-08
1.915145662107578829e-08
1.914458885506071333e-08
1.913528817657081209e-08
1.911490616046616587e-08
1.910229994526470540e-08
1.909375209257551551e-08
1.907520152984833607e-08
1.905427090253831464e-08
1.903092872608550019e-08
1.900515040867095261e-08
1.897692561920904749e-08
1.894633445037223255e-08
1.891216642247572244e-08
1.887753253951290270e-08
1.883938942259284614e-08
1.879871947170788530e-08
1.875550907614247995e-08
1.870974995287295277e-08
1.865486303214696164e-08
1.861062775728711045e-08
1.855625500273523094e-08
1.850129935547544266e-08
1.844280435179503961e-08
1.838175002594244714e-08
1.831813474096588549e-08
1.825200407350093811e-08
1.818330764153566368e-08
1.811203820497062021e-08
1.803827922259788161e-08
1.796199060385087907e-08
1.788320484265022432e-08
1.780114672641125210e-08
1.771819569119930592e-08
1.762698235062071280e-08
1.754337005301011024e-08
1.745233313146554850e-08
1.735890776779115249e-08
1.726243810952579375e-08
1.716500127463747172e-08
1.706458158580846581e-08
1.696187814698343442e-08
1.685693377052672635e-08
1.674977513673734809e-08
1.663486010984886217e-08
1.652899017053332733e-08
1.641543671525391227e-08
1.629982945770264277e-08
1.618221270866067917e-08
1.606262523720694057e-08
1.594111934738199100e-08
1.581710439420858972e-08
1.569188731885773071e-08
1.556554736726258674e-08
1.543683930390356251e-08
1.530645950214603815e-08
1.517446397481503679e-08
1.504030175354779791e-08
1.490583974910662407e-08
1.476932785645102366e-08
1.463142383605391097e-08
1.449220992829347701e-08
1.435170919038807693e-08
1.420572135064583579e-08
1.406658871150238226e-08
1.391906358105655897e-08
1.377821890692252200e-08
1.363228978018528280e-08
1.348546395737730738e-08
1.333734011063082081e-08
1.318937687727348486e-08
1.304026495435765585e-08
1.289049550906371153e-08
1.274015565682601129e-08
1.258929479276399848e-08
1.243800944125100410e-08
1.228592650696804841e-08
1.213394660693188852e-08
1.198170764036703638e-08
1.182926390437366057e-08
1.167669363042001954e-08
1.152436497582991158e-08
1.137169539629427357e-08
1.121907103920677835e-08
1.106655060636258537e-08
1.091419845090331156e-08
1.076206155627460959e-08
1.061020442499301176e-08
1.045403048483360737e-08
1.030727323486357037e-08
1.015683029110095115e-08
1.000661261604698836e-08
9.856932337002344900e-09
9.707843305253076311e-09
9.559387004953838160e-09
9.411613491565976528e-09
9.262288012754863301e-09
9.118294114393048970e-09
8.972615392909881103e-09
8.828022117435164193e-09
8.684298725582060417e-09
8.541531936787303634e-09
8.399755291407304568e-09
8.258965148084222583e-09
8.119217218367207543e-09
7.980732680536345513e-09
7.843168582604469768e-09
7.706744930119974321e-09
7.571322890591691516e-09
7.435648957479032233e-09
7.304601843539596533e-09
7.173022149717093862e-09
7.042718643982030507e-09
6.913565648053737904e-09
6.783096520158856814e-09
6.659707057025837867e-09
6.534743498235739142e-09
6.411168874253189861e-09
6.289002045630585430e-09
6.168262533999994659e-09
6.048967053500829708e-09
5.931132902824854532e-09
5.812219692176722555e-09
5.699909982085814011e-09
5.586549036830847084e-09
5.474705024069177870e-09
5.364388653847500654e-09
5.255609444826158605e-09
5.148275965133775005e-09
5.042597802967024128e-09
4.938570478051228967e-09
4.836008979954089137e-09
4.734925039800767900e-09
4.635495592568317188e-09
4.537718663581352234e-09
4.441419643281802479e-09
4.346682095694523645e-09
4.253424010154668978e-09
4.161870800222021551e-09
4.071782899794560874e-09
3.983228275058755853e-09
3.896196276662070444e-09
3.810675138748533821e-09
3.726652076132751459e-09
3.644113323181526108e-09
3.563044302144986715e-09
3.483429872506334793e-09
3.405254455278516774e-09
3.328502125655677212e-09
3.253156644800113262e-09
3.179201544848947409e-09
3.106620322671032734e-09
3.035396506632481186e-09
2.965513686389417141e-09
2.896955454040474637e-09
2.829705421532085330e-09
2.763747321358832493e-09
2.699064883031391340e-09
2.635641091144599081e-09
2.573460898356641725e-09
2.511719929928718937e-09
2.452763520579104682e-09
2.394213663517380740e-09
2.336841540496703142e-09
2.280631401860347234e-09
2.225567828084550639e-09
2.170747363280711634e-09
2.118820928609793254e-09
2.067109093891025123e-09
2.016486796280203264e-09
1.966133372054348579e-09
1.918459069734840848e-09
1.871028519015360103e-09
1.824638639965802657e-09
1.779277571471571487e-09
1.734934216966007295e-09
1.691597603720812551e-09
1.648564891694298136e-09
1.607900216783284175e-09
1.567516660405156364e-09
1.527466195321427297e-09
1.488993168408951284e-09
1.451465759643392808e-09
1.414874840873712984e-09
1.379182709495357440e-09
1.344933453259043111e-09
1.310445793660825961e-09
1.277379075937571073e-09
1.245159182373900759e-09
1.213761952205776733e-09
1.183167623971118248e-09
1.153847452606167263e-09
1.124361259493425557e-09
1.096100678672528661e-09
1.068588317965234221e-09
1.041793261303307658e-09
1.015714359262167699e-09
9.903238105892182898e-10
9.656020863753516927e-10
9.415454701446695504e-10
9.181222539096610210e-10
8.953228563093686617e-10
8.731331647629048061e-10
8.515267037203119490e-10
8.304990581112654476e-10
8.103488144983110224e-10
7.900921619854899108e-10
7.706878141622809404e-10
7.517913384566701111e-10
7.336845768008890371e-10
7.157617171127299263e-10
6.980314108428014970e-10
6.810452346287034503e-10
6.647650469317369322e-10
6.486493582530311194e-10
6.327063216986404363e-10
6.174296348801308115e-10
6.025527266790050994e-10
5.882965695817569556e-10
5.739554934295426432e-10
5.602151416066107939e-10
5.468328530999618553e-10
5.340113145373773893e-10
5.213132289531057905e-10
5.089454159435007476e-10
4.967012439890955578e-10
4.851637241796263147e-10
4.737318064875915358e-10
4.625941263845222160e-10
4.517421609510397312e-10
4.411676196311417434e-10
4.308624401625942518e-10
4.208187789510346302e-10
4.110289982921667884e-10
4.014856464342660556e-10
3.921814518261624830e-10
3.833157801452129987e-10
3.742623019949353859e-10
3.656336581407015999e-10
3.572168227741886010e-10
3.490054369151958809e-10
3.409934441789259659e-10
3.331747527138256439e-10
3.255437622901620162e-10
3.180950139610013773e-10
3.108232618628021192e-10
3.037234568998243285e-10
2.967907275607947766e-10
2.900203587649651635e-10
2.834077735491497320e-10
2.769485098335997372e-10
2.706382160961191752e-10
2.644726546842344059e-10
2.584477002453436440e-10
2.525593459549911661e-10
2.468037129378283632e-10
2.411770585628826379e-10
2.356757818528808766e-10
2.302964193312233861e-10
2.250356399945413279e-10
2.198902385219327665e-10
2.148571281970168619e-10
2.099333331855901945e-10
2.051159788986087989e-10
2.004022876673824588e-10
1.957895777212859956e-10
1.912752593823431652e-10
1.868568324418264476e-10
1.825318875390822639e-10
1.782981046005905476e-10
1.741532507710729675e-10
1.700951778805241595e-10
1.661218189020864117e-10
1.622311832535378204e-10
1.584213517515596497e-10
1.546904764288524618e-10
1.510367690284068220e-10
1.474585025794437690e-10
1.439540088078528829e-10
1.405216752904278053e-10
1.371572992409546293e-10
1.338647500683136728e-10
1.306398388621793457e-10
1.274811598541704164e-10
1.243873551462559508e-10
1.213571133580411108e-10
1.183891656580982460e-10
1.154822848858904529e-10
1.126352847778813877e-10
1.098470138437230892e-10
1.071163543480820377e-10
1.044422226735634082e-10
1.018235673093060320e-10
9.925936589969367238e-11
9.674862606037314421e-11
9.429193093695217885e-11
9.188518820692722399e-11
8.952765083979223520e-11
8.722135427077479796e-11
8.496393712021428872e-11
8.275455076257113900e-11
8.059236810084419916e-11
7.847658009722682215e-11
7.640639396362200244e-11
7.438103504592315700e-11
7.239974408647424734e-11
7.046177599794678181e-11
6.856640096188065991e-11
6.671290317061918162e-11
6.490057792629654111e-11
6.312872864223987675e-11
6.139668150038375013e-11
5.970376217701242309e-11
5.804930998261604814e-11
5.643267490073776968e-11
5.485321599681024788e-11
5.331029965839399434e-11
5.180330151095164600e-11
5.033160479864555442e-11
4.889460000698974533e-11
4.749168550041571257e-11
4.612226726021144122e-11
4.478575712454981377e-11
4.348157289892723211e-11
4.218929136870169883e-11
4.094863648213274639e-11
3.973858518480369762e-11
3.855858456788114964e-11
3.740808265861411005e-11
3.628653250636894488e-11
3.519338904059666250e-11
3.412811436095036049e-11
3.309017818033286171e-11
3.207906115980582861e-11
3.109424569908195660e-11
3.013521700870542041e-11
2.920146358036724774e-11
2.829247834317037124e-11
2.740776087274862403e-11
2.654681926033184344e-11
2.570917028444844889e-11
2.489433084470506331e-11
2.410182190154042464e-11
2.333116809857435497e-11
2.258190044550522131e-11
2.185355572373719650e-11
2.114567920329456301e-11
2.045781102159257349e-11
1.978953081587345787e-11
1.914038312213649001e-11
1.850993196960973853e-11
1.789774710626371138e-11
1.730340515013336077e-11
1.672649238121629977e-11
1.616659766512371114e-11
1.562331352356622055e-11
1.509623865656145827e-11
1.458497854003330352e-11
1.408914411059855071e-11
1.360835501099977420e-11
1.314223883162906105e-11
1.269042536695603794e-11
1.225254897785963622e-11
1.182824895569716771e-11
1.141717427384806613e-11
1.101897869671744968e-11
1.063332524257546106e-11
1.025988201226449066e-11
9.898320634886086382e-12
9.548319071593484568e-12
9.209562243271476087e-12
8.881740608494381547e-12
8.564552116802398507e-12
8.257702968810921913e-12
7.960902740424292382e-12
7.673865916587869596e-12
7.396314306658329023e-12
7.127974185158600212e-12
6.868576826946324059e-12
6.617864278279112251e-12
6.378314307726442241e-12
6.144109414677933659e-12
5.917846377340409598e-12
5.699287657279570163e-12
5.488201160256569296e-12
5.284359141310400039e-12
5.087541496239743167e-12
4.897532769059271660e-12
4.714113490039583409e-12
4.537097603469431720e-12
4.366275361361238060e-12
4.201451364466380794e-12
4.042436777879508655e-12
3.889047049249318031e-12
3.741102547738500060e-12
3.598428388215318494e-12
3.460853029547911982e-12
3.328211944049755354e-12
3.200344246019273377e-12
3.077093517649558959e-12
2.958307837801374963e-12
2.843827668511957450e-12
2.733531321799047635e-12
2.627268721349882626e-12
2.524904614983603440e-12
2.426307204108158572e-12
2.331347815180683658e-12
2.239903600575594352e-12
2.151854535607159291e-12
2.067084344154293003e-12
1.985478588934050605e-12
1.906928474485521288e-12
1.831316126830987814e-12
1.758563591665634291e-12
1.688557446336841733e-12
1.621201289271668941e-12
1.556402219031053779e-12
1.494069907750301119e-12
1.434116051087610930e-12
1.376454429014633040e-12
1.321005174115508942e-12
1.267688432167208526e-12
1.216425779668743978e-12
1.167132587433580360e-12
1.119760527385639744e-12
1.074227665910852015e-12
1.030466167524375170e-12
9.884120665689493001e-13
9.480026519536149300e-13
9.091758995578198855e-13
8.718743471115067950e-13
8.360416050897201144e-13
8.016158690414425379e-13
7.685574378048798146e-13
7.368088413859478054e-13
7.063208777076011141e-13
6.770460553401608740e-13
6.489346152991886638e-13
6.219479442721295039e-13
5.960418566408032717e-13
5.711667636025423215e-13
5.473022497926090857e-13
5.243994271016499914e-13
5.024208747414001306e-13
4.813310459510013181e-13
4.608936112234138705e-13
4.414881571809504465e-13
4.228721783749242511e-13
4.050151480915918402e-13
3.878877827445353881e-13
3.714609051772015569e-13
3.557058527219257879e-13
3.405975827661753117e-13
3.261107068035863483e-13
3.122208637319741979e-13
2.989046987000222108e-13
2.861391934482963422e-13
2.739011589331206994e-13
2.621706463826605267e-13
2.510138335088091174e-13
2.402332958496464836e-13
2.298997735781104354e-13
2.199997884327315650e-13
2.105137651293863415e-13
2.014250283375282545e-13
1.927175464816327383e-13
1.843759089865917033e-13
1.763853037755953318e-13
1.687314941750666375e-13
1.614007958464937838e-13
1.543800552133007600e-13
1.476566282016528152e-13
1.412170975446524794e-13
1.350521440087330137e-13
1.291485464208866832e-13
1.234972904894068313e-13
1.180867244261881638e-13
1.129069741608694106e-13
1.079490184901717966e-13
1.032044079590850852e-13
9.866109367935002724e-14
9.431490133236254731e-14
9.015528481469272472e-14
8.617511557152107446e-14
8.236442387442659739e-14
7.871925183641087242e-14
7.523274731611836503e-14
7.187472566341449164e-14
6.868734634286691305e-14
6.563859696894050640e-14
6.272287118553607488e-14
5.993758177622770311e-14
5.726629369600929788e-14
5.471151721895291271e-14
5.226715660912307708e-14
4.993115339504885238e-14
4.769666470778042685e-14
4.555987636767935951e-14
4.351700160826682429e-14
4.156424900006281883e-14
3.969774921449005464e-14
3.791293761916427834e-14
3.620635976448225416e-14
3.457583612656472502e-14
3.301691339444452092e-14
3.152713762219011157e-14
3.010299906903670975e-14
2.874213361156112895e-14
2.744175598751206401e-14
2.619888974416349353e-14
2.501132000276980534e-14
2.387643885801692884e-14
2.279215294825997051e-14
2.175597646878691535e-14
2.076632582403486725e-14
1.982051820319600605e-14
1.891707083061744951e-14
1.805386171740725871e-14
1.722929265133660715e-14
1.644146339541538548e-14
1.568910740711348727e-14
1.497013390548641029e-14
1.428361249843596624e-14
1.362793780191956515e-14
1.300150438019328704e-14
1.240349834974810014e-14
1.183218479935459467e-14
1.128666894387886718e-14
1.076587200574515050e-14
1.026859962591068048e-14
9.793601789565206789e-15
9.340334406053536415e-15
8.907498948193682744e-15
8.494125684271411049e-15
8.099533957841369075e-15
7.722655594424768888e-15
7.362897861264968618e-15
7.019483819936168854e-15
6.691494686227408540e-15
6.378508611716957178e-15
6.079584583096719277e-15
5.794222315134230291e-15
5.521680342665330021e-15
5.261644591183249552e-15
5.013335607622837409e-15
4.776406828708269083e-15
4.550262739858660784e-15
4.334399690233398346e-15
4.128454224545261418e-15
3.931789339372189839e-15
3.744177439691684462e-15
3.565062858597342073e-15
3.394193418172237892e-15
3.231110376283730401e-15
3.075432846522112483e-15
2.926804679391824624e-15
2.785008083018849809e-15
2.649677528342777721e-15
2.520590112678258684e-15
2.397400512596635631e-15
2.279825351035377039e-15
2.167707393659759195e-15
2.060689047754809308e-15
1.958616558012123069e-15
1.861276243776987552e-15
1.768372567039078937e-15
1.679770938629394712e-15
1.595236469183181971e-15
1.514611808209346529e-15
1.437706834665343139e-15
1.364380143096328820e-15
1.294456406535794437e-15
1.227784950951457859e-15
1.164232920772667813e-15
1.103659618944132497e-15
1.045920038506273176e-15
9.908886983243352430e-16
9.384582192133743259e-16
8.885197791625564352e-16
8.409711608967033426e-16
7.956752475548284081e-16
7.525622942775478969e-16
7.115190665932543276e-16
6.724707121888344366e-16
6.353177050865923310e-16
5.999777915485888247e-16
5.663817218040125083e-16
5.344258662376565391e-16
5.040484265445186192e-16
4.751933739204179375e-16
4.477722384118578968e-16
4.217282720864105980e-16
3.969934695352096966e-16
3.735123287718042671e-16
3.512226657346585476e-16
3.300866858354481813e-16
3.100292248579128118e-16
2.910173533449991828e-16
2.730062768082610388e-16
2.559388577294453536e-16
2.397918874005581199e-16
2.245105144628792821e-16
2.100460792582431845e-16
1.963684641034722564e-16
1.834429731998064333e-16
1.712299653729300536e-16
1.596951661436319373e-16
1.488026221200565275e-16
1.385201338367726103e-16
1.288213658374320243e-16
1.196643750859233777e-16
1.110316729751829104e-16
