# bin_4_2
1.214324995208848650e-08
1.216463147680091577e-08
1.218638442666819956e-08
1.220850692995391429e-08
1.223097670886604572e-08
1.225385154840192170e-08
1.227711209521015013e-08
1.230076376208529609e-08
1.232481199747005897e-08
1.234926228961982415e-08
1.237412016062322906e-08
1.239939116107678270e-08
1.242508086964579156e-08
1.245119489624349925e-08
1.247773887829248326e-08
1.250471280415987765e-08
1.253231669521950257e-08
1.256000240531384671e-08
1.258832343620985330e-08
1.261710303771306780e-08
1.264634696601821869e-08
1.267606864054366961e-08
1.270625857353076581e-08
1.273692247436102269e-08
1.276808155006545077e-08
1.279973393183789062e-08
1.283188544827597138e-08
1.286454192592733700e-08
1.289770918633483139e-08
1.293138378930136180e-08
1.299589546849314622e-08
1.300032654062551544e-08
1.303559634099224262e-08
1.307140603698254417e-08
1.310776128163009934e-08
1.314466767526687074e-08
1.318213083319813836e-08
1.322015642279580776e-08
1.325875007430172801e-08
1.329791735263480383e-08
1.333766377669668144e-08
1.337799481240349793e-08
1.341891595617718771e-08
1.346043265317907764e-08
1.350255023679601527e-08
1.354527397037850958e-08
1.358860902424916483e-08
1.363255554884976911e-08
1.367712280952061071e-08
1.372231529864468109e-08
1.376813812312319936e-08
1.381462478817546750e-08
1.386155899241944425e-08
1.390928509330847171e-08
1.395766456139804071e-08
1.400692303047828318e-08
1.405662848773473506e-08
1.409992158648970076e-08
1.415802572916242955e-08
1.420972581645469510e-08
1.426209663183661670e-08
1.431514258349578166e-08
1.436886665431320840e-08
1.442327170773732513e-08
1.447836034560061566e-08
1.453413476694221115e-08
1.459059683402896659e-08
1.464774826927502867e-08
1.470558870075968173e-08
1.476412466905977152e-08
1.482335631588153776e-08
1.488328493292793084e-08
1.494391130682771209e-08
1.500528621321336948e-08
1.506758275582743596e-08
1.513031503236217255e-08
1.519339687506482730e-08
1.525751174917562096e-08
1.532232224511477137e-08
1.538782655480329423e-08
1.545402492198003211e-08
1.552091586562347072e-08
1.558849707249090931e-08
1.565676518940478294e-08
1.572571671899498054e-08
1.579534829326457632e-08
1.586609202865543312e-08
1.592951841098591447e-08
1.600828910740700996e-08
1.608060101000149247e-08
1.615356913579323690e-08
1.622718903987719051e-08
1.630145525471463027e-08
1.637642957132149777e-08
1.645195270474054280e-08
1.652809642574655752e-08
1.660484540473494311e-08
1.668223310255296056e-08
1.676021777240337786e-08
1.683878925769717294e-08
1.690822293749104294e-08
1.699765351785010909e-08
1.706850227864288217e-08
1.715874573773687124e-08
1.724009750262618975e-08
1.732196865777330271e-08
1.740434494632035800e-08
1.748740179320377032e-08
1.757072301759086925e-08
1.765503954768471498e-08
1.773862627668272736e-08
1.782327424579447720e-08
1.790892380086397422e-08
1.799390130824699616e-08
1.807975410366786091e-08
1.816649112230252777e-08
1.825304733846849256e-08
1.833932617403282632e-08
1.842648283540456179e-08
1.851391400563603011e-08
1.860159630526527800e-08
1.869011534826762917e-08
1.877761470778973095e-08
1.886590296006941484e-08
1.895518292524776623e-08
1.904355151170673248e-08
1.913157926152935049e-08
1.920734188155265738e-08
1.930911264109477013e-08
1.939858251946400132e-08
1.948737922907238710e-08
1.957613072748252962e-08
1.966480731882340558e-08
1.975267257730231929e-08
1.984109767518517239e-08
1.993006374610303973e-08
2.001811211067458910e-08
2.010592509885170370e-08
2.019345475366013468e-08
2.028067560266079907e-08
2.036743138104085314e-08
2.045321427572448413e-08
2.053844001688967118e-08
2.062568491816315845e-08
2.071078039718299882e-08
2.079452568480200011e-08
2.087927091351450982e-08
2.096260341468530119e-08
2.104527206699007708e-08
2.112723285788283285e-08
2.119352625213743446e-08
2.128884040681255199e-08
2.136839384583990734e-08
2.144636860423605542e-08
2.152480376004623955e-08
2.158390068247389540e-08
2.167730113613164737e-08
2.175196138200613774e-08
2.182549357005549643e-08
2.189784916577772837e-08
2.196898795670362555e-08
2.203887434556790854e-08
2.210744495311114813e-08
2.217468471745844964e-08
2.224044422434126384e-08
2.230474129866271577e-08
2.236752792692479072e-08
2.242875271784029805e-08
2.248836782717397240e-08
2.254630618200476570e-08
2.260251653452967234e-08
2.265695994334165793e-08
2.271983957656296838e-08
2.275396645220795667e-08
2.280912667582338176e-08
2.285595267333554125e-08
2.290074863835682524e-08
2.294346036705783673e-08
2.298402928333149699e-08
2.302242922704989174e-08
2.305858751528053467e-08
2.309244435296398115e-08
2.312395846333217282e-08
2.314060209034101441e-08
2.318511057287327455e-08
2.320400148886557920e-08
2.322566879241425677e-08
2.324474842230846876e-08
2.326119821760642945e-08
2.327497093543363873e-08
2.328601787267103611e-08
2.329429257627323466e-08
2.329079475995665044e-08
2.330235780764346059e-08
2.330205366350534862e-08
2.329881059159896996e-08
2.329259383374520871e-08
2.328335284676548384e-08
2.327104411942382493e-08
2.325563868150377388e-08
2.323710491359834328e-08
2.321541146202632869e-08
2.319051868614260329e-08
2.316238444048686727e-08
2.313098865371287064e-08
2.309631298469305023e-08
2.305832743230184187e-08
2.301699396733129743e-08
2.297229054722268945e-08
2.292420636309518836e-08
2.287272177933042051e-08
2.281781746083050253e-08
2.275947259838495032e-08
2.269766969212447766e-08
2.265028221270273634e-08
2.256368588904377131e-08
2.249149963852477216e-08
2.241578975829188543e-08
2.233661528226937519e-08
2.225395789084799770e-08
2.216782473238686962e-08
2.207821290785677415e-08
2.198028059380450562e-08
2.188859129173952831e-08
2.178860972033471707e-08
2.168519728206395192e-08
2.157837351613295811e-08
2.146815790313396543e-08
2.135457724107654435e-08
2.123765385848959053e-08
2.111742114168351373e-08
2.099390415986805392e-08
2.086714272710203511e-08
2.073717380222597759e-08
2.060403463038778163e-08
2.046777024688240467e-08
2.032842833208659503e-08
2.018605206098435017e-08
2.004069975459166304e-08
1.989242133878102366e-08
1.974127587153150205e-08
1.958732272263375657e-08
1.943062216955561666e-08
1.927124164053349303e-08
1.910925145250217917e-08
1.894471910248290837e-08
1.878003858005853078e-08
1.860833207409366795e-08
1.843662929305242157e-08
1.826269749452388965e-08
1.808661684179647884e-08
1.790847365158774363e-08
1.772835645582226324e-08
1.754635358025368402e-08
1.736255668053288067e-08
1.717706024686491507e-08
1.698255093679353103e-08
1.680134511390141393e-08
1.661132159522452313e-08
1.642696526354124620e-08
1.622743752499480323e-08
1.603377924426357503e-08
1.583911316701167662e-08
1.564354293458564153e-08
1.544717213791701585e-08
1.525010523555668092e-08
1.504632431464778411e-08
1.484867160667008240e-08
1.465574007153857351e-08
1.445693856395873847e-08
1.425796511296882532e-08
1.405336278252559782e-08
1.386436764752721619e-08
1.366104545570132530e-08
1.346241152730793246e-08
1.326411331609825183e-08
1.306624822545140682e-08
1.286891154438639673e-08
1.267219705657504531e-08
1.247619590263674070e-08
1.228099754261796655e-08
1.208668905622256735e-08
1.189336472337319405e-08
1.170108704445731134e-08
1.150994513895597917e-08
1.132001546503032395e-08
1.113137128962511343e-08
1.094408272936255278e-08
1.075396131544683937e-08
1.057383579615602538e-08
1.039100074273618917e-08
1.020976768640220175e-08
1.003018916274671367e-08
9.848024810212904088e-09
9.679082267612454436e-09
9.501849147188056127e-09
9.329338144657026798e-09
9.158687397788300130e-09
8.989927129534736579e-09
8.823083968071077471e-09
8.658181467322043413e-09
8.495240160001681254e-09
8.330517268671710821e-09
8.175302637005808284e-09
8.018338022463374586e-09
7.863386965461306736e-09
7.707652363852988393e-09
7.556767075426837657e-09
7.407945249122193432e-09
7.261188031417557964e-09
7.115645818321123542e-09
6.976132277759837947e-09
6.835308110692989689e-09
6.698964535423416212e-09
6.559638823571948713e-09
6.424771194926688205e-09
6.291864709151803124e-09
6.160905616551906619e-09
6.031879745596812942e-09
5.904772576115880361e-09
5.779569444110686995e-09
5.656255666982142804e-09
5.534816672531478291e-09
5.415238104037628857e-09
5.297505862299092269e-09
5.181603331366084771e-09
5.067523163973022417e-09
4.955249602177801636e-09
4.844770456839841662e-09
4.736076983670045111e-09
4.629153030495046854e-09
4.523991321831853396e-09
4.420582636381210370e-09
4.318918529829382913e-09
4.218991096961716874e-09
4.120793229124035491e-09
4.022352425690360616e-09
3.929560602895611918e-09
3.836514085431835346e-09
3.745173392363067869e-09
3.655533250249303854e-09
3.567588226610302210e-09
3.481332696781424980e-09
3.396760474896501001e-09
3.313864922247411640e-09
3.232638579251065708e-09
3.153073264181922218e-09
3.075160076215978228e-09
2.998889008234311128e-09
2.924247667595643492e-09
2.851227287136471957e-09
2.779814899266639918e-09
2.709993388045433911e-09
2.641747784165561559e-09
2.573832536595991861e-09
2.508739416283436629e-09
2.446313960192185762e-09
2.383026175608529284e-09
2.322480949208165560e-09
2.264439503861551588e-09
2.206733391292933232e-09
2.150450204959719340e-09
2.095566950621227831e-09
2.042060016216960569e-09
1.989905135241772638e-09
1.938130825089521271e-09
1.888614266652679598e-09
1.841408592777221558e-09
1.794299471399960601e-09
1.748520420549981931e-09
1.703936345012237066e-09
1.659700513195714239e-09
1.617449039268030872e-09
1.577078715862770948e-09
1.536999276033863210e-09
1.497250146901857696e-09
1.459290017089748979e-09
1.422328654867771761e-09
1.386996712767510059e-09
1.351946787351780483e-09
1.317828536837159224e-09
1.284015122914395581e-09
1.252295858071976276e-09
1.220837573401240353e-09
1.190223065087025765e-09
1.160756127609756938e-09
1.130912157463152538e-09
1.103238078829328435e-09
1.075796162947637023e-09
1.049098165835805232e-09
1.022657245373070754e-09
9.973971078816295748e-10
9.732754047409910113e-10
9.493619824006289407e-10
9.260982854400104016e-10
9.030580471846290370e-10
8.814493692680828596e-10
8.600301231354081496e-10
8.391924946093770081e-10
8.185518358327357890e-10
7.988428533610484303e-10
7.800129229406450256e-10
7.613471207664799841e-10
7.431871655239057814e-10
7.251995067136075251e-10
7.083276926935547646e-10
6.916002721164682938e-10
6.753229024079214134e-10
6.594823045006335583e-10
6.440654520769793053e-10
6.290595648751842596e-10
6.144521104505840705e-10
6.003496534736722857e-10
5.863836364592335127e-10
5.730114312441650788e-10
5.597651747633996000e-10
5.469715364415407203e-10
5.345073991879270620e-10
5.223626053803380247e-10
5.105273949661263034e-10
4.989923806622693405e-10
4.877484829320422327e-10
4.767868732823719704e-10
4.660989284489350875e-10
4.556762038388453931e-10
4.455104173487389034e-10
4.355934463826271561e-10
4.259173604911057526e-10
4.164744417343421860e-10
4.072572229207406432e-10
3.982585143739525204e-10
3.894714158310443179e-10
3.808893144103768848e-10
3.725058821956566258e-10
3.643150497233346202e-10
3.563109785028095072e-10
3.484880371988944677e-10
3.408407769912412546e-10
3.333639187825856768e-10
3.260523371335547976e-10
3.189010674640070493e-10
3.119053060952086727e-10
3.050604134878758076e-10
2.983619221140687256e-10
2.918055403627377583e-10
2.853871531177607802e-10
2.791028156192441836e-10
2.729487492039454577e-10
2.669213321930257115e-10
2.610170921988045840e-10
2.552326982149801574e-10
2.495649527097249249e-10
2.440107851026421023e-10
2.385672498961770835e-10
2.332315195005883390e-10
2.280008823155669671e-10
2.228727827092489736e-10
2.178446405296919915e-10
2.129141151990753045e-10
2.080789222506435628e-10
2.033368747008259411e-10
1.986858777170601827e-10
1.941239237355513026e-10
1.896490932515455715e-10
1.852595434909528543e-10
1.809535091827160118e-10
1.767294177190240457e-10
1.725854056194785841e-10
1.685200394057518200e-10
1.645317097764341391e-10
1.606192229126261858e-10
1.567810838420750968e-10
1.530159730563687661e-10
1.493226228912058743e-10
1.456998137857164656e-10
1.421463712658805355e-10
1.386611642628113483e-10
1.352431011426664411e-10
1.318911275404262078e-10
1.286042240872810571e-10
1.253814041852685471e-10
1.222217107965362178e-10
1.191242146985959171e-10
1.160880136079526052e-10
1.131122287733576933e-10
1.101960035754579889e-10
1.073385021522109673e-10
1.045389072403456674e-10
1.017964164205388810e-10
9.911024892740695490e-11
9.647963209837932390e-11
9.390380791831562488e-11
9.138202944844049859e-11
8.891423570266808938e-11
8.649833554088136996e-11
8.413429936114168331e-11
8.182141561465479502e-11
7.955897882198737798e-11
7.734612596439602299e-11
7.518249126412540242e-11
7.306721762857037484e-11
7.099961716021350347e-11
6.897900578806415063e-11
6.700470196414898552e-11
6.507602628677509455e-11
6.319230125638417266e-11
6.135285124353903093e-11
5.952479338457314579e-11
5.777275197907484771e-11
5.606295265379844715e-11
5.439472577464291403e-11
5.276739734747807574e-11
5.118029199986710681e-11
4.963273988470446996e-11
4.812408023702275676e-11
4.665365209298992222e-11
4.522079071027837909e-11
4.382483280173205963e-11
4.246511196519618724e-11
4.114096631085352570e-11
3.985173821841137169e-11
3.859677900488305040e-11
3.737543829017656900e-11
3.618706612677457242e-11
3.503101333691314251e-11
3.390663336049136355e-11
3.281328494682564809e-11
3.175033411399966596e-11
3.071715551249471923e-11
2.971312201261516922e-11
2.873761007927380636e-11
2.778999929126164919e-11
2.686967603731970775e-11
2.597603218558178390e-11
2.510846927201614014e-11
2.426638437407369175e-11
2.344921419173953449e-11
2.265636101554667743e-11
2.188724830719572118e-11
2.114130638341340551e-11
2.041797359215558346e-11
1.971670071022961277e-11
1.903694220541980887e-11
1.837815748287818354e-11
1.773981444600538272e-11
1.712139023601992806e-11
1.652236900240484248e-11
1.594224619704588568e-11
1.538052842722285725e-11
1.483672584955775479e-11
1.431035530661558550e-11
1.380094176572753815e-11
1.330802231046611534e-11
1.283114085490625083e-11
1.236985399371391660e-11
1.192372596249283590e-11
1.149232627328327230e-11
1.107523367213165061e-11
1.067203693346738191e-11
1.028233241929089035e-11
9.905726599085664617e-12
9.541837629243763198e-12
9.190288851900240413e-12
8.850710651691760784e-12
8.522743936048255559e-12
8.206036323467410765e-12
7.900242434567069239e-12
7.605030645052168204e-12
7.320076549328002260e-12
7.045060696146430758e-12
6.779653977282879114e-12
6.523590231307029424e-12
6.276555981985624046e-12
6.038264185532068009e-12
5.808437734235281037e-12
5.586805387507410561e-12
5.373101512619924084e-12
5.167068935095435141e-12
4.968454971325428593e-12
4.777015036838339256e-12
4.592513738170271078e-12
4.414722616558014282e-12
4.243417429550558682e-12
4.078380138658834311e-12
3.919400898301174742e-12
3.766275202964797512e-12
3.618804432928944627e-12
3.476797397722997554e-12
3.340067994591468640e-12
3.208433105782647263e-12
3.081714270852500906e-12
2.959742976876494529e-12
2.842353454250425848e-12
2.729385599618232549e-12
2.620685888454128868e-12
2.516104352400446067e-12
2.415472991156771733e-12
2.318696712747849571e-12
2.225616134596302168e-12
2.136098403587029590e-12
2.050012823026525663e-12
1.967238821169676090e-12
1.887656178693120581e-12
1.811149408229535166e-12
1.737607353558759186e-12
1.666922054685648895e-12
1.598989208830013067e-12
1.533708777099722491e-12
1.470983210530456602e-12
1.410713541133327809e-12
1.352811268935592484e-12
1.297188567532386332e-12
1.243760515096893382e-12
1.192445714359164341e-12
1.143165923547730283e-12
1.095844707568414819e-12
1.050998489784056506e-12
1.007344762698297114e-12
9.654387487519787899e-13
9.252082651919161821e-13
8.865951631790495619e-13
8.495320527575330805e-13
8.139650445542059342e-13
7.798313025612650683e-13
7.470782977766026437e-13
7.156553674934910959e-13
6.855059219149187779e-13
6.565831155870866093e-13
6.288416573346478698e-13
6.022307802623020172e-13
5.767086790048890596e-13
5.522327326482177833e-13
5.287618941543937212e-13
5.059481246679373783e-13
4.843847652849780049e-13
4.637117477556363002e-13
4.438939934589956219e-13
4.248979091285567652e-13
4.066948542460792184e-13
3.892421679113300944e-13
3.725162072968935391e-13
3.564879279217029405e-13
3.411294809439210952e-13
3.264142331488890101e-13
3.123121648995025203e-13
2.988044798848051540e-13
2.858647293770201094e-13
2.734701077272581459e-13
2.617326380808810162e-13
2.503536994579951077e-13
2.394575222930488267e-13
2.290215535366344921e-13
2.190283831017186244e-13
2.094598916999583247e-13
2.002986609483996840e-13
1.915164324308319400e-13
1.831232064885687682e-13
1.750887287309639835e-13
1.673981573599107031e-13
1.600372398613657711e-13
1.529922840715964908e-13
1.462423120935984889e-13
1.397868521740351753e-13
1.336105414792224435e-13
1.277003636995065599e-13
1.220456320894206009e-13
1.166358399019285725e-13
1.114604181658704121e-13
1.064533400689474986e-13
1.017246546287675697e-13
9.720245808106211378e-14
9.287682656798483230e-14
8.873768458066504710e-14
8.477882854229059230e-14
8.101304737599272914e-14
7.738937918062008278e-14
7.392415277549535405e-14
7.061025000002355925e-14
6.744267631158846953e-14
6.441403744759183862e-14
6.151888690486659752e-14
5.875119070178025625e-14
5.614829389239371518e-14
5.362188066631905532e-14
5.116035053917554239e-14
4.885071100439059743e-14
4.664325840104930258e-14
4.453445922747980479e-14
4.251879576499682222e-14
4.059291249999676557e-14
3.875269286179353215e-14
3.699474850531556147e-14
3.531492810042026336e-14
3.371015265116326536e-14
3.217725363290295028e-14
3.071288429610692473e-14
2.931408700964519992e-14
2.797781939756947145e-14
2.670158194705010192e-14
2.548263484326216191e-14
2.431825842887423588e-14
2.320637420766411115e-14
2.214442618216113720e-14
2.113026066168974736e-14
2.016167274169184908e-14
1.923676973979298046e-14
1.835353137789139414e-14
1.750996646104910835e-14
1.670457850174963042e-14
1.593541709550045201e-14
1.520113712832580016e-14
1.449997955124430529e-14
1.383066324673604383e-14
1.319159401827109015e-14
1.258150652070727557e-14
1.199922609196288458e-14
1.144332226715264712e-14
1.091266350907512633e-14
1.040617130159184696e-14
9.922704481605438514e-15
9.461154363290309177e-15
9.020640879549952117e-15
8.600078547375702122e-15
8.198586452253672677e-15
7.815388025969558700e-15
7.449556908202037758e-15
7.100337203152414624e-15
6.767009421451278838e-15
6.448770417710482673e-15
6.145009155288944160e-15
5.854984868406226690e-15
5.578193305145415685e-15
5.313972610034829954e-15
5.061792224109731175e-15
4.821071874434563950e-15
4.591301384187062297e-15
4.371990222050969162e-15
4.162690630857937202e-15
3.962906605684359079e-15
3.772183664352666089e-15
3.590146359597049096e-15
3.416372421689734827e-15
3.250463367395026824e-15
3.092090055003169751e-15
2.940955696010539846e-15
2.796694429982960687e-15
2.658981158685597452e-15
2.527537105274016925e-15
2.402069359383062768e-15
2.282315076965499875e-15
2.168019955171000277e-15
2.058908274132723242e-15
1.954812220463568886e-15
1.855441867939536031e-15
1.760599261804483415e-15
1.670109011663619313e-15
1.583740672152588469e-15
1.501312582491699273e-15
1.422664692804181285e-15
1.347645036314744007e-15
1.276054273912775844e-15
1.207760432991206180e-15
1.142635350646307837e-15
1.080482071618313219e-15
1.021239747877017582e-15
9.647417939695347107e-16
9.108897417174110748e-16
8.595610339648639378e-16
8.106331607935534870e-16
7.640194271632838366e-16
7.195949271433395412e-16
6.772960932617094908e-16
6.370304444198666004e-16
5.986959693161943459e-16
5.622329497922303357e-16
5.275283547461497035e-16
4.945298615869693279e-16
4.631850458935038402e-16
4.334065672110697862e-16
4.051337487572838028e-16
3.783058188602313223e-16
3.528738757548269267e-16
3.287618542029814377e-16
3.059507969308005950e-16
2.843684850215124841e-16
2.639776690536284975e-16
2.447161374450049721e-16
2.265433018596259650e-16
2.094346867473133739e-16
1.933398486789155019e-16
1.782070107771755447e-16
1.640051620324898774e-16
1.506888480887077387e-16
1.382277621743417394e-16
1.265734209851890370e-16
1.156932340801104292e-16
1.055428610303549686e-16
9.609271595609841008e-17
8.730164815496790892e-17
7.914749496973555763e-17
