# bin_4_3
1.321902209807819925e-08
1.324343783014028319e-08
1.326824380850070360e-08
1.329350472487069627e-08
1.331919929424949897e-08
1.334533392038355864e-08
1.337191506155584628e-08
1.339894921259215401e-08
1.342644292116962428e-08
1.345440279224759904e-08
1.348283548228247242e-08
1.351174769405034741e-08
1.354114617644131439e-08
1.357103772785453123e-08
1.360436513989415945e-08
1.363539974562555977e-08
1.366374231805510255e-08
1.369567541152078275e-08
1.372813624284023084e-08
1.376113192092922357e-08
1.379466952301495155e-08
1.382875615481172796e-08
1.386339896720701482e-08
1.389860514410693200e-08
1.393438189276378285e-08
1.397073645096824074e-08
1.400767609007611046e-08
1.407452791028458838e-08
1.411233360185187843e-08
1.412206856031199269e-08
1.416142246802459316e-08
1.420139832448126105e-08
1.424200341296792438e-08
1.428324503065203118e-08
1.432513044257684507e-08
1.436766688183412415e-08
1.441086161831132007e-08
1.445472199635710001e-08
1.449925534508962510e-08
1.454446894947368897e-08
1.459037007069282626e-08
1.463696593998426111e-08
1.468426384039447753e-08
1.473227102709343857e-08
1.478099466652752616e-08
1.483044187546751845e-08
1.488061970064279767e-08
1.493153503059296887e-08
1.498318536068095767e-08
1.503558992878108079e-08
1.508875185607101746e-08
1.514270636628965146e-08
1.519741008182092965e-08
1.525289059303242199e-08
1.530889654717389533e-08
1.536593867538091665e-08
1.542405662826804496e-08
1.547961137549645735e-08
1.553889954007399605e-08
1.560244098278671355e-08
1.566353368520892779e-08
1.572545152004617970e-08
1.578819967914417738e-08
1.585178325324376875e-08
1.591620708859124364e-08
1.598147564809224313e-08
1.604759307227847792e-08
1.611456338281656569e-08
1.618239088896571448e-08
1.625107777566105028e-08
1.632063282578656790e-08
1.639105772863387387e-08
1.646235564287242999e-08
1.653479090928806039e-08
1.660760771658288802e-08
1.668151316080409673e-08
1.675632815666648927e-08
1.683202735604770876e-08
1.690861031723822816e-08
1.698608046629151807e-08
1.706443934605859694e-08
1.714368794598481251e-08
1.722382642850020376e-08
1.730485391289426992e-08
1.738676937922593933e-08
1.746957194129451165e-08
1.755326065388064467e-08
1.763783618019892030e-08
1.772329321951837221e-08
1.780205877105733922e-08
1.789684072245969921e-08
1.798492600728457415e-08
1.807388198485128129e-08
1.816377430734811231e-08
1.825444288952881635e-08
1.834596448171248048e-08
1.843832428132901012e-08
1.853155979866976329e-08
1.862563158406452351e-08
1.872053144476740736e-08
1.881625162134306505e-08
1.891022936883417272e-08
1.901012506672591010e-08
1.910826047353564349e-08
1.920718150376224687e-08
1.930687681961170376e-08
1.940733432907684977e-08
1.950854125397437755e-08
1.961049852962175132e-08
1.971325622948051008e-08
1.981660407262977729e-08
1.992065078260865471e-08
2.002538458860890157e-08
2.013079258898221245e-08
2.023684111365192958e-08
2.034353769993697869e-08
2.045084939934206775e-08
2.055874891459911249e-08
2.066722255528988587e-08
2.077625172102653021e-08
2.088581436947485787e-08
2.099588653170709359e-08
2.110644310979224135e-08
2.121943083408491480e-08
2.132892242568411388e-08
2.144079634289575632e-08
2.155305799727447276e-08
2.166568290551251697e-08
2.177864432102456554e-08
2.189191024456401760e-08
2.200544445421224959e-08
2.211922797113728379e-08
2.223322012968064359e-08
2.234740110754510017e-08
2.246173356749466134e-08
2.257618239850905165e-08
2.269071378970889967e-08
2.280528251117464804e-08
2.291986119074064430e-08
2.303441591010784423e-08
2.314890675698070648e-08
2.326329056267547787e-08
2.337752767239299855e-08
2.349158436426438411e-08
2.360540887688503493e-08
2.371895680123185553e-08
2.383219136257572467e-08
2.394507161889848627e-08
2.405755366849023649e-08
2.416955784092524589e-08
2.428113055882591318e-08
2.439212286493271235e-08
2.450251791970029026e-08
2.461227388685508620e-08
2.470434943243444294e-08
2.482967474648536851e-08
2.493721444379038485e-08
2.504390662359848594e-08
2.514969353480148365e-08
2.525452091219646179e-08
2.535834862590981119e-08
2.546112730725922922e-08
2.556277328893916009e-08
2.566324531886707327e-08
2.576248904885253891e-08
2.586043943493105548e-08
2.595096503363067621e-08
2.605223939747658711e-08
2.614596755085918927e-08
2.623816889148618300e-08
2.632878297731624660e-08
2.641774805941948810e-08
2.650024968598474230e-08
2.659047412163340258e-08
2.667408068435606453e-08
2.675586954359986416e-08
2.683565419174236696e-08
2.691341431064466196e-08
2.698903097495296539e-08
2.706261042969950010e-08
2.713392219586620624e-08
2.720289117123821594e-08
2.726454955703122460e-08
2.733383500254658351e-08
2.739564238337017677e-08
2.745496194957855176e-08
2.751162576678103370e-08
2.756562384798602383e-08
2.761684293680224115e-08
2.766532951006804939e-08
2.771096369727180858e-08
2.775368215362937603e-08
2.779348500326556865e-08
2.783019427164896928e-08
2.788937537306394829e-08
2.788839260151670586e-08
2.792143331436717416e-08
2.794540014039866062e-08
2.796609046990675355e-08
2.798326615139973631e-08
2.799706495737267323e-08
2.800737197108917076e-08
2.801412678205919629e-08
2.801726610035127297e-08
2.801674858513195253e-08
2.801253433084336761e-08
2.800457140951563165e-08
2.799279955354505396e-08
2.797081926926759634e-08
2.795773516290378137e-08
2.793429519432384230e-08
2.790680953262963167e-08
2.787538204012177272e-08
2.783997461149462586e-08
2.780041301803529691e-08
2.775669281889806574e-08
2.770885879336163552e-08
2.765684067057629683e-08
2.760072786458890197e-08
2.753454083757945771e-08
2.747564603155139195e-08
2.740663476763085882e-08
2.733342281588992095e-08
2.725313599895211727e-08
2.717411150286784162e-08
2.708798936866262052e-08
2.699754805449908529e-08
2.690278981218250621e-08
2.680370742087337240e-08
2.669528360246473640e-08
2.659257808427168820e-08
2.648055475540114218e-08
2.636424132568476157e-08
2.624365296823248444e-08
2.611880555634401923e-08
2.598972327050527311e-08
2.585643343729553158e-08
2.571895932834678358e-08
2.557734012359476669e-08
2.542665830664065749e-08
2.528181782598840266e-08
2.512796275199746809e-08
2.497014004292234860e-08
2.480838255368966051e-08
2.464274588673111086e-08
2.447328361833108793e-08
2.430005855969617856e-08
2.412313568026580217e-08
2.393786860526667565e-08
2.375847501800571281e-08
2.357087649183818088e-08
2.337985363806591664e-08
2.318551929401101774e-08
2.298794312312395695e-08
2.278722199415006501e-08
2.258342820136724879e-08
2.237241889068180340e-08
2.216703187932296737e-08
2.195463121682610630e-08
2.173957048088024145e-08
2.152193725187586011e-08
2.130185396725466004e-08
2.107943361103624599e-08
2.085478801439682616e-08
2.062803356941345030e-08
2.039572817631234198e-08
2.016867709670056657e-08
1.993631942146458239e-08
1.969716460802505532e-08
1.946687127585892760e-08
1.923003559233693155e-08
1.898872041194987370e-08
1.874958023439961040e-08
1.850950550580458230e-08
1.826859853017195455e-08
1.802482517433081358e-08
1.778767705468744458e-08
1.754495887705504981e-08
1.730192985464067844e-08
1.705872156435144516e-08
1.681546543243292942e-08
1.657229214058047490e-08
1.632933140530848445e-08
1.608671163975264367e-08
1.584455952949014769e-08
1.560300004394747149e-08
1.535778020845585417e-08
1.512214768872158139e-08
1.488042573591939987e-08
1.464510963173790265e-08
1.440830295404582359e-08
1.417278360599937002e-08
1.393866287680039129e-08
1.370603335467902686e-08
1.347272736587674177e-08
1.324564569121102684e-08
1.301806656059845016e-08
1.279234682342972313e-08
1.256856319856378415e-08
1.234679269190722363e-08
1.212513210107988443e-08
1.190956665770971583e-08
1.169423814156409217e-08
1.148117562040182922e-08
1.127043330958183703e-08
1.106031380817729764e-08
1.085438510759448032e-08
1.064951838883682515e-08
1.044842871275658220e-08
1.025295848569824662e-08
1.005535051467906172e-08
9.861848073789123415e-09
9.672510705122239372e-09
9.484137016337289999e-09
9.298327473242363317e-09
9.115081766704096520e-09
8.934396053773955776e-09
8.756262935445030262e-09
8.580671876337089568e-09
8.407609611565006904e-09
8.235684904475069189e-09
8.069006298997241714e-09
7.903427274803954714e-09
7.740301355786008708e-09
7.579605009444571742e-09
7.421313510069709415e-09
7.265401118538381143e-09
7.111841108590874564e-09
6.960606640540771745e-09
6.811670762058060091e-09
6.663988206913204679e-09
6.519628071092660136e-09
6.378388379359149426e-09
6.238384135120098802e-09
6.100551160136621480e-09
5.964019297099065217e-09
5.831311954984438583e-09
5.703253010298010112e-09
5.570511686807850366e-09
5.443233209897742340e-09
5.318016600919027808e-09
5.194849710703650552e-09
5.073722144054145100e-09
4.954624865949939653e-09
4.835848063400358807e-09
4.720899674789217426e-09
4.607914113790594418e-09
4.498409055369848590e-09
4.389377297342491991e-09
4.282349560005463846e-09
4.177325247404840173e-09
4.074304459932082576e-09
3.973288043039490456e-09
3.874276761512919157e-09
3.777271344297436029e-09
3.682271953319471398e-09
3.589278056528567275e-09
3.498288125822080367e-09
3.409298840797971631e-09
3.322305488864802812e-09
3.237301273128450895e-09
3.154277431366256614e-09
3.073222747828582143e-09
2.994123230302823907e-09
2.916961945131111131e-09
2.841718956773294891e-09
2.768371345736210722e-09
2.696892986960227532e-09
2.627294125882837464e-09
2.559463021765156672e-09
2.493557942672375864e-09
2.429233501843308483e-09
2.366608418486527849e-09
2.305641899095647673e-09
2.246155633027432858e-09
2.188352929693695246e-09
2.132116301686365602e-09
2.077370083220247396e-09
2.024072388010653910e-09
1.972182200176722160e-09
1.921659838284020717e-09
1.872466909381262630e-09
1.824566515806234045e-09
1.777923692838288805e-09
1.732505044146419917e-09
1.688278966716013608e-09
1.645215478704938486e-09
1.603308687263057333e-09
1.562486033253330657e-09
1.522723131615977951e-09
1.484038908710249111e-09
1.446387408546920612e-09
1.409745547622542345e-09
1.374090785519682465e-09
1.339401052786405736e-09
1.305654577008319197e-09
1.272829867584228614e-09
1.240905569223599719e-09
1.209860248872032399e-09
1.179672392660862205e-09
1.150320323184950167e-09
1.121782185800062469e-09
1.094035953963692155e-09
1.067059533382659379e-09
1.040830908688441997e-09
1.015328304894745657e-09
9.905302693517059362e-10
9.664158521931039363e-10
9.429646839049515283e-10
9.201569862576544665e-10
8.979735780679621797e-10
8.763958816580037592e-10
8.554059115624092693e-10
8.349862398580274027e-10
8.151199710912714073e-10
7.957907435441047455e-10
7.769827366860456777e-10
7.586806466459106332e-10
7.408696374016560161e-10
7.235352905430440447e-10
7.066635749092859147e-10
6.902407624819573523e-10
6.742533740422658474e-10
6.586881366664805503e-10
6.435319813222419848e-10
6.286762133361729723e-10
6.143017775848463415e-10
6.002986480714980597e-10
5.866548586050439323e-10
5.733588687440945760e-10
5.603995836969291053e-10
5.477663447478318342e-10
5.354489085123212008e-10
5.234374484318415596e-10
5.117224926498940765e-10
5.002948478223473946e-10
4.891456107921190092e-10
4.782660797740479179e-10
4.676477860278939102e-10
4.572824508013466785e-10
4.471620326760353473e-10
4.372787222575901304e-10
4.276249639754776251e-10
4.181934780732867905e-10
4.089772730652772056e-10
3.999696601922229195e-10
3.911642142806251450e-10
3.825547841448577903e-10
3.741354559119515099e-10
3.659005513882528975e-10
3.578445865525716157e-10
3.499622988540823559e-10
3.422486126146444972e-10
3.346986282183501438e-10
3.273076360044171290e-10
3.200711008772366213e-10
3.129846524988901129e-10
3.060440960128505576e-10
2.992454206253565498e-10
2.925847698592552575e-10
2.860584432246802503e-10
2.796629000295547891e-10
2.733947397449591192e-10
2.672506955891394115e-10
2.612276490111303539e-10
2.553226172138340032e-10
2.495327339257932183e-10
2.438552569462829627e-10
2.382875623317986227e-10
2.328271285936221165e-10
2.274715476790745817e-10
2.222185213672644199e-10
2.170658530624592288e-10
2.120114335590526471e-10
2.070532487186784908e-10
2.021893647375422773e-10
1.974179276474406508e-10
1.927371637423807400e-10
1.881453759786323584e-10
1.836409368917075982e-10
1.792222792159444491e-10
1.748879007420123187e-10
1.706363505763353175e-10
1.664662377577789059e-10
1.623762211532222534e-10
1.583895523418794939e-10
1.544552182580677572e-10
1.505972590143545594e-10
1.468145089430976706e-10
1.431058454101088676e-10
1.394701739036373824e-10
1.359064334988391022e-10
1.324135921253475805e-10
1.289906455629167400e-10
1.256366137716877745e-10
1.223505392566901485e-10
1.191314856546955194e-10
1.159785351547137912e-10
1.128907869967818984e-10
1.098673559879953505e-10
1.069073708290370154e-10
1.040099719638998813e-10
1.011743116704652083e-10
9.839955191938406705e-11
9.568486323789452893e-11
9.302942370384844584e-11
9.043241823918513360e-11
8.789303730320275137e-11
8.541047605708926171e-11
8.298959996721974120e-11
8.061809499144336658e-11
7.830197765067663353e-11
7.603852734708595378e-11
7.382792922602816732e-11
7.166939513205430810e-11
6.956213839309170759e-11
6.750537350237227924e-11
6.549831541701589049e-11
6.354018037602495371e-11
6.163018554352348297e-11
5.976754867663915387e-11
5.795148817996393149e-11
5.617757860036352470e-11
5.445245611507605427e-11
5.277156686256649604e-11
5.113413365477701532e-11
4.953937698641787527e-11
4.798957838804450280e-11
4.647775959698956969e-11
4.500630897042939507e-11
4.357445915720384004e-11
4.218144508060933604e-11
4.082650586728867611e-11
3.950888376753973614e-11
3.822782477409237820e-11
3.698257918838900192e-11
3.577240178845807098e-11
3.459655163552551561e-11
3.345429661286401258e-11
3.234490208267530068e-11
3.126764241740108998e-11
3.022181016560063254e-11
2.920668968650169240e-11
2.822157691631408217e-11
2.726577596749066241e-11
2.633859817507213822e-11
2.543936277809352255e-11
2.456739714715628278e-11
2.372203638952125914e-11
2.290262531269332544e-11
2.210851726928645311e-11
2.133907463981969567e-11
2.059366916981493401e-11
1.987167596319441741e-11
1.917249693277193659e-11
1.849552710827536405e-11
1.784017694579771274e-11
1.720586679215992060e-11
1.659202658641394415e-11
1.599809766273061509e-11
1.542353117162206629e-11
1.486778872857527017e-11
1.432952900488513973e-11
1.380989139910331586e-11
1.330751769239553366e-11
1.282192351096989112e-11
1.235261601581194761e-11
1.189911939178804607e-11
1.146096868686716062e-11
1.103770902307615205e-11
1.062889516307461235e-11
1.023409260229242479e-11
9.852877335863412652e-12
9.484835140551948122e-12
9.129560821946601101e-12
8.786654162996691166e-12
8.455743258549321115e-12
8.136446308331002061e-12
7.828397144966679497e-12
7.531240199795672496e-12
7.244628570499475465e-12
6.968223586573901450e-12
6.701697036635957662e-12
6.444729139223680467e-12
6.197001176290183874e-12
5.958224678861683707e-12
5.728098571718577118e-12
5.506336218201814907e-12
5.292659921984008352e-12
5.086800033208755928e-12
4.888493536422747023e-12
4.697486229864595315e-12
4.513523726130169507e-12
4.336380332966803401e-12
4.165816319535262397e-12
4.001605521990257491e-12
3.843528774827888656e-12
3.691374293378367407e-12
3.544935424206641122e-12
3.404013519107151349e-12
3.268576610955436759e-12
3.138107751327868593e-12
3.012593690214153163e-12
2.891858678268390732e-12
2.775733698842618462e-12
2.664053734412161309e-12
2.556659297957699684e-12
2.453388110842306254e-12
2.354107929723337781e-12
2.258665903100641051e-12
2.166922587508573213e-12
2.078743357185867424e-12
1.993997497571778148e-12
1.912553976636226095e-12
1.834302013099514012e-12
1.759115357131871090e-12
1.686886453000288757e-12
1.617499529052166629e-12
1.550854530564995085e-12
1.486843166977661297e-12
1.425368771651606721e-12
1.366340550236048919e-12
1.309662552047978990e-12
1.255245941661566670e-12
1.203005003745980383e-12
1.152852703631346137e-12
1.104715656292268484e-12
1.058515072817302808e-12
1.014179195783114995e-12
9.716316287947658818e-13
9.308058992196659669e-13
8.916355501884712460e-13
8.540565293406614768e-13
8.180071010006501483e-13
7.834277766961408667e-13
7.502612713878003158e-13
7.184509447961153609e-13
6.879465853324493000e-13
6.586935997408234240e-13
6.306454896170189967e-13
6.037534925273945658e-13
5.779710952289778673e-13
5.532555563789665319e-13
5.295653779300427505e-13
5.068567240481771943e-13
4.850938669403110960e-13
4.642373780267904272e-13
4.442509488668227853e-13
4.248946790878034418e-13
4.067474651364066261e-13
3.891668359280585470e-13
3.723243648834380018e-13
3.561901911091063719e-13
3.407356047853399642e-13
3.259330002991777280e-13
3.117558590164788585e-13
2.981246316075170570e-13
2.851281210612712143e-13
2.726836142721489075e-13
2.607678150112338129e-13
2.493594650958791125e-13
2.384378262033338253e-13
2.279821243712267846e-13
2.179737487946451978e-13
2.083992687512962133e-13
1.992262806885826877e-13
1.904483776334492428e-13
1.820465234729213483e-13
1.740143750293981664e-13
1.663219792604116893e-13
1.589613670300881634e-13
1.519193242774811226e-13
1.451731532185183915e-13
1.387271089622186010e-13
1.325619470468267850e-13
1.266644129413419887e-13
1.210231872377936116e-13
1.156274193783047721e-13
1.104721580550250278e-13
1.055318378241877216e-13
1.008176948706446065e-13
9.630066295522899238e-14
9.199053748821573286e-14
8.786159455817845774e-14
8.392155762396444030e-14
8.014723051992018427e-14
7.654296891261158873e-14
7.309811456688855830e-14
6.980582566600625297e-14
6.666155992132616991e-14
6.365009829552984408e-14
6.077578753963716689e-14
5.803116899819505235e-14
5.540604644287127003e-14
5.289496091521584791e-14
5.049809414278208380e-14
4.820818847941801155e-14
4.602237806568235458e-14
4.392983013249352555e-14
4.193469665512278958e-14
4.002511095444154476e-14
3.820431878724367360e-14
3.646205284715690546e-14
3.480077188689821680e-14
3.321108491101292893e-14
3.169408675223576398e-14
3.024523464819056939e-14
2.886262572608428553e-14
2.754109293546599106e-14
2.627747964742881560e-14
2.507337653738636362e-14
2.392245002246548816e-14
2.282325177839617234e-14
2.177406475532359014e-14
2.077116723229100585e-14
1.981562058620608295e-14
1.890268295116167498e-14
1.803111041478264631e-14
1.719893760130462508e-14
1.640411767304651458e-14
1.564679000455591350e-14
1.492233814256920613e-14
1.423217841162312268e-14
1.357202940048351482e-14
1.294320308212402890e-14
1.234165854641363847e-14
1.176847902473984320e-14
1.122100035373629437e-14
1.069773481227282059e-14
1.019876611444029586e-14
9.722817911239697348e-15
9.268219393763511676e-15
8.834191983994384297e-15
8.420050151748829680e-15
8.024418380646777429e-15
7.647143472406559838e-15
7.287501508984134818e-15
6.943436596564557790e-15
6.615755983700747644e-15
6.302671935907799796e-15
6.003499691650993467e-15
5.718274272200318199e-15
5.446207555170843061e-15
5.185976453316049153e-15
4.937882044251447628e-15
4.701289152865167729e-15
4.475222045466000451e-15
4.259440953127289444e-15
4.053419732044375193e-15
3.856854429786189051e-15
3.669152960359001460e-15
3.489989584669986561e-15
3.319009052424989623e-15
3.155769338390152344e-15
2.999966976711140146e-15
2.851232691153254193e-15
2.709271215195096860e-15
2.573712609609253616e-15
2.444379117246910400e-15
2.320911971402539982e-15
2.203032181740350049e-15
2.090512522881284542e-15
1.983165908163871600e-15
1.880679532434132983e-15
1.782866625614300516e-15
1.689539386938443596e-15
1.600487081844401992e-15
1.515489747671257507e-15
1.434410379864973540e-15
1.357047415024236079e-15
1.283221693025475499e-15
1.212807934018534619e-15
1.145664267460713331e-15
1.081608223330739521e-15
1.020534115348799669e-15
9.622811119093507767e-16
9.067631476212729592e-16
8.538709152800657784e-16
8.034753513598014914e-16
7.554640278969377659e-16
7.097346600250410549e-16
6.662191851659524274e-16
6.247884578773718517e-16
5.854100229655080791e-16
5.479609012217209825e-16
5.123790044609448546e-16
4.785922917371083307e-16
4.465154997812619145e-16
4.161100627872477830e-16
3.872923393897161518e-16
3.599763088158103838e-16
3.341263662629622977e-16
3.096700474402986639e-16
2.865785910800307196e-16
2.647550337006626606e-16
2.441749436543759367e-16
2.247742160384105271e-16
2.065120156651710988e-16
1.893293898832903447e-16
1.732038509561204020e-16
