# ell
1.000000000000000056e-01
1.019492869848044048e-01
1.039365711671000753e-01
1.059625932213123511e-01
1.080281082597366188e-01
1.101338861139740666e-01
1.122807116218531021e-01
1.144693849199436425e-01
1.167007217417737469e-01
1.189755537218589454e-01
1.212947287056581058e-01
1.236591110655713421e-01
1.260695820230973430e-01
1.285270399772708849e-01
1.310324008395022111e-01
1.335865983749433550e-01
1.361905845505090584e-01
1.388453298896811516e-01
1.415518238342294288e-01
1.443110751129833558e-01
1.471241121177920552e-01
1.499919832868132075e-01
1.529157574952730858e-01
1.558965244538434991e-01
1.589353951147846888e-01
1.620335020860046160e-01
1.651920000531898747e-01
1.684120662101648291e-01
1.716949006976397352e-01
1.750417270505116585e-01
1.784537926538841690e-01
1.819323692079761745e-01
1.854787532020935326e-01
1.890942663978394112e-01
1.927802563217438647e-01
1.965380967674962287e-01
2.003691883079673219e-01
2.042749588172127484e-01
2.082568640026512541e-01
2.123163879476167304e-01
2.164550436644864517e-01
2.206743736585909665e-01
2.249759505031165008e-01
2.293613774252138138e-01
2.338322889035315821e-01
2.383903512773983546e-01
2.430372633678782313e-01
2.477747571109330804e-01
2.526045982029271886e-01
2.575285867587143174e-01
2.625485579825526661e-01
2.676663828520982613e-01
2.728839688157309040e-01
2.782032605034736594e-01
2.836262404517694291e-01
2.891549298423857772e-01
2.947913892557236792e-01
3.005377194388095807e-01
3.063960620882582586e-01
3.123686006484979738e-01
3.184575611255547889e-01
3.246652129167007517e-01
3.309938696562735871e-01
3.374458900779837567e-01
3.440236788940312374e-01
3.507296876913578720e-01
3.575664158453706332e-01
3.645364114514760834e-01
3.716422722747727558e-01
3.788866467182562259e-01
3.862722348098971414e-01
3.938017892089595295e-01
4.014781162319366326e-01
4.093040768984836375e-01
4.172825879977395958e-01
4.254166231754346050e-01
4.337092140421877073e-01
4.421634513034095604e-01
4.507824859112289362e-01
4.595695302388742576e-01
4.685278592779473783e-01
4.776608118590350838e-01
4.869717918961142811e-01
4.964642696552141188e-01
5.061417830478074364e-01
5.160079389494152124e-01
5.260664145439137851e-01
5.363209586940453910e-01
5.467753933386466647e-01
5.574336149171099652e-01
5.682995958216138233e-01
5.793773858776607444e-01
5.906711138534739280e-01
6.021849889988188931e-01
6.139233026138187777e-01
6.258904296483512875e-01
6.380908303326229269e-01
6.505290518395271393e-01
6.632097299794065259e-01
6.761375909278516394e-01
6.893174529871782807e-01
7.027542283822424407e-01
7.164529250912603509e-01
7.304186487123146554e-01
7.446566043662480316e-01
7.591720986366456980e-01
7.739705415476362260e-01
7.890574485802446247e-01
8.044384427280489858e-01
8.201192565929100731e-01
8.361057345215504588e-01
8.524038347837822327e-01
8.690196317931960790e-01
8.859593183711359510e-01
9.032292080548063318e-01
9.208357374503707282e-01
9.387854686319184738e-01
9.570850915871954578e-01
9.757414267110081640e-01
9.947614273472306090e-01
1.014152182380364531e+00
1.033920918877615058e+00
1.054075004782466296e+00
1.074621951660767571e+00
1.095569417500342091e+00
1.116925209565173382e+00
1.138697287305226791e+00
1.160893765322988047e+00
1.183522916397835134e+00
1.206593174569355886e+00
1.230113138280774399e+00
1.254091573583650643e+00
1.278537417405045229e+00
1.303459780878376328e+00
1.328867952739198888e+00
1.354771402787180445e+00
1.381179785415563188e+00
1.408102943209418534e+00
1.435550910614046938e+00
1.463533917674888052e+00
1.492062393850323021e+00
1.521146971898807765e+00
1.550798491841777871e+00
1.581028005003792147e+00
1.611846778131444280e+00
1.643266297592549829e+00
1.675298273657198189e+00
1.707954644862251126e+00
1.741247582460912824e+00
1.775189494959045211e+00
1.809793032739897223e+00
1.845071092778992394e+00
1.881036823450922046e+00
1.917703629429829526e+00
1.955085176685426251e+00
1.993195397576395855e+00
2.032048496043073360e+00
2.071658952901354045e+00
2.112041531239795766e+00
2.153211281921916243e+00
2.195183549195760531e+00
2.237973976412801491e+00
2.281598511858324851e+00
2.326073414695470909e+00
2.371415261025124455e+00
2.417640950063952854e+00
2.464767710442851367e+00
2.512813106628174697e+00
2.561795045468137744e+00
2.611731782866812512e+00
2.662641930588234729e+00
2.714544463193136359e+00
2.767458725110889528e+00
2.821404437849309055e+00
2.876401707344999892e+00
2.932471031456966859e+00
2.989633307606317736e+00
3.047909840564865469e+00
3.107322350395568478e+00
3.167892980547748039e+00
3.229644306110096785e+00
3.292599342224578063e+00
3.356781552664317658e+00
3.422214858578717323e+00
3.488923647409035489e+00
3.556932781977743652e+00
3.626267609755076116e+00
3.696953972306210368e+00
3.769018214922585486e+00
3.842487196440977471e+00
3.917388299253977912e+00
3.993749439515585475e+00
4.071599077545762668e+00
4.150966228437779293e+00
4.231880472872341592e+00
4.314371968142522107e+00
4.398471459393572758e+00
4.484210291081868860e+00
4.571620418657188267e+00
4.660734420472731898e+00
4.751585509927306994e+00
4.844207547844172623e+00
4.938635055091210369e+00
5.034903225447092012e+00
5.133047938718230618e+00
5.233105774111434627e+00
5.335114023867236988e+00
5.439110707158953950e+00
5.545134584262707556e+00
5.653225171003629868e+00
5.763422753483688155e+00
5.875768403096603087e+00
5.990303991835412845e+00
6.107072207898480265e+00
6.226116571599654037e+00
6.347481451588594226e+00
6.471212081387285764e+00
6.597354576248859459e+00
6.725955950345073653e+00
6.857064134288829216e+00
6.990727992998214013e+00
7.126997343908803906e+00
7.265922975540975770e+00
7.407556666429106151e+00
7.551951204419821373e+00
7.699160406346358343e+00
7.849239138086478995e+00
8.002243335011373304e+00
8.158230022833127038e+00
8.317257338858619065e+00
8.479384553657681067e+00
8.644672093153642933e+00
8.813181561144507015e+00
8.984975762263081478e+00
9.160118725384702287e+00
9.338675727491260403e+00
9.520713318000336045e+00
9.706299343568653981e+00
9.895502973378995648e+00
1.008839472492000233e+01
1.028504649026856299e+01
1.048553156288445365e+01
1.068992466492731985e+01
1.089830197510613452e+01
1.111074115707156196e+01
1.132732138836166769e+01
1.154812338991196974e+01
1.177322945614067784e+01
1.200272348562038971e+01
1.223669101234763978e+01
1.247521923762206519e+01
1.271839706254684899e+01
1.296631512116282359e+01
1.321906581422837945e+01
1.347674334365784965e+01
1.373944374763127030e+01
1.400726493638837056e+01
1.428030672872046303e+01
1.455867088917356256e+01
1.484246116597671872e+01
1.513178332970975326e+01
1.542674521272459209e+01
1.572745674933517179e+01
1.603403001679070883e+01
1.634657927704762770e+01
1.666522101935585454e+01
1.699007400367504772e+01
1.732125930493732824e+01
1.765890035817269421e+01
1.800312300451413705e+01
1.835405553809944479e+01
1.871182875388739220e+01
1.907657599640581125e+01
1.944843320945007648e+01
1.982753898675026960e+01
2.021403462362599512e+01
2.060806416964819476e+01
2.100977448232729117e+01
2.141931528184806055e+01
2.183683920687134972e+01
2.226250187142356296e+01
2.269646192289503972e+01
2.313888110116912600e+01
2.358992429890358622e+01
2.404975962298733094e+01
2.451855845719497040e+01
2.499649552606271286e+01
2.548374896000947487e+01
2.598050036172717014e+01
2.648693487386538692e+01
2.700324124803526971e+01
2.752961191515853301e+01
2.806624305718788648e+01
2.861333468022522553e+01
2.917109068906538738e+01
2.973971896319283204e+01
3.031943143425973375e+01
3.091044416507446257e+01
3.151297743012949581e+01
3.212725579769936957e+01
3.275350821353874409e+01
3.339196808621210266e+01
3.404287337408665337e+01
3.470646667402117203e+01
3.538299531178335400e+01
3.607271143422990889e+01
3.677587210328340461e+01
3.749273939174099723e+01
3.822358048095084371e+01
3.896866776039226465e+01
3.972827892919726622e+01
4.050269709965090925e+01
4.129221090270916505e+01
4.209711459557362190e+01
4.291770817136334415e+01
4.375429747092407951e+01
4.460719429681741133e+01
4.547671652953169286e+01
4.636318824595821297e+01
4.726693984017705219e+01
4.818830814659695960e+01
4.912763656549602587e+01
5.008527519100925929e+01
5.106158094161102667e+01
5.205691769314123007e+01
5.307165641442398396e+01
5.410617530553047771e+01
5.516085993873664961e+01
5.623610340222857928e+01
5.733230644660937969e+01
5.844987763426132688e+01
5.958923349162009941e+01
6.075079866441696907e+01
6.193500607594718588e+01
6.314229708842339051e+01
6.437312166747457809e+01
6.562793854985096687e+01
6.690721541439866371e+01
6.821142905636659748e+01
6.954106556511138137e+01
7.089662050526641224e+01
7.227859910144175615e+01
7.368751642652513567e+01
7.512389759365301245e+01
7.658827795192388521e+01
7.808120328592650594e+01
7.960323001915774910e+01
8.115492542140512455e+01
8.273686782017230712e+01
8.434964681622577132e+01
8.599386350334286533e+01
8.767013069234401712e+01
8.937907313949091304e+01
9.112132777933783245e+01
9.289754396212144627e+01
9.470838369577795390e+01
9.655452189267839458e+01
9.843664662117251396e+01
1.003554593620369531e+02
1.023116752699218353e+02
1.043060234398936785e+02
1.063392471791745777e+02
1.084121042841772322e+02
1.105253673229413067e+02
1.126798239230746788e+02
1.148762770653077183e+02
1.171155453827695112e+02
1.193984634660985620e+02
1.217258821744996879e+02
1.240986689528655802e+02
1.265177081550793190e+02
1.289839013736190054e+02
1.314981677755879446e+02
1.340614444452937448e+02
1.366746867335066895e+02
1.393388686135251362e+02
1.420549830441823360e+02
1.448240423399285532e+02
1.476470785481284338e+02
1.505251438337110699e+02
1.534593108713197580e+02
1.564506732451049515e+02
1.595003458563105028e+02
1.626094653388056201e+02
1.657791904827150233e+02
1.690107026663087311e+02
1.723052062963095921e+02
1.756639292567837742e+02
1.790881233667823267e+02
1.825790648469015025e+02
1.861380547949397908e+02
1.897664196708256839e+02
1.934655117909982209e+02
1.972367098324254471e+02
2.010814193464453865e+02
2.050010732826256401e+02
2.089971325228332546e+02
2.130710864257152934e+02
2.172244533817929266e+02
2.214587813793767737e+02
2.257756485815114615e+02
2.301766639141686426e+02
2.346634676659045340e+02
2.392377320992065108e+02
2.439011620737576322e+02
2.486554956818481514e+02
2.535025048961753384e+02
2.584439962302697040e+02
2.634818114117947516e+02
2.686178280689715621e+02
2.738539604303843475e+02
2.791921600384252997e+02
2.846344164766486529e+02
2.901827581113020074e+02
2.958392528473117977e+02
3.016060088990071222e+02
3.074851755758635363e+02
3.134789440835668870e+02
3.195895483406902144e+02
3.258192658112901654e+02
3.321704183537349877e+02
3.386453730860747555e+02
3.452465432682840287e+02
3.519763892016998739e+02
3.588374191459927829e+02
3.658321902540137103e+02
3.729633095248601649e+02
3.802334347755241311e+02
3.876452756314782278e+02
3.952015945365719176e+02
4.029052077826124219e+02
4.107589865590181262e+02
4.187658580229276026e+02
4.269288063901731221e+02
4.352508740475176410e+02
4.437351626865729486e+02
4.523848344598230824e+02
4.612031131591774624e+02
4.701932854175021248e+02
4.793587019335698187e+02
4.887027787208883751e+02
4.982289983808717011e+02
5.079409114008314532e+02
5.178421374772648278e+02
5.279363668649422152e+02
5.382273617522898803e+02
5.487189576635829553e+02
5.594150648884736938e+02
5.703196699393798781e+02
5.814368370372877735e+02
5.927707096265141899e+02
6.043255119189960851e+02
6.161055504686858058e+02
6.281152157766294977e+02
6.403589839273396365e+02
6.528414182570610365e+02
6.655671710545578890e+02
6.785409852950554068e+02
6.917676964079756772e+02
7.052522340791376791e+02
7.189996240880848291e+02
7.330149901812266080e+02
7.473035559814939006e+02
7.618706469352217709e+02
7.767216922969753341e+02
7.918622271530729222e+02
8.072978944845502838e+02
8.230344472703369547e+02
8.390777506314346965e+02
8.554337840168830098e+02
8.721086434323440244e+02
8.891085437121251971e+02
9.064398208354898543e+02
9.241089342881195989e+02
9.421224694696128381e+02
9.604871401479019823e+02
9.792097909615253002e+02
9.982973999706689483e+02
1.017757081257937102e+03
1.037596087579824598e+03
1.057821813069856944e+03
1.078441795994448739e+03
1.099463721562460705e+03
1.120895424789523076e+03
1.142744893418214588e+03
1.165020270895131944e+03
1.187729859406022797e+03
1.210882122970061573e+03
1.234485690594439120e+03
1.258549359490471033e+03
1.283082098352356752e+03
1.308093050699893411e+03
1.333591538286319064e+03
1.359587064572586087e+03
1.386089318269385330e+03
1.413108176948173423e+03
1.440653710722632695e+03
1.468736186001849546e+03
1.497366069316695075e+03
1.526554031220764500e+03
1.556310950267356475e+03
1.586647917064005924e+03
1.617576238406003313e+03
1.649107441490539031e+03
1.681253278212956957e+03
1.714025729546758157e+03
1.747437010009013875e+03
1.781499572212773501e+03
1.816226111508261738e+03
1.851629570714513648e+03
1.887723144943239731e+03
1.924520286516761189e+03
1.962034709981751121e+03
2.000280397220768691e+03
2.039271602663389558e+03
2.079022858598917537e+03
2.119548980592697262e+03
2.160865073007943465e+03
2.202986534635269436e+03
2.245929064431911229e+03
2.289708667372819946e+03
2.334341660415859678e+03
2.379844678583211135e+03
2.426234681161391563e+03
2.473528958022084680e+03
2.521745136066174837e+03
2.570901185793454260e+03
2.621015428000305747e+03
2.672106540608029263e+03
2.724193565624212169e+03
2.777295916239801500e+03
2.831433384064571783e+03
2.886626146503546806e+03
2.942894774277305260e+03
3.000260239088779144e+03
3.058743921439595852e+03
3.118367618598717399e+03
3.179153552726415001e+03
3.241124379156661689e+03
3.304303194840882497e+03
3.368713546956389109e+03
3.434379441682556717e+03
3.501325353148070462e+03
3.569576232552647070e+03
3.639157517466464014e+03
3.710095141310966028e+03
3.782415543024405906e+03
3.856145676915796230e+03
3.931313022711018220e+03
4.007945595794641577e+03
4.086071957651504363e+03
4.165721226511753230e+03
4.246923088203378029e+03
4.329707807216384936e+03
4.414106237982509811e+03
4.500149836374938786e+03
4.587870671432097879e+03
4.677301437309978610e+03
4.768475465467537106e+03
4.861426737089483140e+03
4.956189895751375843e+03
5.052800260331444406e+03
5.151293838174244229e+03
5.251707338510812406e+03
5.354078186140416619e+03
5.458444535379110675e+03
5.564845284280017950e+03
5.673320089130986162e+03
5.783909379234716653e+03
5.896654371977015217e+03
6.011597088188870657e+03
6.128780367807811672e+03
6.248247885844732082e+03
6.370044168661827825e+03
6.494214610567839372e+03
6.620805490736912361e+03
6.749863990457057298e+03
6.881438210715029527e+03
7.015577190123864057e+03
7.152330923199849167e+03
7.291750378995933715e+03
7.433887520098121058e+03
7.578795321992386562e+03
7.726527792808958111e+03
7.877139993451472037e+03
8.030688058118654226e+03
8.187229215225795997e+03
8.346821808734288425e+03
8.509525319896772999e+03
8.675400389426149559e+03
8.844508840096914355e+03
9.016913699786791767e+03
9.192679224967772825e+03
9.371870924654898772e+03
9.554555584821857337e+03
9.740801293292704941e+03
9.930677465118509645e+03
1.012425486844898114e+04
1.032160565090807540e+04
1.052280336648405500e+04
1.072792300294350025e+04
1.093704100977970666e+04
1.115023532670607710e+04
1.136758541270461319e+04
1.158917227564097811e+04
1.181507850245662303e+04
1.204538828994942196e+04
1.228018747615457505e+04
1.251956357233682684e+04
1.276360579560669248e+04
1.301240510217220981e+04
1.326605422123886638e+04
1.352464768957058732e+04
1.378828188672402575e+04
1.405705507097006921e+04
1.433106741591529317e+04
1.461042104783726245e+04
1.489522008374789584e+04
1.518557067019835267e+04
1.548158102284079177e+04
1.578336146676099634e+04
1.609102447759718780e+04
1.640468472346070121e+04
1.672445910767330497e+04
1.705046681233813433e+04
1.738282934275942171e+04
1.772167057272857710e+04
1.806711679069271122e+04
1.841929674682308178e+04
1.877834170100142728e+04
1.914438547174113046e+04
1.951756448606255071e+04
1.989801783034019900e+04
2.028588730214106181e+04
2.068131746307381400e+04
2.108445569266757593e+04
2.149545224330157725e+04
2.191446029620512854e+04
2.234163601854916487e+04
2.277713862165114551e+04
2.322113042031382793e+04
2.367377689332144291e+04
2.413524674511462217e+04
2.460571196866754690e+04
2.508534790959127713e+04
2.557433333148582096e+04
2.607285048256694790e+04
2.658108516359117129e+04
2.709922679710480588e+04
2.762746849804343219e+04
2.816600714570670607e+04
2.871504345713702060e+04
2.927478206192795915e+04
2.984543157849094860e+04
3.042720469180921646e+04
3.102031823270642053e+04
3.162499325866144864e+04
3.224145513619784833e+04
3.286993362487927516e+04
3.351066296294293716e+04
3.416388195460122370e+04
3.482983405904625397e+04
3.550876748118818068e+04
3.620093526416341047e+04
3.690659538364526088e+04
3.762601084399305546e+04
3.835944977627615299e+04
3.910718553820765374e+04
3.986949681602721103e+04
4.064666772836908785e+04
4.143898793215484329e+04
4.224675273055105936e+04
4.307026318303015432e+04
4.390982621757793095e+04
4.476575474508746265e+04
4.563836777598287154e+04
4.652799053911733063e+04
4.743495460298733087e+04
4.835959799931120506e+04
4.930226534901557170e+04
5.026330799067761836e+04
5.124308411147211154e+04
5.224195888066937187e+04
5.326030458573708165e+04
5.429850077109410631e+04
5.535693437956892012e+04
5.643599989661663858e+04
5.753609949734556722e+04
5.865764319641151087e+04
5.980104900083211396e+04
6.096674306578178948e+04
6.215515985342229396e+04
6.336674229482937517e+04
6.460194195507711265e+04
6.586121920153827523e+04
6.714504337546729948e+04
6.845389296692665084e+04
6.978825579312282207e+04
7.114862918022026133e+04
7.253552014869698905e+04
7.394944560231565265e+04
7.539093252077669604e+04
7.686051815612681094e+04
7.835875023299751047e+04
7.988618715274464921e+04
8.144339820156952192e+04
8.303096376269524626e+04
8.464947553267906187e+04
8.629953674194286577e+04
8.798176237959998252e+04
8.969677942266699392e+04
9.144522706974187167e+04
9.322775697923710686e+04
9.504503351225856750e+04
9.689773398021592584e+04
9.878654889726258989e+04
1.007121822376545024e+05
1.026753516981255088e+05
1.046767889653793391e+05
1.067172399887925712e+05
1.087974652584364958e+05
1.109182400885164243e+05
1.130803549063358805e+05
1.152846155468958605e+05
1.175318435532332078e+05
1.198228764826171973e+05
1.221585682187110215e+05
1.245397892898216523e+05
1.269674271933511336e+05
1.294423867265720328e+05
1.319655903238534520e+05
1.345379784004565154e+05
1.371605097030354664e+05
1.398341616669682844e+05
1.425599307806527358e+05
1.453388329569063499e+05
1.481719039116018103e+05
1.510601995496874442e+05
1.540047963587292470e+05
1.570067918101243558e+05
1.600673047681382450e+05
1.631874759069106367e+05
1.663684681355947396e+05
1.696114670317805430e+05
1.729176812833667209e+05
1.762883431390491605e+05
1.797247088675858395e+05
1.832280592260191333e+05
1.867996999370218837e+05
1.904409621755477565e+05
1.941532030649722437e+05
1.979378061828984355e+05
2.017961820768293110e+05
2.057297687898849545e+05
2.097400323967742152e+05
2.138284675502093451e+05
2.179965980379720859e+05
2.222459773508429353e+05
2.265781892615940887e+05
2.309948484152756282e+05
2.354976009310035442e+05
2.400881250154780282e+05
2.447681315884659707e+05
2.495393649204686517e+05
2.544036032828267198e+05
2.593626596104925848e+05
2.644183821777222911e+05
2.695726552869433071e+05
2.748273999710431090e+05
2.801845747093547834e+05
2.856461761575941346e+05
2.912142398920253618e+05
2.968908411681380239e+05
3.026780956941046170e+05
3.085781604193233652e+05
3.145932343383264961e+05
3.207255593103584251e+05
3.269774208949367749e+05
3.333511492036906420e+05
3.398491197688138345e+05
3.464737544284400647e+05
3.532275222292765393e+05
3.601129403468393721e+05
3.671325750236164313e+05
3.742890425255287555e+05
3.815850101170283742e+05
3.890231970552038983e+05
3.966063756032714155e+05
4.043373720638101804e+05
4.122190678321506712e+05
4.202544004702845123e+05
4.284463648017191445e+05
4.367980140276672319e+05
4.453124608649922884e+05
4.539928787063463242e+05
4.628425028029076057e+05
4.718646314701872761e+05
4.810626273173314985e+05
4.904399185003859457e+05
4.999999999999999418e+05
