# bin_6_4
2.722769007324322699e-01
2.722434258447927746e-01
2.722356013784385520e-01
2.722009633516825899e-01
2.721903918238852693e-01
2.721543721059164200e-01
2.721409166560188053e-01
2.721032860276253462e-01
2.720867933308716013e-01
2.720473111645854702e-01
2.720276111094844795e-01
2.719860247356737926e-01
2.719629301949632039e-01
2.719189744068694070e-01
2.718922811398510331e-01
2.718456778765461213e-01
2.718151646074302152e-01
2.717656228598726575e-01
2.717310515837429441e-01
2.716782675776854283e-01
2.716393841525765462e-01
2.715830418685954428e-01
2.715395769604898590e-01
2.714793490600718173e-01
2.714310195141610427e-01
2.713665687469555277e-01
2.713130794652952038e-01
2.712440606391154918e-01
2.711851070487658610e-01
2.711111696464710841e-01
2.710464408444459017e-01
2.709672323718534948e-01
2.708964150295951057e-01
2.708115851727885270e-01
2.707343682738150292e-01
2.706435739308084565e-01
2.705596543969288614e-01
2.704625656244663001e-01
2.703716548555409327e-01
2.702679617352161667e-01
2.701697930422392036e-01
2.700592134151380552e-01
2.699535502618339300e-01
2.698358382057628457e-01
2.697224830863383382e-01
2.695974379090077533e-01
2.694762415754651808e-01
2.693437169688223110e-01
2.692145875779204944e-01
2.690745004199477930e-01
2.689374119964429988e-01
2.687897500998436273e-01
2.686447495125011686e-01
2.684895774083416176e-01
2.683367888369517229e-01
2.681742504599924914e-01
2.680138761113010637e-01
2.678441930422415518e-01
2.676765086794630766e-01
2.674999724341077245e-01
2.673253161594963401e-01
2.671422729452134770e-01
2.669610256786250080e-01
2.667718521340011750e-01
2.665844084393207414e-01
2.663894772193715066e-01
2.661962056400618559e-01
2.659958404074544425e-01
2.657970333847257671e-01
2.655914539182586687e-01
2.653872687758560556e-01
2.651765285928891491e-01
2.649669230393363883e-01
2.647508441719071404e-01
2.645355122699674655e-01
2.643136245487631708e-01
2.640919419657086209e-01
2.638634370836456244e-01
2.636344272777829123e-01
2.633981405025758171e-01
2.631604756439178128e-01
2.629149094824588806e-01
2.626669603349303661e-01
2.624103635473291063e-01
2.621503099452402452e-01
2.618808206596576760e-01
2.616068271685630942e-01
2.613226791195213949e-01
2.610331278651810694e-01
2.607329032537094027e-01
2.604266576370687369e-01
2.601095495656390866e-01
2.597862005742681002e-01
2.594522257787431063e-01
2.591122518586170820e-01
2.587623373903798485e-01
2.584070981012198676e-01
2.580429642125027789e-01
2.576744590204996799e-01
2.572982472495364825e-01
2.569186157379507729e-01
2.565322758357206356e-01
2.561430998554879435e-01
2.557476505720951421e-01
2.553492318974922015e-01
2.549441263477726372e-01
2.545350189653304285e-01
2.541179243564539170e-01
2.536950340591619946e-01
2.532623036914385395e-01
2.528217523738593986e-01
2.523696568471738844e-01
2.519083001849662384e-01
2.514346913918559800e-01
2.509517331001922535e-01
2.504573713463006945e-01
2.499551516419751263e-01
2.494437290184130518e-01
2.489268299859898059e-01
2.484031289803521059e-01
2.478757249100729532e-01
2.473424883354087278e-01
2.468052403965523833e-01
2.462607155620139543e-01
2.457096030601781111e-01
2.451481625752823523e-01
2.445770956702936483e-01
2.439936021461928950e-01
2.433997886324843207e-01
2.427947614261230236e-01
2.421822353786144966e-01
2.415624343861305923e-01
2.409389729472088681e-01
2.403109221697971587e-01
2.396796447059476587e-01
2.390417938814742571e-01
2.383967572762389076e-01
2.377407566802991201e-01
2.370744341439876557e-01
2.363969011667902964e-01
2.357120283641800929e-01
2.350212637075042577e-01
2.343284413308131808e-01
2.336325079189639498e-01
2.329331349419649089e-01
2.322257456982584900e-01
2.315090876285743060e-01
2.307813456885544068e-01
2.300462574372907076e-01
2.293063372687024759e-01
2.285657165652722478e-01
2.278227177094388767e-01
2.270751627844305731e-01
2.263178363035106000e-01
2.255509374291683189e-01
2.247762916655868248e-01
2.239998233004387163e-01
2.232222584675514487e-01
2.224417612807401134e-01
2.216519560536092392e-01
2.208521664016401820e-01
2.200450768477534014e-01
2.192370715144947857e-01
2.184270743384201241e-01
2.176104575178592626e-01
2.167817781333017391e-01
2.159452560367317864e-01
2.151060060712263744e-01
2.142647743173790031e-01
2.134133524970944218e-01
2.125499984895590777e-01
2.116798805589339971e-01
2.108082714725455775e-01
2.099278231618814383e-01
2.090340384205339741e-01
2.081318041872939062e-01
2.072273916119164172e-01
2.063124225936377731e-01
2.053836766253673840e-01
2.044485630206482052e-01
2.035093184789687759e-01
2.025553288954127507e-01
2.015916150924064454e-01
2.006243854440166174e-01
1.996457916880150230e-01
1.986545664063153471e-01
1.976615476433505603e-01
1.966567203062878355e-01
1.956415800569751839e-01
1.946239020414307352e-01
1.935945586117444883e-01
1.925574716649565143e-01
1.915177855635400994e-01
1.904641471264781616e-01
1.894101539215253815e-01
1.883448834848152897e-01
1.872745284892433359e-01
1.861982059130093681e-01
1.851125713022835351e-01
1.840235234005493381e-01
1.829238430772629487e-01
1.818206596683177856e-01
1.807072108061097415e-01
1.795892400351035423e-01
1.784617971720463825e-01
1.773289330277066644e-01
1.761873644443915643e-01
1.750399045528211739e-01
1.738844444359287367e-01
1.727230111638468901e-01
1.715542348637671410e-01
1.703796310166313943e-01
1.691982575986039905e-01
1.680112612078404899e-01
1.668179334999358165e-01
1.656191452932170016e-01
1.644143319096488531e-01
1.632041806393724481e-01
1.619882524987174832e-01
1.607671351587194319e-01
1.595405086409262818e-01
1.583088938480347596e-01
1.570720401733251836e-01
1.558303692241190530e-01
1.545836225456021507e-01
1.533320929592750514e-01
1.520755060067432163e-01
1.508141061274893835e-01
1.495477304322586909e-01
1.482767541783453213e-01
1.470012686224611287e-01
1.457218411446375150e-01
1.444387176547363150e-01
1.431524080209017336e-01
1.418629551971447023e-01
1.405704895511978303e-01
1.392747070492055539e-01
1.379755210315173342e-01
1.366727369946369730e-01
1.353666540591622891e-01
1.340576471734231112e-01
1.327464473177732973e-01
1.314335122815300516e-01
1.301191710162651061e-01
1.288032170325031367e-01
1.274854077872722702e-01
1.261654823990058794e-01
1.248437263658170870e-01
1.235207015981053258e-01
1.221972029418513656e-01
1.208735976768519349e-01
1.195498683375141313e-01
1.182256117206081508e-01
1.169007200370088262e-01
1.155754871054422844e-01
1.142506346452299010e-01
1.129266617443978327e-01
1.116037224683635587e-01
1.102816651697152012e-01
1.089606036151937463e-01
1.076408839299198422e-01
1.063229133214811939e-01
1.050068084029537052e-01
1.036927210833830104e-01
1.023809785707910092e-01
1.010719754603540688e-01
9.976574963424740539e-02
9.846234415061080880e-02
9.716219964806377396e-02
9.586589486864453835e-02
9.457337714593612443e-02
9.328446569007871336e-02
9.199972471291213705e-02
9.071992535892757503e-02
8.944487378272608646e-02
8.817433709194047453e-02
8.690908650105635957e-02
8.564964930407094335e-02
8.439564772223709377e-02
8.314741604728503876e-02
8.190568598866562744e-02
8.067028834704342843e-02
7.944135584798807381e-02
7.821949004097271396e-02
7.700473699909023140e-02
7.579739729579758334e-02
7.459771251597552277e-02
7.340581782669304556e-02
7.222223707748488819e-02
7.104682845654282375e-02
6.988010658472922076e-02
6.872218108382169288e-02
6.757318073434119554e-02
6.643364715411208266e-02
6.530343923402726070e-02
6.418310068338806129e-02
6.307261232908416282e-02
6.197232944471413318e-02
6.088234378964758192e-02
5.980291987647642915e-02
5.873427087841787131e-02
5.767660907228062961e-02
5.663011369063011141e-02
5.559500907791225383e-02
5.457142156532492766e-02
5.355955710723542956e-02
5.255957534151307897e-02
5.157165531106989304e-02
5.059593735888455457e-02
4.963260624831002804e-02
4.868177464398347476e-02
4.774362144161014426e-02
4.681826111337666213e-02
4.590584144696881197e-02
4.500645613839623915e-02
4.412022032162495055e-02
4.324723042521770588e-02
4.238759228450989652e-02
4.154138648921237159e-02
4.070869576618820623e-02
3.988958382915762380e-02
3.908412555660640414e-02
3.829235474000347583e-02
3.751431839505557642e-02
3.675003775056116806e-02
3.599953790708416979e-02
3.526282083406834938e-02
3.453989919154630550e-02
3.383075685341679906e-02
3.313538095638451919e-02
3.245374053424630867e-02
3.178580050724037764e-02
3.113149782821468536e-02
3.049078039510443039e-02
2.986357125455377237e-02
2.924979149839361872e-02
2.864934166288744116e-02
2.806212870525750733e-02
2.748803849128006460e-02
2.692695485129808358e-02
2.637873745618793050e-02
2.584324973695677208e-02
2.532033741467632978e-02
2.480984424046830950e-02
2.431159221834175085e-02
2.382540804715839108e-02
2.335110344841661786e-02
2.288848606769270863e-02
2.243734594347345651e-02
2.199747878565764050e-02
2.156866814931821669e-02
2.115069276445604926e-02
2.074331416022656693e-02
2.034630225357788105e-02
1.995941944505509602e-02
1.958242276558593356e-02
1.921505820806528389e-02
1.885707742924904937e-02
1.850822791663779554e-02
1.816825657339793398e-02
1.783689865759456247e-02
1.751389908565670339e-02
1.719899867531023141e-02
1.689194084577396240e-02
1.659246167758035573e-02
1.630030447036637936e-02
1.601521792141477954e-02
1.573695262829504643e-02
1.546525143371367192e-02
1.519986809132163434e-02
1.494056171938761175e-02
1.468709897948465223e-02
1.443923764630130648e-02
1.419674929860078455e-02
1.395941401876790548e-02
1.372701766360814694e-02
1.349934114199660522e-02
1.327617851082148713e-02
1.305733585248423922e-02
1.284262402527240263e-02
1.263185005288188119e-02
1.242483483941755722e-02
1.222141204512265482e-02
1.202142247992861630e-02
1.182469975084916511e-02
1.163109092035836956e-02
1.144046295107667942e-02
1.125268059426275634e-02
1.106761057742320503e-02
1.088512724074807911e-02
1.070512054467675535e-02
1.052748872031042913e-02
1.035212368342678518e-02
1.017892527395046140e-02
1.000781114539346824e-02
9.838703800859835771e-03
9.671521020261237764e-03
9.506185623574570781e-03
9.342638676069386569e-03
9.180827429452479566e-03
9.020687904198852400e-03
8.862164014227461722e-03
8.705219452295654206e-03
8.549821153810352459e-03
8.395922594284857543e-03
8.243482832661791840e-03
8.092481983438353649e-03
7.942906648114643128e-03
7.794724555899679858e-03
7.647909123016025795e-03
7.502452873395037448e-03
7.358354102987831047e-03
7.215592195757907119e-03
7.074151918875103487e-03
6.934037523555715808e-03
6.795257187013645749e-03
6.657799966210018079e-03
6.521657169021088073e-03
6.386839475958507040e-03
6.253362551266423291e-03
6.121221309878447162e-03
5.990412597131918211e-03
5.860952199193230489e-03
5.732860698876403142e-03
5.606138620022613206e-03
5.480784747784997815e-03
5.356816159398428839e-03
5.234256273151043949e-03
5.113106838761898552e-03
4.993368200216497660e-03
4.875055738694797705e-03
4.758196472231489282e-03
4.642790513352840209e-03
4.528838340165802084e-03
4.416353216195397988e-03
4.305362068922717438e-03
4.195863915456732318e-03
4.087857836393830359e-03
3.981353565388374115e-03
3.876375834106235083e-03
3.772923268796863315e-03
3.670991672572009989e-03
3.570587199232917123e-03
3.471733452564781074e-03
3.374426641344878495e-03
3.278660900183188055e-03
3.184437957496439806e-03
3.091780596989705636e-03
3.000683992383169647e-03
2.911139364064975303e-03
2.823145914223825978e-03
2.736725098742149621e-03
2.651871562669474037e-03
2.568574215414240382e-03
2.486829379989757838e-03
2.406658318421034653e-03
2.328055176508152160e-03
2.251006949783209820e-03
2.175506227633156476e-03
2.101572646995150933e-03
2.029201099195098758e-03
1.958375294064035755e-03
1.889084374627074880e-03
1.821345166772249044e-03
1.755149282940430752e-03
1.690478016751963998e-03
1.627314724857631531e-03
1.565671164979319085e-03
1.505537291313714188e-03
1.446889680951144895e-03
1.389706510905811898e-03
1.333996102271252067e-03
1.279746929677515535e-03
1.226935236954692157e-03
1.175538386091518842e-03
1.125565687249424716e-03
1.077009402084129529e-03
1.029850278456371799e-03
9.840696400615180691e-04
9.396796229457186770e-04
8.966772490446754196e-04
8.550468855665504684e-04
8.147709946750521020e-04
7.758563152943330748e-04
7.382950471893102171e-04
7.020628261995873025e-04
6.671297295074505706e-04
6.334866265574544105e-04
6.011102186915591884e-04
5.699624423524531991e-04
5.400033944303983362e-04
5.112145173836641927e-04
4.835723531718509063e-04
4.570462072001003537e-04
4.316111304406111508e-04
4.072632627862996044e-04
3.839993815440526396e-04
3.618082921421152164e-04
3.406788250198062359e-04
3.206081634749407281e-04
3.015839944221103191e-04
2.835765286262257570e-04
2.665481383143367871e-04
2.504602962767606502e-04
2.352709963928358494e-04
2.209318029836041723e-04
2.074047957620346442e-04
1.946656558301033935e-04
1.827046768688534513e-04
1.715147932939354225e-04
1.610946429736064857e-04
1.514286051000042293e-04
1.424783586386810632e-04
1.341629333295553048e-04
1.263627012396466526e-04
1.189111606473210213e-04
1.116186914638378892e-04
1.042878437156347104e-04
9.675422740000201561e-05
8.890009137291336489e-05
8.068876077702638865e-05
7.216478220771405572e-05
6.345698356783404130e-05
5.473623877905295278e-05
4.619806753639160013e-05
3.801984285469403466e-05
3.034529631438349987e-05
2.325214539771132380e-05
1.676948279066071254e-05
1.088575497505300125e-05
5.579257501620761634e-06
8.166559288112936171e-07
-3.422231274230704857e-06
-7.149442594001241572e-06
-1.036716149208309234e-05
-1.309540943513789235e-05
-1.536620312903817510e-05
-1.722618047315510457e-05
-1.872230642018584695e-05
-1.990635078645203914e-05
-2.081852094215270286e-05
-2.148797890285145430e-05
-2.193536840905273812e-05
-2.219347469554985863e-05
-2.230559623304959350e-05
-2.232276243598395346e-05
-2.229273566838757287e-05
-2.225658923830602432e-05
-2.223461644862715427e-05
-2.222021105538909502e-05
-2.218272525607996960e-05
-2.208395689287822634e-05
-2.189063675188096097e-05
-2.158429446040459204e-05
-2.116525627455763061e-05
-2.065201005040800353e-05
-2.007138329110094374e-05
-1.944381151039721410e-05
-1.877710846091033421e-05
-1.807302794890873227e-05
-1.733575703877056145e-05
-1.657400944849870633e-05
-1.580399787194134521e-05
-1.504564342506530695e-05
-1.431576239306032364e-05
-1.362374922441528622e-05
-1.297214940722992374e-05
-1.235427456685876847e-05
-1.176082791982371102e-05
-1.118349019419869482e-05
-1.061622979863084980e-05
-1.006094611090370228e-05
-9.526594755490686305e-06
-9.016717852108318957e-06
-8.530797583251008834e-06
-8.065922566902561936e-06
-7.615763516519774356e-06
-7.180759956227730670e-06
-6.767245217901565986e-06
-6.372634290208546566e-06
-5.993550376696527129e-06
-5.635020714961308504e-06
-5.294598964542191868e-06
-4.971146589856857738e-06
-4.668213735333371839e-06
-4.380312751724779411e-06
-4.105194149233227079e-06
-3.849384620355750926e-06
-3.611248942972498135e-06
-3.383923439452516675e-06
-3.167829614033617084e-06
-2.967629056434940958e-06
-2.778715389030738394e-06
-2.602021789882504126e-06
-2.439333840387355816e-06
-2.285396865374393354e-06
-2.136900599373352621e-06
-1.997491771486092561e-06
-1.869121848202879933e-06
-1.745085004617940446e-06
-1.627579548632470417e-06
-1.518686165927493097e-06
-1.415907739462067148e-06
-1.319736338222595747e-06
-1.228393097964691979e-06
-1.141445678037643718e-06
-1.058136288344554797e-06
-9.844719623513770039e-07
-9.161012678523904781e-07
-8.499236278973480324e-07
-7.850849454642135788e-07
-7.275129057430049504e-07
-6.773029253025206553e-07
-6.258578584048703463e-07
-5.769229450526998981e-07
-5.337143872928791759e-07
-4.956697902049315450e-07
-4.562959256626352686e-07
-4.195620282074686279e-07
-3.873576387667986022e-07
-3.577564868850238111e-07
-3.283859404631231326e-07
-3.015694233278469522e-07
-2.779609800366278655e-07
-2.546767289796114878e-07
-2.333175342773282506e-07
-2.134944427639031033e-07
-1.959766325408150755e-07
-1.785078896183673178e-07
-1.632914490113210887e-07
-1.486892575961908845e-07
-1.357620053917811269e-07
-1.232712064634933569e-07
-1.121852381178352116e-07
-1.016058365545736769e-07
-9.199013306070911241e-08
-8.344381065488208216e-08
-7.517563327550566158e-08
-6.784261255284824307e-08
-6.070972480141178948e-08
-5.504481095826252121e-08
-4.887122832717898406e-08
-4.381546439308716698e-08
-3.867550915671210735e-08
-3.495464411864252519e-08
-3.060379187033202792e-08
-2.696149786203792610e-08
-2.337208595325892539e-08
-2.089037360239528056e-08
-1.796197308008762720e-08
-1.530334788946904931e-08
-1.287360827450332978e-08
-1.133214396026517464e-08
-9.451990826197848521e-09
-7.514100659820030292e-09
-5.854688879701195633e-09
-4.975013331882693178e-09
-3.803828571374820629e-09
-2.426339485481753504e-09
-1.309045615463365229e-09
-9.125486525255023524e-10
-2.324945846674487015e-10
7.201083736886046145e-10
1.476461185468115046e-09
1.574827426449785434e-09
1.926806495627888905e-09
2.553401567470767949e-09
3.039926409390191078e-09
2.945160237703516276e-09
3.082509700679880679e-09
3.485750761784730636e-09
3.798857016487238782e-09
3.587803017760091442e-09
3.574126780426259890e-09
3.813437705714568687e-09
4.010235452297552670e-09
3.747147063084233867e-09
3.644528978404055131e-09
3.772111829075153551e-09
3.883418518849316329e-09
3.605707492751637129e-09
3.450405478600100631e-09
3.505271745477899517e-09
3.552426939796729796e-09
3.287325291010862238e-09
3.109293552459533061e-09
3.117052611889756509e-09
3.116183305596776510e-09
2.879610043917036365e-09
2.697721549070554784e-09
2.675363355693404319e-09
2.637440434546401364e-09
2.439193438356723979e-09
2.265138662653536390e-09
2.222229188829429829e-09
2.166802446226013642e-09
2.005693133962857306e-09
1.837679763213725071e-09
1.793726507021234656e-09
1.725294504258863804e-09
1.590761828821706942e-09
1.446182800985187958e-09
1.399560520524894814e-09
1.321927411719572056e-09
1.220132811782007095e-09
1.089662933755177430e-09
1.048595917688897383e-09
9.688342731696593786e-10
8.935472332485297028e-10
7.769022091851889395e-10
7.422390707679439407e-10
6.666691421318268622e-10
6.099199332671548640e-10
5.097648353991676225e-10
4.806464482625602648e-10
4.114070637574578643e-10
3.701441381167724393e-10
2.838271656291437274e-10
2.612871190540679702e-10
1.993763389800191684e-10
1.695781913405164151e-10
9.812288175402964007e-11
7.983142322825036802e-11
2.744604994775778047e-11
4.657971431264518485e-12
-5.272959552459921165e-11
-6.818200423145184085e-11
-1.111381884392051990e-10
-1.284783730362079860e-10
-1.736162805740287217e-10
-1.864646031593188855e-10
-2.205168070956083819e-10
-2.336846696240383293e-10
-2.685350912222649047e-10
-2.786507489174086538e-10
-3.054087520440782693e-10
-3.150895081529569087e-10
-3.412877812983760897e-10
-3.490812405082793155e-10
-3.695013446178477379e-10
-3.764960610476637622e-10
-3.956937932219337132e-10
-4.011082923521606633e-10
-4.161319864558084007e-10
-4.205606043613494620e-10
-4.341120766052343511e-10
-4.372940382641821662e-10
-4.478060776915447118e-10
-4.498921853040412957e-10
-4.586486141020690231e-10
-4.595571499661134962e-10
-4.661704191566450737e-10
-4.661366874283119620e-10
-4.709130526921170207e-10
-4.698044130662119859e-10
-4.731453339707364409e-10
-4.711457405662466105e-10
-4.726439373980598613e-10
-4.696652187401797308e-10
-4.701543700847475510e-10
-4.664280252400456448e-10
-4.651060635995943966e-10
-4.602572773131392188e-10
-4.581136336353446641e-10
-4.525721646816850773e-10
-4.486997765719718049e-10
-4.419562462868690371e-10
-4.373937139339634185e-10
-4.301004405033002556e-10
-4.239440889545413721e-10
-4.155165050030900580e-10
-4.088770391009694309e-10
-3.999778484743490970e-10
-3.918789566945060508e-10
-3.818902232155436659e-10
-3.732914662129228722e-10
-3.628140306145101235e-10
-3.528103115792168091e-10
-3.412233257572720237e-10
-3.308529378690062077e-10
-3.189721245026701066e-10
-3.075091954330234029e-10
-2.947568313683919795e-10
-2.830814967796911435e-10
-2.701095193734795415e-10
-2.574446864548816848e-10
-2.436984486497549513e-10
-2.309277992489546104e-10
-2.172128726666320635e-10
-2.039393956850445542e-10
-1.898820745472941677e-10
-1.768037686288131665e-10
-1.630113840176113848e-10
-1.497004945540273746e-10
-1.358676795372820899e-10
-1.230913001124989794e-10
-1.099820820748124289e-10
-9.758727460269075984e-11
-8.495336598864299684e-11
-7.342161522692885714e-11
-6.181783474412992415e-11
-5.116295377319035255e-11
-4.062713459290700360e-11
-3.136627703568523745e-11
-2.229761404979673719e-11
-1.431536701009781511e-11
-6.681868484882662023e-12
-4.478823607644235698e-13
5.344024745112821049e-12
9.941627113780378923e-12
1.407956976515503471e-11
1.683436903599790518e-11
1.908459102681337070e-11
2.018180923469702698e-11
2.085564634988786392e-11
2.034606666650186754e-11
1.948668162536595800e-11
1.771268520746152959e-11
1.576077349362701252e-11
1.305602095627585332e-11
1.035646611444451459e-11
7.179095888859271836e-12
4.266732037123417444e-12
1.144046411699266252e-12
-1.563449911762599097e-12
-4.204561658857168637e-12
-6.109224375628449859e-12
-7.867037870906651053e-12
-8.830674097051351450e-12
-9.342099849273595534e-12
-9.113202748595732022e-12
-8.492277216772467276e-12
-7.111174784661170479e-12
-5.586561641320737266e-12
-3.373613103170639402e-12
-1.281353256356005184e-12
1.118784343995779764e-12
3.266030496480553546e-12
5.310614606537253573e-12
6.910840681697970661e-12
8.092669835078347973e-12
8.730749864780862947e-12
8.866365067941905625e-12
8.438495151160764689e-12
7.622380451743861054e-12
6.434029058986757612e-12
5.140171833455209335e-12
3.788294542839208113e-12
2.674041202127306658e-12
1.797534442409703518e-12
1.421921981679956200e-12
1.437351445072693864e-12
1.965999326029295731e-12
2.788227209504727840e-12
3.882976994089971395e-12
4.949869817593554538e-12
5.925526373933634967e-12
6.523646267530465613e-12
6.776625122329802001e-12
6.540272157856065865e-12
6.015287167098506533e-12
5.221635522222391919e-12
4.484046762945654674e-12
3.879734188423628805e-12
3.662903473698598579e-12
3.783388580362614418e-12
4.293991729257315394e-12
4.932362933590155016e-12
5.589232741344557338e-12
5.975881736804923091e-12
6.053608430334558039e-12
5.744632819382042870e-12
5.263874560685501853e-12
4.741909710242039844e-12
4.475586217914440503e-12
4.500782065348863457e-12
4.861137937131600539e-12
5.311714328814224987e-12
5.683890128332974028e-12
5.742849228750603573e-12
5.527055298205974288e-12
5.133598558168502079e-12
4.854311369428888217e-12
4.819883510852935034e-12
5.083654521523942142e-12
5.413271946496745440e-12
5.609998950199768082e-12
5.502568004861699630e-12
5.232799600335115432e-12
5.001051462378068021e-12
5.036887528417308629e-12
5.264956211383635802e-12
5.494233766743724376e-12
5.476665493500080335e-12
5.274916200007817151e-12
5.094003950655179311e-12
5.159318730151996645e-12
5.358096215412968018e-12
5.466632952345202226e-12
5.338614719004335123e-12
5.178810715140047728e-12
5.192048549096475066e-12
5.366431332765624645e-12
5.418044868588220747e-12
5.295344916263720599e-12
5.196291498623856130e-12
5.297444219146383804e-12
5.399134450352538057e-12
5.331464133919812816e-12
5.227387780938985881e-12
5.301596492563409960e-12
5.382320000761243686e-12
5.312495464727125272e-12
5.249990647272572970e-12
5.341192539839588309e-12
5.356425337543050310e-12
5.275528699499597629e-12
5.302326981708773593e-12
5.363005663715829591e-12
5.294110042393274123e-12
5.299660222056188385e-12
5.352898409367904272e-12
5.302063765165738036e-12
5.306741202022880639e-12
5.347615139893906543e-12
5.296238017509951577e-12
5.326695610731171401e-12
5.330236262125194668e-12
5.301886341569880525e-12
5.339185870910245006e-12
5.308598082390005660e-12
5.325649388737552347e-12
5.323778058658029845e-12
5.314426082838423020e-12
5.331149785148141580e-12
5.311715946093327742e-12
5.331607589775791524e-12
5.313408127090964159e-12
5.329719377191689023e-12
5.315871446120248757e-12
5.327862221500054588e-12
5.317820766326385738e-12
5.326587836836027806e-12
5.319145264983899484e-12
5.325802898337475055e-12
5.320024496408638211e-12
5.325325236463801152e-12
5.320625867583859873e-12
5.325023440915791679e-12
5.321056640822952163e-12
5.324820163682057268e-12
5.321378953174820458e-12
5.324672472896661440e-12
5.321628379682880772e-12
5.324556583481141108e-12
5.321825851871039511e-12
5.324459000382625500e-12
5.321984228199225147e-12
5.324371792081961503e-12
5.322111780016339125e-12
5.324290103387995860e-12
5.322214055084241515e-12
5.324210825699155087e-12
5.322294902496232306e-12
5.324131865377048189e-12
5.322357057621320123e-12
5.324051727517820962e-12
5.322402489389136976e-12
5.323969271033767885e-12
5.322432614340868506e-12
5.323883559610405045e-12
5.322448433214020314e-12
5.323793768060708368e-12
5.322450620624866613e-12
5.323699121442842581e-12
5.322439585327736320e-12
5.323598854039573475e-12
5.322415511278452638e-12
5.323492180535741068e-12
5.322378385782434648e-12
5.323378274759586191e-12
5.322328018518003170e-12
5.323256253078896228e-12
5.322264054043215918e-12
5.323125160622949266e-12
5.322185979305377409e-12
5.322983959098302801e-12
5.322093127329773361e-12
5.322831515402892530e-12
5.321984677754093993e-12
5.322666590483887681e-12
5.321859654788411144e-12
5.322487828034096699e-12
5.321716922872165832e-12
5.322293742749194130e-12
5.321555180353408958e-12
5.322082707947145228e-12
5.321372951265658291e-12
5.321852942361048510e-12
5.321168575409433420e-12
5.321602495997003306e-12
5.320940196735475832e-12
5.321329234949823446e-12
5.320685750133780299e-12
5.321030825089459571e-12
5.320402946636612458e-12
5.320704714560073960e-12
5.320089257080114900e-12
5.320348115047659907e-12
5.319741894234969967e-12
5.319957981779347658e-12
5.319357793473062721e-12
5.319530992273649033e-12
5.318933591971312166e-12
5.319063523839078436e-12
5.318465606584668212e-12
5.318551629907638260e-12
5.317949810435401889e-12
5.317991015278157799e-12
5.317381808405678458e-12
5.317377010438186891e-12
5.316756811699499025e-12
5.316704545171838808e-12
5.316069611759450970e-12
