# bin_4_1
1.457408827729452572e+00
1.458044328237386944e+00
1.457300447949426037e+00
1.457889151299712971e+00
1.457178450472121023e+00
1.457722165154905269e+00
1.457041782610338121e+00
1.457542137350382516e+00
1.456889300499438322e+00
1.457347750347367521e+00
1.456719765726860016e+00
1.457137597949868635e+00
1.456531842525260911e+00
1.456910182424506983e+00
1.456324095741612146e+00
1.456663912541735106e+00
1.456094989831682396e+00
1.456397102811795019e+00
1.455842889180044120e+00
1.456107974226339641e+00
1.455566060077270407e+00
1.455794656872603010e+00
1.455262674748837526e+00
1.455455194823854104e+00
1.454930817860417447e+00
1.455087553758879881e+00
1.454568495972998088e+00
1.454689631797272620e+00
1.454173650451261457e+00
1.454259274059726437e+00
1.453744174338474471e+00
1.453794291468390565e+00
1.453277933703891245e+00
1.453292484271722529e+00
1.452772793921888850e+00
1.452751670710141330e+00
1.452226651239294508e+00
1.452169721106078670e+00
1.451637469827721016e+00
1.451544597458043873e+00
1.451003324256218141e+00
1.450874398307651303e+00
1.450322446960080613e+00
1.450157408220535071e+00
1.449593279774724186e+00
1.449392150642105248e+00
1.448814527948985464e+00
1.448577442146890215e+00
1.447985214213161731e+00
1.447712445168778173e+00
1.447104729460748862e+00
1.446796715195715954e+00
1.446172875409760472e+00
1.445830237146628283e+00
1.445189893295223627e+00
1.444813444300416583e+00
1.444156471284159915e+00
1.443747211819427001e+00
1.443073722064159625e+00
1.442632815810806157e+00
1.441943121163264285e+00
1.441471848267909417e+00
1.440766396356385703e+00
1.440266078540355821e+00
1.439545359444931671e+00
1.439017253681404318e+00
1.438281674324475068e+00
1.437726833728651732e+00
1.436976560192547714e+00
1.436395664300760933e+00
1.435630436610449756e+00
1.435023598394971289e+00
1.434242528336047151e+00
1.433609092185187395e+00
1.432810462397396956e+00
1.432148815618092819e+00
1.431329906991687162e+00
1.430637336345933042e+00
1.429794319469628094e+00
1.429066952226441867e+00
1.428194885212138443e+00
1.427427758599278951e+00
1.426520734930226908e+00
1.425708035096038051e+00
1.424759517189969182e+00
1.423895014537122305e+00
1.422898367117112262e+00
1.421976045028973790e+00
1.420925243725961851e+00
1.419940070088050676e+00
1.418830504670455239e+00
1.417779232568133541e+00
1.416608456690108042e+00
1.415490272473457045e+00
1.414258488197338570e+00
1.413075272755946354e+00
1.411785305174132255e+00
1.410541269988536461e+00
1.409197821441140697e+00
1.407898363054264745e+00
1.406506474302032572e+00
1.405156289213664200e+00
1.403719193411905986e+00
1.402320006456864832e+00
1.400836908627977273e+00
1.399385522910389090e+00
1.397850161523832568e+00
1.396337780591673905e+00
1.394738730822534079e+00
1.393152406038618452e+00
1.391475730666194455e+00
1.389802139511554513e+00
1.388036046358579245e+00
1.386266600675569283e+00
1.384406398806821148e+00
1.382541322209231316e+00
1.380591847624931034e+00
1.378640256330502467e+00
1.376613137628112771e+00
1.374587404235230848e+00
1.372492948297051374e+00
1.370399116698371333e+00
1.368236801659286517e+00
1.366067076174016570e+00
1.363821991937741451e+00
1.361556672070225238e+00
1.359207569337836485e+00
1.356828478224195500e+00
1.354364274885683006e+00
1.351870656736888554e+00
1.349301313673955782e+00
1.346711679936926309e+00
1.344058801271321268e+00
1.341391125942689833e+00
1.338662254988335132e+00
1.335910001806432712e+00
1.333085187472970112e+00
1.330221306438629236e+00
1.327276138102498226e+00
1.324289260120291578e+00
1.321231310168600181e+00
1.318146455012238372e+00
1.315008028982950439e+00
1.311850139446381291e+00
1.308636024248144292e+00
1.305386779087080562e+00
1.302065355741588659e+00
1.298699292865510779e+00
1.295269280806874646e+00
1.291814270135311693e+00
1.288318471133685472e+00
1.284806246103896932e+00
1.281244641955485042e+00
1.277645564722601268e+00
1.273985424281580237e+00
1.270296229240102326e+00
1.266573890879131081e+00
1.262845622764113829e+00
1.259085316786946684e+00
1.255297023076387797e+00
1.251459812456530818e+00
1.247604170318334704e+00
1.243732260647471666e+00
1.239861648341038292e+00
1.235961930133717690e+00
1.232035833952915604e+00
1.228081081138990616e+00
1.224131264080440484e+00
1.220174172611223407e+00
1.216200888858724127e+00
1.212192036104959403e+00
1.208177987080629734e+00
1.204161109422739573e+00
1.200131532101170739e+00
1.196061667987665222e+00
1.191977293209614208e+00
1.187883748433451014e+00
1.183764262138791823e+00
1.179594927681796968e+00
1.175405719939439653e+00
1.171189475704219385e+00
1.166919497994551636e+00
1.162597461014254874e+00
1.158247379337462801e+00
1.153832199546594772e+00
1.149352720155746965e+00
1.144830552900053977e+00
1.140240074682934424e+00
1.135576181960731734e+00
1.130868904141600462e+00
1.126082990654010629e+00
1.121238171898601976e+00
1.116345633950876381e+00
1.111379826780626967e+00
1.106380256987858912e+00
1.101323800364019112e+00
1.096228793906697252e+00
1.091102963145279769e+00
1.085935574331815312e+00
1.080753735504913937e+00
1.075533413003370242e+00
1.070302580667948256e+00
1.065035867940556269e+00
1.059753193390186032e+00
1.054431602475251806e+00
1.049082332465919309e+00
1.043685420698138966e+00
1.038246644002760011e+00
1.032749963352509903e+00
1.027200025728288724e+00
1.021586426041495077e+00
1.015916345200688298e+00
1.010186120074899829e+00
1.004406844784100583e+00
9.985804061780068075e-01
9.927198815922521069e-01
9.868286400633314859e-01
9.809171556110907186e-01
9.749849530145450194e-01
9.690355270230409657e-01
9.630615327094916855e-01
9.570591713674090339e-01
9.510166857529297468e-01
9.449284267311286456e-01
9.387854981632040019e-01
9.325882230852979848e-01
9.263367719510084974e-01
9.200403378453088088e-01
9.137063445812300122e-01
9.073464491404686916e-01
9.009656413917360718e-01
8.945679592911442990e-01
8.881487273406745153e-01
8.817028992494745365e-01
8.752213759089549905e-01
8.687005323398767631e-01
8.621385987551390961e-01
8.555414362279929463e-01
8.489150168595342993e-01
8.422668867305340701e-01
8.355982311289467113e-01
8.289075663924064807e-01
8.221884984381098160e-01
8.154377364458527122e-01
8.086544499991366042e-01
8.018442642714814772e-01
7.950126737757615691e-01
7.881641228210823913e-01
7.812967616417215710e-01
7.744074630710462426e-01
7.674933949022976210e-01
7.605574500822134265e-01
7.536036688256630978e-01
7.466347867478050349e-01
7.396475076674036142e-01
7.326384572950224161e-01
7.256084293404089225e-01
7.185655726817080646e-01
7.115163179423591444e-01
7.044594410089946024e-01
6.973864352819519885e-01
6.902943900020994672e-01
6.831901838211622557e-01
6.760833468455793582e-01
6.689727610466573715e-01
6.618513434924034877e-01
6.547185582208810972e-01
6.475836257680599450e-01
6.404502200098602938e-01
6.333127837610418309e-01
6.261683090797232065e-01
6.190235483426038687e-01
6.118819320356753133e-01
6.047413460399666540e-01
5.976029727000377045e-01
5.904701663616220841e-01
5.833400755370834467e-01
5.762148218551774725e-01
5.690999802751417480e-01
5.619929473358979966e-01
5.548935399186742945e-01
5.478093942083801515e-01
5.407346287542297292e-01
5.336699964413246233e-01
5.266261153860531952e-01
5.195961307312291222e-01
5.125801355126911041e-01
5.055868869801367627e-01
4.986094320203248165e-01
4.916560997834238944e-01
4.847237294464172841e-01
4.778140593513652834e-01
4.709303563698016837e-01
4.640716902556273338e-01
4.572417295724892639e-01
4.504378673932343258e-01
4.436664242592620044e-01
4.369242065463369018e-01
4.302161897492851605e-01
4.235400969014162520e-01
4.169010607792623668e-01
4.102969208452009187e-01
4.037310800667140431e-01
3.972038152225277896e-01
3.907170892118645433e-01
3.842712317846498915e-01
3.778689069339109530e-01
3.715100285822769410e-01
3.651968852839175272e-01
3.589300760673080348e-01
3.527112495170041662e-01
3.465411860731520410e-01
3.404216808724176424e-01
3.343531287491262605e-01
3.283376608091679305e-01
3.223754667243480254e-01
3.164687211383279686e-01
3.106176225146433101e-01
3.048241612432385783e-01
2.990886450497303173e-01
2.934129048764628767e-01
2.877973376574090580e-01
2.822436037124038677e-01
2.767521295277573512e-01
2.713244705386538835e-01
2.659610655291920756e-01
2.606633362011097632e-01
2.554316930464364810e-01
2.502674875167372193e-01
2.451711214019181018e-01
2.401438344865026719e-01
2.351859878876147725e-01
2.302987517612335444e-01
2.254824386993698193e-01
2.207381009065968180e-01
2.160659864091446780e-01
2.114670355686932290e-01
2.069414274718172908e-01
2.024900222369893921e-01
1.981129178465997898e-01
1.938108330794787171e-01
1.895838077155119206e-01
1.854324912865514263e-01
1.813568316646507195e-01
1.773573255190632192e-01
1.734338227695231549e-01
1.695867268935707661e-01
1.658157889814738661e-01
1.621212726011709016e-01
1.585028372519083906e-01
1.549606344289728987e-01
1.514942006408948327e-01
1.481035398113417778e-01
1.447881013074515111e-01
1.415477919511663740e-01
1.383819406114180639e-01
1.352902925692722746e-01
1.322720812857346995e-01
1.293269715666377773e-01
1.264540875976442880e-01
1.236529225033707879e-01
1.209224910772313949e-01
1.182622097452937227e-01
1.156709924703565734e-01
1.131481004402129509e-01
1.106923421863989371e-01
1.083028999628732891e-01
1.059784876293944772e-01
1.037181448719288746e-01
1.015204927314300176e-01
9.938451134566075873e-02
9.730874588297630523e-02
9.529204045721456628e-02
9.333286025333728531e-02
9.143002720059927035e-02
8.958196323855094345e-02
8.778736768361962428e-02
8.604459548215552533e-02
8.435234668882893305e-02
8.270896519733614283e-02
8.111306212420064943e-02
7.956293474264078402e-02
7.805722197669982820e-02
7.659424258596571333e-02
7.517257492564156929e-02
7.379051979222206459e-02
7.244671783434833423e-02
7.113951964398244898e-02
6.986752277459858107e-02
6.862908464995193247e-02
6.742290569268252765e-02
6.624743399994327542e-02
6.510134751904919637e-02
6.398311171419426846e-02
6.289153505214854778e-02
6.182520939554076583e-02
6.078294278472159279e-02
5.976335293966596879e-02
5.876539522804581639e-02
5.778783737255274722e-02
5.682964981029323126e-02
5.588963456588001699e-02
5.496692347005642520e-02
5.406048049403608391e-02
5.316945255998031805e-02
5.229283671343548656e-02
5.142995207228402005e-02
5.057996915660686182e-02
4.974221654533129283e-02
4.891588340963201609e-02
4.810046808369795174e-02
4.729533877876512804e-02
4.650000016012938858e-02
4.571382478346186495e-02
4.493647313040792513e-02
4.416748790435156419e-02
4.340653051710516991e-02
4.265313806809810371e-02
4.190711236504657267e-02
4.116814789529157914e-02
4.043603628979957482e-02
3.971044949447675998e-02
3.899130457533217520e-02
3.827842458101677475e-02
3.757170471289117408e-02
3.687092370408327768e-02
3.617608437404747079e-02
3.548711165646973448e-02
3.480398006852343518e-02
3.412655143890611781e-02
3.345488702355211424e-02
3.278898783550688451e-02
3.212888298956570465e-02
3.147449612855498374e-02
3.082592718473805768e-02
3.018323134354620671e-02
2.954647257928282728e-02
2.891561306252052321e-02
2.829077465698854807e-02
2.767204999738264587e-02
2.705952398721374677e-02
2.645317994890693941e-02
2.585314507119637270e-02
2.525953361403052849e-02
2.467244011090473019e-02
2.409185618006291774e-02
2.351790343078350581e-02
2.295070492724045688e-02
2.239035372652309688e-02
2.183683906053949034e-02
2.129026846434284997e-02
2.075076641510983574e-02
2.021841816269741993e-02
1.969320189732141207e-02
1.917520361768360743e-02
1.866454297973916404e-02
1.816129424618712768e-02
1.766542052681987704e-02
1.717698171822554243e-02
1.669608751815936099e-02
1.622279862440866027e-02
1.575706054059744163e-02
1.529890667754876289e-02
1.484843630868857428e-02
1.440569719640794055e-02
1.397061619057849736e-02
1.354320060983317531e-02
1.312354137352012180e-02
1.271167662787667588e-02
1.230751630120996247e-02
1.191104235512117915e-02
1.152233760457553775e-02
1.114143359176589590e-02
1.076822513346383826e-02
1.040267038746917061e-02
1.004484313757450856e-02
9.694767531398897076e-03
9.352320579473077933e-03
9.017433098175276981e-03
8.690164320557419372e-03
8.370525695089357787e-03
8.058369164103306587e-03
7.753589909512112292e-03
7.456222592305853866e-03
7.166260500684703584e-03
6.883530155705247858e-03
6.607896276486694039e-03
6.339376451300502910e-03
6.077960655179374602e-03
5.823472592189170641e-03
5.575777151601943316e-03
5.334906685433601740e-03
5.100883624979814061e-03
4.873564471437498782e-03
4.652844426113303226e-03
4.438786566771252447e-03
4.231450865599113535e-03
4.030718761701996590e-03
3.836488933345773809e-03
3.648799265090043979e-03
3.467674466959112019e-03
3.292942495876667510e-03
3.124428105131824528e-03
2.962065093480614145e-03
2.805782272083674322e-03
2.655333081633690431e-03
2.510499770848601334e-03
2.371188162675183422e-03
2.237356609135959361e-03
2.108855205487838742e-03
1.985617865222776522e-03
1.867695122934974212e-03
1.755196328908157537e-03
1.648099077263047180e-03
1.546392168376606226e-03
1.450036510275050546e-03
1.358951922493171647e-03
1.272843470352329198e-03
1.191391414438391569e-03
1.114252368968852470e-03
1.041179811940520826e-03
9.719304914690694071e-04
9.064957905330292293e-04
8.450318294349152756e-04
7.879246383904826888e-04
7.355155363487829402e-04
6.881392617029049447e-04
6.458166837362407054e-04
6.082583747213514717e-04
5.746120069435062695e-04
5.436967355818363070e-04
5.139861052207367678e-04
4.840171064477410273e-04
4.524868268220727670e-04
4.186693443663097049e-04
3.823567908238353279e-04
3.440138699475732355e-04
3.044745593526511644e-04
2.648777100916014098e-04
2.262317043227266564e-04
1.893759422161181514e-04
1.547510468992315512e-04
1.225567392502447154e-04
9.266208394515887685e-05
6.486549873755117286e-05
3.889176381630930518e-05
1.458191610860911799e-05
-8.251019715315977926e-06
-2.970056143161361887e-05
-4.983996478306337792e-05
-6.859063463411018910e-05
-8.584781243375467716e-05
-1.013848656251056969e-04
-1.149508332575078628e-04
-1.262495287381494721e-04
-1.351495163211252756e-04
-1.416681338094765059e-04
-1.460296875318437069e-04
-1.485579182513544372e-04
-1.497095586280080951e-04
-1.499120418693278669e-04
-1.494975724119972863e-04
-1.486024170814970635e-04
-1.472841282347337529e-04
-1.455378433416928930e-04
-1.433773128564355345e-04
-1.408184574333605510e-04
-1.379324907410163525e-04
-1.347572971410716466e-04
-1.312875314417244000e-04
-1.274573334788665739e-04
-1.232444970318544500e-04
-1.186788753880130856e-04
-1.138574372525397898e-04
-1.088816908596846217e-04
-1.038719501201917195e-04
-9.890244975333545448e-05
-9.401881947697130035e-05
-8.924344400626281297e-05
-8.458423149704491061e-05
-8.001340121564127106e-05
-7.557754101605174005e-05
-7.133480278804187188e-05
-6.730960298474622917e-05
-6.351931122229324323e-05
-5.997410467878432289e-05
-5.658028723138780063e-05
-5.329884516636207702e-05
-5.016095102508501182e-05
-4.718224609253382582e-05
-4.438579793754955405e-05
-4.178390386260212407e-05
-3.930605037358974577e-05
-3.696021739554479496e-05
-3.475148169355322226e-05
-3.265459749223251191e-05
-3.064553654841549500e-05
-2.876294665565897287e-05
-2.698981671911623463e-05
-2.531425679818936377e-05
-2.376186450178135757e-05
-2.229888711485989569e-05
-2.089388566116657871e-05
-1.958809487671858227e-05
-1.836589449165945773e-05
-1.720780675190803144e-05
-1.611077469753527822e-05
-1.511211420464582025e-05
-1.415121478713124743e-05
-1.324410583634770571e-05
-1.241236109094097742e-05
-1.162145829241539802e-05
-1.086979106580262955e-05
-1.017059298818319888e-05
-9.526841088419342259e-06
-8.911389243191384526e-06
-8.333658056937915171e-06
-7.798211329825513284e-06
-7.286378657703586436e-06
-6.822918142161869150e-06
-6.375545118588874844e-06
-5.961583212270820470e-06
-5.561455314132921843e-06
-5.204779173053944419e-06
-4.867977587883168994e-06
-4.544100076747671003e-06
-4.235233201687293722e-06
-3.949724895260122814e-06
-3.697678463135733738e-06
-3.446840030768080499e-06
-3.203269322842670508e-06
-2.982480174158212736e-06
-2.788204841655796973e-06
-2.594866985000102825e-06
-2.405017234294118953e-06
-2.239111425139978254e-06
-2.089794565210639694e-06
-1.944141249855857940e-06
-1.803977554761823238e-06
-1.683223307871126997e-06
-1.571528363329263711e-06
-1.465979711361515157e-06
-1.365830352484059108e-06
-1.278025634773808121e-06
-1.193714168160544340e-06
-1.115156782597204035e-06
-1.038603026326632065e-06
-9.690689440416549253e-07
-8.994625959905240066e-07
-8.347142718576827152e-07
-7.720009613646848171e-07
-7.146981107531338794e-07
-6.601102705959291032e-07
-6.111599330139309356e-07
-5.676405009585622320e-07
-5.296149074003248718e-07
-4.962780394803557473e-07
-4.659919668184947037e-07
-4.384756246945677588e-07
-4.115537059329743353e-07
-3.850755230375902271e-07
-3.567172215080539731e-07
-3.274349681410331396e-07
-2.991055635046490825e-07
-2.744831054407614231e-07
-2.530973890435560899e-07
-2.347253148249663162e-07
-2.215416529086278277e-07
-2.130032009179704503e-07
-2.043005387085762427e-07
-1.905823062519354485e-07
-1.748664117350647283e-07
-1.593683743437984259e-07
-1.440932901496872506e-07
-1.286645715578838246e-07
-1.197167850258810919e-07
-1.180357898366250443e-07
-1.176645637592333283e-07
-1.108293334619114411e-07
-1.003523911978207859e-07
-8.929520848215908581e-08
-7.930086389536538426e-08
-7.089486039447475351e-08
-6.946956413729140740e-08
-7.263861878549150060e-08
-7.205631100372645200e-08
-6.174810226962164240e-08
-4.970967397311933174e-08
-4.435647556603426635e-08
-4.671059437581380494e-08
-4.882492838526666173e-08
-4.648895698404729557e-08
-3.866931060162420234e-08
-3.105526080054492631e-08
-2.863552393374288217e-08
-3.306683943762693000e-08
-3.446930071948518302e-08
-2.774910524594413873e-08
-1.871915360773606413e-08
-2.024675127398703028e-08
-2.626551216922838004e-08
-2.451652171095632336e-08
-1.436480761840603236e-08
-1.356810972720398150e-08
-2.032731715345454280e-08
-2.011978488231830643e-08
-1.029611963533973666e-08
-1.135846417459849167e-08
-1.782031613922710819e-08
-1.419118722013029843e-08
-6.481611069765109994e-09
-1.314833860638035351e-08
-1.389084967530594408e-08
-6.161318914787273346e-09
-8.404668034823375562e-09
-1.311302337628559595e-08
-3.486643256821076573e-09
-7.616892697287545918e-09
-9.985550482945403408e-09
-2.357424390521078525e-09
-7.108297632799172513e-09
-7.739949662187584668e-09
-1.017758290465622905e-09
-1.006954246547208653e-08
-1.267897533980389896e-09
-7.117814097985249329e-09
-4.717863186951629365e-09
-3.397093052790060811e-09
-6.420623894137563485e-09
-1.733036248696854791e-09
-6.098436638355784775e-09
-1.201354445041621705e-09
-4.938422400194132603e-09
-1.416514587771055627e-09
-4.133965603714015089e-09
-1.807310976399692929e-09
-3.738729617397272000e-09
-2.284467513009764429e-09
-3.504477889373114338e-09
-2.303805009383974227e-09
-2.968817122738759112e-09
-1.993301976363770548e-09
-2.405208439736870424e-09
-1.697866869852145359e-09
-2.172902171728049123e-09
-1.837937556545667139e-09
-2.314671777880985265e-09
-1.983773398295521467e-09
-2.205686916445650393e-09
-1.751887064282715389e-09
-1.808059457695665616e-09
-1.439125937396032827e-09
-1.655744072730558613e-09
-1.554006880328752441e-09
-1.819675695063338067e-09
-1.619364332315531584e-09
-1.644281455130887891e-09
-1.335816091654848847e-09
-1.390494327129423620e-09
-1.286195343752362871e-09
-1.487707032399278755e-09
-1.390142254451032213e-09
-1.406947704233183098e-09
-1.172172292783303904e-09
-1.211522660670493197e-09
-1.156551063612173109e-09
-1.282467856487008191e-09
-1.155775193095910996e-09
-1.137826272337859241e-09
-1.009101034732154905e-09
-1.090150987543829518e-09
-1.026989632428340055e-09
-1.042173105353346543e-09
-9.225408229981450130e-10
-9.576471905383673898e-10
-8.876342818966876154e-10
-9.040007194141983239e-10
-8.195503328998996507e-10
-8.444534087468856915e-10
-7.566140114986552409e-10
-7.614387616517220709e-10
-7.113520329336590892e-10
-7.191971978948699000e-10
-6.150509812673374610e-10
-6.399368057568963164e-10
-6.003758288307179415e-10
-5.582741927851822922e-10
-4.947454512577870269e-10
-5.399030878500862224e-10
-4.336188722135762951e-10
-4.256105909269977207e-10
-4.140551969042160548e-10
-3.599389140118374003e-10
-3.154447487520787385e-10
-3.384718570838944166e-10
-2.352684630209439064e-10
-2.697807943223106711e-10
-2.027602884544636957e-10
-1.861265157038533785e-10
-1.651536452726710129e-10
-1.285047065796265852e-10
-1.118426541776709305e-10
-8.789481244118964494e-11
-5.967997361354875826e-11
-5.242147078804789370e-11
-1.792514655184696611e-11
-1.889204800923822300e-11
1.355836081730407563e-11
8.887218751212787189e-12
3.621237593110011219e-11
2.993464576805164193e-11
5.112668275945906393e-11
4.265952967644979426e-11
5.851530519474647198e-11
4.822363235122195328e-11
5.918822738566536937e-11
4.670678240948209091e-11
5.391007151288361307e-11
4.015308956471726840e-11
4.436455831798676491e-11
2.965727961721192006e-11
3.216035861200601172e-11
1.780481458652687549e-11
1.959436668919272773e-11
6.223173023925476387e-12
8.520583408947186952e-12
-2.651955343744972978e-12
9.570238910245209856e-13
-7.654252332916736176e-12
-2.083093006000844638e-12
-7.603755214535204355e-12
-2.400521992849888370e-14
-2.914878394263543327e-12
6.315269076970767382e-12
5.548237965161005932e-12
1.551884050670635836e-11
1.556664446809867721e-11
2.513097107621103494e-11
2.490368321288999688e-11
3.287970713148250966e-11
3.113657943667020726e-11
3.672318617858318341e-11
3.306050291714109151e-11
3.612285875243997390e-11
3.063587461962584254e-11
3.183028402102553272e-11
2.560992738719977041e-11
2.622365077845279010e-11
2.054830136905194009e-11
2.196773502339300114e-11
1.810918877225584811e-11
2.121101218802094462e-11
1.944072308926586799e-11
2.404049313244304029e-11
2.368830362299038088e-11
2.862908975353089658e-11
2.814920122553203663e-11
3.192013104830794493e-11
3.008901332925941262e-11
3.193564635114793025e-11
2.857098619523254317e-11
2.908314541782045388e-11
2.543287230246730869e-11
2.620718799390561879e-11
2.378131878301738062e-11
2.596414840887122820e-11
2.521664554931944871e-11
2.838445435391796114e-11
2.805332468043589508e-11
3.055344211749793989e-11
2.910994417661439265e-11
3.003675080335958646e-11
2.749232993927428445e-11
2.786809272244060929e-11
2.588336992719320291e-11
2.733298044407189461e-11
2.676074466375973750e-11
2.901731910832291732e-11
2.856451534218133707e-11
2.991105485609618847e-11
2.827615031592735846e-11
2.857881914930249116e-11
2.689079880571117100e-11
2.789492630735278307e-11
2.742118832113102187e-11
2.912459926363445286e-11
2.857494928183231104e-11
2.929483494535190807e-11
2.780864090459396347e-11
2.820041330243943285e-11
2.742438960316130477e-11
2.874545651924223263e-11
2.842647184381652725e-11
2.916833112170458980e-11
2.798782829346362055e-11
2.833958937635829726e-11
2.776738269418847086e-11
2.887922777993894585e-11
2.844539626234945697e-11
2.882048155726679994e-11
2.785526314875097222e-11
2.849217127000206214e-11
2.827395013238467226e-11
2.895690580636441816e-11
2.814290584017568059e-11
2.846841914881521876e-11
2.816609783433004162e-11
2.888576794595767946e-11
2.825426332533197803e-11
2.850715636140995023e-11
2.820611587519271351e-11
2.882431054555422319e-11
2.824314341569969042e-11
2.853068163664616250e-11
2.831821253140677254e-11
2.874518757934160531e-11
2.819107690568768713e-11
2.861944115078094184e-11
2.838909174904558135e-11
2.859126009568420974e-11
2.826577721388004700e-11
2.870654231666969701e-11
2.828107954522231407e-11
2.859935921361024741e-11
2.838768043414525019e-11
2.856820772740462353e-11
2.835247527620455518e-11
2.863223212052807166e-11
2.830824380628709078e-11
2.864364187250101344e-11
2.833039237240258681e-11
2.860770082143578723e-11
2.837008382046518626e-11
2.857703390476037605e-11
2.839276161753714300e-11
2.856482117954365921e-11
2.840032336208501930e-11
2.856233250916731816e-11
2.840248640380644690e-11
2.856183998644780101e-11
2.840432516663997316e-11
2.856059251233114228e-11
2.840703851743187986e-11
2.855833318984401556e-11
2.841045335956895810e-11
2.855542351666716015e-11
2.841420550273849429e-11
2.855220084669740056e-11
2.841803647764767138e-11
2.854887616030854453e-11
2.842180089593469450e-11
2.854556572789778763e-11
2.842542497791451788e-11
2.854233037853743247e-11
2.842887430120438009e-11
2.853920070779158558e-11
2.843213512241500532e-11
2.853619095569816850e-11
2.843520444261189095e-11
2.853330634972451133e-11
2.843808481095634353e-11
2.853054701080824210e-11
2.844078157439925080e-11
2.852791008401077589e-11
2.844330138853004885e-11
2.852539093835079689e-11
2.844565139102893511e-11
2.852298386450540439e-11
2.844783873285092442e-11
2.852068249171239851e-11
2.844987030789842657e-11
2.851848004171346487e-11
2.845175259550577879e-11
2.851636948481596582e-11
2.845349156852237393e-11
2.851434363438079958e-11
2.845509263957240973e-11
2.851239520187164155e-11
2.845656062987590864e-11
2.851051682538356033e-11
2.845789975071646967e-11
2.850870107962434443e-11
2.845911359170396002e-11
2.850694047271235686e-11
2.846020511230825683e-11
2.850522743309906495e-11
2.846117663380081173e-11
2.850355428872599850e-11
2.846202983039321027e-11
2.850191323990146841e-11
2.846276571830060349e-11
2.850029632691543116e-11
2.846338464201754401e-11
2.849869539292615971e-11
2.846388625720508287e-11
2.849710204260910668e-11
2.846426950996507428e-11
2.849550759666826820e-11
2.846453261198016704e-11
2.849390304253290100e-11
2.846467301139757690e-11
2.849227898108149129e-11
2.846468735928019830e-11
2.849062556953435565e-11
2.846457147136291370e-11
2.848893246043370976e-11
2.846432028511061387e-11
2.848718873669165995e-11
2.846392781192833885e-11
2.848538284268349577e-11
2.846338708454593476e-11
2.848350251142644739e-11
2.846269009955034314e-11
2.848153468784130651e-11
2.846182775523713049e-11
2.847946544828913989e-11
2.846078978495177987e-11
2.847727991661240874e-11
2.845956468622446229e-11
2.847496217704435317e-11
2.845813964622657809e-11
2.847249518446290394e-11
2.845650046417580979e-11
2.846986067281453794e-11
