# bin_5_2
1.387459129496543042e+00
1.387289521082610833e+00
1.387241856750732305e+00
1.387065602295052269e+00
1.387003992197873181e+00
1.386819983194609085e+00
1.386743665969209394e+00
1.386550734374095484e+00
1.386458865719431222e+00
1.386255780412448235e+00
1.386147431079937320e+00
1.385932894861890308e+00
1.385807049183171547e+00
1.385579696480461420e+00
1.385435251629323128e+00
1.385193647115857907e+00
1.385029413333869641e+00
1.384772051714514340e+00
1.384586753772014900e+00
1.384312061013494466e+00
1.384104341212149425e+00
1.383810677543437118e+00
1.383579100612166268e+00
1.383264765662326257e+00
1.383007825931675594e+00
1.382671066404193017e+00
1.382387197682225732e+00
1.382026217999624995e+00
1.381713806592196780e+00
1.381326782957073895e+00
1.380984184290191097e+00
1.380569282612347459e+00
1.380194841889643698e+00
1.379750239992400207e+00
1.379342317281468722e+00
1.378866231734654502e+00
1.378423231771202628e+00
1.377913949567980190e+00
1.377434356413025140e+00
1.376890271514719766e+00
1.376372687957174046e+00
1.375792342439470461e+00
1.375235533696147261e+00
1.374617662833086618e+00
1.374020603636848525e+00
1.373364183727610932e+00
1.372726107289770514e+00
1.372030404353529409e+00
1.371350850928219733e+00
1.370615467555599487e+00
1.369894329419721002e+00
1.369119246078095653e+00
1.368356804679660810e+00
1.367542410656482632e+00
1.366739360533104408e+00
1.365886468527346631e+00
1.365043921430613372e+00
1.364153758687876472e+00
1.363273220328819146e+00
1.362347388340131582e+00
1.361430699508826558e+00
1.360471093926749031e+00
1.359520327758900526e+00
1.358529010688709349e+00
1.357546318953971154e+00
1.356525337609508552e+00
1.355512741592593384e+00
1.354463890996871367e+00
1.353423017361658154e+00
1.352347550854907432e+00
1.351279320340098344e+00
1.350177620568201453e+00
1.349081907758153287e+00
1.347953142670147431e+00
1.346828438295078145e+00
1.345670241027590031e+00
1.344513363384197469e+00
1.343321590331852056e+00
1.342127507438239276e+00
1.340896142540318525e+00
1.339657977961270507e+00
1.338379258809186512e+00
1.337088556358131175e+00
1.335753392944387663e+00
1.334400701748705842e+00
1.332999434109957138e+00
1.331575238297584063e+00
1.330098727877940368e+00
1.328594678498203674e+00
1.327035645990415347e+00
1.325445956225908883e+00
1.323800370040250751e+00
1.322123118428161881e+00
1.320391320420943204e+00
1.318629297131439060e+00
1.316816461995347964e+00
1.314977136436143779e+00
1.313092653751180450e+00
1.311186900606776451e+00
1.309242409922103167e+00
1.307281868222771370e+00
1.305288019261449994e+00
1.303281404388735520e+00
1.301243950351532952e+00
1.299193236439081467e+00
1.297109679985829711e+00
1.295007628177679448e+00
1.292866057578658801e+00
1.290696742893420845e+00
1.288478327328190121e+00
1.286221707466486119e+00
1.283907205136052276e+00
1.281547142624025470e+00
1.279125695986854439e+00
1.276658490096850063e+00
1.274134639489648002e+00
1.271573191927410695e+00
1.268966996346540865e+00
1.266336078748486971e+00
1.263673378091105581e+00
1.260995621029834757e+00
1.258291485017011269e+00
1.255570957145959898e+00
1.252816697224155229e+00
1.250032720279621756e+00
1.247199163741312233e+00
1.244320115397589799e+00
1.241380668519064479e+00
1.238392341512734696e+00
1.235350289930652101e+00
1.232274531720908728e+00
1.229166111609093504e+00
1.226044509672690186e+00
1.222904654567772420e+00
1.219754109330135394e+00
1.216574995470366627e+00
1.213364415762993032e+00
1.210102179605929251e+00
1.206791994679789815e+00
1.203428909550967818e+00
1.200033664697801372e+00
1.196613617025241938e+00
1.193189272100794174e+00
1.189754715271942320e+00
1.186308397669617598e+00
1.182825724047730009e+00
1.179300204271170216e+00
1.175721781095011131e+00
1.172110280153777495e+00
1.168478464855471355e+00
1.164848174282129500e+00
1.161209943135290246e+00
1.157552187371757801e+00
1.153846671286933301e+00
1.150094307156091844e+00
1.146304014884658384e+00
1.142506906465907912e+00
1.138706033647049809e+00
1.134891432361642805e+00
1.131028570849364812e+00
1.127113578471049093e+00
1.123159797995330944e+00
1.119200670656845364e+00
1.115229668552578213e+00
1.111222042147848921e+00
1.107148225311400003e+00
1.103030300451988799e+00
1.098894601198783683e+00
1.094744952499498547e+00
1.090537394905281010e+00
1.086262754224235350e+00
1.081947966506761061e+00
1.077621138395508993e+00
1.073243266101657989e+00
1.068791043782881589e+00
1.064290397233325747e+00
1.059775194851378277e+00
1.055201495559043634e+00
1.050553231084302874e+00
1.045870142929283375e+00
1.041165199653979245e+00
1.036383021989712994e+00
1.031551392553807567e+00
1.026703900694976968e+00
1.021800260186289222e+00
1.016834428869930251e+00
1.011864694071186843e+00
1.006838482774459864e+00
1.001764313870797452e+00
9.966832040120672254e-01
9.915469870116890849e-01
9.863757444875241864e-01
9.811961623011826727e-01
9.759470006110025908e-01
9.706990997007581834e-01
9.653930623546569390e-01
9.600602739645354156e-01
9.546942739503916364e-01
9.492760908758693938e-01
9.438354015833154698e-01
9.383332582011418843e-01
9.328065677339093531e-01
9.272196892738091556e-01
9.216032177721725782e-01
9.159321298414517809e-01
9.102290478215194769e-01
9.044785499586187605e-01
8.986972243195731069e-01
8.928759784215634099e-01
8.870269342624749198e-01
8.811441376660159586e-01
8.752358416600530822e-01
8.692968946333742286e-01
8.633320355410696312e-01
8.573358899105704145e-01
8.513106408227839594e-01
8.452511435324949751e-01
8.391588151993997213e-01
8.330301443776840786e-01
8.268676665699333794e-01
8.206705575112743789e-01
8.144431043538479242e-01
8.081865461306753096e-01
8.019055290446571727e-01
7.956010323001160289e-01
7.892756675882580675e-01
7.829280772375936115e-01
7.765579975086344122e-01
7.701623531833019509e-01
7.637402618801525378e-01
7.572901107356714290e-01
7.508136125224590396e-01
7.443125344797949516e-01
7.377909797887259868e-01
7.312514841784074626e-01
7.246964242583029403e-01
7.181250867294309836e-01
7.115361914237926522e-01
7.049271059564397035e-01
6.982972609451825186e-01
6.916474790122060234e-01
6.849814029843501739e-01
6.783026027185221629e-01
6.716139876539288789e-01
6.649153697894529813e-01
6.582051142834081103e-01
6.514811392462943607e-01
6.447440813149019068e-01
6.379969844119750544e-01
6.312443436006122122e-01
6.244885384388200178e-01
6.177290811947186988e-01
6.109635683720434640e-01
6.041915283582843799e-01
5.974157245325997234e-01
5.906406727388010536e-01
5.838684261798081643e-01
5.770974979399153826e-01
5.703256835395444924e-01
5.635543558795356178e-01
5.567879192678930611e-01
5.500291830991406172e-01
5.432766771468364730e-01
5.365285163563578985e-01
5.297871851883584338e-01
5.230574257613678224e-01
5.163402523867455240e-01
5.096333230107821244e-01
5.029377677505535438e-01
4.962584847564722734e-01
4.895970728528082350e-01
4.829510669282068847e-01
4.763220879224986382e-01
4.697147762580292651e-01
4.631289116527621541e-01
4.565625714141919311e-01
4.500198846515643392e-01
4.435031712193845954e-01
4.370101667653640276e-01
4.305434396552820231e-01
4.241068254080705424e-01
4.176979530608840308e-01
4.113196063642117206e-01
4.049749279485044262e-01
3.986619049518438374e-01
3.923839840662163292e-01
3.861428003452027635e-01
3.799368393305870839e-01
3.737711226272882326e-01
3.676435005938494260e-01
3.615573419107389608e-01
3.555133622202770738e-01
3.495120858126891661e-01
3.435563981900784380e-01
3.376454942261724601e-01
3.317826941374797389e-01
3.259671613694574144e-01
3.202017941664285772e-01
3.144862393790656130e-01
3.088229455328193596e-01
3.032120991714050140e-01
2.976557929373109257e-01
2.921544650739192894e-01
2.867097999488271154e-01
2.813222882249742374e-01
2.759933935737820532e-01
2.707237640756400832e-01
2.655147850175806901e-01
2.603671209772026041e-01
2.552819548268531746e-01
2.502599230781042960e-01
2.453021894762986987e-01
2.404094996346932689e-01
2.355829503949066206e-01
2.308231498786321167e-01
2.261309740101823396e-01
2.215069570423606193e-01
2.169519403467401741e-01
2.124664450101735325e-01
2.080512102012185838e-01
2.037066924316907335e-01
1.994335597750782896e-01
1.952321954799389470e-01
1.911031260159130885e-01
1.870466117960008223e-01
1.830630585994590109e-01
1.791526544745884741e-01
1.753157221778404995e-01
1.715523625837491739e-01
1.678628024117585771e-01
1.642470744965089657e-01
1.607052583891236397e-01
1.572371940847231975e-01
1.538428331672211657e-01
1.505219595080297956e-01
1.472743817860785454e-01
1.440997370928177868e-01
1.409977600476745030e-01
1.379680172582142539e-01
1.350101024774688907e-01
1.321234467116633449e-01
1.293075002775080085e-01
1.265615748101463489e-01
1.238849885676450574e-01
1.212769041226715167e-01
1.187365550267443781e-01
1.162630291626599865e-01
1.138554333601688728e-01
1.115127134475505377e-01
1.092338796547040886e-01
1.070178253679049674e-01
1.048634393613717131e-01
1.027694661694157074e-01
1.007346954910348924e-01
9.875783784843925051e-02
9.683760256804258004e-02
9.497258181155579515e-02
9.316139957569516405e-02
9.140261023445316046e-02
8.969476401576825797e-02
8.803632305554900950e-02
8.642578660154195958e-02
8.486160868247824562e-02
8.334224266385603652e-02
8.186606706321858384e-02
8.043151890227448475e-02
7.903702845267997212e-02
7.768102925219096122e-02
7.636189134057373706e-02
7.507804900726766650e-02
7.382795726130839120e-02
7.261010249576588249e-02
7.142292691543153382e-02
7.026493734132815971e-02
6.913468305682504700e-02
6.803075469056960034e-02
6.695172280082510585e-02
6.589623605186326061e-02
6.486300064980408953e-02
6.385076674997815227e-02
6.285827198426621742e-02
6.188434349579045868e-02
6.092789268965749516e-02
5.998787409840924262e-02
5.906322296680938111e-02
5.815296284960336237e-02
5.725621681853683420e-02
5.637216290724112594e-02
5.549995830562612364e-02
5.463883443673914903e-02
5.378812365446633548e-02
5.294721337474087020e-02
5.211546945866254998e-02
5.129232757597348286e-02
5.047732427022189050e-02
4.967003847639973879e-02
4.887001708193428745e-02
4.807687254923059816e-02
4.729032302755981770e-02
4.651012042323962592e-02
4.573596265514474207e-02
4.496759948203281343e-02
4.420489090712174940e-02
4.344773332943700772e-02
4.269595128534558331e-02
4.194940306032031441e-02
4.120805124121872109e-02
4.047189290553401819e-02
3.974084763073994220e-02
3.901485879422617736e-02
3.829396616567533329e-02
3.757823598628510370e-02
3.686764588748819849e-02
3.616219684152800068e-02
3.546198299730161235e-02
3.476712046068469730e-02
3.407762543739611960e-02
3.339353015759020937e-02
3.271495585033343256e-02
3.204205390668763559e-02
3.137486683290179740e-02
3.071344406058645546e-02
3.005791622090970769e-02
2.940845160281915782e-02
2.876510713731772126e-02
2.812794116953585416e-02
2.749708492959222761e-02
2.687271393646149115e-02
2.625488431421153096e-02
2.564365512986980372e-02
2.503914971007309420e-02
2.444154835825479780e-02
2.385089829656687407e-02
2.326724870662953346e-02
2.269070531807109228e-02
2.212144617948211267e-02
2.155950790671764053e-02
2.100492318406001202e-02
2.045777393185730167e-02
1.991822560166833442e-02
1.938629968113467911e-02
1.886200700443980971e-02
1.834540380306774049e-02
1.783663940743112492e-02
1.733571606413642982e-02
1.684261877447562616e-02
1.635737468351142893e-02
1.588011681573199899e-02
1.541083130665403880e-02
1.494947804794356620e-02
1.449605507991491571e-02
1.405067868535372737e-02
1.361332167627019897e-02
1.318392363095751557e-02
1.276245899123813234e-02
1.234903176804478912e-02
1.194360573144016661e-02
1.154610269927705893e-02
1.115647891054206628e-02
1.077483388764051420e-02
1.040113083616272562e-02
1.003527940561223415e-02
9.677219468919390222e-03
9.327048049237490063e-03
8.984732468738786115e-03
8.650174016314222600e-03
8.323295951857552499e-03
8.004186003189290785e-03
7.692807652097961857e-03
7.389045849761024035e-03
7.092798783064404103e-03
6.804132382719428260e-03
6.522993489489170918e-03
6.249237902259513130e-03
5.982727238786462141e-03
5.723494832533626217e-03
5.471467606653739220e-03
5.226478064792624070e-03
4.988364485224073067e-03
4.757145007898910642e-03
4.532756660437479643e-03
4.315053448677852801e-03
4.103904957271117641e-03
3.899367449412872305e-03
3.701440376348855577e-03
3.510047422556312937e-03
3.325126607505491088e-03
3.146784667626645934e-03
2.975070918085315468e-03
2.809938071080631070e-03
2.651320065398319551e-03
2.499266452649138645e-03
2.353748299212984809e-03
2.214612670923245697e-03
2.081660621381209442e-03
1.954767673526893595e-03
1.833747492645673325e-03
1.718320715279211472e-03
1.608206113976860113e-03
1.503221527871423553e-03
1.403200272328939194e-03
1.307959956067997155e-03
1.217383403853187487e-03
1.131461353238062987e-03
1.050226732495729894e-03
9.736918514219158795e-04
9.018986370502219720e-04
8.348943802726575261e-04
7.726973738481036566e-04
7.152330268325044404e-04
6.623965953089751757e-04
6.140121480564459441e-04
5.698771374868293136e-04
5.297357361576196001e-04
4.933716036098734995e-04
4.605487557433340386e-04
4.310911195098937718e-04
4.048251288965077667e-04
3.816254972215300280e-04
3.612581401538910320e-04
3.433973247700186095e-04
3.274884572548371494e-04
3.127511654314808526e-04
2.980166283179693366e-04
2.818633864830517605e-04
2.626743807498906134e-04
2.389240148436838228e-04
2.093169457516553210e-04
1.731942525752010382e-04
1.307170876868763982e-04
8.304838493111829298e-05
3.214518400132910451e-05
-1.939861777248669641e-05
-6.879288533240259190e-05
-1.134379955263623740e-04
-1.514298438837111637e-04
-1.817024727725475674e-04
-2.040760272562959911e-04
-2.190539565942687544e-04
-2.276595662554341541e-04
-2.310956042506626714e-04
-2.305398246449736276e-04
-2.270058123179097547e-04
-2.214103761782184676e-04
-2.145636665618616404e-04
-2.071802863973637291e-04
-1.998283064969626687e-04
-1.929189132697070499e-04
-1.866178730826632468e-04
-1.808257082136841942e-04
-1.752434480103281383e-04
-1.695453658978954823e-04
-1.635014386929301055e-04
-1.570480936792143065e-04
-1.502968803037986456e-04
-1.434874582034182452e-04
-1.368652287650576902e-04
-1.305530345105080530e-04
-1.244992149068319424e-04
-1.185268973675178823e-04
-1.124534824429727399e-04
-1.061959127790161849e-04
-9.982717826292859331e-05
-9.354989153154260944e-05
-8.759904404256049152e-05
-8.210667935115888096e-05
-7.705485091033988110e-05
-7.232842695582903845e-05
-6.781712331085889731e-05
-6.347618268953996899e-05
-5.933883661194284937e-05
-5.547105431070850954e-05
-5.192113495730588270e-05
-4.869048426241866787e-05
-4.574081836154132610e-05
-4.300591301224062550e-05
-4.042035692678987087e-05
-3.794824922529059546e-05
-3.557729553825772712e-05
-3.334483033439296292e-05
-3.132694198441730572e-05
-2.951275050004704183e-05
-2.780176383151435919e-05
-2.614932802644419964e-05
-2.453840433179484652e-05
-2.297511477333577293e-05
-2.155170135796367404e-05
-2.028182461748982918e-05
-1.905877589515039141e-05
-1.787993820615064354e-05
-1.675213574101828070e-05
-1.567604060064351743e-05
-1.469479663908662234e-05
-1.377311092178884053e-05
-1.285810240892600779e-05
-1.201403101087531551e-05
-1.128733848504050688e-05
-1.057129728525189586e-05
-9.848764955448578143e-06
-9.201989443523380895e-06
-8.587484062225262844e-06
-8.012134327867274095e-06
-7.508626563775675817e-06
-7.037507793006570182e-06
-6.535925447494518219e-06
-6.070957835795056911e-06
-5.702142406127175106e-06
-5.318082847867293224e-06
-4.943958074252469786e-06
-4.619867161501968884e-06
-4.305632759876992342e-06
-4.002324295920986048e-06
-3.742982103427287016e-06
-3.504082023878610495e-06
-3.226889050486807047e-06
-3.015143898913591463e-06
-2.831662779510680937e-06
-2.640534251152624547e-06
-2.428286909817537095e-06
-2.262995291003517032e-06
-2.135924720399743276e-06
-1.971703918326491105e-06
-1.831697446669548440e-06
-1.701075644042866495e-06
-1.600727956871658059e-06
-1.475943864631004613e-06
-1.376670997671194858e-06
-1.283218094166826785e-06
-1.192975640845530303e-06
-1.107241724964127961e-06
-1.029829161798232710e-06
-9.652989929654628086e-07
-8.885728755993658291e-07
-8.313902871506121104e-07
-7.717861058994457150e-07
-7.235321542563678617e-07
-6.643579962950951989e-07
-6.211284172393133094e-07
-5.786286678526748972e-07
-5.393962059229799038e-07
-4.996049740456912775e-07
-4.636946162666559318e-07
-4.339640163120637850e-07
-4.012750098429923928e-07
-3.753041568768507506e-07
-3.466623868760189257e-07
-3.249995633502529030e-07
-2.991116312006284589e-07
-2.816358598365490479e-07
-2.596794980321670146e-07
-2.425614180214225004e-07
-2.232640102963585540e-07
-2.112609237596620681e-07
-1.952521109694275494e-07
-1.807074266621018998e-07
-1.664734775775541211e-07
-1.582919945743312758e-07
-1.471806481242816965e-07
-1.348901148785037703e-07
-1.241077691414107190e-07
-1.185051628728341201e-07
-1.108094907460746540e-07
-1.009195049686376761e-07
-9.261240492808394722e-08
-8.878093537844752653e-08
-8.333639879614081266e-08
-7.564749239812991717e-08
-6.908947091362600430e-08
-6.654243773311946811e-08
-6.275929520804020994e-08
-5.680258904110288307e-08
-5.146397177454672386e-08
-4.999177253260835693e-08
-4.723620255388398799e-08
-4.261306119914043904e-08
-3.856169509986852317e-08
-3.754718831047547892e-08
-3.544096606587216604e-08
-3.214251888046696945e-08
-2.885718836253665464e-08
-2.822388168622323293e-08
-2.670309864985719568e-08
-2.416467069505023483e-08
-2.173131670237388383e-08
-2.117078771428217153e-08
-2.016042148620807046e-08
-1.820516262305011117e-08
-1.640125678138712089e-08
-1.591221972672333299e-08
-1.523074922976652314e-08
-1.373680853242612623e-08
-1.242636083334322443e-08
-1.197848456432914675e-08
-1.154144598953061038e-08
-1.037212829938721604e-08
-9.458325646471316793e-09
-9.038192429087491634e-09
-8.773848333845874161e-09
-7.848639589722213656e-09
-7.236722578491881125e-09
-6.841990316844926395e-09
-6.692458392519378248e-09
-5.960726613640597183e-09
-5.570337144002208855e-09
-5.200605669511147259e-09
-5.128219403651801517e-09
-4.554748922575157135e-09
-4.309497709299740731e-09
-3.974069811345935653e-09
-3.959449261326885408e-09
-3.504078515238265925e-09
-3.352426315698386933e-09
-3.064673901276596450e-09
-3.078531629283556269e-09
-2.717191715546237083e-09
-2.634849998099638420e-09
-2.381811791609060658e-09
-2.418813787425787023e-09
-2.127462389650278904e-09
-2.090426693683419269e-09
-1.876487055396101859e-09
-1.918164265381136905e-09
-1.690287625734645189e-09
-1.673903293485910900e-09
-1.502006827720704452e-09
-1.538338489014926923e-09
-1.364705102294231983e-09
-1.357164170973739089e-09
-1.222111501395391545e-09
-1.250706695624562284e-09
-1.119918568846013805e-09
-1.116703120273553925e-09
-1.011852878644243721e-09
-1.033052775479517139e-09
-9.345892373921002247e-10
-9.334034992781388992e-10
-8.524773263624602631e-10
-8.678272018148824756e-10
-7.935032663641687574e-10
-7.930548792232780158e-10
-7.304539725811255940e-10
-7.411914535608230596e-10
-6.848099037341245907e-10
-6.846710532729402693e-10
-6.360046712511596824e-10
-6.430697688181088750e-10
-5.997739374800459240e-10
-5.995300469159189304e-10
-5.614678072274017295e-10
-5.657416188752013871e-10
-5.319667185542744495e-10
-5.313069991632701804e-10
-5.010875218365382310e-10
-5.031311041387326799e-10
-4.762723493617037796e-10
-4.750753299829879529e-10
-4.506142262447060348e-10
-4.508195759067825493e-10
-4.288366397700440109e-10
-4.269471962531217845e-10
-4.066639110360256385e-10
-4.053275686273794550e-10
-3.867620168227621672e-10
-3.840587810349240344e-10
-3.666848743085832720e-10
-3.639759158645152224e-10
-3.477316958938743761e-10
-3.441458917238637717e-10
-3.287511077392027955e-10
-3.247997352239633525e-10
-3.100499968338026610e-10
-3.055196514259112980e-10
-2.913976825502710356e-10
-2.862995364516670065e-10
-2.724794277061864593e-10
-2.669977628638145252e-10
-2.536494131993778648e-10
-2.475017543471206987e-10
-2.342222558996751960e-10
-2.278331168566774263e-10
-2.149479214299773489e-10
-2.078961723361110264e-10
-1.949499287661276975e-10
-1.877756179762024407e-10
-1.752142989564513853e-10
-1.674663614394950737e-10
-1.548234683733840295e-10
-1.470860611638845389e-10
-1.348808098404603241e-10
-1.267415652312614095e-10
-1.145432808375140559e-10
-1.065871924217366377e-10
-9.494376831252114086e-11
-8.683202660816584863e-11
-7.538387696328647826e-11
-6.767708350465745886e-11
-5.696359373276695671e-11
-4.940960849484098829e-11
-3.915757542293772466e-11
-3.226992150445994980e-11
-2.297962047212906214e-11
-1.659088006463494803e-11
-8.059574389688515798e-12
-2.604056191433064415e-12
4.728841847250637972e-12
9.363129187527277013e-12
1.567521379786139640e-11
1.916046764572819870e-11
2.410446805155470077e-11
2.655452910469529549e-11
3.033562766071719427e-11
3.156176866776961382e-11
3.397300646511988136e-11
3.415071545579642685e-11
3.547447532377106068e-11
3.459135504674500441e-11
3.479228223346409182e-11
3.312740449555112273e-11
3.259396125303595127e-11
3.031011665914948775e-11
2.917168594520369677e-11
2.663838364898738908e-11
2.535663584656356712e-11
2.284375510315320441e-11
2.162692747815347904e-11
1.949832213857786974e-11
1.876070024901138060e-11
1.724145442697995246e-11
1.710342752839712873e-11
1.638328765222586751e-11
1.703541323558156365e-11
1.711116763764728210e-11
1.841575409907323874e-11
1.916439108953320218e-11
2.098329501959578310e-11
2.210745735542736068e-11
2.403825157205953265e-11
2.517041660366179625e-11
2.688839080044620775e-11
2.764940550358358436e-11
2.877302925795854075e-11
2.890436678676691211e-11
2.931979819870691163e-11
2.877089242931883134e-11
2.851292608375285074e-11
2.748081777043327756e-11
2.689939849383774739e-11
2.577854177725621545e-11
2.527706993993831621e-11
2.449320389666784397e-11
2.447624562501790953e-11
2.429697801279905911e-11
2.485352573894739824e-11
2.521562873764384394e-11
2.614323961807560785e-11
2.668104071394514227e-11
2.750155988938617186e-11
2.773893920430106543e-11
2.807620477060625144e-11
2.777370817373458871e-11
2.757434236596982917e-11
2.691162099708052031e-11
2.656929925236900919e-11
2.604069352720455932e-11
2.602943525922362433e-11
2.598877325973729552e-11
2.645396531658478824e-11
2.676611092475966997e-11
2.731697406115656175e-11
2.746337420963345925e-11
2.762637739977676320e-11
2.732194198112226394e-11
2.710308102496987197e-11
2.666385724315272518e-11
2.658372675413690271e-11
2.651413583579588270e-11
2.684084357464450722e-11
2.705530980265798500e-11
2.738796119045357423e-11
2.734903207261677535e-11
2.728363139332507992e-11
2.694751531827902585e-11
2.683812864717606849e-11
2.674735544253385632e-11
2.699089703536501123e-11
2.714303252401658681e-11
2.733888449991999784e-11
2.720761488926779868e-11
2.708884838297159641e-11
2.687702433106071578e-11
2.695864875889283149e-11
2.705705832935654911e-11
2.726143348412639929e-11
2.719832982438984281e-11
2.711554469113467490e-11
2.694871818266178835e-11
2.703826385394537904e-11
2.712525197040113842e-11
2.724170323592536718e-11
2.711468717998155250e-11
2.705017212421899413e-11
2.701955280186150647e-11
2.717370136127372615e-11
2.717129070621034949e-11
2.712623838724631043e-11
2.702533256898346687e-11
2.712727626229225666e-11
2.716146840878155382e-11
2.714896018232776319e-11
2.704900821080490684e-11
2.712848947348710176e-11
2.715317718281994014e-11
2.713491456487822883e-11
2.706654561749388394e-11
2.715351496431123869e-11
2.713807139337262661e-11
2.710934916462491321e-11
2.710320280908494998e-11
2.716685515071044843e-11
2.709849130189739432e-11
2.712440998942622650e-11
2.713826726997638197e-11
2.712543146419634700e-11
2.710843105079960379e-11
2.715514843664848962e-11
2.710208313808785699e-11
2.714085273447672693e-11
2.712520746042634852e-11
2.712393791619502109e-11
2.713172821058288748e-11
2.712790686083181326e-11
2.712329842294385765e-11
2.713751797509753512e-11
2.711633996262194364e-11
2.714198363808980675e-11
2.711497318554798396e-11
2.714188503165538326e-11
2.711648506150851305e-11
2.714024255137660195e-11
2.711847440469012758e-11
2.713862928638599637e-11
2.712009139281676377e-11
2.713741026248559232e-11
2.712126341590995781e-11
2.713652313463516593e-11
2.712211014399870845e-11
2.713584639739903323e-11
2.712274318084858720e-11
2.713529190823190988e-11
2.712323420877849478e-11
2.713480714666851589e-11
2.712362488460468034e-11
2.713436224647532888e-11
2.712393910537479821e-11
2.713393990436692610e-11
2.712419088604648884e-11
2.713352952243513459e-11
2.712438870216483764e-11
2.713312407796050419e-11
2.712453779169718894e-11
2.713271847159510231e-11
2.712464138280139624e-11
2.713230863845497633e-11
2.712470136556543937e-11
2.713189105289626186e-11
2.712471867089940721e-11
2.713146243994604959e-11
2.712469349041472235e-11
2.713101959799128055e-11
2.712462540632358281e-11
2.713055928302831922e-11
2.712451346785014269e-11
2.713007812752735340e-11
2.712435623454518847e-11
2.712957257885818743e-11
2.712415179768497827e-11
2.712903884875685117e-11
2.712389778664882701e-11
2.712847286832994740e-11
2.712359136400500739e-11
2.712787024574195627e-11
2.712322921181231573e-11
2.712722622419992405e-11
2.712280751064503677e-11
2.712653563895960376e-11
2.712232191213470261e-11
2.712579287227982920e-11
2.712176750560505179e-11
2.712499180558832735e-11
2.712113877899192980e-11
2.712412576827754864e-11
2.712042957424020789e-11
2.712318748250414518e-11
2.711963303702392299e-11
2.712216900370488781e-11
2.711874156090494628e-11
2.712106165629699935e-11
2.711774672550564623e-11
2.711985596422736921e-11
2.711663922876861570e-11
2.711854157606359733e-11
2.711540881299169384e-11
2.711710718424905917e-11
2.711404418439020262e-11
2.711554043828198986e-11
2.711253292613155224e-11
2.711382785159462506e-11
2.711086140464640301e-11
2.711195470194037961e-11
2.710901466908371476e-11
2.710990492519769924e-11
2.710697634401441930e-11
2.710766100263425461e-11
2.710472851538254602e-11
2.710520384176878657e-11
2.710225161004991130e-11
2.710251265113948664e-11
2.709952426933877879e-11
2.709956480954105948e-11
2.709652321725874055e-11
2.709633573049634293e-11
2.709322312436511195e-11
2.709279872315029440e-11
2.708959646867808233e-11
