# bin_6_6
9.273127160573858552e-01
9.272140014162175703e-01
9.271487883172497835e-01
9.270431352353055710e-01
9.269691758674214466e-01
9.268558581754855474e-01
9.267724631725734463e-01
9.266507026733573626e-01
9.265571263918847000e-01
9.264260905837184978e-01
9.263215291849455912e-01
9.261803293663624093e-01
9.260639193305081340e-01
9.259116092201401527e-01
9.257824264392349178e-01
9.256180014707783288e-01
9.254750610956653523e-01
9.252974585751136960e-01
9.251397158185459269e-01
9.249478161610628080e-01
9.247741682917143269e-01
9.245667975851218356e-01
9.243760873744336637e-01
9.241520215484205769e-01
9.239430424655235008e-01
9.237010133718362992e-01
9.234725168433490783e-01
9.232112205756892731e-01
9.229619256493137858e-01
9.226800334444238416e-01
9.224086391984026578e-01
9.221048112585182865e-01
9.218100122903595262e-01
9.214829148434243722e-01
9.211634201309172321e-01
9.208117459915776681e-01
9.204663013487892620e-01
9.200887941468220976e-01
9.197162083744145900e-01
9.193116904688839464e-01
9.189108651181512322e-01
9.184782689964207103e-01
9.180482314058572291e-01
9.175866340635898677e-01
9.171265729773859787e-01
9.166352323734837659e-01
9.161445349919693504e-01
9.156229271558782301e-01
9.151012158936159269e-01
9.145490706271861558e-01
9.139962371581170641e-01
9.134135695220380047e-01
9.128298028891844718e-01
9.122169368183462579e-01
9.116027415076684015e-01
9.109603210095800208e-01
9.103165200069405216e-01
9.096455025502652170e-01
9.089732196220965399e-01
9.082748456583007446e-01
9.075754605965477007e-01
9.068511928794612542e-01
9.061262634642732738e-01
9.053776902146892791e-01
9.046288354873492921e-01
9.038575328411218024e-01
9.030862743237072499e-01
9.022936263023334513e-01
9.015011874616790655e-01
9.006881663228818446e-01
8.998752362358860557e-01
8.990421528242269478e-01
8.982086278944503288e-01
8.973548706137511877e-01
8.964995982161836352e-01
8.956233901359389460e-01
8.947439495588691560e-01
8.938421648757073346e-01
8.929347323309548834e-01
8.920028238274462229e-01
8.910621768971574985e-01
8.900942717921643821e-01
8.891139904018119378e-01
8.881032083531820165e-01
8.870761189473600483e-01
8.860151473195370109e-01
8.849340286544794543e-01
8.838159511232774879e-01
8.826744695010982911e-01
8.814937817704162626e-01
8.802875502408840092e-01
8.790412141985911587e-01
8.777687819416972737e-01
8.764570803742021132e-01
8.751205752230614143e-01
8.737474607120564452e-01
8.723525646760400543e-01
8.709251906824283518e-01
8.694801729946891600e-01
8.680074024509372155e-01
8.665211149455781525e-01
8.650110610846782899e-01
8.634901387510219850e-01
8.619471996971312944e-01
8.603931628687414568e-01
8.588154757909757242e-01
8.572228540153736809e-01
8.556014118899869514e-01
8.539581441051259381e-01
8.522786902084670269e-01
8.505695932377893564e-01
8.488175618424697033e-01
8.470304203879499561e-01
8.451976136654925087e-01
8.433296572991645368e-01
8.414195697899855553e-01
8.394806354942152549e-01
8.375085461422050459e-01
8.355174861272668396e-01
8.335030665764174840e-01
8.314771126882435359e-01
8.294318635199372514e-01
8.273741623210906226e-01
8.252915540338761069e-01
8.231864721087608361e-01
8.210444310184731309e-01
8.188680333796218846e-01
8.166464496745241552e-01
8.143880280642057379e-01
8.120894804220779584e-01
8.097657034364736939e-01
8.074177909102610018e-01
8.050603197677181910e-01
8.026896602310178430e-01
8.003114240648971922e-01
7.979121859420305052e-01
7.954896915562517101e-01
7.930286937973709538e-01
7.905320204162600284e-01
7.879959323172769370e-01
7.854362494268918304e-01
7.828585217450696465e-01
7.802784477746654845e-01
7.776914540474285653e-01
7.750965490979989658e-01
7.724749350513852031e-01
7.698219166894112453e-01
7.671296932318784068e-01
7.644135890690850754e-01
7.616830924161066552e-01
7.589550950105599103e-01
7.562221805285392895e-01
7.534759039336309527e-01
7.506945734300211059e-01
7.478792619241790840e-01
7.450364599375961516e-01
7.421901940484521010e-01
7.393424803543457990e-01
7.364861896699452792e-01
7.335947910988322995e-01
7.306658040613497329e-01
7.277090259136603789e-01
7.247503205564315154e-01
7.217843897589044655e-01
7.187929421352385884e-01
7.157531817264293217e-01
7.126823840805004417e-01
7.096001807051591781e-01
7.065100018187487896e-01
7.033781135907412052e-01
7.001980908860262476e-01
6.969900148235554926e-01
6.937757716389912899e-01
6.905253854547743764e-01
6.872217241197672299e-01
6.838841014200880419e-01
6.805387954174819676e-01
6.771520851576834366e-01
6.737123483962264014e-01
6.702493926335791885e-01
6.667736443225965592e-01
6.632427084701401077e-01
6.596782626227150059e-01
6.561054554391457794e-01
6.524942969389447844e-01
6.488398580132441751e-01
6.451869807669881052e-01
6.414954213318299070e-01
6.377722438426398632e-01
6.340482571289836056e-01
6.302874949057536424e-01
6.265048804683704953e-01
6.227212664030131739e-01
6.188898486179794656e-01
6.150649923805016073e-01
6.112012949218713631e-01
6.073231613422886976e-01
6.034253734134068514e-01
5.994940961206660646e-01
5.955515399628845685e-01
5.915686879939958676e-01
5.875732325151804547e-01
5.835386461239449041e-01
5.794878208084086602e-01
5.754022663655896652e-01
5.712988135023455705e-01
5.671662380395930958e-01
5.630167823047257381e-01
5.588440059355564982e-01
5.546567563550367508e-01
5.504509577552456623e-01
5.462325193804478118e-01
5.419979596390394061e-01
5.377505212733563189e-01
5.334865393575031201e-01
5.292073172905519263e-01
5.249093486553038090e-01
5.205933537997695648e-01
5.162570473648785407e-01
5.119019949294563165e-01
5.075279318837747633e-01
5.031377526261954225e-01
4.987327465087477707e-01
4.943160909545055159e-01
4.898888812309381557e-01
4.854527791425910510e-01
4.810071281525976628e-01
4.765514528210965661e-01
4.720838264621393110e-01
4.676033533428793354e-01
4.631092457094830306e-01
4.586026145032831014e-01
4.540852493526970624e-01
4.495600946940342402e-01
4.450295217473651532e-01
4.404951772395351850e-01
4.359569658556723959e-01
4.314137763355949673e-01
4.268640579756817210e-01
4.223072471143914375e-01
4.177443913939510867e-01
4.131780919712125244e-01
4.086114109021015128e-01
4.040463206614813840e-01
3.994829414938413925e-01
3.949197331371113173e-01
3.903553205344975074e-01
3.857898643913346137e-01
3.812258558502412686e-01
3.766663789573077015e-01
3.721134048480415624e-01
3.675662454727878226e-01
3.630232622807955667e-01
3.584838457205695161e-01
3.539503572765101969e-01
3.494260712704224114e-01
3.449128798982548649e-01
3.404095547765454977e-01
3.359147647651916091e-01
3.314294455730648070e-01
3.269572413834783697e-01
3.225001344227887423e-01
3.180572425912721601e-01
3.136269187519206136e-01
3.092111913158491765e-01
3.048133614769608646e-01
3.004342734834980488e-01
2.960718425811510457e-01
2.917270093823371990e-01
2.874031899274072654e-01
2.831016568632053754e-01
2.788202589132014464e-01
2.745603499893717880e-01
2.703252424949406096e-01
2.661149102444156922e-01
2.619277265882116179e-01
2.577670352904820050e-01
2.536344476238485135e-01
2.495283494198479168e-01
2.454504211291722582e-01
2.414035714878436101e-01
2.373856288469943232e-01
2.333986449615547965e-01
2.294446992042931677e-01
2.255222951318277269e-01
2.216338006189799426e-01
2.177804844803133411e-01
2.139609082314341271e-01
2.101788300438506285e-01
2.064322646924111881e-01
2.027237108215355910e-01
1.990533830934392290e-01
1.954215914701362411e-01
1.918301763871202437e-01
1.882784034900072956e-01
1.847684432213486938e-01
1.812995396028135864e-01
1.778735089633544930e-01
1.744899235104346025e-01
1.711502172608320438e-01
1.678543368145703207e-01
1.646034173278008994e-01
1.613975481158191339e-01
1.582375580495583300e-01
1.551236170272988213e-01
1.520563929434296802e-01
1.490360840963640965e-01
1.460632178090177091e-01
1.431380241955881871e-01
1.402609703675965491e-01
1.374322666370113299e-01
1.346522526034361344e-01
1.319210763476386383e-01
1.292389633926676884e-01
1.266060000432948085e-01
1.240223206373082115e-01
1.214879524216069540e-01
1.190029708770801997e-01
1.165673952268577451e-01
1.141811965108344984e-01
1.118442690206841866e-01
1.095565244945824052e-01
1.073177946758060580e-01
1.051278477531694955e-01
1.029864399341297865e-01
1.008932840449067864e-01
9.884806733092042774e-02
9.685043155836456363e-02
9.489998055207397865e-02
9.299626584010775576e-02
9.113883751389049992e-02
8.932714707411966437e-02
8.756062855485886864e-02
8.583868482915744946e-02
8.416070215498402951e-02
8.252599064739617185e-02
8.093385336451433543e-02
7.938354415179096901e-02
7.787433344117615508e-02
7.640539289932261890e-02
7.497590184187628848e-02
7.358497596470138513e-02
7.223176459326724475e-02
7.091532527822565213e-02
6.963473590494202725e-02
6.838901668412701584e-02
6.717723708700187868e-02
6.599837293708053776e-02
6.485143693432525447e-02
6.373539158157512374e-02
6.264925650148589487e-02
6.159196978134404143e-02
6.056250829696870064e-02
5.955981321906382575e-02
5.858290074733332048e-02
5.763071620157919628e-02
5.670224975170401471e-02
5.579646721726402164e-02
5.491241527529893557e-02
5.404908741263488026e-02
5.320552967468329675e-02
5.238076537050383868e-02
5.157391540130595864e-02
5.078405286958986853e-02
5.001030979540255217e-02
4.925180805463615780e-02
4.850777325242369709e-02
4.777738817874079003e-02
4.705989486079122097e-02
4.635452989498097670e-02
4.566064354404465037e-02
4.497754852165899292e-02
4.430461283000607098e-02
4.364120242616438550e-02
4.298679965226358951e-02
4.234085355101282339e-02
4.170286470066648238e-02
4.107232991847109549e-02
4.044886337365857787e-02
3.983204595984880109e-02
3.922150505811190790e-02
3.861686189915271294e-02
3.801785452569393653e-02
3.742418516414579982e-02
3.683559228411351083e-02
3.625180687269255464e-02
3.567267546455112764e-02
3.509800810479972444e-02
3.452763725004461687e-02
3.396138331912432196e-02
3.339918170488818949e-02
3.284093120456499371e-02
3.228653977991984003e-02
3.173589805148632759e-02
3.118900841138729646e-02
3.064583753405799096e-02
3.010634895693339169e-02
2.957048524886595961e-02
2.903829950841814445e-02
2.850980942879407024e-02
2.798501762558382525e-02
2.746390014824907910e-02
2.694654575058090182e-02
2.643300883120778405e-02
2.592331550391066899e-02
2.541746352296948147e-02
2.491556293029408703e-02
2.441769345854815504e-02
2.392389699714032175e-02
2.343418449157852468e-02
2.294867640804054698e-02
2.246746568879303893e-02
2.199060025288579120e-02
2.151809871616756561e-02
2.105008567235442177e-02
2.058666120577224215e-02
2.012787538080554328e-02
1.967374606190643027e-02
1.922439221346142549e-02
1.877991683081307525e-02
1.834036591381833087e-02
1.790575321295231545e-02
1.747618724388878136e-02
1.705176861079248096e-02
1.663253482277715287e-02
1.621849009774761069e-02
1.580972886453823126e-02
1.540634570217558515e-02
1.500836447772592452e-02
1.461577688205461557e-02
1.422865667555660990e-02
1.384709204529482873e-02
1.347109041374126501e-02
1.310062929435423275e-02
1.273575942144258497e-02
1.237655987097000497e-02
1.202302354316814662e-02
1.167511339032951609e-02
1.133285937684804824e-02
1.099633057119628679e-02
1.066550774219686415e-02
1.034034129647631514e-02
1.002084384583977646e-02
9.707078922572531451e-03
9.399022007719512461e-03
9.096614178659125083e-03
8.799854198320126997e-03
8.508804098971478602e-03
8.223437646600188430e-03
7.943692068106222512e-03
7.669558626226266086e-03
7.401100896719620299e-03
7.138296264002578183e-03
6.881081516625345632e-03
6.629439365771393200e-03
6.383432831324054382e-03
6.143041309592903523e-03
5.908198605600422162e-03
5.678875957019058514e-03
5.455127077241424781e-03
5.236924131638615379e-03
5.024186944423302513e-03
4.816864765582499867e-03
4.614991025659558391e-03
4.418521995648010126e-03
4.227358704543761510e-03
4.041424504954112436e-03
3.860730170860690764e-03
3.685220998445084759e-03
3.514792515970452651e-03
3.349362176516795797e-03
3.188941103534405699e-03
3.033491787970432965e-03
2.882936733466132453e-03
2.737221271428169189e-03
2.596382383912427400e-03
2.460419078808377073e-03
2.329290793769785931e-03
2.202966607754261626e-03
2.081484376583134233e-03
1.964837257285650344e-03
1.852963307040354302e-03
1.745784325173631519e-03
1.643258245912470380e-03
1.545291886202815193e-03
1.451731366360252190e-03
1.362409137364605557e-03
1.277192689072542643e-03
1.195929546371863640e-03
1.118452445934332677e-03
1.044624029964219330e-03
9.743649877294123908e-04
9.076247402093903056e-04
8.443638481831658394e-04
7.845762684908420175e-04
7.282791329903352947e-04
6.754842954057609008e-04
6.261701704417734372e-04
5.802970525820875733e-04
5.377815520249609868e-04
4.985151218176704733e-04
4.623561701736909782e-04
4.291743617651528220e-04
3.988216545209553334e-04
3.711792828329706583e-04
3.461392032637756848e-04
3.236229941206026500e-04
3.034990832465967250e-04
2.856033778299457660e-04
2.696849077182939913e-04
2.554011460226404207e-04
2.422231375271903346e-04
2.294930374540506775e-04
2.164227069409443104e-04
2.021704976676236341e-04
1.858454424377780311e-04
1.666833680688194718e-04
1.441523411567165495e-04
1.180979670625269316e-04
8.875014604369131643e-05
5.681388697525820088e-05
2.340077558414749978e-05
-1.007443670801826734e-05
-4.215365905789828367e-05
-7.147976891293048973e-05
-9.698779698236872980e-05
-1.179990012051586193e-04
-1.343164268795082699e-04
-1.461233098798046608e-04
-1.538764806158487433e-04
-1.581642330485473914e-04
-1.596502450981136302e-04
-1.589676777055085307e-04
-1.566823882038147718e-04
-1.532791614368542892e-04
-1.491988764981690379e-04
-1.448056461684782013e-04
-1.403585187244361942e-04
-1.359927291290079926e-04
-1.317413191945142694e-04
-1.275450753239352260e-04
-1.232881063388879339e-04
-1.188697488854941479e-04
-1.142682672728807726e-04
-1.095440074101050886e-04
-1.047932926543532499e-04
-1.001065384642686637e-04
-9.552922088080195685e-05
-9.105024369861073382e-05
-8.661455126307584487e-05
-8.217352798486644025e-05
-7.771477754858334853e-05
-7.327949282964589528e-05
-6.893717251130986447e-05
-6.476467073330746931e-05
-6.081266112746231209e-05
-5.709818198477696703e-05
-5.360120252747103476e-05
-5.029055546312363208e-05
-4.713472357170319109e-05
-4.413346083975259483e-05
-4.131563833006229712e-05
-3.871375727640519160e-05
-3.632332403236698289e-05
-3.411327971851277373e-05
-3.203963629087899063e-05
-3.007274960937968161e-05
-2.821387575588583512e-05
-2.648598804190632896e-05
-2.488896680247833530e-05
-2.339611485404192751e-05
-2.199033169383252058e-05
-2.066454898598745854e-05
-1.940954755684917295e-05
-1.823654938311806528e-05
-1.713767988218681303e-05
-1.607775836511377102e-05
-1.507257408989599551e-05
-1.415280869968537221e-05
-1.329303975714500415e-05
-1.246745272780515966e-05
-1.167962212298180896e-05
-1.091758604160193206e-05
-1.020988887093487951e-05
-9.583521656060998669e-06
-8.981879337964359121e-06
-8.382590345698775106e-06
-7.831661382367350363e-06
-7.324228757119030288e-06
-6.841963377864406775e-06
-6.396042627817559574e-06
-5.985327047935948183e-06
-5.571624887823452725e-06
-5.189091852203705165e-06
-4.867418149750527791e-06
-4.547421664611158511e-06
-4.221083569955625243e-06
-3.933892527631558179e-06
-3.682427010225539496e-06
-3.428918165057467416e-06
-3.196501840141336890e-06
-2.982849026569667157e-06
-2.763252492179644158e-06
-2.576293514904822814e-06
-2.414128299169333482e-06
-2.250240870896722326e-06
-2.069030441155053408e-06
-1.931808262713233062e-06
-1.817565014989363607e-06
-1.683212406036126102e-06
-1.552255886527417780e-06
-1.446837119757296512e-06
-1.361004541372326705e-06
-1.253739574515324620e-06
-1.164524059874123557e-06
-1.083137712602141807e-06
-1.012575226014601126e-06
-9.347932599386994200e-07
-8.693639344218098352e-07
-8.114737920542154993e-07
-7.488795951909953744e-07
-6.980831692420485279e-07
-6.467463545431166789e-07
-6.057132856343901901e-07
-5.547499963600068430e-07
-5.191990040212230761e-07
-4.810885587681599248e-07
-4.492708621587299003e-07
-4.127676265838205035e-07
-3.844371099508505611e-07
-3.579637474739732176e-07
-3.315108153691197798e-07
-3.077189635531404160e-07
-2.841433526392853966e-07
-2.658414988337984657e-07
-2.442377774300586432e-07
-2.291444250799117453e-07
-2.101333353542751737e-07
-1.966434178320496490e-07
-1.799862660509439693e-07
-1.701415506377060106e-07
-1.558310683575331061e-07
-1.448542404941927224e-07
-1.326516586851304534e-07
-1.259250340867058678e-07
-1.158005311625992621e-07
-1.065205230735113639e-07
-9.771328745660408695e-08
-9.300916272859182857e-08
-8.600488635846148942e-08
-7.824922815919834158e-08
-7.182829842512873010e-08
-6.860510760701010997e-08
-6.376974062318939434e-08
-5.748880552435313230e-08
-5.269648271735962016e-08
-5.057735026582808465e-08
-4.720425076474450109e-08
-4.230569154705694950e-08
-3.861459436594524063e-08
-3.725962833868636020e-08
-3.483612152365602126e-08
-3.112267548964107255e-08
-2.823694028410371199e-08
-2.740890709728140404e-08
-2.565695523417778108e-08
-2.292704936623659832e-08
-2.066846768398261562e-08
-2.016991237874338376e-08
-1.887665440746171166e-08
-1.687127592547642462e-08
-1.509906024268509486e-08
-1.479652261456256938e-08
-1.387173630870411095e-08
-1.242832599035921017e-08
-1.107469471799351779e-08
-1.086863788907228233e-08
-1.020166553951416826e-08
-9.130648564002710747e-09
-8.113915644945581829e-09
-7.967113501330112302e-09
-7.528978118041611942e-09
-6.725766538810407078e-09
-5.971481195943219772e-09
-5.833358466923764741e-09
-5.559526188127430511e-09
-4.954446946590455243e-09
-4.422874295484619327e-09
-4.284656854931481030e-09
-4.118693874824459004e-09
-3.652730212614438706e-09
-3.292696022924198098e-09
-3.164751534263880980e-09
-3.072989035247727045e-09
-2.703359409191220969e-09
-2.466897252788842106e-09
-2.350344841428270869e-09
-2.309084899738842912e-09
-2.018287321288037798e-09
-1.870008143849824120e-09
-1.761011032430120712e-09
-1.746790481209973114e-09
-1.525379312740929327e-09
-1.439980138469870785e-09
-1.333487484891874030e-09
-1.337000937348032160e-09
-1.174466506079292464e-09
-1.122542382674001730e-09
-1.023918776580602087e-09
-1.047915920747933255e-09
-9.180524332882241062e-10
-8.856342216167005730e-10
-8.120278584081977387e-10
-8.334571448497703877e-10
-7.292005813961062597e-10
-7.243486454901266898e-10
-6.505880675319144358e-10
-6.801437508965478201e-10
-5.984469688862155556e-10
-5.978696851185040319e-10
-5.423376378791579645e-10
-5.649637213777846068e-10
-5.038534034679494660e-10
-5.070193788288894777e-10
-4.631077572014032102e-10
-4.811954558303372079e-10
-4.353728423312418822e-10
-4.405109447208753295e-10
-4.048108340637548156e-10
-4.200947306249564308e-10
-3.852900512733872042e-10
-3.901640331904999746e-10
-3.631260405456565209e-10
-3.738269397347089160e-10
-3.485375868319365989e-10
-3.523005282955313754e-10
-3.317666445532225651e-10
-3.393656461367164833e-10
-3.204617392339480804e-10
-3.234048390768045447e-10
-3.076067511056685782e-10
-3.128313297380351821e-10
-2.985123729743321509e-10
-3.005697554541080649e-10
-2.882197502831287618e-10
-2.913886493046277205e-10
-2.802229182173129425e-10
-2.813331434383550706e-10
-2.714316130330299234e-10
-2.728929847427526052e-10
-2.638709119242097820e-10
-2.640647170368890173e-10
-2.558626917903346970e-10
-2.560886757073259502e-10
-2.485640933131791844e-10
-2.480294806242203518e-10
-2.411456434847660840e-10
-2.403557965352928347e-10
-2.338561456676430617e-10
-2.326288888583913584e-10
-2.264746631148436151e-10
-2.247012396540902854e-10
-2.186136337204092040e-10
-2.165176516782865903e-10
-2.106150649357105986e-10
-2.078904587698148729e-10
-2.019438991558183753e-10
-1.991070115187451355e-10
-1.933740832373542148e-10
-1.899816094121657891e-10
-1.841244707627425337e-10
-1.806900759883627744e-10
-1.749410379338685486e-10
-1.708557688165724655e-10
-1.647547773097777027e-10
-1.605217112129174957e-10
-1.544237813250375197e-10
-1.495668995808365393e-10
-1.431930532461452692e-10
-1.384356609495611742e-10
-1.322631303975177230e-10
-1.270352629110187022e-10
-1.205004211971654797e-10
-1.151423187739368412e-10
-1.085634485814344528e-10
-1.027258940798549033e-10
-9.596159818038197303e-11
-9.034866197017302387e-11
-8.384771691065633228e-11
-7.793378027584817164e-11
-7.117406879212586861e-11
-6.532087570903918274e-11
-5.877684447477855264e-11
-5.285532251216625972e-11
-4.642727111576789109e-11
-4.091437902251820717e-11
-3.487227052972063847e-11
-2.930965210049463101e-11
-2.333702941387457307e-11
-1.831096811368954105e-11
-1.310736033183362438e-11
-8.482156151566544449e-12
-3.537067889784415151e-12
5.883497711213294924e-13
4.731876096697766554e-12
8.150375122857401744e-12
1.164376901031436467e-11
1.440015190669770452e-11
1.716858094462560125e-11
1.913525778296292335e-11
2.098837159923154626e-11
2.222155342124334261e-11
2.341981582037723761e-11
2.382710719213326099e-11
2.418401312835539984e-11
2.398856168799404482e-11
2.375518592360183166e-11
2.292298320883598527e-11
2.211482384656743580e-11
2.101700368785532246e-11
1.988882371022783117e-11
1.841123211435815068e-11
1.730449518830074968e-11
1.592155683880574262e-11
1.473858781787652137e-11
1.362891160537467797e-11
1.287661848601372451e-11
1.202264268316541051e-11
1.173072281674449428e-11
1.145430841904621385e-11
1.159588751136823391e-11
1.191689489374713185e-11
1.247972840688990566e-11
1.320472201162594338e-11
1.417348238183441428e-11
1.508150407394751065e-11
1.618117642573724641e-11
1.706840192098215410e-11
1.804503104532076297e-11
1.867901070187826665e-11
1.926832276481132278e-11
1.949019319030435149e-11
1.961542863517067936e-11
1.938695462939514275e-11
1.907591727135183280e-11
1.852160468888604334e-11
1.800017587929961514e-11
1.738490510786382845e-11
1.692632870556221799e-11
1.652422016610589772e-11
1.639052159402093015e-11
1.638024950608098709e-11
1.663412531195838375e-11
1.697570976257367767e-11
1.747780041988449209e-11
1.793060821699179414e-11
1.837159105636739672e-11
1.862061221190932703e-11
1.874875112949082363e-11
1.863489741123055141e-11
1.841670743655862234e-11
1.806188680044224160e-11
1.775272087618352866e-11
1.748063808421605685e-11
1.739610439347501462e-11
1.744129553063939172e-11
1.767397446311219950e-11
1.794787011661889699e-11
1.824279543235924856e-11
1.840314988249353168e-11
1.844708099631394421e-11
1.830586134243937824e-11
1.810250699685917306e-11
1.786945821689641715e-11
1.775933100820254610e-11
1.776694970999462681e-11
1.792931375810830165e-11
1.812097977283067893e-11
1.829001050473313253e-11
1.831132077543805677e-11
1.822216093379788866e-11
1.804495235887052405e-11
1.792906326373538274e-11
1.791010624462672296e-11
1.802982666414446840e-11
1.816945471272803708e-11
1.826001248924449128e-11
1.820966667947826859e-11
1.809570263099817180e-11
1.799071274470088729e-11
1.801040695849052275e-11
1.810733332000584581e-11
1.821037094463579535e-11
1.819957866112742738e-11
1.811492410022599324e-11
1.803331263302596539e-11
1.806460495117968963e-11
1.814871153897723774e-11
1.819909681431719873e-11
1.814063408290868348e-11
1.807348082061227287e-11
1.807688729217778611e-11
1.815546013787468247e-11
1.817595779464431408e-11
1.812455225183869370e-11
1.807913152393144663e-11
1.812564182791579888e-11
1.816797531800608495e-11
1.814049330088200583e-11
1.809311841939683873e-11
1.812748559049075331e-11
1.816100638187935289e-11
1.813221408836973869e-11
1.810331882757478361e-11
1.814482157405755404e-11
1.814990034576587473e-11
1.811612911907608967e-11
1.812637587432779195e-11
1.815437335018791806e-11
1.812281587938800469e-11
1.812673367698287022e-11
1.814856255761926627e-11
1.812775827776478547e-11
1.812846570483005233e-11
1.814765058487369152e-11
1.812390134838547544e-11
1.813851550557363098e-11
1.813877467629848225e-11
1.812765666079804723e-11
1.814271592713016914e-11
1.813055166442424614e-11
1.813682788359398647e-11
1.813714533393394870e-11
1.813193599100089784e-11
1.814032912431079054e-11
1.813075130823931062e-11
1.814048985562537574e-11
1.813148172573333882e-11
1.813962032927357168e-11
1.813254251492048076e-11
1.813875810896198360e-11
1.813337236117945226e-11
1.813814409188339327e-11
1.813392246099880466e-11
1.813773745644016245e-11
1.813427077732004500e-11
1.813745843299972877e-11
1.813448996194610866e-11
1.813724927428656407e-11
1.813462637200844212e-11
1.813707572091753981e-11
1.813470660416592636e-11
1.813691843737219427e-11
1.813474558381748352e-11
1.813676635070555031e-11
1.813475175782597945e-11
1.813661278360845752e-11
1.813472995439673131e-11
1.813645338748455970e-11
1.813468289698666997e-11
1.813628505105633310e-11
1.813461200950182325e-11
1.813610531248324644e-11
1.813451785488514627e-11
1.813591203120734383e-11
1.813440038057322083e-11
1.813570319619002487e-11
1.813425905918663979e-11
1.813547680745859182e-11
1.813409296982637425e-11
1.813523079818392307e-11
1.813390084418269825e-11
1.813496297946797993e-11
1.813368109070096335e-11
1.813467099787995031e-11
1.813343180439336307e-11
1.813435229999452466e-11
1.813315076644476191e-11
1.813400410045956428e-11
1.813283543643520075e-11
1.813362335150341929e-11
1.813248293851240967e-11
1.813320671232180453e-11
1.813209004260662350e-11
1.813275051757908823e-11
1.813165314116147094e-11
1.813225074409832648e-11
1.813116822163794496e-11
1.813170297541957250e-11
1.813063083502108101e-11
1.813110236363449023e-11
1.813003606029943856e-11
1.813044358820780093e-11
1.812937846488069281e-11
1.812972081143665739e-11
1.812865206082828725e-11
1.812892763026224540e-11
1.812785025682403759e-11
1.812805702411546453e-11
1.812696580565511018e-11
1.812710129859519218e-11
1.812599074710473580e-11
1.812605202468859341e-11
1.812491634605452033e-11
1.812489997338400900e-11
1.812373302566578678e-11
1.812363504543783485e-11
1.812243029553694552e-11
1.812224619622669495e-11
1.812099667474640021e-11
1.812072135556521858e-11
1.811941960978374579e-11
1.811904734257334195e-11
1.811768538746053916e-11
1.811720977562003687e-11
1.811577904296348072e-11
1.811519297767301090e-11
1.811368426341394052e-11
1.811297987739708678e-11
1.811138328742729716e-11
1.811055190666846968e-11
1.810885680140893598e-11
1.810788889531067319e-11
1.810608383361870794e-11
