# bin_5_4
7.927668433520755897e-01
7.926568906155746497e-01
7.926677620359534604e-01
7.925570167313878978e-01
7.925594443408453538e-01
7.924472625497726019e-01
7.924410415233250626e-01
7.923267617105267391e-01
7.923116402779768475e-01
7.921945809863005783e-01
7.921702601495630436e-01
7.920497179813328348e-01
7.920158514101284242e-01
7.918910993674557197e-01
7.918472935666585055e-01
7.917175798378487395e-01
7.916633946932354338e-01
7.915279419908674008e-01
7.914628918172186278e-01
7.913208973894300113e-01
7.912444526212027984e-01
7.910950890783171596e-01
7.910066787622543893e-01
7.908490958757832257e-01
7.907481111392167250e-01
7.905814387915230945e-01
7.904672374765777665e-01
7.902905899479982788e-01
7.901625026114744710e-01
7.899749844038135294e-01
7.898323218861454942e-01
7.896330352770948302e-01
7.894750980365714543e-01
7.892631525491364819e-01
7.890892419357495857e-01
7.888637658722179591e-01
7.886731974701993719e-01
7.884333516072773440e-01
7.882254707072761102e-01
7.879704641570599577e-01
7.877446633091730321e-01
7.874737714271241584e-01
7.872295098736309393e-01
7.869420939122865333e-01
7.866789184944541491e-01
7.863744464677525636e-01
7.860920133290940637e-01
7.857700812471392071e-01
7.854681773186266147e-01
7.851285295805895403e-01
7.848070924242200874e-01
7.844496397132021404e-01
7.841087738271756979e-01
7.837336063559573462e-01
7.833735935306808118e-01
7.829809869612357476e-01
7.826022877556244595e-01
7.821926986203471266e-01
7.817959415711245308e-01
7.813699886303053788e-01
7.809559435129704852e-01
7.805143713221087687e-01
7.800839027887441768e-01
7.796275239714464123e-01
7.791815223845612870e-01
7.787111359264070609e-01
7.782504234084212102e-01
7.777667079314526388e-01
7.772919198004082375e-01
7.767953034934909073e-01
7.763067485833675674e-01
7.757972614369379460e-01
7.752947694378179433e-01
7.747718887233591145e-01
7.742546585714956686e-01
7.737171649061168610e-01
7.731836350072718300e-01
7.726295032264673956e-01
7.720772709992502758e-01
7.715036261863662537e-01
7.709294494648289975e-01
7.703326218683814730e-01
7.697325357183096850e-01
7.691082461545551974e-01
7.684778225388236850e-01
7.678215189212203029e-01
7.671562800447806474e-01
7.664636227398442525e-01
7.657595891750700323e-01
7.650270462771663338e-01
7.642813578977664113e-01
7.635068230631929520e-01
7.627183189160434695e-01
7.619016119741458537e-01
7.610712062942115441e-01
7.602142765998360918e-01
7.593449428455593120e-01
7.584515920386653010e-01
7.575477930770858626e-01
7.566227969860472857e-01
7.556893055098568013e-01
7.547369673926804801e-01
7.537772193240828145e-01
7.527996257224078835e-01
7.518140159550755763e-01
7.508095393062479417e-01
7.497943180998507540e-01
7.487570967222896279e-01
7.477046041892174699e-01
7.466256551159400345e-01
7.455263594077228273e-01
7.443964820167061625e-01
7.432425588069269118e-01
7.420562595795785477e-01
7.408453998619782821e-01
7.396040233189812296e-01
7.383412944192158101e-01
7.370530801812137378e-01
7.357488183313051211e-01
7.344245613707226505e-01
7.330881262976962631e-01
7.317337990281278515e-01
7.303662549219643862e-01
7.289772203737950873e-01
7.275685849880055844e-01
7.261310667911522465e-01
7.246664796690693855e-01
7.231678627368121060e-01
7.216402499966722006e-01
7.200812745152452843e-01
7.184996807831558474e-01
7.168958303731959303e-01
7.152781601560289637e-01
7.136444020357428641e-01
7.119976225209043719e-01
7.103299376206723137e-01
7.086397071759726884e-01
7.069181133422824947e-01
7.051664364340803903e-01
7.033827560684215996e-01
7.015759395369529638e-01
6.997496590039357089e-01
6.979126797701772356e-01
6.960628580426202472e-01
6.941991368321031031e-01
6.923111463043367664e-01
6.903956543245759470e-01
6.884488870315629283e-01
6.864793929701289432e-01
6.844936912696438780e-01
6.825012790792412964e-01
6.804988710819407371e-01
6.784811099966501224e-01
6.764364448063572288e-01
6.743651502086694949e-01
6.722723506697730889e-01
6.701718465622801268e-01
6.680662305504637688e-01
6.659510200096977472e-01
6.638121051799396044e-01
6.616477427678725265e-01
6.594652143493481278e-01
6.572794137930503267e-01
6.550887530502319533e-01
6.528821187536105741e-01
6.506475910071491953e-01
6.483948524520866119e-01
6.461368106160083613e-01
6.438748523135591206e-01
6.415903552617462369e-01
6.392786977758133649e-01
6.369526531853878515e-01
6.346239684290693184e-01
6.322757170162491835e-01
6.298964058382757747e-01
6.274977571861061199e-01
6.250934631932405505e-01
6.226637581458703830e-01
6.201997548522513171e-01
6.177187389294733766e-01
6.152245421910802481e-01
6.126918270747255812e-01
6.101309202905685902e-01
6.075561324624837445e-01
6.049474851436394962e-01
6.023017617642223431e-01
5.996432327100551518e-01
5.969482970169430747e-01
5.942195170564762430e-01
5.914756218788836950e-01
5.886945591640100339e-01
5.858864309496544243e-01
5.830633257476096620e-01
5.801997789365520575e-01
5.773282368912426854e-01
5.744245814892514623e-01
5.715040294380189234e-01
5.685662149101177176e-01
5.656037891031613363e-01
5.626321091442220146e-01
5.596342522356113625e-01
5.566278584924416739e-01
5.535963460476782672e-01
5.505532538735856685e-01
5.474854468229024551e-01
5.444017017407917214e-01
5.412922249029400446e-01
5.381625175424047391e-01
5.350055366918501365e-01
5.318252577801779735e-01
5.286170913025138862e-01
5.253848156680673842e-01
5.221260911852667608e-01
5.188451111989919040e-01
5.155412646844131919e-01
5.122189325625073897e-01
5.088782030567231551e-01
5.055227588804384053e-01
5.021521120722003406e-01
4.987682968195767952e-01
4.953694103917044567e-01
4.919556369791254768e-01
4.885239455131999420e-01
4.850736844975473416e-01
4.816021277642445475e-01
4.781095307473779421e-01
4.745950213798804107e-01
4.710608258928729586e-01
4.675080798927701564e-01
4.639401627945886064e-01
4.603584834944105530e-01
4.567653974828158048e-01
4.531605313656856260e-01
4.495439867438144610e-01
4.459136265062467741e-01
4.422686750569849168e-01
4.386075164929573722e-01
4.349309110722618388e-01
4.312393523638405890e-01
4.275352704003171356e-01
4.238198649312368005e-01
4.200949359624751578e-01
4.163602285271352788e-01
4.126158953017732833e-01
4.088607464524661173e-01
4.050949716637411435e-01
4.013183350652797521e-01
3.975322331860120517e-01
3.937374221294668297e-01
3.899356620373595206e-01
3.861274954085041067e-01
3.823138748430969236e-01
3.784941860531623181e-01
3.746682316505739463e-01
3.708351394352109587e-01
3.669959522451461953e-01
3.631522088715288255e-01
3.593066406121967482e-01
3.554598784169640813e-01
3.516113306594610410e-01
3.477590316187618158e-01
3.439035624846656369e-01
3.400470895585720466e-01
3.361924824480118090e-01
3.323393485820543836e-01
3.284863526888012752e-01
3.246331394611323695e-01
3.207826591372724967e-01
3.169367180191215994e-01
3.130950108165299617e-01
3.092559967209004834e-01
3.054212086118808234e-01
3.015927586162513441e-01
2.977717156100483376e-01
2.939571158910081472e-01
2.901494503572045192e-01
2.863498460665681589e-01
2.825599459977938821e-01
2.787794748489270669e-01
2.750085644502047733e-01
2.712486259678966727e-01
2.675013136167642136e-01
2.637651937545950065e-01
2.600416725991625544e-01
2.563331218607634576e-01
2.526387521944041814e-01
2.489586256080903448e-01
2.452954401860372724e-01
2.416482053714890943e-01
2.380182737614180422e-01
2.344063968141218424e-01
2.308129621569697809e-01
2.272386508557090734e-01
2.236848070804186850e-01
2.201513819162727315e-01
2.166394402511018225e-01
2.131497555844674985e-01
2.096825953750614258e-01
2.062390770259052708e-01
2.028192951750351913e-01
1.994247018932187032e-01
1.960553744502004092e-01
1.927123629421648998e-01
1.893961598476525954e-01
1.861074279944979759e-01
1.828467106883760462e-01
1.796147837213502574e-01
1.764121793986075382e-01
1.732395515377522233e-01
1.700975089732009726e-01
1.669865280291002729e-01
1.639073138381962613e-01
1.608603859526089308e-01
1.578463538053226645e-01
1.548657308522160825e-01
1.519190196454102137e-01
1.490067362531334871e-01
1.461293946445529901e-01
1.432874582622984116e-01
1.404813878956671092e-01
1.377116230372506800e-01
1.349786327646531892e-01
1.322827851154189382e-01
1.296245005623213320e-01
1.270041005428202696e-01
1.244219666139456809e-01
1.218783668604743325e-01
1.193736449657209209e-01
1.169080384405818129e-01
1.144818444644436078e-01
1.120952471670662171e-01
1.097485041031952963e-01
1.074417312791847295e-01
1.051751272082284833e-01
1.029487698225235309e-01
1.007627922202905119e-01
9.861720082270979126e-02
9.651209436592467217e-02
9.444743972997349246e-02
9.242326477939351304e-02
9.043946823101040033e-02
8.849601184372750395e-02
8.659274585422273296e-02
8.472957143045518891e-02
8.290626347366750193e-02
8.112266724318525912e-02
7.937851143569157886e-02
7.767357673953205477e-02
7.600752004405873785e-02
7.438007063372763239e-02
7.279084561571809442e-02
7.123950165181228145e-02
6.972557138969071033e-02
6.824866444918985253e-02
6.680828957321585659e-02
6.540399283310614764e-02
6.403521244506762966e-02
6.270144587331090424e-02
6.140209753327740411e-02
6.013661197857249341e-02
5.890432730678270279e-02
5.770464835661780895e-02
5.653688688647392352e-02
5.540040569662740139e-02
5.429447229914980549e-02
5.321840392857159902e-02
5.217145660524204198e-02
5.115293030904718985e-02
5.016203007079229892e-02
4.919802708636747401e-02
4.826013241531795783e-02
4.734761512640384140e-02
4.645964846898682082e-02
4.559547743045698487e-02
4.475430475642980244e-02
4.393538644376167313e-02
4.313790268977511777e-02
4.236110143103063302e-02
4.160420164205112792e-02
4.086647515857932261e-02
4.014713242144448552e-02
3.944545480756614375e-02
3.876070000368082857e-02
3.809219070373229959e-02
3.743918105848014627e-02
3.680099968619077178e-02
3.617698371402944951e-02
3.556649854648601811e-02
3.496889002929311902e-02
3.438355449285834808e-02
3.380988473700990288e-02
3.324734978700040477e-02
3.269536979639397350e-02
3.215342027489303395e-02
3.162099198351408375e-02
3.109763474454515370e-02
3.058286059897338469e-02
3.007623631487483032e-02
2.957734646791581115e-02
2.908583334266176892e-02
2.860128997507106405e-02
2.812337570486662594e-02
2.765177069262280893e-02
2.718620965962498942e-02
2.672636746030222776e-02
2.627197762715109686e-02
2.582280675792701652e-02
2.537868057063750321e-02
2.493935364503510957e-02
2.450463540681903016e-02
2.407436077857512749e-02
2.364841969778348069e-02
2.322663268049782528e-02
2.280887538869718484e-02
2.239505075643340171e-02
2.198510639650978066e-02
2.157892260021768496e-02
2.117641998791367983e-02
2.077754844254783156e-02
2.038230266256899417e-02
1.999060414354039347e-02
1.960241295097566935e-02
1.921771907141702623e-02
1.883655060686717161e-02
1.845886978545466586e-02
1.808466031837307336e-02
1.771393591915181379e-02
1.734675042794756386e-02
1.698308748454172012e-02
1.662295141001127532e-02
1.626636504354351739e-02
1.591340749754024952e-02
1.556407091303316573e-02
1.521837460379921528e-02
1.487634994155097659e-02
1.453808457501268823e-02
1.420357660594369180e-02
1.387285034865354087e-02
1.354593753951231251e-02
1.322292613216921771e-02
1.290382235041711255e-02
1.258864494746808789e-02
1.227742200091292216e-02
1.197024300893289629e-02
1.166710949911072340e-02
1.136803827482247946e-02
1.107304509711745308e-02
1.078221765095987821e-02
1.049555537438907719e-02
1.021306384946858888e-02
9.934751531810989689e-03
9.660701071957962863e-03
9.390907591531745882e-03
9.125364664410674440e-03
8.864071869438871001e-03
8.607109222659021369e-03
8.354464353569712384e-03
8.106121990842655306e-03
7.862069374157877599e-03
7.622377530835111603e-03
7.387037992312782235e-03
7.156024274333589244e-03
6.929313335212365123e-03
6.706970921751997244e-03
6.488982800860277310e-03
6.275318291126976908e-03
6.065941363576836214e-03
5.860911940417567502e-03
5.660213972410081153e-03
5.463803921995593303e-03
5.271628745912115485e-03
5.083741985934274454e-03
4.900124829530047577e-03
4.720722947533876127e-03
4.545473083300416439e-03
4.374414912148877344e-03
4.207524630927019643e-03
4.044738343989839197e-03
3.885982848591412048e-03
3.731292638341896038e-03
3.580640110795935745e-03
3.433958840347473875e-03
3.291174659519497184e-03
3.152319209649187114e-03
3.017374814027559086e-03
2.886277789354783820e-03
2.758953833711832830e-03
2.635438249046546770e-03
2.515720083730804777e-03
2.399739247364348314e-03
2.287423555864836165e-03
2.178797642803512787e-03
2.073847433888830437e-03
1.972505964232756839e-03
1.874693431755627103e-03
1.780410071370518068e-03
1.689626651607648326e-03
1.602256409783849034e-03
1.518195675322497537e-03
1.437416608605904993e-03
1.359864399917588753e-03
1.285435672335934459e-03
1.214023246742557648e-03
1.145586063931285916e-03
1.080080724380401772e-03
1.017433154589239726e-03
9.575819007101753818e-04
9.005319182276565497e-04
8.462978001650539855e-04
7.948596132652164690e-04
7.462014729746446317e-04
7.003163115463803632e-04
6.571671025592832824e-04
6.166457079131375902e-04
5.786104219229225082e-04
5.428882771530442724e-04
5.092917854844416364e-04
4.776074893029536332e-04
4.476624582616854186e-04
4.193264344263130414e-04
3.925330542588483136e-04
3.672317199040106258e-04
3.434040988112034218e-04
3.209825902554082279e-04
2.998339101088523225e-04
2.796958620221662653e-04
2.602212221628021397e-04
2.409685147656178957e-04
2.215165516999876129e-04
2.015157450405150789e-04
1.808245570550674947e-04
1.594877521030267078e-04
1.377934056746466939e-04
1.161782365833561480e-04
9.518697217763474742e-05
7.529844833691811063e-05
5.690246400075774986e-05
4.022415315515028461e-05
2.536973181388313736e-05
1.230062689405862903e-05
9.216248104062259848e-07
-8.908379259714889408e-06
-1.732917779461464581e-05
-2.454524437697711613e-05
-3.079475665063628818e-05
-3.635145303578298540e-05
-4.146488701331731743e-05
-4.635367407283569086e-05
-5.113165215621829908e-05
-5.578484798770229412e-05
-6.016472170121072398e-05
-6.407373530143080809e-05
-6.731644786447572057e-05
-6.975985200418639398e-05
-7.135627342448807393e-05
-7.216881335642823345e-05
-7.232082053668515949e-05
-7.193599412241110833e-05
-7.108882170245825374e-05
-6.982356635441141980e-05
-6.817624199837739774e-05
-6.619839960319250094e-05
-6.397132584304150130e-05
-6.161240805010865487e-05
-5.924401236777693193e-05
-5.694663609998151229e-05
-5.473833970239149111e-05
-5.259245447709685309e-05
-5.046963717056326032e-05
-4.833357586078559692e-05
-4.616641232613406316e-05
-4.398532994125558431e-05
-4.183127525056408777e-05
-3.973395086383210354e-05
-3.770813845385730524e-05
-3.575485063741412801e-05
-3.385801385992996812e-05
-3.200722927935523371e-05
-3.021140950740669269e-05
-2.848049065918471120e-05
-2.682877053873540180e-05
-2.526527851201619033e-05
-2.377204028253407863e-05
-2.234314847850969900e-05
-2.098945307168689298e-05
-1.970944516590141581e-05
-1.850874715665292930e-05
-1.738587379326715670e-05
-1.631500359749545571e-05
-1.529453008227991593e-05
-1.433504384211532987e-05
-1.343894026805604155e-05
-1.260044465363024055e-05
-1.181478145952793078e-05
-1.107195244068659251e-05
-1.037496982539173993e-05
-9.727320675559528531e-06
-9.105879407652271143e-06
-8.507159704690026063e-06
-7.948633479122599985e-06
-7.429660077481214783e-06
-6.941071850798376492e-06
-6.478790077978074049e-06
-6.048517330734398486e-06
-5.630721915390915998e-06
-5.232356899984826266e-06
-4.874273767798216205e-06
-4.540069129386857827e-06
-4.216889242993903338e-06
-3.917878320711902738e-06
-3.639825048928515914e-06
-3.373228932415484988e-06
-3.130700132647797244e-06
-2.904607706558206469e-06
-2.684527343745254383e-06
-2.486562486887472965e-06
-2.304817877697536174e-06
-2.132178110315699024e-06
-1.959627228098702984e-06
-1.811155142822918376e-06
-1.676781330940731749e-06
-1.541527743121078204e-06
-1.416498235062202462e-06
-1.304429213879937787e-06
-1.203836736325262005e-06
-1.100599447089219570e-06
-1.009102863429311356e-06
-9.246054894053576890e-07
-8.499125405301466662e-07
-7.763661880317304354e-07
-7.072673877618217013e-07
-6.464519513717667359e-07
-5.906774649280621355e-07
-5.390213270568612305e-07
-4.871485838567278874e-07
-4.438682429807528663e-07
-4.030518582219282067e-07
-3.659647521771567379e-07
-3.295347873285219543e-07
-2.980185824796687849e-07
-2.691336319310674743e-07
-2.414582572054265826e-07
-2.168197917370165905e-07
-1.939757273815935358e-07
-1.739906209096623887e-07
-1.540544529335483724e-07
-1.372172254154320994e-07
-1.210904295471514694e-07
-1.073143324051863669e-07
-9.340769038592094156e-08
-8.181949212933114226e-08
-7.063251499428704947e-08
-6.156713439882903104e-08
-5.220796009872408604e-08
-4.416862958478901976e-08
-3.638563914170905522e-08
-3.089066658439764458e-08
-2.482532367897345718e-08
-1.918027568236788480e-08
-1.389881662498358951e-08
-1.089413103203803875e-08
-7.169854449411292850e-09
-3.240898395904617778e-09
3.092092859584679068e-10
1.587636555879483623e-09
3.651736859330590149e-09
6.370915671059118441e-09
8.697171915510645904e-09
8.894597390792866296e-09
9.776953895131036900e-09
1.162476988651557063e-08
1.317199894358040604e-08
1.266050757497233557e-08
1.275234796000150188e-08
1.397068036825632579e-08
1.496065113301017136e-08
1.407169481809882317e-08
1.371651193883361803e-08
1.442806616356662294e-08
1.507070563913110423e-08
1.397524055258246861e-08
1.337070118667525039e-08
1.373606554836049818e-08
1.412782791784723624e-08
1.299675941173988649e-08
1.227859142304056415e-08
1.239933183047561739e-08
1.257545953964354672e-08
1.153478458254143786e-08
1.077843866945554840e-08
1.074615732959808032e-08
1.076820199939851470e-08
9.847776894425967268e-09
9.114817465452509509e-09
8.991911112914129178e-09
8.897121647330330915e-09
8.126649828117379238e-09
7.443263355809695207e-09
7.285330521250559307e-09
7.092116243534451675e-09
6.477747247103832064e-09
5.861132260335575740e-09
5.694425371430645269e-09
5.433546463490306035e-09
4.967366331526301641e-09
4.414786164748908074e-09
4.255325195881142800e-09
3.968874624743011519e-09
3.625922946114635816e-09
3.130450191246484564e-09
2.995054267885108563e-09
2.709177242350046233e-09
2.453297217350873665e-09
2.022508067871008085e-09
1.913812106830757698e-09
1.634761776502208378e-09
1.460284107209496644e-09
1.082693513034784461e-09
1.003353654279174032e-09
7.453839668951444510e-10
6.250920532261421056e-10
3.053257033358397505e-10
2.449714427881407125e-10
2.008636781995909160e-11
-6.529003570268998438e-11
-3.244816482750861199e-10
-3.756561058103049830e-10
-5.610950174511149079e-10
-6.260815938198582610e-10
-8.299177169925597259e-10
-8.726079876603551948e-10
-1.021537520458454190e-09
-1.069938032641650546e-09
-1.227889607198800942e-09
-1.261995937160285745e-09
-1.378882516387872618e-09
-1.413635089020854043e-09
-1.533090074769504003e-09
-1.558863256893732876e-09
-1.648424925901731815e-09
-1.672057123815095440e-09
-1.760015213827019193e-09
-1.777580647626581192e-09
-1.844140387283120401e-09
-1.858166647126214671e-09
-1.920315796036904633e-09
-1.929436638724265224e-09
-1.976141974837851890e-09
-1.981179034938626838e-09
-2.021789688763127551e-09
-2.022247819125990138e-09
-2.051877988596813503e-09
-2.048640311661560597e-09
-2.071381590300020255e-09
-2.063694722134943928e-09
-2.078896160115533746e-09
-2.067806893803894807e-09
-2.075700427915208137e-09
-2.060507429260686523e-09
-2.063125921192695710e-09
-2.044954687174598004e-09
-2.040526692904510432e-09
-2.017786725769743371e-09
-2.009204937347961072e-09
-1.983365673631192497e-09
-1.967261102822172360e-09
-1.936648007534567457e-09
-1.917222560544886568e-09
-1.884213800953963021e-09
-1.858049176655590162e-09
-1.820522957440858062e-09
-1.791970079833061419e-09
-1.752351533564009045e-09
-1.717517159604120504e-09
-1.673192931264844059e-09
-1.636092165057782816e-09
-1.589638376700686443e-09
-1.546585469915756840e-09
-1.495580441274956034e-09
-1.450731528344941881e-09
-1.398278070582730687e-09
-1.348691976444029701e-09
-1.292694971474404176e-09
-1.242112826610825299e-09
-1.185114346118354262e-09
-1.130273920035344347e-09
-1.069958361733277801e-09
-1.014594145091137174e-09
-9.544201192320387110e-10
-8.968641110748231332e-10
-8.353267784147989080e-10
-7.785931705620000057e-10
-7.181417691325150010e-10
-6.604091694305471751e-10
-5.998528733412689224e-10
-5.444607800608383690e-10
-4.870589480247287288e-10
-4.332576115503935807e-10
-3.779786819491477518e-10
-3.279986138962483832e-10
-2.771734204318030860e-10
-2.309407072718945586e-10
-1.848435401389376305e-10
-1.446663681450534876e-10
-1.049518889954577138e-10
-7.035934828618139707e-11
-3.691391353293232097e-11
-9.929871214952554437e-12
1.548681453031939668e-11
3.535232293671587785e-11
5.354007881423346837e-11
6.539363618647777344e-11
7.535107686508341538e-11
7.999262877420821640e-11
8.310827055965903604e-11
8.074526704055597437e-11
7.715180913186987363e-11
6.929448505987549273e-11
6.092328678449597806e-11
4.902276847647673577e-11
3.737950958463488011e-11
2.343390703061578346e-11
1.087734034524356605e-11
-2.824993929585325381e-12
-1.449865314918174836e-11
-2.610596616709545187e-11
-3.430016368332803384e-11
-4.206566148106197409e-11
-4.616742575096086326e-11
-4.848473382375353426e-11
-4.737950287377911399e-11
-4.475285119972633749e-11
-3.865111724263470045e-11
-3.209565388084000204e-11
-2.238371778117214647e-11
-1.334503776257433536e-11
-2.805781844235325041e-12
6.484410549186097643e-12
1.546190605183239008e-11
2.235113152539710362e-11
2.755764798133782863e-11
3.027726951422770203e-11
3.094805834529803959e-11
2.902763356107579129e-11
2.552193683234241578e-11
2.027980864904114361e-11
1.470880401092074013e-11
8.779317835334489785e-12
3.975554016230871988e-12
9.300205837504443250e-14
-1.492106651309506755e-12
-1.457550427838964063e-12
8.932544869051365976e-13
4.415876125911583879e-12
9.229921186325932022e-12
1.384876458956997816e-11
1.813402474060054134e-11
2.068741592788676541e-11
2.183842899131457136e-11
2.077985241397673866e-11
1.851576515063600900e-11
1.502687589969314340e-11
1.185795689625899967e-11
9.183006627818161267e-12
8.271237230177952137e-12
8.774189624652294935e-12
1.101775369051922427e-11
1.377478308571449850e-11
1.666783341421826418e-11
1.831570316248935511e-11
1.868863314643972408e-11
1.731256707020227403e-11
1.524577162803938802e-11
1.295005534539418968e-11
1.180851159107396454e-11
1.190093218007569646e-11
1.348841304552048581e-11
1.543386925814005290e-11
1.707176152552448463e-11
1.731157091080764949e-11
1.638860618660046996e-11
1.465863707368095081e-11
1.345862498321040564e-11
1.329213863253814495e-11
1.445703087669256213e-11
1.587783562288613149e-11
1.674934496470468820e-11
1.626693687396220414e-11
1.510595497577101504e-11
1.408329769930410711e-11
1.425243197932800931e-11
1.523296196320035588e-11
1.624424459421459347e-11
1.615561085845083595e-11
1.528852702070179019e-11
1.448934984784189968e-11
1.478494033774785247e-11
1.563969011895387684e-11
1.612328781922517952e-11
1.555555342862604987e-11
1.486888915969704113e-11
1.491769142712310408e-11
1.568602312674797524e-11
1.590210068155466303e-11
1.537628191843319839e-11
1.493650494763546792e-11
1.538523540952546999e-11
1.582021108253843288e-11
1.553324979706972779e-11
1.507245152579867048e-11
1.540283250562732580e-11
1.574764600780745929e-11
1.545005691071137454e-11
1.517148845587136911e-11
1.557490059218523312e-11
1.563528611459709136e-11
1.528871061995360468e-11
1.539987127619114717e-11
1.566957288263192607e-11
1.536425438746451019e-11
1.539353846457838315e-11
1.562047864509449598e-11
1.540387881835202588e-11
1.541960237960976528e-11
1.560215580135297045e-11
1.537401852044546268e-11
1.551091440932875343e-11
1.552226306783347873e-11
1.540273575896428295e-11
1.556139954841800502e-11
1.543185987927255626e-11
1.550258630641059963e-11
1.549787966962709641e-11
1.545383962813706117e-11
1.552990020841920665e-11
1.544216606442149853e-11
1.553181557533500393e-11
1.544966188520641527e-11
1.552352104416519748e-11
1.546051211768361165e-11
1.551536990555863544e-11
1.546911996796408836e-11
1.550976508866109869e-11
1.547500340517497332e-11
1.550630006736923372e-11
1.547894514739806907e-11
1.550418139239983048e-11
1.548167500538181343e-11
1.550283674595752871e-11
1.548366083234601043e-11
1.550192933081171886e-11
1.548517394690989941e-11
1.550127230228347324e-11
1.548636999225747110e-11
1.550076226440943494e-11
1.548734085322934644e-11
1.550034069671926050e-11
1.548814328021968228e-11
1.549997337130619243e-11
1.548881407833383922e-11
1.549963952374627461e-11
1.548937823036264924e-11
1.549932606596706585e-11
1.548985336745857477e-11
1.549902440468829537e-11
1.549025232398850905e-11
1.549872863439054221e-11
1.549058465759414757e-11
1.549843447690228275e-11
1.549085758966641098e-11
1.549813863941838053e-11
1.549107660895222753e-11
1.549783841444585719e-11
1.549124587159959207e-11
1.549753142339926387e-11
1.549136847382869487e-11
1.549721544745339350e-11
1.549144664193724063e-11
1.549688831264741551e-11
1.549148186676827943e-11
1.549654780881991565e-11
1.549147499980137132e-11
1.549619163016547732e-11
1.549142632166828275e-11
1.549581732910703875e-11
1.549133559038133542e-11
1.549542227858805052e-11
1.549120207406187021e-11
1.549500363923394161e-11
1.549102457154275075e-11
1.549455832909101883e-11
1.549080142312232849e-11
1.549408299431734459e-11
1.549053051317258844e-11
1.549357397981289754e-11
1.549020926568675256e-11
1.549302729877587521e-11
1.548983463368662134e-11
1.549243860083605521e-11
1.548940308304900209e-11
1.549180313812981451e-11
1.548891057122188003e-11
1.549111572905042870e-11
1.548835252114932983e-11
1.549037071942459545e-11
1.548772379066499288e-11
1.548956194088623428e-11
1.548701863750356197e-11
1.548868266632256127e-11
1.548623068017779109e-11
1.548772556231977615e-11
1.548535285482768826e-11
1.548668263856385879e-11
1.548437736824830506e-11
1.548554519427608146e-11
1.548329564731316105e-11
1.548430376176985510e-11
1.548209828510065869e-11
1.548294804741581836e-11
1.548077498407153158e-11
1.548146687029520880e-11
1.547931449680435853e-11
1.547984809911854923e-11
1.547770456492443768e-11
