# bin_4_4
1.218529377771193856e+00
1.218344553110829676e+00
1.218413348482444203e+00
1.218231373079408986e+00
1.218286785624278279e+00
1.218106684325224398e+00
1.218148701490429087e+00
1.217969492448345736e+00
1.217998033642525346e+00
1.217818724749557546e+00
1.217833641747530615e+00
1.217653227431684693e+00
1.217654304919470798e+00
1.217471763385244099e+00
1.217458719751314700e+00
1.217273010757393914e+00
1.217245499253387653e+00
1.217055562543703395e+00
1.217013172956067812e+00
1.216817927475446259e+00
1.216760188469929282e+00
1.216558532522959535e+00
1.216484914837874687e+00
1.216275727364480197e+00
1.216185648055946533e+00
1.215967791219447092e+00
1.215860619168160683e+00
1.215632942465082245e+00
1.215508005376033207e+00
1.215269351486463867e+00
1.215125944605759400e+00
1.214875157202502720e+00
1.214712553976452281e+00
1.214448487694052226e+00
1.214265952563275297e+00
1.213987485294478752e+00
1.213784288771809328e+00
1.213490336393124425e+00
1.213265772487918115e+00
1.212955306018083546e+00
1.212708711952755092e+00
1.212380777002516785e+00
1.212111554990522144e+00
1.211765293159464907e+00
1.211472933783584338e+00
1.211107605393250797e+00
1.210791711814882765e+00
1.210406719023553679e+00
1.210067030873027250e+00
1.209661939795255714e+00
1.209298355129276858e+00
1.208872915083067490e+00
1.208485508261863961e+00
1.208039665704110810e+00
1.207628698457940297e+00
1.207162602577317223e+00
1.206728524944312264e+00
1.206242521317141048e+00
1.205785958618258213e+00
1.205280566891566485e+00
1.204802288576205083e+00
1.204278159956917005e+00
1.203779026157992815e+00
1.203236876740834571e+00
1.202717758938342874e+00
1.202158275829562584e+00
1.201619949376854901e+00
1.201043668430607392e+00
1.200486677131370028e+00
1.199893834184600161e+00
1.199318330867352955e+00
1.198708692852231250e+00
1.198114265133564782e+00
1.197486953427288059e+00
1.196872450518172037e+00
1.196225776126683904e+00
1.195589160171894871e+00
1.194920498124531827e+00
1.194258751142348585e+00
1.193564488401906321e+00
1.192873611607375928e+00
1.192149206624098401e+00
1.191424350066436988e+00
1.190664539697385393e+00
1.189900293230983452e+00
1.189099470363663480e+00
1.188290328203838397e+00
1.187443087496013572e+00
1.186584065011434985e+00
1.185685872782443084e+00
1.184773205491377768e+00
1.183821095038064319e+00
1.182852891118595373e+00
1.181846025477956141e+00
1.180822687805917370e+00
1.179762586495589849e+00
1.178686791605743744e+00
1.177577014155160695e+00
1.176453065208688420e+00
1.175298215605447671e+00
1.174130706233491139e+00
1.172934794763777600e+00
1.171726745254269009e+00
1.170491214496372168e+00
1.169242143177574356e+00
1.167964173385463766e+00
1.166668847516009189e+00
1.165340767448147963e+00
1.163989467400861733e+00
1.162600011746934614e+00
1.161180835033764680e+00
1.159718427230235438e+00
1.158221336014524372e+00
1.156678526702768606e+00
1.155099654913984253e+00
1.153476664750781033e+00
1.151820426416752197e+00
1.150125216233434111e+00
1.148401930141860872e+00
1.146645303411941041e+00
1.144864142866038215e+00
1.143051416736729164e+00
1.141212148826744599e+00
1.139336627104881483e+00
1.137426519448194284e+00
1.135471172613627289e+00
1.133471986495334205e+00
1.131421118462202946e+00
1.129323450506991122e+00
1.127176510693834732e+00
1.124989242065577821e+00
1.122762428179420180e+00
1.120504556019751519e+00
1.118213603885134688e+00
1.115891905161276787e+00
1.113531255941440756e+00
1.111128612099510082e+00
1.108674881220518271e+00
1.106170289682046670e+00
1.103613712442848893e+00
1.101013948009958332e+00
1.098376368890692900e+00
1.095709680662617647e+00
1.093012863704118320e+00
1.090283568648891643e+00
1.087511666219144857e+00
1.084692420612534125e+00
1.081823353797303877e+00
1.078913140674796267e+00
1.075971137611428041e+00
1.073007202927408699e+00
1.070019809344195938e+00
1.067002145850882711e+00
1.063943534691687454e+00
1.060843655731806612e+00
1.057710859348060417e+00
1.054560230813741839e+00
1.051397410668488464e+00
1.048216910968956306e+00
1.045005603712544362e+00
1.041761152874425500e+00
1.038494666442876913e+00
1.035222614127679241e+00
1.031946058916442643e+00
1.028651996228221233e+00
1.025329699359335045e+00
1.021989503352068507e+00
1.018648529136265024e+00
1.015307460768798631e+00
1.011947445044200089e+00
1.008561989788648416e+00
1.005167283377491838e+00
1.001774848783336003e+00
9.983667545673010624e-01
9.949276855388553553e-01
9.914714825958609312e-01
9.880106975445995809e-01
9.845229575980724013e-01
9.809947221790956684e-01
9.774449535321652061e-01
9.738740430453158847e-01
9.702523947226003864e-01
9.665875224325872761e-01
9.628945465022643591e-01
9.591468319224771832e-01
9.553399512238961444e-01
9.514977971935676404e-01
9.475935809038503743e-01
9.436275821924594576e-01
9.396219325197179284e-01
9.355503534592932713e-01
9.314265531002565712e-01
9.272642603830961727e-01
9.230383146881202538e-01
9.187867153153841393e-01
9.144868178545010329e-01
9.101578716961185034e-01
9.058043589316741029e-01
9.014198707363849650e-01
8.970259450376897314e-01
8.926041545584337822e-01
8.881768859919926262e-01
8.837240189899858711e-01
8.792609294129359876e-01
8.747690182175288376e-01
8.702560435094709446e-01
8.657054453561899843e-01
8.611201890130344427e-01
8.564866876843234555e-01
8.518070275838103278e-01
8.470723327370889288e-01
8.422872651193465954e-01
8.374489636955617655e-01
8.325661782066564598e-01
8.276413359904161160e-01
8.226857905164788320e-01
8.177038089763577489e-01
8.127052396325508132e-01
8.076912577180141994e-01
8.026658691951059632e-01
7.976238579628817105e-01
7.925623456773347453e-01
7.874711702933299140e-01
7.823447946822160715e-01
7.771743077593359361e-01
7.719586304996262083e-01
7.666963178881001095e-01
7.613944491615884935e-01
7.560588143614055401e-01
7.507002136201259557e-01
7.453238347841870670e-01
7.399351480923452851e-01
7.345312551907335896e-01
7.291091101459999946e-01
7.236602352527474746e-01
7.181807291665065485e-01
7.126665854682768808e-01
7.071215028292352489e-01
7.015490913233022319e-01
6.959569887706780200e-01
6.903476122715511698e-01
6.847230142091921268e-01
6.790791525082252589e-01
6.734142485792641297e-01
6.677251640698917967e-01
6.620143530954899491e-01
6.562830321424804048e-01
6.505349333003795920e-01
6.447694837740522988e-01
6.389880912381705746e-01
6.331903228391495553e-01
6.273797335150242960e-01
6.215566201208948538e-01
6.157208549775099460e-01
6.098672174609137686e-01
6.039949392488429547e-01
5.981069009181834151e-01
5.922128553680875429e-01
5.863165962516144747e-01
5.804150809101763508e-01
5.744983316084566471e-01
5.685656852936106231e-01
5.626249484360388298e-01
5.566865042374044004e-01
5.507470095021694823e-01
5.447986110764124756e-01
5.388396128737490409e-01
5.328810295572922184e-01
5.269270098146335846e-01
5.209724111961424597e-01
5.150115907669063908e-01
5.090516142514833753e-01
5.030970282375415437e-01
4.971468229559685703e-01
4.911986372745758000e-01
4.852558550550561400e-01
4.793177312982544458e-01
4.733871105101411514e-01
4.674656298034065571e-01
4.615516040035237411e-01
4.556456909831233526e-01
4.497552223672393046e-01
4.438735392539188140e-01
4.380020844328548768e-01
4.321499399634957106e-01
4.263117251135300489e-01
4.204859785579907472e-01
4.146823549414861976e-01
4.088935686686437365e-01
4.031256848629323764e-01
3.973779479560929362e-01
3.916510581900430332e-01
3.859467270518068260e-01
3.802663696935402182e-01
3.746106730029256093e-01
3.689798498831488027e-01
3.633770869779850421e-01
3.578008403157366679e-01
3.522547157371442306e-01
3.467370000319185408e-01
3.412518735462350961e-01
3.357977772280063555e-01
3.303774774329674147e-01
3.249911884151977515e-01
3.196403999570398557e-01
3.143256166324702727e-01
3.090486040483633179e-01
3.038097882216607704e-01
2.986105526618331729e-01
2.934517937292120404e-01
2.883343690820519001e-01
2.832594738308151783e-01
2.782280127903347666e-01
2.732409592485777750e-01
2.682993466912059199e-01
2.634039583033738197e-01
2.585558709941734867e-01
2.537558814518676709e-01
2.490049752347556489e-01
2.443039497497253021e-01
2.396537313844759598e-01
2.350551653550807252e-01
2.305090284871723627e-01
2.260161387371641128e-01
2.215772219833334888e-01
2.171930764783171763e-01
2.128643227130659066e-01
2.085917430152520735e-01
2.043759363007454921e-01
2.002176210527548128e-01
1.961172987430910841e-01
1.920756472626477529e-01
1.880930970329886542e-01
1.841702793225824530e-01
1.803075660515442158e-01
1.765054928182566152e-01
1.727643466216543522e-01
1.690846276272679194e-01
1.654665443705516659e-01
1.619105007541547236e-01
1.584166218813772287e-01
1.549852239786327635e-01
1.516163717221564178e-01
1.483103054827911993e-01
1.450669856300147997e-01
1.418865585500753979e-01
1.387689209088124875e-01
1.357141306680513249e-01
1.327219665423616524e-01
1.297923969460265115e-01
1.269251368610633812e-01
1.241200527179779634e-01
1.213767280679809296e-01
1.186949444616510335e-01
1.160742396792386055e-01
1.135142840797954411e-01
1.110144928874606807e-01
1.085744509519952494e-01
1.061935030438686534e-01
1.038711496174221788e-01
1.016066144642540359e-01
9.939930228537363632e-02
9.724838626023618593e-02
9.515317980726564762e-02
9.311275087073382639e-02
9.112633007452168588e-02
8.919293547520695808e-02
8.731171948142434081e-02
8.548159591247353473e-02
8.370163285822038168e-02
8.197071321131588206e-02
8.028786129536216731e-02
7.865186906095193720e-02
7.706169303105143975e-02
7.551613032615123178e-02
7.401411396609025584e-02
7.255436810798311653e-02
7.113577576091095755e-02
6.975707666671750184e-02
6.841714008203333974e-02
6.711463587955517063e-02
6.584839317333672504e-02
6.461711243062494281e-02
6.341964024382436282e-02
6.225463893505168295e-02
6.112094667329617814e-02
6.001733193868118849e-02
5.894267394819358713e-02
5.789572438657374781e-02
5.687537246729260088e-02
5.588040894929253294e-02
5.490976911567772151e-02
5.396223846088824688e-02
5.303675449076417775e-02
5.213222280491379423e-02
5.124771627233810911e-02
5.038219398125859394e-02
4.953475697477099232e-02
4.870444468273336935e-02
4.789042272804211464e-02
4.709171312994630404e-02
4.630750723202468888e-02
4.553701142232105537e-02
4.477959614424330964e-02
4.403450334839980468e-02
4.330109063373618894e-02
4.257868244053296392e-02
4.186674094794209239e-02
4.116461493575558628e-02
4.047183094599970249e-02
3.978792180950217056e-02
3.911253332227534324e-02
3.844514258888108438e-02
3.778536142474770571e-02
3.713283187794267498e-02
3.648734297843745505e-02
3.584854449745560057e-02
3.521618104204815580e-02
3.458999520362408819e-02
3.396985901254764156e-02
3.335551734552185538e-02
3.274683009910290404e-02
3.214366105304335836e-02
3.154596695988214766e-02
3.095356410135898309e-02
3.036638073780986366e-02
2.978436976140786535e-02
2.920755751888588769e-02
2.863581249801641637e-02
2.806912991441635336e-02
2.750750473798546647e-02
2.695100233317043389e-02
2.639955394692145019e-02
2.585320955150215844e-02
2.531195783362784682e-02
2.477591953323630969e-02
2.424508281664149514e-02
2.371946887403390131e-02
2.319911377018386150e-02
2.268416723802562859e-02
2.217459466587944419e-02
2.167048769619686621e-02
2.117184606246898249e-02
2.067882663344057861e-02
2.019145928659233508e-02
1.970975670756372825e-02
1.923378301331954421e-02
1.876367253942615512e-02
1.829943321190729069e-02
1.784111899459375761e-02
1.738873529869016873e-02
1.694245134034837175e-02
1.650225670817428644e-02
1.606818885002681344e-02
1.564025344436768480e-02
1.521860028784473989e-02
1.480322630039059874e-02
1.439414299564667314e-02
1.399134310077975417e-02
1.359496114701082455e-02
1.320499264449174516e-02
1.282143111877972509e-02
1.244425524036285938e-02
1.207359159133108636e-02
1.170942662920465560e-02
1.135174422605949099e-02
1.100049933742968528e-02
1.065580505253266308e-02
1.031764851097066032e-02
9.985992601751397801e-03
9.660771354416763587e-03
9.342093490597716196e-03
9.029938480160705841e-03
8.724250587471773719e-03
8.424946281601768810e-03
8.132116919111932393e-03
7.845739034060848771e-03
7.565740688462966809e-03
7.292017423162100442e-03
7.024647999004345576e-03
6.763596093973362269e-03
6.508775584504585855e-03
6.260068500582606325e-03
6.017539446187893624e-03
5.781153610075442234e-03
5.550813132734781427e-03
5.326386309160633520e-03
5.107935005154887881e-03
4.895434180783721917e-03
4.688784040674815606e-03
4.487855981476618523e-03
4.292711829355564529e-03
4.103335266047935907e-03
3.919624465408704656e-03
3.741444942598493636e-03
3.568838675588993561e-03
3.401786302576477721e-03
3.240170200010379468e-03
3.083835797518674413e-03
2.932789943162076533e-03
2.786984090083603500e-03
2.646280550005713703e-03
2.510518278811877443e-03
2.379683654487887556e-03
2.253738285913459496e-03
2.132577561931007452e-03
2.016090455890437710e-03
1.904299826547855689e-03
1.797219675171416679e-03
1.694786461324855912e-03
1.596923444954675411e-03
1.503629547763126991e-03
1.414851437683895376e-03
1.330441978319338000e-03
1.250214520469363931e-03
1.174020168196630897e-03
1.101703079134321592e-03
1.033065038595235409e-03
9.679582576388395072e-04
9.063165146973825885e-04
8.481464240676567842e-04
7.934385466338442433e-04
7.422026957448810526e-04
6.944035656271489720e-04
6.499417595813597416e-04
6.085334993036980739e-04
5.697937438784161923e-04
5.332125244797865631e-04
4.982729888922457755e-04
4.644471513643371819e-04
4.313682946953135153e-04
3.987997361433333310e-04
3.667297086721759466e-04
3.352532346112969529e-04
3.046080223200518886e-04
2.750038666556489479e-04
2.466392792791567072e-04
2.196049678103055905e-04
1.939609933910074128e-04
1.696554452598008462e-04
1.466231819662759184e-04
1.247450219788508402e-04
1.039095572805327392e-04
8.391714074483592784e-05
6.454010620761740989e-05
4.552336448253186123e-05
2.669442283416284059e-05
7.947473175119436229e-06
-1.064810019889544749e-05
-2.884984836707826935e-05
-4.622505907777651693e-05
-6.230168480549309938e-05
-7.662445343991932366e-05
-8.885480502685608975e-05
-9.879678432278812057e-05
-1.064723132608303547e-04
-1.120599159506962227e-04
-1.158191893857513408e-04
-1.179979241391768471e-04
-1.188456253227385682e-04
-1.186015585067783806e-04
-1.174947804262016331e-04
-1.157340817984766972e-04
-1.135378541946317424e-04
-1.111111876147012276e-04
-1.085946393670896649e-04
-1.060333222014552332e-04
-1.034115395482045118e-04
-1.006829951680324897e-04
-9.777720006662562915e-05
-9.463410930504964646e-05
-9.125553959978178770e-05
-8.769915124760116931e-05
-8.403239244419293083e-05
-8.032900307153132021e-05
-7.664612680449853970e-05
-7.300057264820755210e-05
-6.939743471539577412e-05
-6.584998418357002146e-05
-6.236169659001943955e-05
-5.895572314230428454e-05
-5.566015797951132799e-05
-5.248239951292831755e-05
-4.945339196971937308e-05
-4.659447039057243542e-05
-4.389696510721805483e-05
-4.135468193891514470e-05
-3.894038256847926583e-05
-3.662736271099464858e-05
-3.441871063170805494e-05
-3.234392790853332037e-05
-3.040794637727751071e-05
-2.860097786980441822e-05
-2.691144115196471742e-05
-2.531489731418872389e-05
-2.380129183634030555e-05
-2.237186110571157024e-05
-2.101049292925664074e-05
-1.971312835131985343e-05
-1.849609855962162922e-05
-1.736220469772382265e-05
-1.629276756958282016e-05
-1.527615811108585668e-05
-1.432006301192551996e-05
-1.340494988177404938e-05
-1.253124510170081261e-05
-1.172343658276121093e-05
-1.097740750885648822e-05
-1.026505019410200198e-05
-9.597142616957478833e-06
-8.966663848687482638e-06
-8.365968001547156494e-06
-7.812222121071843239e-06
-7.296487275890474771e-06
-6.803803271938544360e-06
-6.347502446490163971e-06
-5.920544667614493429e-06
-5.516489358333544820e-06
-5.130453601675439298e-06
-4.784176639623154026e-06
-4.453076964924059219e-06
-4.137683238441179410e-06
-3.849113524288271206e-06
-3.582957924219878831e-06
-3.332607280654099821e-06
-3.088647412815327652e-06
-2.867284195390552076e-06
-2.659636496501359813e-06
-2.473813311135985251e-06
-2.295184075127851578e-06
-2.119455456961246428e-06
-1.963222418386134696e-06
-1.825304297277086013e-06
-1.692661200268721391e-06
-1.557077631734720984e-06
-1.441022279594452465e-06
-1.338641527332256887e-06
-1.237914529628725362e-06
-1.138759139104525256e-06
-1.052052484592142163e-06
-9.756696554658280657e-07
-8.989295156653926651e-07
-8.281743036053420770e-07
-7.640015590363850971e-07
-7.059331548409583199e-07
-6.492904742751910898e-07
-5.977721401856996577e-07
-5.515153690525080893e-07
-5.072882707574434464e-07
-4.659368086360856553e-07
-4.284459761092695426e-07
-3.946191682099786425e-07
-3.621526735249944671e-07
-3.319784115107485771e-07
-3.048787472446358954e-07
-2.795531743589687095e-07
-2.566373344548675099e-07
-2.346150399019549302e-07
-2.150842000741555174e-07
-1.962161218413760944e-07
-1.804576901693240310e-07
-1.645699669021656663e-07
-1.502308948790905003e-07
-1.363295858620782978e-07
-1.257504815321969373e-07
-1.147161254790567249e-07
-1.038458705439763052e-07
-9.354352437055036610e-08
-8.677399945124717063e-08
-7.930768944621290141e-08
-7.094090815381522443e-08
-6.335094057613331168e-08
-5.907181288373213940e-08
-5.440588225259103470e-08
-4.799620936202982149e-08
-4.219550359065458296e-08
-3.986783676312177794e-08
-3.694578279693505331e-08
-3.214771737264756276e-08
-2.766091287462164455e-08
-2.656958252299330818e-08
-2.491342087748290260e-08
-2.128003117883854543e-08
-1.782910554036047068e-08
-1.751296151473656873e-08
-1.664366944288986452e-08
-1.405646044611255119e-08
-1.139505563757261963e-08
-1.151372080341471083e-08
-1.109739851021528320e-08
-9.242810441100211995e-09
-7.234477595112012416e-09
-7.533054909817267024e-09
-7.438503227656140331e-09
-6.158217633574609575e-09
-4.750580486251661101e-09
-5.087509953281638827e-09
-5.155019278016644589e-09
-4.214390376113044800e-09
-3.255933860409252752e-09
-3.527388974910088197e-09
-3.727450337677110423e-09
-3.090782817833860580e-09
-2.545917510875375573e-09
-2.693271068962701197e-09
-2.922563413682624609e-09
-2.434232790764720204e-09
-2.168294150647930827e-09
-2.250514440292206355e-09
-2.580263397828949286e-09
-2.189084287489252003e-09
-2.064501601912390444e-09
-2.050680218592241523e-09
-2.415030558628091688e-09
-2.136405445645539550e-09
-2.158927056337872742e-09
-2.043690602692459438e-09
-2.395945447684836010e-09
-2.160440279395477014e-09
-2.295893666484346357e-09
-2.158127404606922316e-09
-2.464580958700414801e-09
-2.264366856905634148e-09
-2.429528996379902445e-09
-2.304957992687400840e-09
-2.569814070590693372e-09
-2.406872648905508527e-09
-2.556211802001461059e-09
-2.448674285412236154e-09
-2.678973624093390012e-09
-2.549094774127753973e-09
-2.665870223415238255e-09
-2.590587907632854181e-09
-2.773843020825765119e-09
-2.656210424858823020e-09
-2.770632020352613321e-09
-2.710980071278854916e-09
-2.821544830478818014e-09
-2.760938977519817827e-09
-2.852035866628358898e-09
-2.765970217694280221e-09
-2.886601342921480444e-09
-2.824244659618091783e-09
-2.875264297142309340e-09
-2.833551918083654001e-09
-2.899950858985301890e-09
-2.851776337893246751e-09
-2.892756390496191832e-09
-2.845968346200229779e-09
-2.890520625177734080e-09
-2.847925841792472041e-09
-2.867851429846719853e-09
-2.826532663103277689e-09
-2.847129755241453312e-09
-2.807182879861827571e-09
-2.813060319075585528e-09
-2.772028094904452247e-09
-2.776628847196580474e-09
-2.734862848943866013e-09
-2.729412216621458493e-09
-2.685086844088504647e-09
-2.676005566302993242e-09
-2.629600706018988737e-09
-2.613100291780178966e-09
-2.564085107108399003e-09
-2.542352426427816268e-09
-2.490540657872311147e-09
-2.463221376144352393e-09
-2.408990899896405812e-09
-2.375795719671609675e-09
-2.318142875383675429e-09
-2.280482920694631276e-09
-2.221024752282609980e-09
-2.177941775488892048e-09
-2.115048483240883613e-09
-2.068585572118839375e-09
-2.003250333847482664e-09
-1.949673656053195924e-09
-1.879674850498933713e-09
-1.823782768375986808e-09
-1.753184363085358376e-09
-1.692646795392573129e-09
-1.618515786663927208e-09
-1.556111963344243613e-09
-1.480832660233249220e-09
-1.413534235503793239e-09
-1.335170114852552830e-09
-1.267512074780669896e-09
-1.189604171365570835e-09
-1.118878722058748167e-09
-1.039719264854096442e-09
-9.708546682154576405e-10
-8.938543385575097851e-10
-8.230542927425430140e-10
-7.453919799363145147e-10
-6.778804366080045906e-10
-6.053592050517795843e-10
-5.399263208345325537e-10
-4.693739319179810342e-10
-4.083885936102185632e-10
-3.443183514991981144e-10
-2.879189702956402827e-10
-2.291225741333743232e-10
-1.807774160501592786e-10
-1.306307631884304252e-10
-8.815293905978395939e-11
-4.536645518113638180e-11
-1.338382481114719515e-11
1.913063873464061458e-11
4.331881975378361222e-11
6.665668524553996823e-11
8.078328734749448656e-11
9.401766349565518282e-11
9.887830546121330034e-11
1.042501202948839496e-10
1.007594120542267357e-10
9.670834255999938186e-11
8.700962676871797730e-11
7.745942612672015504e-11
6.243938294033311555e-11
4.861492295761791410e-11
3.114737565137699644e-11
1.670633575775811005e-11
-1.057228778933538283e-12
-1.436444215640023866e-11
-2.911578767805424582e-11
-3.859684345705775028e-11
-4.861417050962588880e-11
-5.283762169336455317e-11
-5.644554438672411582e-11
-5.418942941514774750e-11
-5.144153909930160634e-11
-4.356748801040749139e-11
-3.558651583981307056e-11
-2.339573664273085059e-11
-1.250326772888183320e-11
8.315130837802885642e-13
1.184812687989713393e-11
2.349022192586052224e-11
3.142174809160154234e-11
3.842800282558961484e-11
4.123915425615366078e-11
4.260848505127393397e-11
3.980141736289765854e-11
3.597581958481086233e-11
2.912024446662136326e-11
2.270041194881342246e-11
1.505814291294465760e-11
9.492368456007318203e-12
4.447053387251803463e-12
2.854723310039714110e-12
2.592792291005536919e-12
5.780057329408401702e-12
9.844169396752952290e-12
1.607428683417408362e-11
2.149835042279386106e-11
2.699581144117109852e-11
2.993532074334842476e-11
3.158999706093331872e-11
3.007543342102666779e-11
2.748155650474102959e-11
2.302819768529894251e-11
1.933162835059192280e-11
1.585997367159947910e-11
1.492474063015358809e-11
1.538128030668343057e-11
1.830126281424156811e-11
2.155283088440658409e-11
2.526847583174901367e-11
2.712924316876488484e-11
2.774916267972259707e-11
2.592695863672048935e-11
2.351268831211957152e-11
2.057169646258097934e-11
1.929123849025973790e-11
1.929446850268301830e-11
2.136622267403023831e-11
2.363580854008687448e-11
2.577365078108141913e-11
2.596077395853627059e-11
2.493288407803883520e-11
2.269819239964860012e-11
2.133156577856466269e-11
2.103417222088019253e-11
2.255763761852408360e-11
2.421523528483454561e-11
2.537587531861255335e-11
2.470031263877245834e-11
2.335660547613583206e-11
2.201810923751907982e-11
2.230500594274854961e-11
2.344198470498578321e-11
2.475196548070247955e-11
2.457552233901445260e-11
2.357903382026160384e-11
2.253191142449137387e-11
2.295858632160615360e-11
2.394879947313291886e-11
2.460338261891311192e-11
2.384826599349606730e-11
2.306118950169888107e-11
2.306626048053044695e-11
2.406441621516976097e-11
2.428003656178846033e-11
2.368247065853164639e-11
2.309470748471695730e-11
2.369299528543277894e-11
2.418344667568103865e-11
2.387392101142145695e-11
2.326589858785953644e-11
2.371290712388158894e-11
2.409792519985694677e-11
2.376993818830924210e-11
2.339113061807835162e-11
2.392284980037741436e-11
2.396278240737646791e-11
2.357005899324001272e-11
2.367484757316978055e-11
2.403765639542789116e-11
2.363208716643918201e-11
2.369773680289519528e-11
2.394825204999384728e-11
2.370967816009986694e-11
2.370241089387136582e-11
2.395282425792637314e-11
2.364725335450829565e-11
2.384012745835864662e-11
2.383035729295230436e-11
2.370653972483149418e-11
2.387934530628076880e-11
2.374173187249657577e-11
2.380785711228778439e-11
2.382233343245091044e-11
2.374865669898752651e-11
2.386119089822445817e-11
2.373496355650323511e-11
2.386307221416788014e-11
2.374478784189609196e-11
2.385242412992722069e-11
2.375869710787433097e-11
2.384197135764092663e-11
2.376981454221667984e-11
2.383466803697618499e-11
2.377754937921283958e-11
2.383001488988266240e-11
2.378286552514083705e-11
2.382703661014006006e-11
2.378666199246299349e-11
2.382502937381951709e-11
2.378951583583364932e-11
2.382357866074350357e-11
2.379176248554306941e-11
2.382245416724888521e-11
2.379359509464335638e-11
2.382152811434245706e-11
2.379512833733044136e-11
2.382072786528115368e-11
2.379643358984181886e-11
2.382001064403991768e-11
2.379755760407567403e-11
2.381935023568357117e-11
2.379853249882294845e-11
2.381872988065251222e-11
2.379938126245994862e-11
2.381813836914135154e-11
2.380012090154911207e-11
2.381756782360891386e-11
2.380076431680386366e-11
2.381701239781299493e-11
2.380132146672394069e-11
2.381646748985483776e-11
2.380180011643466339e-11
2.381592925169494058e-11
2.380220633602487415e-11
2.381539427527044243e-11
2.380254484193550445e-11
2.381485938529338486e-11
2.380281923623557417e-11
2.381432149893855270e-11
2.380303217738277559e-11
2.381377752677700864e-11
2.380318550360973370e-11
2.381322430030961096e-11
2.380328032195570121e-11
2.381265851598944282e-11
2.380331707231706949e-11
2.381207668947756767e-11
2.380329557218232358e-11
2.381147511605686314e-11
2.380321504642540441e-11
2.381084983433018530e-11
2.380307414480501519e-11
2.381019659109508740e-11
2.380287094942918649e-11
2.380951080639373945e-11
2.380260297346647709e-11
2.380878753742765539e-11
2.380226715236756185e-11
2.380802144076085118e-11
2.380185982814365268e-11
2.380720673230133467e-11
2.380137672750527828e-11
2.380633714459626825e-11
2.380081293403549529e-11
2.380540588113028851e-11
2.380016285497300971e-11
2.380440556744977872e-11
2.379942018262249205e-11
2.380332819879808383e-11
2.379857785079699107e-11
2.380216508439761967e-11
2.379762798632266743e-11
2.380090678804988444e-11
2.379656185600474518e-11
2.379954306533865640e-11
2.379536980915348423e-11
2.379806279744009984e-11
2.379404121612911655e-11
2.379645392177149982e-11
2.379256440317609230e-11
2.379470335995195403e-11
2.379092658428912390e-11
2.379279694355228223e-11
2.378911379064548066e-11
