# bin_3_3
1.440776080461232400e+00
1.435711594341620989e+00
1.440607927100170160e+00
1.435832599915090269e+00
1.440445995374072030e+00
1.435942940199556261e+00
1.440289605655795224e+00
1.436042913398336340e+00
1.440138088982209963e+00
1.436132768409224658e+00
1.439990784502326759e+00
1.436212706030335795e+00
1.439847037022138343e+00
1.436282880020286923e+00
1.439706194672061956e+00
1.436343398053302467e+00
1.439567606711754655e+00
1.436394322610699881e+00
1.439430621507800323e+00
1.436435671860725183e+00
1.439294584712512926e+00
1.436467420572598241e+00
1.439158837686249637e+00
1.436489501123856094e+00
1.439022716202953633e+00
1.436501804658431025e+00
1.438885549494218985e+00
1.436504182456019407e+00
1.438746659675723460e+00
1.436496447579108215e+00
1.438605361616016376e+00
1.436478376854977368e+00
1.438460963292587325e+00
1.436449713253205696e+00
1.438312766683453869e+00
1.436410168702123569e+00
1.438160069218634929e+00
1.436359427371081132e+00
1.438002165804637134e+00
1.436297149418261476e+00
1.437838351388209146e+00
1.436222975160798665e+00
1.437667923990319840e+00
1.436136529564587372e+00
1.437490188061607999e+00
1.436037426879451129e+00
1.437304457935478785e+00
1.435925275140297996e+00
1.437110061035935971e+00
1.435799680139696610e+00
1.436906340370913249e+00
1.435660248324693633e+00
1.436692655678247554e+00
1.435506587910331255e+00
1.436468382426967949e+00
1.435338307321260665e+00
1.436232907688816951e+00
1.435155009900424661e+00
1.435985621741043605e+00
1.434956283675295152e+00
1.435725904132644226e+00
1.434741684894202507e+00
1.435453102925936975e+00
1.434510714075834192e+00
1.435166505930577152e+00
1.434262783534736796e+00
1.434865303093751265e+00
1.433997175815521663e+00
1.434548539832373626e+00
1.433712993284927073e+00
1.434215062114191364e+00
1.433409100351795917e+00
1.433863455531982467e+00
1.433084061453873348e+00
1.433491982499016659e+00
1.432736080014210156e+00
1.433098523902752941e+00
1.432362945868391746e+00
1.432680533848080584e+00
1.431962000828481019e+00
1.432235018008169991e+00
1.431530133483101874e+00
1.431758546866361836e+00
1.431063814171467108e+00
1.431247313770147578e+00
1.430559178233357986e+00
1.430697243129205320e+00
1.430012159031810226e+00
1.430104145278158656e+00
1.429418661143281533e+00
1.429463901181275975e+00
1.428774748767876579e+00
1.428772643322103075e+00
1.428076806903469942e+00
1.428026882100262851e+00
1.427321617830650702e+00
1.427223516000629688e+00
1.426506290586004422e+00
1.426359667575436863e+00
1.425627996000070397e+00
1.425432315547108253e+00
1.424683503156022546e+00
1.424437752204091412e+00
1.423668586561853244e+00
1.423370980155307830e+00
1.422577463979243229e+00
1.422225250310162448e+00
1.421402498279788595e+00
1.420991988014969287e+00
1.420134398004477605e+00
1.419661296814218376e+00
1.418763023044668392e+00
1.418223024519938980e+00
1.417278624840226708e+00
1.416668044940383897e+00
1.415672999104029772e+00
1.414989088423457497e+00
1.413939805711029285e+00
1.413180400840667872e+00
1.412073494984516620e+00
1.411235979909601035e+00
1.410067038202284628e+00
1.409147128606297317e+00
1.407909750767668777e+00
1.406901047356781342e+00
1.405587105454847885e+00
1.404482148650901818e+00
1.403083536330587577e+00
1.401875961800489234e+00
1.400386675894035315e+00
1.399072661002005669e+00
1.397489090421246694e+00
1.396066205354175249e+00
1.394384645508236042e+00
1.392848615321119921e+00
1.391062253823563521e+00
1.389405307416154756e+00
1.387504820043767184e+00
1.385718748272269929e+00
1.383697061168039033e+00
1.381778028625496813e+00
1.379633118468647002e+00
1.377580881098442234e+00
1.375311239376585837e+00
1.373122583074679381e+00
1.370721820029268789e+00
1.368389582358809031e+00
1.365851245825187688e+00
1.363373090522711051e+00
1.360698648835028113e+00
1.358079052029349754e+00
1.355271749576976825e+00
1.352511032808416891e+00
1.349567693850370453e+00
1.346663509337929998e+00
1.343586005996622701e+00
1.340546615679021780e+00
1.337345644520389287e+00
1.334179641467489574e+00
1.330858597362066575e+00
1.327568411639845847e+00
1.324134435176198332e+00
1.320734904549134114e+00
1.317204784864316025e+00
1.313708096656433399e+00
1.310088480260210630e+00
1.306504075885946525e+00
1.302812394262345297e+00
1.299161266472180776e+00
1.295411939319864203e+00
1.291702663356452563e+00
1.287908230665513631e+00
1.284161344870601740e+00
1.280339402168078289e+00
1.276563147397526077e+00
1.272721615639251347e+00
1.268931879391421491e+00
1.265083859450643278e+00
1.261283122885375585e+00
1.257431290258334000e+00
1.253628518187770657e+00
1.249774238928528680e+00
1.245962392199358115e+00
1.242103547082695103e+00
1.238279616117708537e+00
1.234402454263217264e+00
1.230554884659076365e+00
1.226649470256094165e+00
1.222759517996028666e+00
1.218808855446007477e+00
1.214861523572102975e+00
1.210844293385693327e+00
1.206822571629155627e+00
1.202721838937523602e+00
1.198607350222882895e+00
1.194409707909487306e+00
1.190188400826720949e+00
1.185882999831461282e+00
1.181546801118308343e+00
1.177126891429624678e+00
1.172672766601251970e+00
1.168136463932438085e+00
1.163565357702618597e+00
1.158914935986545602e+00
1.154230929411435458e+00
1.149471782804460940e+00
1.144681632905001134e+00
1.139821940542042666e+00
1.134935413824382344e+00
1.129986818024830919e+00
1.125017710249718084e+00
1.119996287379100508e+00
1.114962903688846874e+00
1.109888600999210828e+00
1.104811562237899780e+00
1.099703930047625677e+00
1.094599611525204796e+00
1.089469167703943864e+00
1.084339714723865367e+00
1.079177928669089015e+00
1.074003016154096768e+00
1.068777942205396903e+00
1.063516278884427235e+00
1.058181342748694798e+00
1.052787026855228847e+00
1.047303686008880685e+00
1.041752176091665483e+00
1.036114713376850460e+00
1.030421184993270511e+00
1.024663763803600025e+00
1.018875787718505732e+00
1.013050712479101501e+00
1.007215722101912458e+00
1.001357012925601975e+00
9.954906009322475047e-01
9.895948761048833919e-01
9.836787428255371335e-01
9.777195611540674403e-01
9.717264689845618308e-01
9.656811876136806028e-01
9.595957431508884694e-01
9.534564530528218951e-01
9.472779612665244153e-01
9.410515770178607964e-01
9.347956780799003829e-01
9.285061093181267156e-01
9.222006326373169971e-01
9.158706622958857624e-01
9.095233133961366789e-01
9.031405390997538918e-01
8.967240737675049589e-01
8.902608385835557581e-01
8.837626090968978554e-01
8.772266460220474737e-01
8.706657460875045773e-01
8.640712229590671312e-01
8.574479916041979344e-01
8.507884104168806916e-01
8.441055498453003958e-01
8.374001314041257249e-01
8.306818449948972782e-01
8.239391439573917619e-01
8.171702435220044025e-01
8.103654866401837076e-01
8.035348710120396865e-01
7.966813743203428055e-01
7.898180962959083784e-01
7.829421274515482310e-01
7.760527651709441255e-01
7.691335051438820125e-01
7.621814065043747144e-01
7.551989100163154500e-01
7.482075914429773267e-01
7.412131870913446496e-01
7.342124158453415816e-01
7.271888632435475897e-01
7.201447827888972641e-01
7.130867214051015424e-01
7.060261034871682106e-01
6.989576970545783308e-01
6.918776509204643821e-01
6.847812942259312585e-01
6.776764991708097430e-01
6.705651319848701108e-01
6.634503610041736499e-01
6.563318207386708014e-01
6.492125839740555682e-01
6.420861394245825915e-01
6.349592984072908175e-01
6.278381802361912012e-01
6.207157364157910306e-01
6.135860680511592280e-01
6.064616358406157426e-01
5.993484402962595547e-01
5.922388909803429913e-01
5.851300360085335273e-01
5.780348318748309566e-01
5.709461414181715710e-01
5.638636142980294474e-01
5.567915009448063390e-01
5.497342564779804652e-01
5.426890570499331989e-01
5.356583697776000630e-01
5.286440973147000788e-01
5.216459859613647998e-01
5.146621687940968748e-01
5.077026041698000647e-01
5.007617282408884929e-01
4.938423620954383586e-01
4.869466134121525625e-01
4.800721050826977643e-01
4.732246835929050932e-01
4.664034685539413250e-01
4.596098945635330169e-01
4.528451726694684987e-01
4.461088591861798736e-01
4.394059682224852326e-01
4.327347574135276265e-01
4.260979005288866306e-01
4.194948078161257476e-01
4.129290160385771236e-01
4.064004036423534139e-01
3.999105901122473883e-01
3.934595932202484825e-01
3.870505686605983375e-01
3.806832853189617283e-01
3.743591650107389035e-01
3.680793264662138298e-01
3.618458120971574932e-01
3.556586370782319206e-01
3.495196481881559514e-01
3.434299581969379456e-01
3.373903110208317235e-01
3.314016837184348141e-01
3.254658048094948852e-01
3.195829541837615917e-01
3.137548356719567777e-01
3.079822678445626738e-01
3.022661273821287131e-01
2.966076172299075275e-01
2.910075154050910107e-01
2.854667593641132539e-01
2.799864859494867186e-01
2.745673271260502535e-01
2.692105468635301868e-01
2.639165866992040366e-01
2.586865964062845524e-01
2.535210455515610750e-01
2.484210391124468953e-01
2.433870960347106205e-01
2.384200961518341544e-01
2.335204998373287266e-01
2.286891084865580459e-01
2.239264165222867031e-01
2.192331031883938408e-01
2.146095970188634239e-01
2.100564784293145471e-01
2.055741468890989465e-01
2.011631098734207312e-01
1.968236927466833208e-01
1.925562133855098224e-01
1.883609356516200706e-01
1.842381612394596857e-01
1.801880493477419631e-01
1.762107597706519813e-01
1.723064294788171358e-01
1.684751205144034703e-01
1.647168678060531855e-01
1.610316158754613591e-01
1.574192891153572416e-01
1.538797336625791212e-01
1.504128071508203934e-01
1.470182392970917351e-01
1.436957518038820547e-01
1.404450160919828716e-01
1.372656970600192039e-01
1.341573005291830933e-01
1.311193895492185624e-01
1.281513886680432646e-01
1.252527728590938361e-01
1.224228317659700610e-01
1.196609187688956188e-01
1.169662827940287225e-01
1.143382242608401156e-01
1.117758416787158343e-01
1.092783097628000077e-01
1.068446771167849696e-01
1.044740454405308633e-01
1.021653209767012238e-01
9.991752849170884576e-02
9.772955038328666466e-02
9.560035034025031464e-02
9.352867656939975460e-02
9.151340649420589002e-02
8.955331874461720798e-02
8.764723987294166518e-02
8.579381861515285312e-02
8.399184698060652154e-02
8.223997621203514574e-02
8.053697801409979984e-02
7.888141624993517953e-02
7.727199039827657712e-02
7.570732797858475971e-02
7.418616646949248439e-02
7.270703152713130224e-02
7.126860113689770237e-02
6.986948595653480476e-02
6.850842683291531732e-02
6.718396726942467423e-02
6.589480226685595632e-02
6.463957728102270872e-02
6.341708212720087445e-02
6.222592568691424908e-02
6.106488629207887375e-02
5.993267066490579054e-02
5.882816513278226606e-02
5.775009599651177716e-02
5.669731301760655429e-02
5.566867808895044345e-02
5.466319508531915922e-02
5.367971486935472353e-02
5.271725310070091847e-02
5.177478872575597829e-02
5.085147641632331572e-02
4.994632953850495355e-02
4.905850706160022612e-02
4.818715767853282150e-02
4.733158540043828910e-02
4.649097743388524301e-02
4.566462906932337168e-02
4.485185333564126187e-02
4.405211912565253768e-02
4.326476760937787019e-02
4.248924619875134312e-02
4.172499931213249913e-02
4.097164851082408382e-02
4.022866919745941156e-02
3.949564974870345413e-02
3.877216528488661162e-02
3.805794627754812559e-02
3.735259903860013025e-02
3.665583308088241760e-02
3.596733006023072193e-02
3.528693010979834510e-02
3.461433879255188667e-02
3.394935902758621643e-02
3.329177273744504673e-02
3.264149989984142103e-02
3.199833325280323354e-02
3.136215687325279167e-02
3.073281218009556170e-02
3.011030339632650085e-02
2.949448139987951786e-02
2.888527122272678549e-02
2.828260713120490585e-02
2.768653585206795609e-02
2.709696831283884416e-02
2.651385572438740013e-02
2.593715638202500826e-02
2.536697273695417976e-02
2.480327015733379409e-02
2.424602332373676505e-02
2.369519721277092358e-02
2.315092663054092378e-02
2.261320972427996456e-02
2.208204643551321331e-02
2.155741487966711389e-02
2.103943591457746801e-02
2.052814836892467854e-02
2.002354634917434192e-02
1.952562303673617203e-02
1.903450448816126211e-02
1.855023179135634540e-02
1.807279925258406528e-02
1.760218992776542771e-02
1.713853527111885988e-02
1.668186947764809316e-02
1.623217615376667047e-02
1.578942634876650750e-02
1.535374797009228867e-02
1.492517548919488658e-02
1.450366663912852801e-02
1.408918554812563749e-02
1.368185045163975225e-02
1.328169059884571832e-02
1.288862963491701000e-02
1.250262473753975360e-02
1.212375789067279483e-02
1.175207381992335147e-02
1.138748346648471056e-02
1.102988039309199184e-02
1.067934967481599419e-02
1.033591537388923141e-02
9.999480639071085808e-03
9.669942374843188554e-03
9.347357445463456635e-03
9.031750706446073362e-03
8.722999926042874705e-03
8.420985545473911454e-03
8.125749732059119740e-03
7.837333697525364004e-03
7.555609188088407285e-03
7.280446318966139405e-03
7.011884751894829730e-03
6.749978262897786234e-03
6.494605480494569129e-03
6.245662550253000198e-03
6.003199740962061534e-03
5.767287395432757133e-03
5.537810309252945082e-03
5.314671284537355461e-03
5.097883551919281213e-03
4.887489638439066440e-03
4.683325910179435628e-03
4.485243464485975592e-03
4.293183740032935868e-03
4.107117564578740068e-03
3.926844194116632138e-03
3.752186068328655470e-03
3.583037172684875801e-03
3.419393555299142344e-03
3.261067773663420093e-03
3.107938708936849089e-03
2.959946758139117215e-03
2.817140647093358159e-03
2.679384674042626334e-03
2.546620226698160985e-03
2.418811803735662104e-03
2.296031509932057544e-03
2.178168720301146711e-03
2.065189563013257804e-03
1.957016972880499476e-03
1.853690860333524976e-03
1.755038282610398839e-03
1.660947298128636652e-03
1.571222016949117180e-03
1.485776504301245578e-03
1.404343149283258452e-03
1.326758829498878153e-03
1.252815154764488773e-03
1.182479749521313456e-03
1.115598048895036871e-03
1.052138955348769049e-03
9.919858368770805707e-04
9.351130712608504139e-04
8.812762135284893340e-04
8.302490556057915902e-04
7.816138442514600953e-04
7.350336297371442206e-04
6.900498555328051691e-04
6.464251358971369191e-04
6.040105633394904925e-04
5.630393016148667502e-04
5.238443704444148159e-04
4.869905615103114712e-04
4.528409327371138719e-04
4.215557743334199733e-04
3.926777957560479370e-04
3.653688588611621237e-04
3.383702702420165369e-04
3.105977732807808467e-04
2.813313659242304855e-04
2.506868920234367427e-04
2.192930097883009097e-04
1.881248375078416321e-04
1.578209761480835378e-04
1.286771157240033253e-04
1.005927275046243613e-04
7.379762388927128456e-05
4.904988448447013917e-05
2.770739633653157785e-05
1.070628004438581537e-05
-2.027227714504421879e-06
-1.181969275705657373e-05
-2.005611915136222754e-05
-2.726071680680420010e-05
-3.269911648383950771e-05
-3.576176491438284952e-05
-3.703927032385676666e-05
-3.834940762050484273e-05
-4.070118363292491505e-05
-4.329564547673473622e-05
-4.453241471451794848e-05
-4.460954037130803579e-05
-4.526506192816673807e-05
-4.726171760619896452e-05
-4.884057082639308453e-05
-4.870355655752390146e-05
-4.822391720229279681e-05
-4.925682453296411278e-05
-5.049268844107709199e-05
-5.011548727928847653e-05
-4.942995781746852441e-05
-5.033831087284220329e-05
-5.091242133926875531e-05
-4.969658704840141311e-05
-4.890142595874695796e-05
-4.911246180148097338e-05
-4.758351694094048126e-05
-4.546978935740263780e-05
-4.470207512350431390e-05
-4.295416595981346692e-05
-4.029526967788163536e-05
-3.916359954759587994e-05
-3.704603448901365242e-05
-3.450239911580964540e-05
-3.327986264219144836e-05
-3.098882256365939343e-05
-2.911611297498652027e-05
-2.800026667162325292e-05
-2.576461318740963727e-05
-2.489648144756681129e-05
-2.316197204265482373e-05
-2.195770883385792242e-05
-2.081691644205372967e-05
-1.937351217327128188e-05
-1.854767405881381487e-05
-1.714897414961051824e-05
-1.640087741908701771e-05
-1.516327404024161022e-05
-1.442384526530399595e-05
-1.331188508327923348e-05
-1.257460075285097592e-05
-1.160707847355117488e-05
-1.087995998223550132e-05
-9.981463353932286395e-06
-9.261234643569785446e-06
-8.423295380983458685e-06
-7.763488757590623429e-06
-7.053808137714082970e-06
-6.471189110878643019e-06
-5.859948701002176828e-06
-5.381567977193673713e-06
-4.887965722501699732e-06
-4.504882544229635767e-06
-4.136851344378144989e-06
-3.862675598696696546e-06
-3.571437451617884940e-06
-3.363902606933761520e-06
-3.126796098331213071e-06
-2.918494980034583603e-06
-2.655004824912042852e-06
-2.424393856468486913e-06
-2.141712978099669555e-06
-1.885680927324675308e-06
-1.599744597813298804e-06
-1.349130355086751872e-06
-1.105988916736083388e-06
-9.494227412468682597e-07
-8.213780202323456683e-07
-7.567367008556086584e-07
-7.179033002776942950e-07
-7.373038617475264228e-07
-7.242990120026026245e-07
-6.923233327522092614e-07
-5.970287129890067133e-07
-4.860026725850732273e-07
-3.174534356325164471e-07
-1.627765725351116465e-07
-2.444627355051153810e-08
3.145477936885757497e-08
3.877520924671001103e-08
-2.730807250419279691e-08
-9.736578007764137838e-08
-1.517744980416321454e-07
-1.217249509342688080e-07
-3.847308585593445663e-08
9.841254686671395967e-08
2.067848950557698914e-07
2.608393800245696987e-07
2.082699747710118029e-07
1.112456296136046892e-07
1.156495539061790442e-08
3.093790023605822163e-09
7.717107480154296381e-08
2.097546519970626712e-07
2.827742227020818925e-07
2.614794230020972081e-07
1.439571053063352427e-07
4.665275495440587635e-08
3.631824156473414616e-08
1.432243182882483573e-07
2.493331121920388690e-07
2.590953882062560527e-07
1.401449508051434548e-07
3.509111677835483788e-08
4.786467534811613292e-08
1.731729605046336943e-07
2.352791696286599948e-07
1.617504186656853208e-07
3.235212792029292768e-08
3.613492147728177442e-08
1.477516813337711551e-07
2.027401473171285579e-07
9.335106390862487207e-08
5.638409580386224651e-09
7.023557412867773572e-08
1.742005335828536803e-07
1.040017482926227447e-07
-6.149970416967348894e-10
5.028346975365207291e-08
1.490250905886134735e-07
6.341343868032153801e-08
-1.199849024352557387e-08
7.679940580561521831e-08
1.116597410372568985e-07
-8.992085852237911128e-09
2.347047978924343445e-08
1.003018546188509734e-07
1.025928365851303483e-08
-6.235613536951540612e-09
8.907820583400139944e-08
-1.583403515468093418e-09
1.094825597894746217e-09
6.585177931737536265e-08
-1.678174075045677599e-08
1.733181775542174863e-08
4.033839594874624229e-08
-3.449377120130428935e-08
4.953231132794192095e-08
-2.345366833601042248e-08
1.327652226095364589e-08
4.024316672426186776e-09
-1.530944996338220931e-08
1.593684627239558801e-08
-2.574834694646832980e-08
1.298942216306199030e-08
-2.482478753665404620e-08
5.591367819664624279e-09
-2.298265285577850914e-08
-2.207509903249796926e-09
-2.153451348400539351e-08
-8.011929099831891860e-09
-2.165739773477020554e-08
-1.228534602442671291e-08
-2.145573341759494366e-08
-1.484478077121158800e-08
-2.204260492553100475e-08
-1.736144204487713667e-08
-2.293768138391028591e-08
-1.955161970870935640e-08
-2.415498329658815778e-08
-2.117603874486600636e-08
-2.443435074204144131e-08
-2.192037043760022864e-08
-2.495782609723260443e-08
-2.317793790030977174e-08
-2.578934757101505712e-08
-2.415763964309518803e-08
-2.610555878353667782e-08
-2.438838090751058529e-08
-2.599174423940527296e-08
-2.483128518638386668e-08
-2.654549594211691142e-08
-2.537261721453190770e-08
-2.632223281288595572e-08
-2.500700674632656851e-08
-2.610593700815497058e-08
-2.532668439592044884e-08
-2.618926812549533922e-08
-2.498085756178159359e-08
-2.546003982021285025e-08
-2.466823882978228685e-08
-2.539308899212853909e-08
-2.439062958618009586e-08
-2.450392893134650339e-08
-2.365345743764827888e-08
-2.414988049451479114e-08
-2.321798378697416321e-08
-2.308672874647425738e-08
-2.229808159354659669e-08
-2.256599470986985455e-08
-2.153061886111295097e-08
-2.129218836554137640e-08
-2.066227340919799145e-08
-2.054514653436296040e-08
-1.940018544674700179e-08
-1.932373771257644638e-08
-1.855765200030255427e-08
-1.798151256680846004e-08
-1.723291562201898783e-08
-1.696479103007104565e-08
-1.580503949500252142e-08
-1.559679640833227824e-08
-1.466090344917195702e-08
-1.402081007901168589e-08
-1.337061147341127810e-08
-1.259413478272668220e-08
-1.186356666446367443e-08
-1.125692099872568603e-08
-1.030715159967848277e-08
-9.872295231768550167e-09
-8.826725781182336398e-09
-8.426840287602285140e-09
-7.391381786364867200e-09
-6.980571210309401356e-09
-6.026582464080684502e-09
-5.590608025510582799e-09
-4.713130113678913601e-09
-4.277877774189779724e-09
-3.488113934905045990e-09
-3.072761562876846041e-09
-2.368491146605335047e-09
-2.003298020510627039e-09
-1.393449007826718925e-09
-1.083147838338271306e-09
-5.663582989961434028e-10
-3.356694531217304356e-10
7.311415594863755277e-11
2.252498546171081220e-10
5.343955950036454441e-10
5.978565906238730080e-10
8.000398937598939355e-10
7.812504693244423079e-10
8.909413533108611698e-10
7.935748972995327067e-10
8.161025557982327158e-10
6.559732176770657361e-10
6.137405143581767188e-10
4.092083588416857644e-10
3.228978265851273670e-10
9.778669796709173024e-11
-4.522978804483465023e-12
-2.222658217882670476e-10
-3.172553944883143539e-10
-5.057519591445631874e-10
-5.622366018391433093e-10
-7.001150832531324605e-10
-7.092710754508065100e-10
-7.773476193537786451e-10
-7.256323665931756003e-10
-7.299924746508190862e-10
-6.194113052429199468e-10
-5.729964143334702092e-10
-4.210178492923200478e-10
-3.419347244470798398e-10
-1.819253283924259629e-10
-9.741209911790126402e-11
4.141752632677389228e-11
9.846769193154630247e-11
1.890158638357938181e-10
1.965761126277129994e-10
2.295451748760329602e-10
1.822148151280230576e-10
1.624248574193650598e-10
7.571168044498711284e-11
2.870458829710859421e-11
-6.494042928588757152e-11
-1.036447858333601491e-10
-1.705354698010407245e-10
-1.712881839962046586e-10
-1.890511728847725074e-10
-1.427061077541304048e-10
-1.162468730747182525e-10
-4.088686344538217789e-11
-6.781006948865378869e-14
6.782087967594335699e-11
8.459110023246332092e-11
1.129094489128876576e-10
8.599390873531473416e-11
7.154885240673382956e-11
1.599489908639599571e-11
-1.051587678149174089e-11
-5.539608252180393912e-11
-5.484420267931293105e-11
-6.005232846386090433e-11
-2.168027040441857982e-11
1.862928069211605874e-12
4.747765562802192359e-11
5.769922551493448154e-11
7.194271775854352783e-11
4.579390010891701694e-11
2.937792260946205680e-11
-7.372561019400617763e-12
-1.322197331433931561e-11
-1.996040940636206442e-11
7.238494639112030054e-12
2.356321686906356431e-11
5.102311560473823663e-11
4.683412798891177287e-11
4.242730007124557787e-11
1.446187927206443390e-11
6.271899325238666625e-12
-2.084318362231489431e-12
1.830269923486508272e-11
2.986187657992260597e-11
4.625785170701815031e-11
3.479822701558906797e-11
2.592043039803221394e-11
8.186653419659057167e-12
1.525010427345810167e-11
2.248939635794573237e-11
3.953132319872363391e-11
3.394439547725862923e-11
2.768956796647153561e-11
1.361455787346397456e-11
2.137819632652347587e-11
2.786607735788855213e-11
3.768012921150245983e-11
2.695237170453033287e-11
2.216892613579804390e-11
1.923991997373853609e-11
3.208321496090027289e-11
3.143600873527183103e-11
2.817372959390484122e-11
1.968543938093811335e-11
2.819127880780702102e-11
3.062085001785499031e-11
2.992125801513160296e-11
2.152862864552509884e-11
2.823839320933215214e-11
2.989646121455407557e-11
2.873941716176662837e-11
2.290254277119235987e-11
3.019673875424955246e-11
2.866836388318612129e-11
2.661370382713812675e-11
2.584749724848637692e-11
3.122293497724880860e-11
2.547375194524675816e-11
2.777425754875670416e-11
2.867802620437797553e-11
2.784394332591052724e-11
2.626856483679392306e-11
3.022385124124095725e-11
2.576152018224965603e-11
2.905379391575842900e-11
2.763019043234551739e-11
2.767894060103064194e-11
2.815677702683888006e-11
2.799216151481551139e-11
2.747837834084763522e-11
2.876098219199441129e-11
2.692088119281271548e-11
2.911511326517394351e-11
2.681592953962512772e-11
2.910217517445830448e-11
2.694395740849226545e-11
2.896619328315869085e-11
2.711101731222044950e-11
2.883409733040344887e-11
2.724855919528313656e-11
2.873525167461841339e-11
2.735079816002968275e-11
2.866454877171146671e-11
2.742746379335236191e-11
2.861214056392404920e-11
2.748762902101708084e-11
2.857090074656401714e-11
2.753714495425733459e-11
2.853660093273216521e-11
2.757944436114937113e-11
2.850686006029460078e-11
2.761653456750826505e-11
2.848032780336218871e-11
2.764963512460546526e-11
2.845621081495637345e-11
2.767952957117510620e-11
2.843401979936521919e-11
2.770675228753406159e-11
2.841343632743471328e-11
2.773168860440028072e-11
2.839424156399749466e-11
2.775463006868347364e-11
2.837627700406489742e-11
2.777580618271306176e-11
2.835942210764173233e-11
2.779540342898860235e-11
2.834358112565230070e-11
2.781357717326376718e-11
2.832867509056247507e-11
2.783045942386006293e-11
2.831463680179148739e-11
2.784616408885617928e-11
2.830140760139499496e-11
2.786079066577230878e-11
2.828893524854907442e-11
2.787442691603276949e-11
2.827717248528928851e-11
2.788715085965269859e-11
2.826607604606169738e-11
2.789903230161570248e-11
2.825560595871964959e-11
2.791013402599974414e-11
2.824572503829112455e-11
2.792051274862379372e-11
2.823639851238447974e-11
2.793021988993155602e-11
2.822759373596341490e-11
2.793930221106860108e-11
2.821927996818586310e-11
2.794780234385076908e-11
2.821142819316193300e-11
2.795575923731688732e-11
2.820401097160907290e-11
2.796320853689492780e-11
2.819700231470333090e-11
2.797018290929897091e-11
2.819037757434928421e-11
2.797671232233191397e-11
2.818411334512807852e-11
2.798282428744630168e-11
2.817818737548796670e-11
2.798854407071908400e-11
2.817257848542313592e-11
2.799389487713669998e-11
2.816726648963918821e-11
2.799889801196710044e-11
2.816223212463849104e-11
2.800357302234817581e-11
2.815745697931149086e-11
2.800793782163136821e-11
2.815292342803440658e-11
2.801200879873066391e-11
2.814861456618190264e-11
2.801580091413535986e-11
2.814451414740540823e-11
2.801932778429555628e-11
2.814060652270109342e-11
2.802260175543951867e-11
2.813687658084541720e-11
2.802563396825861359e-11
2.813330969030250127e-11
2.802843441421557711e-11
