# bin_6_2
5.474533741993944380e-01
5.476612821381608986e-01
5.473727887225846578e-01
5.475616722705629602e-01
5.472832979709109091e-01
5.474536571459812651e-01
5.471841655577166508e-01
5.473364201592226808e-01
5.470745951545756824e-01
5.472090866228093153e-01
5.469537283244619852e-01
5.470707216189728550e-01
5.468206427863462338e-01
5.469203283680857952e-01
5.466743512642260328e-01
5.467568472771252575e-01
5.465138011003425333e-01
5.465791558643677828e-01
5.463378748437206500e-01
5.463860697850194681e-01
5.461453920565341180e-01
5.461763452173727940e-01
5.459351126147246047e-01
5.459486829009075892e-01
5.457057418104084290e-01
5.457017341491822160e-01
5.454559375932016563e-01
5.454341091856131918e-01
5.451843203092224810e-01
5.451443881680609893e-01
5.448894853073751321e-01
5.448311352695959231e-01
5.445700187745404763e-01
5.444929161656060224e-01
5.442245171298263351e-01
5.441283192265002899e-01
5.438516102383174067e-01
5.437359806253059258e-01
5.434499885887378312e-01
5.433146134238143743e-01
5.430184344010138275e-01
5.428630404850189883e-01
5.425558563717819416e-01
5.423802307564006275e-01
5.420613274145656968e-01
5.418653380636847539e-01
5.415341242867163229e-01
5.413177410284556457e-01
5.409737674074490688e-01
5.407370820719246129e-01
5.403800584540503493e-01
5.401233026860102759e-01
5.397531124858094831e-01
5.394766712655485463e-01
5.390933804168986931e-01
5.387977988427529175e-01
5.384016567041468582e-01
5.380876371339712305e-01
5.376790662414496769e-01
5.373474525315993233e-01
5.369270238239400861e-01
5.365787692547938637e-01
5.361471594026243626e-01
5.357832750853095405e-01
5.353412030083196660e-01
5.349626843170027790e-01
5.345108250746916090e-01
5.341185551573474077e-01
5.336574313712857398e-01
5.332520632806272420e-01
5.327819172964188832e-01
5.323637399257740155e-01
5.318843941750538429e-01
5.314531920347665972e-01
5.309639104607816185e-01
5.305188331981500749e-01
5.300182028005236967e-01
5.295576666749123307e-01
5.290435243731967940e-01
5.285651735135594720e-01
5.280346081610951536e-01
5.275353665318034402e-01
5.269848268392780533e-01
5.264610698825030743e-01
5.258866033997496858e-01
5.253344682744778282e-01
5.247321013511665466e-01
5.241479336533837463e-01
5.235141750403717875e-01
5.228950763219941678e-01
5.222274875812320527e-01
5.215718835611169446e-01
5.208696118671024555e-01
5.201777131608932292e-01
5.194418372188264188e-01
5.187158275074165159e-01
5.179493440898816914e-01
5.171931276190668836e-01
5.164004302893145937e-01
5.156188284165801328e-01
5.148046271446177213e-01
5.140020534216634962e-01
5.131698659419260400e-01
5.123487284100729511e-01
5.114993185819569632e-01
5.106586481171934144e-01
5.097890147860018040e-01
5.089239892663390830e-01
5.080275816359820507e-01
5.071305467770110820e-01
5.061991330422446200e-01
5.052622645580315819e-01
5.042892130409023510e-01
5.033081142831452581e-01
5.022918830884567365e-01
5.012684539551327534e-01
5.002142947432620668e-01
4.991567812487994749e-01
4.980748034507584410e-01
4.969938149187847487e-01
4.958932548426815412e-01
4.947949942900963793e-01
4.936774985487507039e-01
4.925584504073212688e-01
4.914155460579414658e-01
4.902638155157876265e-01
4.890825556999434665e-01
4.878873022006087190e-01
4.866618656356014871e-01
4.854244694927302706e-01
4.841637844732438745e-01
4.828991031674660928e-01
4.816201744203688628e-01
4.803425323637286470e-01
4.790522692999318877e-01
4.777585020243538816e-01
4.764441866023721994e-01
4.751163884837070195e-01
4.737618365013988031e-01
4.723927925387202409e-01
4.710039566420689550e-01
4.696116531238834213e-01
4.682114275422115668e-01
4.668132647623206566e-01
4.654045721210413045e-01
4.639868398616798784e-01
4.625462812888955777e-01
4.610895330062339537e-01
4.596143469745933574e-01
4.581359445170444800e-01
4.566536270098234818e-01
4.551728217815879107e-01
4.536798391830504373e-01
4.521717717376649848e-01
4.506406776193068731e-01
4.490982315495189447e-01
4.475494399720576499e-01
4.460030015115253876e-01
4.444476792582652824e-01
4.428762604845600803e-01
4.412805225112080842e-01
4.396723303997884247e-01
4.380592111243658549e-01
4.364444308853451249e-01
4.348121719443878708e-01
4.331558367919374763e-01
4.314791901011323372e-01
4.297980870116119845e-01
4.281092237459648286e-01
4.263993194368652651e-01
4.246601265970023631e-01
4.229070032687904934e-01
4.211472994987131568e-01
4.193690673422054704e-01
4.175589538418982283e-01
4.157312561764254788e-01
4.138963113628276735e-01
4.120395478631788122e-01
4.101511616069837829e-01
4.082505373422427586e-01
4.063400128792846178e-01
4.043998129150789267e-01
4.024385817727586523e-01
4.004726980862907126e-01
3.984831947231481375e-01
3.964700197699940198e-01
3.944547392690596621e-01
3.924180635917980386e-01
3.903614015366124734e-01
3.883035521262492851e-01
3.862229236273461153e-01
3.841295733502838039e-01
3.820326974620871785e-01
3.799089242383744125e-01
3.777856693292750978e-01
3.756401595258757609e-01
3.734838203975239246e-01
3.713153868755545983e-01
3.691258248471788184e-01
3.669285166174282575e-01
3.647063850789923345e-01
3.624756461213866632e-01
3.602206941448961031e-01
3.579550487723531793e-01
3.556675575108685372e-01
3.533683727912416694e-01
3.510503711965429763e-01
3.487211379689667545e-01
3.463762317367811150e-01
3.440213181366409412e-01
3.416533242349804600e-01
3.392762458349886656e-01
3.368874152924486998e-01
3.344893093734190859e-01
3.320792398450471694e-01
3.296585627284319142e-01
3.272247495582424892e-01
3.247787749214468556e-01
3.223188407395041755e-01
3.198463180611670342e-01
3.173605668550615322e-01
3.148636195293893492e-01
3.123557343369864903e-01
3.098390392490882883e-01
3.073137348672921876e-01
3.047810685198574787e-01
3.022403286638098985e-01
2.996915423558867975e-01
2.971333374070267985e-01
2.945654509029919654e-01
2.919871515939299056e-01
2.893992088773122417e-01
2.868023164832114169e-01
2.841981961349091534e-01
2.815878932272005142e-01
2.789723969711803697e-01
2.763514542181838562e-01
2.737245324363829502e-01
2.710906214884292731e-01
2.684494586869286548e-01
2.658014754728988405e-01
2.631481138682015830e-01
2.604909506396476671e-01
2.578311027164320035e-01
2.551686184167729077e-01
2.525027246537127068e-01
2.498326994389700184e-01
2.471586725704386089e-01
2.444820254995502817e-01
2.418044421069980021e-01
2.391270321851104164e-01
2.364494132559681050e-01
2.337707386789302788e-01
2.310906187096273268e-01
2.284103384089538613e-01
2.257315517152570228e-01
2.230552759519304207e-01
2.203807145914922494e-01
2.177071698144373291e-01
2.150350338470055633e-01
2.123663465286159957e-01
2.097020981859013256e-01
2.070419321443811855e-01
2.043849037957365389e-01
2.017322654969262163e-01
1.990857568554388335e-01
1.964459943250456142e-01
1.938117695658319595e-01
1.911837137549156351e-01
1.885635596372508827e-01
1.859521248753769618e-01
1.833481330493361150e-01
1.807524432445299922e-01
1.781667347425864856e-01
1.755911595952216187e-01
1.730247440524499969e-01
1.704694440666412458e-01
1.679260204365731757e-01
1.653937784932266730e-01
1.628735354978602945e-01
1.603670479226505796e-01
1.578730699435575147e-01
1.553929092166065340e-01
1.529275906951979846e-01
1.504764833103277855e-01
1.480407756948445841e-01
1.456213617350191336e-01
1.432174104712342910e-01
1.408311927541384678e-01
1.384615917969251042e-01
1.361101644016709245e-01
1.337769441755427835e-01
1.314623104366531570e-01
1.291672016703340753e-01
1.268914761378319989e-01
1.246362789916197894e-01
1.224014606005852657e-01
1.201879788648419212e-01
1.179958449315975239e-01
1.158258039042150550e-01
1.136780739941515433e-01
1.115532695170916577e-01
1.094517291629687888e-01
1.073739157563972924e-01
1.053201837517761946e-01
1.032908962597725300e-01
1.012864528756046850e-01
9.930717729287370787e-02
9.735347574385788683e-02
9.542561119494408217e-02
9.352398806626201211e-02
9.164884823502097988e-02
8.980059652510982704e-02
8.797942504658809448e-02
8.618568660294217976e-02
8.441950794803522451e-02
8.268121923402527162e-02
8.097093646045996906e-02
7.928897075871943478e-02
7.763539070141287080e-02
7.601048177693663088e-02
7.441428359258497882e-02
7.284701814139020459e-02
7.130866362774357370e-02
6.979941358518580719e-02
6.831919508519472550e-02
6.686815276917715267e-02
6.544620327259483006e-02
6.405344445037576551e-02
6.268973043036024650e-02
6.135514313619792881e-02
6.004948068779339398e-02
5.877272799357508015e-02
5.752465931927670112e-02
5.630522782784091324e-02
5.511414195230335267e-02
5.395131477285503019e-02
5.281641343817032597e-02
5.170931831225884789e-02
5.062965094326770527e-02
4.957722258633522061e-02
4.855161535198671691e-02
4.755259532776875270e-02
4.657969795906985455e-02
4.563263025705893011e-02
4.471089550061953244e-02
4.381417359881999152e-02
4.294192274156508754e-02
4.209376553490291883e-02
4.126912798966411722e-02
4.046761153227125540e-02
3.968860329736331044e-02
3.893165169669779435e-02
3.819611578462392409e-02
3.748153358351325598e-02
3.678724121350906984e-02
3.611273432040945641e-02
3.545733100929323450e-02
3.482052260630182083e-02
3.420161283187616447e-02
3.360006342882043695e-02
3.301517208644044049e-02
3.244641061958241507e-02
3.189307627608966439e-02
3.135461987979736714e-02
3.083034633429440965e-02
3.031973598209499951e-02
2.982210900282291841e-02
2.933693419344476916e-02
2.886354626036875468e-02
2.840145580620228108e-02
2.795002989999604073e-02
2.750877989486814543e-02
2.707709479471889780e-02
2.665453753454906718e-02
2.624054001703295808e-02
2.583467484828491645e-02
2.543640404967940222e-02
2.504535974561292178e-02
2.466105256057629300e-02
2.428312615353553014e-02
2.391112386548099530e-02
2.354475748063835847e-02
2.318362566774802985e-02
2.282744878576767333e-02
2.247585360732760537e-02
2.212863076665956205e-02
2.178546670259648779e-02
2.144615975305624520e-02
2.111041758975899449e-02
2.077810439258652442e-02
2.044898693044092455e-02
2.012293278913409450e-02
1.979972358317779249e-02
1.947929034227591921e-02
1.916146954961504140e-02
1.884618655171948001e-02
1.853328408379946099e-02
1.822274834439470761e-02
1.791447585942882240e-02
1.760843723497004104e-02
1.730452216672575400e-02
1.700275820300119894e-02
1.670308930655001536e-02
1.640552130919702492e-02
1.610997962200942657e-02
1.581652008008615357e-02
1.552512062206849036e-02
1.523581105853452980e-02
1.494854377847542812e-02
1.466339404756455966e-02
1.438036298347444147e-02
1.409949425202968419e-02
1.382075848414600523e-02
1.354424241733235418e-02
1.326996370070269299e-02
1.299797370380523232e-02
1.272825395374686287e-02
1.246089474076519238e-02
1.219592513153350960e-02
1.193340042344240293e-02
1.167330777302181752e-02
1.141573615077869260e-02
1.116072138621839425e-02
1.090831833302794047e-02
1.065851666727298322e-02
1.041140084899207750e-02
1.016701008130856641e-02
9.925394797731525512e-03
9.686544379313535499e-03
9.450534989214883635e-03
9.217407548751516827e-03
8.987205083487144128e-03
8.759913530056289907e-03
8.535597932462366672e-03
8.314297671085379982e-03
8.096047481239768834e-03
7.880826968607623426e-03
7.668688540242891982e-03
7.459667321191575627e-03
7.253788834340044699e-03
7.051024748400722825e-03
6.851414413674239944e-03
6.654987846039319560e-03
6.461761604196640529e-03
6.271698799532096809e-03
6.084825749180016938e-03
5.901167886697354995e-03
5.720734424434633161e-03
5.543481191210550274e-03
5.369422774312691653e-03
5.198581287332330533e-03
5.030961146455080295e-03
4.866513279704321598e-03
4.705243449700369403e-03
4.547172966035094299e-03
4.392304331280958048e-03
4.240585789026840233e-03
4.092016498581088277e-03
3.946618762392426795e-03
3.804395469844887735e-03
3.665293331511505770e-03
3.529304916512719919e-03
3.396452098113380159e-03
3.266736905292728921e-03
3.140102389496262584e-03
3.016530955904559840e-03
2.896037663375316661e-03
2.778617191164723093e-03
2.664202463395133526e-03
2.552759552166871185e-03
2.444290126199188257e-03
2.338777536764133792e-03
2.236143837300962837e-03
2.136341758180082019e-03
2.039365089260763292e-03
1.945197001969073414e-03
1.853765523192472909e-03
1.765031052403585182e-03
1.679000942665106067e-03
1.595681169552517044e-03
1.515028633353865091e-03
1.437030854127853896e-03
1.361718323269040919e-03
1.289119046657870521e-03
1.219206081846295605e-03
1.151968096086041643e-03
1.087416873576252689e-03
1.025549518969006823e-03
9.662959897368778939e-04
9.095872116658784050e-04
8.553629079533258328e-04
8.035533551843320691e-04
7.540361460528944171e-04
7.067081726297730088e-04
6.614927862145464441e-04
6.183404870248244327e-04
5.771867608184138437e-04
5.380134857411843089e-04
5.008319632830223345e-04
4.656805517566059535e-04
4.325643920961763015e-04
4.014955688205893488e-04
3.724516266845536859e-04
3.453877040602476621e-04
3.201919590379564149e-04
2.967511989574414966e-04
2.749330687842678781e-04
2.546496408640398627e-04
2.358413827539297409e-04
2.185449872865831216e-04
2.028372814351834359e-04
1.888547478600607356e-04
1.767003986053161657e-04
1.664276695611826727e-04
1.579143021789937071e-04
1.508754346285968333e-04
1.448153115923169051e-04
1.391140165759347132e-04
1.330388203937609099e-04
1.259091536655259995e-04
1.171610629399938457e-04
1.064744892561485858e-04
9.373884041809545651e-05
7.910445960661021000e-05
6.289461895937455615e-05
4.558375123413447710e-05
2.766244844985239756e-05
9.653189488984679348e-06
-7.946003552178086132e-06
-2.462717161834047298e-05
-3.994539072044923813e-05
-5.348490837410477483e-05
-6.492324495354436127e-05
-7.404157563183492758e-05
-8.081913073064061397e-05
-8.539629177360437559e-05
-8.806294500588139347e-05
-8.916587462924659559e-05
-8.908393223016467292e-05
-8.813510307126466714e-05
-8.656363704690802762e-05
-8.452315695566788099e-05
-8.214255911150443673e-05
-7.952874974785452736e-05
-7.679331547357858381e-05
-7.403381279108781229e-05
-7.134574487488546139e-05
-6.877741872166813313e-05
-6.632150041487024441e-05
-6.390968588827807277e-05
-6.146532774483334305e-05
-5.892865409567918622e-05
-5.629162261500424478e-05
-5.358839778725391062e-05
-5.088825064796065025e-05
-4.825452090899263986e-05
-4.572187622172703647e-05
-4.327648019880360317e-05
-4.089197484792734259e-05
-3.855064379713808606e-05
-3.625094468043336656e-05
-3.400393232426852783e-05
-3.185016059810707344e-05
-2.982404025660188949e-05
-2.793955021033867314e-05
-2.619687151883279695e-05
-2.458009474276957022e-05
-2.305037306242904029e-05
-2.159422216042240325e-05
-2.021990386167007387e-05
-1.893985437854744250e-05
-1.776301799379267668e-05
-1.668541019030305342e-05
-1.567789094412772795e-05
-1.472913806842251164e-05
-1.383479736159456391e-05
-1.299114500787247815e-05
-1.220096572948825037e-05
-1.146059844748354146e-05
-1.075738865739491678e-05
-1.010610467124540684e-05
-9.501820566023040654e-06
-8.928434278338340507e-06
-8.375256423346720327e-06
-7.846147460795961878e-06
-7.346535353879483319e-06
-6.888965809882994137e-06
-6.469853934112058712e-06
-6.066003926132570903e-06
-5.665778089102267858e-06
-5.294840794206986972e-06
-4.958683188372080458e-06
-4.640238846915632182e-06
-4.331690940001544274e-06
-4.049660830357352990e-06
-3.781922163011889151e-06
-3.529823504847527394e-06
-3.301998935888912323e-06
-3.084031761908933213e-06
-2.867052610803159055e-06
-2.671303056771869592e-06
-2.504538894581988467e-06
-2.338979098376011644e-06
-2.174187167142638240e-06
-2.026421921009982273e-06
-1.891704127057234090e-06
-1.765039736612409668e-06
-1.647539416758045301e-06
-1.542494290026402111e-06
-1.428370893877688904e-06
-1.333765511701258345e-06
-1.254420281266555967e-06
-1.172043141177275807e-06
-1.082579029776795779e-06
-1.013583864094061992e-06
-9.578363881168291694e-07
-8.906760951650894758e-07
-8.274760793302383066e-07
-7.737116202345853624e-07
-7.307018971871625681e-07
-6.777473580610208248e-07
-6.328948020781093551e-07
-5.915706169088705946e-07
-5.530203937802925820e-07
-5.140158973498896554e-07
-4.779850258909289603e-07
-4.469666485752028708e-07
-4.112084531148011157e-07
-3.821244793966454435e-07
-3.521700965816044137e-07
-3.272063547473215379e-07
-2.971148033641034096e-07
-2.742211748033831691e-07
-2.509468899601058087e-07
-2.306324955707310306e-07
-2.091137602300345660e-07
-1.917176125432804393e-07
-1.766218892953727758e-07
-1.623036256276317584e-07
-1.505599660746961847e-07
-1.397825659922728781e-07
-1.325340028475279269e-07
-1.248985945196181271e-07
-1.208494311622006957e-07
-1.156802897875659176e-07
-1.124308337811381638e-07
-1.080294007377053617e-07
-1.058001131107535489e-07
-1.010171022505165686e-07
-9.556313419231662361e-08
-8.866777879766745580e-08
-8.260591869787684993e-08
-7.417392578722407550e-08
-6.430960863262698364e-08
-5.468458562634966957e-08
-4.704969689893441810e-08
-3.956242682820351465e-08
-3.240629722577307639e-08
-2.807157482855326720e-08
-2.739591013666708889e-08
-2.827523490139507039e-08
-2.941659581912718004e-08
-3.217692847055625752e-08
-3.604989654349433812e-08
-3.830435284525023055e-08
-3.723699847007856680e-08
-3.425603170947456413e-08
-2.993114955801734784e-08
-2.350747949496563881e-08
-1.549856665657606967e-08
-8.930186165937246020e-09
-5.683782223752848497e-09
-5.392149085812889614e-09
-7.424094055393284803e-09
-1.194319496308066851e-08
-1.755242466819137040e-08
-2.122989764120546220e-08
-2.082422958887454529e-08
-1.684180295975229936e-08
-1.064006623963876056e-08
-3.919853295553022517e-09
1.108989493617111633e-09
1.662678536325082005e-09
-2.474199238622454687e-09
-8.903317816892266339e-09
-1.362384904719901007e-08
-1.437212330865825086e-08
-1.023965503607886571e-08
-3.319436986994524752e-09
2.848379149271447626e-09
3.798093850970342880e-09
-8.284533080108772596e-10
-7.842598797719218844e-09
-1.131723732601671051e-08
-8.806739997990391719e-09
-1.687238962849303625e-09
3.931991160548849621e-09
3.666242857386705526e-09
-2.739516057995953849e-09
-8.589024339123519918e-09
-8.092954866313429137e-09
-1.023444445644921068e-09
4.527351926043916696e-09
2.658680754131259267e-09
-4.700532038793091466e-09
-7.757314040497477764e-09
-2.761869665995271730e-09
4.030988656302613692e-09
2.717006640649088868e-09
-4.255899330412126062e-09
-6.398678505497495302e-09
1.774713534604171894e-10
4.241167982359731059e-09
-7.692294748477953325e-10
-5.960273511664686359e-09
-1.236635543601157439e-09
3.874177325215459385e-09
-4.917260892889033000e-10
-5.196399027935541638e-09
2.270478713744816457e-10
3.193285160785491733e-09
-2.677995006851516453e-09
-3.206104112870936521e-09
2.899979536368580917e-09
-2.471706638758608243e-10
-3.622833486901870729e-09
1.662125965985903383e-09
6.849819964828000797e-10
-3.331156566507901250e-09
1.625018678951239158e-09
-4.402851601656312047e-11
-2.352636182032933044e-09
1.751966514395568151e-09
-1.244656420131251950e-09
-8.184121616807635643e-10
1.189473366658144776e-09
-2.001083772979838254e-09
1.122742137720211042e-09
-1.061920784690385957e-09
-3.012335557261798890e-11
-1.622514543228339958e-11
-7.184565872140005108e-10
3.730270210245530561e-10
-8.158798591314111147e-10
3.394586390731034625e-10
-6.752735344328113691e-10
1.990372596948355332e-10
-5.120324497997348115e-10
7.840006257899608705e-11
-3.927419354055042197e-10
2.077069499707596771e-12
-3.132051368006092256e-10
-4.283132512525824578e-11
-2.621483812221493152e-10
-6.723535470718250191e-11
-2.267231365121008684e-10
-8.079353626938449675e-11
-2.017192412794344811e-10
-8.743277358666697349e-11
-1.821751170029721149e-10
-9.046004486894381443e-11
-1.667401125270333686e-10
-9.089721497795486668e-11
-1.535396923964403420e-10
-8.988030465184869422e-11
-1.421619533579989222e-10
-8.770847118769841193e-11
-1.318891421258078949e-10
-8.478032877017730781e-11
-1.224363933604705231e-10
-8.122432757397826363e-11
-1.136161512479786523e-10
-7.717290286368012350e-11
-1.051142330353730931e-10
-7.271363886482784466e-11
-9.701686192436978062e-11
-6.787655833731412667e-11
-8.896856505212012974e-11
-6.274075010590384458e-11
-8.121520750587752640e-11
-5.731176420657007361e-11
-7.338127923795369410e-11
-5.166034656352730513e-11
-6.580139729987682477e-11
-4.580739452058292232e-11
-5.811337544687850664e-11
-3.981774842926125924e-11
-5.069227779914146215e-11
-3.374233040571526782e-11
-4.321852253873714328e-11
-2.764841666728171739e-11
-3.607617683475963147e-11
-2.161668210128921545e-11
-2.900565898801546483e-11
-1.572459915397478599e-11
-2.237861349193553399e-11
-1.007573035128891837e-11
-1.600142390136199581e-11
-4.757359568902581895e-12
-1.021515496497953587e-11
1.138151146427121641e-13
-4.883833216299687302e-12
4.455543299092667790e-12
-3.004679354151407958e-13
8.154128756292753283e-12
3.640097493157837006e-12
1.115608903265078758e-11
6.712008524138662391e-12
1.338006589323779770e-11
9.027760813891879570e-12
1.482922780105738457e-11
1.045524290835710493e-11
1.549037954685187723e-11
1.115155204092202968e-11
1.545198023242903902e-11
1.110102511754757647e-11
1.479328750428311459e-11
1.052959688990215038e-11
1.369712989530696430e-11
9.535269521712497226e-12
1.232842528083297305e-11
8.397815694310400319e-12
1.093052067377569569e-11
7.277387655200338108e-12
9.693125961602554684e-12
6.435458914976618642e-12
8.829017870893913670e-12
5.987889139537691737e-12
8.440692149153444543e-12
6.062874316860355836e-12
8.590112391926876972e-12
6.613818872692752086e-12
9.189354874809734932e-12
7.554400967322540066e-12
1.009247794535655040e-11
8.651331846835367233e-12
1.104165819198510191e-11
9.674122235055100546e-12
1.180141879356242703e-11
1.036909404234337806e-11
1.215744144766065686e-11
1.061242653031140614e-11
1.205448032542549752e-11
1.039917685355966748e-11
1.156950826313914106e-11
9.912444134550125790e-12
1.095084345224658598e-11
9.418965775471476577e-12
1.047502246965191277e-11
9.196376866275294164e-12
1.036628928346816765e-11
9.364014300562474193e-12
1.063294835571189428e-11
9.833428648417112413e-12
1.108506435827300783e-11
1.032301878051685027e-11
1.140369288512250551e-11
1.054837488884615992e-11
1.138306409819705818e-11
1.041187873327403799e-11
1.106514298830558824e-11
1.010518671208632185e-11
1.074634853203181039e-11
9.951851938677955434e-12
1.070298417921469089e-11
1.011874978592551558e-11
1.093834713968432803e-11
1.043037370161179760e-11
1.114860864870608406e-11
1.055552884275289546e-11
1.108030509155026650e-11
1.040111821788501505e-11
1.084086812935189349e-11
1.024665995800612873e-11
1.077252536760366610e-11
1.035024925858977651e-11
1.093613663050101760e-11
1.054951295542291535e-11
1.101824495128411323e-11
1.053012068126770174e-11
1.086921892973815779e-11
1.039577055156617658e-11
1.078842206851088136e-11
1.046027625524248795e-11
1.090752611087965239e-11
1.058909817107930722e-11
1.091690696997666790e-11
1.051737997953207264e-11
1.079510316516847590e-11
1.048491910174965664e-11
1.084456901080918178e-11
1.059634883347457918e-11
1.088177584466559597e-11
1.055727322698076370e-11
1.078908183974885464e-11
1.054049154404445887e-11
1.083930286922018585e-11
1.061688404136791533e-11
1.082759705531165179e-11
1.056083115132650710e-11
1.078816735055451570e-11
1.060949517967337944e-11
1.083167054294839306e-11
1.060058437764892449e-11
1.077620623793420846e-11
1.060743284746273393e-11
1.081537545239699544e-11
1.062076702734961672e-11
1.077191734671738594e-11
1.061964028655917004e-11
1.080117590231651878e-11
1.062713818918835243e-11
1.076705896008111565e-11
1.063836781145067210e-11
1.078608443107594023e-11
1.062832282689270083e-11
1.076987990321087491e-11
1.065194024042348982e-11
1.076402950328825603e-11
1.064190350089264756e-11
1.077330092460195031e-11
1.064612690322904676e-11
1.075957170404027821e-11
1.065969374140387721e-11
1.075391846340919731e-11
1.065833716222103614e-11
1.075832485898952841e-11
1.065589546491792049e-11
1.075738930417363234e-11
1.066023111747318669e-11
1.075165095811749481e-11
1.066626634481510617e-11
1.074658212437075027e-11
1.067041002559469801e-11
1.074354760141263630e-11
1.067286707316052507e-11
1.074163079608424916e-11
1.067465630462439356e-11
1.074001994055965917e-11
1.067631252118798865e-11
1.073842200327297450e-11
1.067796645178421683e-11
1.073680410476703702e-11
1.067960551944559993e-11
1.073519812911747837e-11
1.068119684965678463e-11
1.073363377701922495e-11
1.068271820557093956e-11
1.073212789196074980e-11
1.068415877532364056e-11
1.073068773227167054e-11
1.068551487171720183e-11
1.072931503669263510e-11
1.068678659022538644e-11
1.072800862674330057e-11
1.068797587887739893e-11
1.072676583021729909e-11
1.068908551699341541e-11
1.072558322491296051e-11
1.069011858577754186e-11
1.072445702530283497e-11
1.069107819216910325e-11
1.072338328477878558e-11
1.069196732235002169e-11
1.072235800162752190e-11
1.069278876291963201e-11
1.072137717298080253e-11
1.069354505777506496e-11
1.072043681991058437e-11
1.069423848423391150e-11
1.071953299555873459e-11
1.069487103946874826e-11
1.071866178323495954e-11
1.069544443228910954e-11
1.071781928796510942e-11
1.069596007744712745e-11
1.071700162375661163e-11
1.069641909081167297e-11
1.071620489774512294e-11
1.069682228430299274e-11
1.071542519201380885e-11
1.069717016002171381e-11
1.071465854345286412e-11
1.069746290303353788e-11
1.071390092191193600e-11
1.069770037261239220e-11
1.071314820673601367e-11
1.069788209159042272e-11
1.071239616169087123e-11
1.069800723373942004e-11
1.071164040828573856e-11
1.069807460895900995e-11
1.071087639739187816e-11
1.069808264617383478e-11
1.071009937908283690e-11
1.069802937378135278e-11
1.070930437058411338e-11
1.069791239757989669e-11
1.070848612223038154e-11
1.069772887601617286e-11
1.070763908131096729e-11
1.069747549268946580e-11
1.070675735365872486e-11
1.069714842600907978e-11
1.070583466296006277e-11
1.069674331595504397e-11
1.070486430760002495e-11
1.069625522785173099e-11
1.070383911507707963e-11
1.069567861319875631e-11
1.070275139389849064e-11
1.069500726752743950e-11
1.070159288302848930e-11
1.069423428541300172e-11
1.070035469893475013e-11
1.069335201274018916e-11
1.069902728043666956e-11
1.069235199650655911e-11
1.069760033158910686e-11
1.069122493246921573e-11
1.069606276300657133e-11
1.068996061112856541e-11
1.069440263212728548e-11
