# bin_6_5
5.731642503977202319e-01
5.730991632371811306e-01
5.730681629305512947e-01
5.729994984050277296e-01
5.729629166712131294e-01
5.728902194143669080e-01
5.728476830410291765e-01
5.727704692484067994e-01
5.727215701363866929e-01
5.726393260936676333e-01
5.725836202713934231e-01
5.724958011153179482e-01
5.724328079941914948e-01
5.723388367846716784e-01
5.722680387421950066e-01
5.721673059370712133e-01
5.720881483311929250e-01
5.719800117729307853e-01
5.718919035068789070e-01
5.717756890467322606e-01
5.716780038209887671e-01
5.715530067255152336e-01
5.714450851323770175e-01
5.713105724330701518e-01
5.711917250652369660e-01
5.710469390307107984e-01
5.709164507908588426e-01
5.707606137120445622e-01
5.706177495204656225e-01
5.704500700086586606e-01
5.702940821108704039e-01
5.701137631063687428e-01
5.699439001741316568e-01
5.697501488505131162e-01
5.695656670492467155e-01
5.693577067660543500e-01
5.691578829179183563e-01
5.689349673193423440e-01
5.687191142211047712e-01
5.684805434904219856e-01
5.682480273383848646e-01
5.679931664909509959e-01
5.677434262143568056e-01
5.674717251338967650e-01
5.672042932329137699e-01
5.669153079218554048e-01
5.666298321384365400e-01
5.663232463500843528e-01
5.660195111637712495e-01
5.656951572138422257e-01
5.653731037484884814e-01
5.650309808633960929e-01
5.646907233210007870e-01
5.643310113863735378e-01
5.639728476123628820e-01
5.635959136648334145e-01
5.632203269334234985e-01
5.628267212439197476e-01
5.624343698979701323e-01
5.620248081064596057e-01
5.616164993937522443e-01
5.611918269928721781e-01
5.607684714482265020e-01
5.603296071366913322e-01
5.598921503497432672e-01
5.594400055895268897e-01
5.589893353922755770e-01
5.585247091398781727e-01
5.580615383876987856e-01
5.575849886691938151e-01
5.571097170963713596e-01
5.566214150474876332e-01
5.561339782905004858e-01
5.556335555437165175e-01
5.551332752856844577e-01
5.546196819505696540e-01
5.541051378554062712e-01
5.535765351807181434e-01
5.530454859496700681e-01
5.524992038464064947e-01
5.519485897531093421e-01
5.513811827185257641e-01
5.508072429854405927e-01
5.502146758454870001e-01
5.496132081389406565e-01
5.489911921288574970e-01
5.483579649345439178e-01
5.477024418229872182e-01
5.470337409000528561e-01
5.463414764566794091e-01
5.456347237340446465e-01
5.449039236595619728e-01
5.441582553295839508e-01
5.433890646353846110e-01
5.426057065475714536e-01
5.418004133440780246e-01
5.409826666142912854e-01
5.401454279828274974e-01
5.392981038340459721e-01
5.384340741707006606e-01
5.375623223742596046e-01
5.366762161870269887e-01
5.357838890194417392e-01
5.348782478857003753e-01
5.339662065997996532e-01
5.330399113086153884e-01
5.321049296582450738e-01
5.311526839572576764e-01
5.301876819650570560e-01
5.292011195804762202e-01
5.281971903995138495e-01
5.271677622341258695e-01
5.261177310047132627e-01
5.250406069907846973e-01
5.239428159048604705e-01
5.228199965771341828e-01
5.216801530959771505e-01
5.205205234822308791e-01
5.193496012703627818e-01
5.181646114695939165e-01
5.169726353291311804e-01
5.157689586685034744e-01
5.145577204820918071e-01
5.133314923143834640e-01
5.120918078151922570e-01
5.108300785327500870e-01
5.095479110554769209e-01
5.082388779076921770e-01
5.069079196582704228e-01
5.055530384556473633e-01
5.041829803063229143e-01
5.027983289391846355e-01
5.014076241951536117e-01
5.000087087315484569e-01
4.986048659924587345e-01
4.971882321717651099e-01
4.957574784745890639e-01
4.943036930751069646e-01
4.928285033945402072e-01
4.913297381758749971e-01
4.898166053590770619e-01
4.882923766250215070e-01
4.867661787897351044e-01
4.852353812726110105e-01
4.836993489690469272e-01
4.821471516891326359e-01
4.805759827249985738e-01
4.789813504899517738e-01
4.773721415171560678e-01
4.757539790247252154e-01
4.741366608656502613e-01
4.725159422661237563e-01
4.708868110663428919e-01
4.692366899482981468e-01
4.675661258271517906e-01
4.658790193643109201e-01
4.641893285975445260e-01
4.624983470218529957e-01
4.608018232883143162e-01
4.590843745571314694e-01
4.573444629661377325e-01
4.555879392905724523e-01
4.538298257475346653e-01
4.520671534111462275e-01
4.502891356757136032e-01
4.484825773496412538e-01
4.466574692074397057e-01
4.448254059658667825e-01
4.429882780766457584e-01
4.411264874509332468e-01
4.392361533604179358e-01
4.373291157767124626e-01
4.354180245244747560e-01
4.334854541585185794e-01
4.315212370415441590e-01
4.295367365700050177e-01
4.275471367653129184e-01
4.255327930573012396e-01
4.234867257725928313e-01
4.214264010734797283e-01
4.193577119401428188e-01
4.172559207459344277e-01
4.151334888915948484e-01
4.130051465168864677e-01
4.108531634221901929e-01
4.086746983692137736e-01
4.064957636386305473e-01
4.042928966038728533e-01
4.020700555731501757e-01
3.998453253692036413e-01
3.975975498878517866e-01
3.953355630648134889e-01
3.930714486490238802e-01
3.907780012485417842e-01
3.884869215564132894e-01
3.861718480568715473e-01
3.838469935705658975e-01
3.815094872005165283e-01
3.791511939733335779e-01
3.767852548151474079e-01
3.743946358572302624e-01
3.719956390487846876e-01
3.695726362404230803e-01
3.671390651125402416e-01
3.646839371448983846e-01
3.622170915354313570e-01
3.597317439505209324e-01
3.572350238485579865e-01
3.547229404397551078e-01
3.522006596332716843e-01
3.496656233969338001e-01
3.471213516528269261e-01
3.445657255469649627e-01
3.420008013139291259e-01
3.394244446037689156e-01
3.368376448098588938e-01
3.342383961565920658e-01
3.316273355969872050e-01
3.290031167308246629e-01
3.263667716440510902e-01
3.237180140652564653e-01
3.210585242806622275e-01
3.183888223843399090e-01
3.157106956984750967e-01
3.130245605304926015e-01
3.103313910675806198e-01
3.076307088991983019e-01
3.049223862048570100e-01
3.022053343539278236e-01
2.994792492473962731e-01
2.967436960127745604e-01
2.939994411235897220e-01
2.912473990377885680e-01
2.884892397368366002e-01
2.857261046747488487e-01
2.829588836531423679e-01
2.801873620070238768e-01
2.774109685613234677e-01
2.746287959761414266e-01
2.718406817448699719e-01
2.690472260277367855e-01
2.662500137129856781e-01
2.634506997798650718e-01
2.606504288406901182e-01
2.578491634058503457e-01
2.550460944766512195e-01
2.522404183550573387e-01
2.494323586764315426e-01
2.466233317687411553e-01
2.438151969334564628e-01
2.410090369706101576e-01
2.382045311755717765e-01
2.354006800092792728e-01
2.325971619127918943e-01
2.297952126999837918e-01
2.269967263828757131e-01
2.242027570986220852e-01
2.214127378149380876e-01
2.186258993647763049e-01
2.158427819681777715e-01
2.130653200124650037e-01
2.102946920578836754e-01
2.075304749141085037e-01
2.047719298506323060e-01
2.020201768859642422e-01
1.992770557849225244e-01
1.965429834731432790e-01
1.938169442270925857e-01
1.910995247289956067e-01
1.883926662920480943e-01
1.856969718472772091e-01
1.830113242311139921e-01
1.803365735930268499e-01
1.776746864118949609e-01
1.750255785553618271e-01
1.723883839137622664e-01
1.697650238432674152e-01
1.671565177569656058e-01
1.645619137590958736e-01
1.619822024467985899e-01
1.594190923402698801e-01
1.568714816545136170e-01
1.543404425091794430e-01
1.518272494797980876e-01
1.493311541404547527e-01
1.468534917327105616e-01
1.443949975284709308e-01
1.419550553431147555e-01
1.395357520575140620e-01
1.371360859707985436e-01
1.347574817845588468e-01
1.324001101681182846e-01
1.300641777277014299e-01
1.277508498645562596e-01
1.254597508142019091e-01
1.231922192503278751e-01
1.209478874980849106e-01
1.187278444256022192e-01
1.165319179441572789e-01
1.143609834640588463e-01
1.122151111753082325e-01
1.100950141967111523e-01
1.080008349759983416e-01
1.059331360759916962e-01
1.038920747475051282e-01
1.018781235743176083e-01
9.989148082952226115e-02
9.793254872952782131e-02
9.600153484695619910e-02
9.409880310047340213e-02
9.222454644294135473e-02
9.037907524701520312e-02
8.856256794504782648e-02
8.677526995904301377e-02
8.501730938193617637e-02
8.328887319436389935e-02
8.159007295452298802e-02
7.992106620202808764e-02
7.828194688863968076e-02
7.667281908464745888e-02
7.509372370456082746e-02
7.354472977450948745e-02
7.202582433389809191e-02
7.053700263941413418e-02
6.907821278551462552e-02
6.764940275549231885e-02
6.625048268060426682e-02
6.488136600973086476e-02
6.354191204461233367e-02
6.223197833004852353e-02
6.095139860582998725e-02
5.969996720695074782e-02
5.847744645800455332e-02
5.728359744162876688e-02
5.611814966949573574e-02
5.498080733284407134e-02
5.387125020712215523e-02
5.278914279269324161e-02
5.173413663677180196e-02
5.070584380062583690e-02
4.970385293135188426e-02
4.872773769965371704e-02
4.777705916251800966e-02
4.685134955427086578e-02
4.595012125592625590e-02
4.507287576046126870e-02
4.421911016841038183e-02
4.338828712867812132e-02
4.257985570232149936e-02
4.179325299859560500e-02
4.102791873734989991e-02
4.028326161194754201e-02
3.955868480158014622e-02
3.885358692997521041e-02
3.816738309664935436e-02
3.749945828291405964e-02
3.684919750532208299e-02
3.621597967126688467e-02
3.559920355005843917e-02
3.499824746747947496e-02
3.441249968636202888e-02
3.384135090128820994e-02
3.328422116004614573e-02
3.274051252019815478e-02
3.220963564842112270e-02
3.169100382095749180e-02
3.118407290364844098e-02
3.068829111976504112e-02
3.020312175166161087e-02
2.972803331588798684e-02
2.926253473020081972e-02
2.880612796154009836e-02
2.835833357864430901e-02
2.791868869981453324e-02
2.748677990548814912e-02
2.706218117850887547e-02
2.664448093733333064e-02
2.623328498734864289e-02
2.582825924413885768e-02
2.542905972555749641e-02
2.503535063964121635e-02
2.464681059456099582e-02
2.426318243650659248e-02
2.388420420595989066e-02
2.350961307256331512e-02
2.313915809224921863e-02
2.277266009529394994e-02
2.240992362799421045e-02
2.205075735499053419e-02
2.169497937795234616e-02
2.134247234057360179e-02
2.099310396160395872e-02
2.064674103147585288e-02
2.030326462425851436e-02
1.996260595847392308e-02
1.962468086664142380e-02
1.928941801474264028e-02
1.895673479476739018e-02
1.862660022919507968e-02
1.829899060661546728e-02
1.797385625709022744e-02
1.765114684737115539e-02
1.733088103910456618e-02
1.701305026538476456e-02
1.669764354398386996e-02
1.638463110264722078e-02
1.607404663160375696e-02
1.576592111782286476e-02
1.546024857935264160e-02
1.515702773923646371e-02
1.485630024733101961e-02
1.455811445880706920e-02
1.426247607424062543e-02
1.396939396060452310e-02
1.367892304848986572e-02
1.339111910743043428e-02
1.310599816902907090e-02
1.282357125341174013e-02
1.254389727587857002e-02
1.226703681394363497e-02
1.199300957538608145e-02
1.172182701453051805e-02
1.145354834600525833e-02
1.118823623629343865e-02
1.092591202999327812e-02
1.066658401561295343e-02
1.041030714462154103e-02
1.015714379613515995e-02
9.907109919042655227e-03
9.660209755274467430e-03
9.416488274919941615e-03
9.176006413410009790e-03
8.938772413088699742e-03
8.704785159620405041e-03
8.474078871976337829e-03
8.246711219056694978e-03
8.022682594478714249e-03
7.801983649233886452e-03
7.584636547875413075e-03
7.370690835199625660e-03
7.160141643452779849e-03
6.952970145132675132e-03
6.749188840795260387e-03
6.548843136548301684e-03
6.351921603947828336e-03
6.158398248205534074e-03
5.968274128428212484e-03
5.781591632442016279e-03
5.598337167959295882e-03
5.418479613695123716e-03
5.242013183367700592e-03
5.068977742694668470e-03
4.899358650961705038e-03
4.733121332858574760e-03
4.570254776716358054e-03
4.410799067569595722e-03
4.254739924018305884e-03
4.102040067577575853e-03
3.952681814240963272e-03
3.806702493678948765e-03
3.664088670458172294e-03
3.524798235302173573e-03
3.388804738122285550e-03
3.256137934390680808e-03
3.126778123426936836e-03
3.000675832221755442e-03
2.877790610682235111e-03
2.758139195552393452e-03
2.641694551194515364e-03
2.528396938869041568e-03
2.418192946417981742e-03
2.311090549277524091e-03
2.207061141888829424e-03
2.106045295194558433e-03
2.007992516155215033e-03
1.912917761340547119e-03
1.820806169151648751e-03
1.731616882269606172e-03
1.645318525305058347e-03
1.561938913341845208e-03
1.481480062824887083e-03
1.403915858589026636e-03
1.329218897602845199e-03
1.257403437980241737e-03
1.188453431937105780e-03
1.122314153352384518e-03
1.058917426300384681e-03
9.982240389820149114e-04
9.401648793654376239e-04
8.846388902226326803e-04
8.315426966935409673e-04
7.808068867306987336e-04
7.323609863060675683e-04
6.861286037528615493e-04
6.420564818344844278e-04
6.001307508569135802e-04
5.603522169016600081e-04
5.227174864349590612e-04
4.872325142110456916e-04
4.539052441911934689e-04
4.227250757836332638e-04
3.936422181854752037e-04
3.665844792753039996e-04
3.414492912724560411e-04
3.181193562751429135e-04
2.964630733457442025e-04
2.763747041659990770e-04
2.577681142321043149e-04
2.406037565003845660e-04
2.248689762412375641e-04
2.105803514206489621e-04
1.977143622113026295e-04
1.861920459420417652e-04
1.758219083994371835e-04
1.662926614604870641e-04
1.571304790251000310e-04
1.477684550852777017e-04
1.376005239729308097e-04
1.260963681749161121e-04
1.128549892938540314e-04
9.772566515619079117e-05
8.083719257073224043e-05
6.260918776380942040e-05
4.364389977209809856e-05
2.466520598689182498e-05
6.391368422889280757e-06
-1.054537914614009017e-05
-2.571174209260323700e-05
-3.885853607752765769e-05
-4.991096476334556204e-05
-5.890854120310393078e-05
-6.599574348535591642e-05
-7.135329411778814105e-05
-7.517830079870228897e-05
-7.766574959391083714e-05
-7.904023643020314930e-05
-7.953131140251494774e-05
-7.935674311485852448e-05
-7.869305012720982412e-05
-7.767767248713089098e-05
-7.638827751700500996e-05
-7.484988043873693235e-05
-7.306142323550580270e-05
-7.104225772056407557e-05
-6.884011809008115537e-05
-6.652115059419001352e-05
-6.415521362218676478e-05
-6.180448164963832478e-05
-5.950305496137384728e-05
-5.724462410539318889e-05
-5.499443775849528792e-05
-5.271150253259986062e-05
-5.037196436135916278e-05
-4.797851411242419598e-05
-4.556327724151571217e-05
-4.317450119416570213e-05
-4.085973019688584923e-05
-3.863875610738107019e-05
-3.650355430574561721e-05
-3.443716704523524494e-05
-3.243472662441192704e-05
-3.050036195011313360e-05
-2.865227650410119036e-05
-2.690898485896045416e-05
-2.527449249391993600e-05
-2.374319748591803298e-05
-2.231563320289060200e-05
-2.098209130774994195e-05
-1.972802411823551357e-05
-1.854325756661530210e-05
-1.741919435032387666e-05
-1.635639999595575459e-05
-1.536633884085888635e-05
-1.444566266680142141e-05
-1.358299595995402302e-05
-1.276804796676624392e-05
-1.198600942242472241e-05
-1.124202155750617869e-05
-1.055598443160320709e-05
-9.914279777014263088e-06
-9.295719194386658425e-06
-8.712496566685916746e-06
-8.162732070713051263e-06
-7.644223213001626982e-06
-7.165041428099922723e-06
-6.707975401995566107e-06
-6.263338073490557615e-06
-5.853466271205940063e-06
-5.482002354301166008e-06
-5.125295856152490579e-06
-4.781459592321832542e-06
-4.466223055224160490e-06
-4.165135576136419347e-06
-3.883156275751659829e-06
-3.631027975815347975e-06
-3.391330102094998312e-06
-3.151511304712307434e-06
-2.932464972136879967e-06
-2.742481544784075496e-06
-2.552159257369722056e-06
-2.369518427622326928e-06
-2.204298403134278058e-06
-2.049808461473242746e-06
-1.905157912989554490e-06
-1.771837439226796556e-06
-1.646300679571576820e-06
-1.517189608124951180e-06
-1.409970878731530344e-06
-1.315153319028318313e-06
-1.218397448531975137e-06
-1.118054575746271187e-06
-1.036749613424508814e-06
-9.696320882906150305e-07
-8.920555198843370257e-07
-8.202855532079871506e-07
-7.584970377783405548e-07
-7.076820342203509241e-07
-6.484708595420445221e-07
-5.972603162991544849e-07
-5.518198712271602961e-07
-5.099289361393024222e-07
-4.684087924484144866e-07
-4.305537340294309471e-07
-3.984973101274974219e-07
-3.637294863053076030e-07
-3.353803443294342544e-07
-3.071896988972608392e-07
-2.841484033337614120e-07
-2.575595826401685530e-07
-2.373306812812262977e-07
-2.173635488673399152e-07
-1.997665408128434321e-07
-1.813976366742740634e-07
-1.659007824679417116e-07
-1.522215759427149189e-07
-1.383857454328535103e-07
-1.265965665869505205e-07
-1.144645936258467363e-07
-1.051232876628205560e-07
-9.442415801058900016e-08
-8.708290218937936315e-08
-7.786135734222879576e-08
-7.108794387247669141e-08
-6.322778016277711218e-08
-5.868944737058752601e-08
-5.216877060003762529e-08
-4.689454367698220971e-08
-4.135930901449780521e-08
-3.853306885521330047e-08
-3.416885197918747958e-08
-2.993189417988583515e-08
-2.609715133131881057e-08
-2.441479871881655330e-08
-2.164106249050786765e-08
-1.828331515422118807e-08
-1.560390145817829946e-08
-1.472203887215388970e-08
-1.301018539323521263e-08
-1.041396802407885328e-08
-8.499259982280155811e-09
-8.169265020212004739e-09
-7.139904848848235390e-09
-5.235931368057012127e-09
-3.840394879425865968e-09
-3.855966029784751236e-09
-3.263353301561873048e-09
-1.918572860943595784e-09
-9.127766512015939831e-10
-1.112573311740428619e-09
-7.994604686439358956e-10
1.008540522369812540e-10
8.371829946421589801e-10
5.452721089740319738e-10
6.788314751613854983e-10
1.269999373838732683e-09
1.775831160090500234e-09
1.462345596254634407e-09
1.481208743691241441e-09
1.852527448507374118e-09
2.189721152776875216e-09
1.886811166943096208e-09
1.830719214342679044e-09
2.062463301418919719e-09
2.269802028254411409e-09
2.011497694900555624e-09
1.890752287121833720e-09
2.024178645635591930e-09
2.134338563680700702e-09
1.930720216574779785e-09
1.765625310047039721e-09
1.851517580390417262e-09
1.898216145576574022e-09
1.730804841526467844e-09
1.553248259620380648e-09
1.609308821537636336e-09
1.592641893521484404e-09
1.469223993410150106e-09
1.297282119063306904e-09
1.338981546667388512e-09
1.280525383880740610e-09
1.193061582697975114e-09
1.035391013560038770e-09
1.050279170553550135e-09
9.843560393898519756e-10
9.129142312554803906e-10
7.796887214038788468e-10
7.794600781416870132e-10
7.093689136286349717e-10
6.613583912091817627e-10
5.414093727476811826e-10
5.376760423752669003e-10
4.646075541113519348e-10
4.309129328256348454e-10
3.274753369043136913e-10
3.245819077648705714e-10
2.539991706767436794e-10
2.332459769977637107e-10
1.427037702816461329e-10
1.410145051949214365e-10
7.665820367530758956e-11
6.393424845533887655e-11
-1.228302262110682053e-11
-1.480778980848774120e-11
-6.870632293006850122e-11
-7.775578548643384865e-11
-1.394039608562685897e-10
-1.431977903478587716e-10
-1.869273239251287816e-10
-1.939851230289383477e-10
-2.419623920747364356e-10
-2.457254689868289866e-10
-2.813199890204144340e-10
-2.868488737489815026e-10
-3.226325523403116437e-10
-3.269276403182495304e-10
-3.539542538746408199e-10
-3.587964559447544299e-10
-3.856705462374219447e-10
-3.881347820581784714e-10
-4.094483363106405327e-10
-4.126524792920975408e-10
-4.320017138926577559e-10
-4.334890054660157029e-10
-4.495904155883727771e-10
-4.507740395459087503e-10
-4.644365074231258707e-10
-4.648822416344448894e-10
-4.757245180941284720e-10
-4.758038853666421079e-10
-4.841476422193929578e-10
-4.832157706160732511e-10
-4.901201473412839389e-10
-4.881039752323854592e-10
-4.929956594515317484e-10
-4.900473871842642016e-10
-4.935156965217482709e-10
-4.901757706942952185e-10
-4.914753448285040427e-10
-4.869972466617338902e-10
-4.877324365990384767e-10
-4.826753417882861662e-10
-4.812578825775671847e-10
-4.752361813595412822e-10
-4.730907510619766548e-10
-4.667209361312924745e-10
-4.624819533433746907e-10
-4.549187421872826106e-10
-4.502226459420389500e-10
-4.422213716292612581e-10
-4.356951764653688261e-10
-4.265180771643949985e-10
-4.196654989630150258e-10
-4.101285805928172785e-10
-4.016020653600584706e-10
-3.908738749722737436e-10
-3.820045100814754340e-10
-3.708808934869725307e-10
-3.604511885110197431e-10
-3.481880289664424535e-10
-3.375295814143759278e-10
-3.250785330294749558e-10
-3.132067195329563682e-10
-2.998239307624415145e-10
-2.878174553707963035e-10
-2.742973271616154144e-10
-2.611815737043833952e-10
-2.467693018620932131e-10
-2.336089208298494900e-10
-2.193128710059513832e-10
-2.055586599348182591e-10
-1.909038029864590657e-10
-1.774614446893988766e-10
-1.631638718776126259e-10
-1.494428308446088638e-10
-1.350466635388509976e-10
-1.219049215914580787e-10
-1.082809527978076682e-10
-9.545648356585502965e-11
-8.229947195622296054e-11
-7.043374148212898338e-11
-5.842524815541963307e-11
-4.745576215161794727e-11
-3.652373578902173487e-11
-2.699319793878527404e-11
-1.757103818192143981e-11
-9.310784796731522208e-12
-1.353792053382218136e-12
5.039066592354141306e-12
1.102132840378884318e-11
1.573572760962212139e-11
2.005991442344358337e-11
2.290839089196771760e-11
2.528595577534154139e-11
2.639971152797731189e-11
2.710914659150859914e-11
2.654341780599087007e-11
2.569321463045716009e-11
2.388136148693606516e-11
2.191600882361813275e-11
1.907951340386914428e-11
1.628830663447136681e-11
1.300959770123057102e-11
1.006954282066993158e-11
6.837989529996712279e-12
4.031928470927193385e-12
1.284962989801842623e-12
-6.348036986726894460e-13
-2.443491113585361491e-12
-3.449942360147705022e-12
-4.005068295903265076e-12
-3.719942017054184580e-12
-3.071584392568126558e-12
-1.664191350133613875e-12
-1.010932203469292018e-13
2.219103135627946789e-12
4.365774599416651588e-12
6.831127250121229844e-12
9.060968865053075656e-12
1.119002711795137356e-11
1.280644173900087590e-11
1.404657853710103770e-11
1.470726943085117179e-11
1.484245981656936676e-11
1.440895175101461549e-11
1.357438147211511210e-11
1.232456033438162152e-11
1.101599628242876790e-11
9.606706738263998738e-12
8.464077661345687511e-12
7.558332226551493801e-12
7.169359364299532325e-12
7.194396786055913381e-12
7.735765791194204223e-12
8.582176898220494505e-12
9.713941850712312734e-12
1.081704697899926812e-11
1.182540101498184098e-11
1.243752262783322769e-11
1.270488099408226958e-11
1.245954953187868119e-11
1.191684505365705962e-11
1.109636876365639324e-11
1.034159185915080308e-11
9.713966000780105402e-12
9.491615028542868136e-12
9.615607868615383869e-12
1.014310412837151974e-11
1.080207745974777391e-11
1.148236010899685660e-11
1.187697377504474751e-11
1.196097163471916480e-11
1.164017064017095815e-11
1.114634402091527575e-11
1.060618467147691481e-11
1.033148283636155708e-11
1.035862313494458295e-11
1.073064639514441231e-11
1.119454289694410173e-11
1.157938905766395586e-11
1.164041048331242355e-11
1.141804635230851176e-11
1.101094115612464699e-11
1.072417765836075945e-11
1.068814751908836800e-11
1.096033961478380720e-11
1.130054254896404402e-11
1.150401537906873931e-11
1.139238632542170135e-11
1.111506061193932427e-11
1.087509129676106506e-11
1.091253355107754470e-11
1.114803181966792627e-11
1.138444452586692052e-11
1.136621137185736302e-11
1.115849714909140362e-11
1.097130080166073145e-11
1.103939222621821929e-11
1.124372411537633037e-11
1.135657597303727828e-11
1.122374170171621495e-11
1.105954915486303357e-11
1.107257725328977978e-11
1.125314600535240794e-11
1.130585307305849128e-11
1.117980566413367941e-11
1.107706064120436401e-11
1.118197073086707725e-11
1.128643406883555718e-11
1.121707682755869530e-11
1.110922636990214186e-11
1.118626542459388576e-11
1.126915006257558235e-11
1.119748455552242687e-11
1.113263450314474860e-11
1.122710487672259199e-11
1.124247207126049037e-11
1.115935285569015578e-11
1.118665598760664776e-11
1.124962989697165739e-11
1.117817656431098187e-11
1.118426664241953072e-11
1.123885142508934352e-11
1.118673587752931565e-11
1.119123304086544602e-11
1.123373401611698085e-11
1.118039559804527627e-11
1.121214389865416033e-11
1.121547747708558763e-11
1.118653504182381612e-11
1.122471330228225556e-11
1.119344902781404620e-11
1.121074412237715882e-11
1.120910073093112529e-11
1.119915859457796650e-11
1.121669477447369045e-11
1.119635496331142186e-11
1.121715316021349217e-11
1.119809194728664353e-11
1.121518889076669756e-11
1.120062278454764091e-11
1.121325462676728910e-11
1.120262128542701159e-11
1.121191958946245159e-11
1.120397292730567472e-11
1.121108739137797513e-11
1.120486280400094497e-11
1.121056992988991325e-11
1.120546346666575162e-11
1.121023144056484231e-11
1.120588539097065375e-11
1.120999190963863269e-11
1.120619246885741104e-11
1.120980680410279084e-11
1.120642115862021363e-11
1.120965131622214913e-11
1.120659277950663770e-11
1.120951122350446782e-11
1.120672028838287303e-11
1.120937800974965527e-11
1.120681187367247514e-11
1.120924629610736761e-11
1.120687287504815695e-11
1.120911246593028114e-11
1.120690683751343295e-11
1.120897390636279109e-11
1.120691611120367939e-11
1.120882857494602404e-11
1.120690220550819034e-11
1.120867474251094751e-11
1.120686600539501534e-11
1.120851083452006846e-11
1.120680790715029460e-11
1.120833532906253643e-11
1.120672790538075238e-11
1.120814668813201381e-11
1.120662564896218862e-11
1.120794330875355915e-11
1.120650047663870238e-11
1.120772348611859608e-11
1.120635143856952537e-11
1.120748538376200525e-11
1.120617730781104661e-11
1.120722700789069031e-11
1.120597658422768190e-11
1.120694618370784000e-11
1.120574749246084664e-11
1.120664053262643995e-11
1.120548797500440226e-11
1.120630744924977332e-11
1.120519568107596702e-11
1.120594407770474786e-11
1.120486795176659578e-11
1.120554728664169641e-11
1.120450180172526934e-11
1.120511364267764150e-11
1.120409389754656655e-11
1.120463938191005787e-11
1.120364053298359145e-11
1.120412037930056566e-11
1.120313760101322929e-11
1.120355211567112680e-11
1.120258056277320915e-11
1.120292964221518556e-11
1.120196441330720245e-11
1.120224754227586746e-11
1.120128364419119866e-11
1.120149989037911785e-11
1.120053220291825058e-11
1.120068020834589615e-11
1.119970344912506021e-11
1.119978141847979222e-11
1.119879010763886295e-11
1.119879579384728550e-11
1.119778421843795721e-11
1.119771490567630234e-11
1.119667708365542187e-11
1.119652956803568037e-11
1.119545921184701481e-11
1.119522978005005317e-11
1.119412025981450696e-11
1.119380466596192624e-11
1.119264897245787908e-11
1.119224241359354464e-11
1.119103312123295326e-11
