# bin_4_3
8.632605259915101525e-01
8.634281780350324675e-01
8.632227523441371453e-01
8.633777826541735312e-01
8.631804531350842913e-01
8.633232516158454439e-01
8.631332680522600942e-01
8.632641798185789472e-01
8.630808052498952776e-01
8.632001312644006497e-01
8.630226400839662304e-01
8.631306378406929936e-01
8.629583139986279905e-01
8.630551982783108977e-01
8.628873336307615327e-01
8.629732773599181339e-01
8.628091702114949468e-01
8.628843054672855617e-01
8.627232593559568397e-01
8.627876785650729907e-01
8.626290013482470487e-01
8.626827587380695439e-01
8.625257620426360905e-01
8.625688754072976527e-01
8.624128745146213415e-01
8.624453273694796529e-01
8.622896416107042050e-01
8.623113858121703723e-01
8.621553395512797646e-01
8.621662984627063153e-01
8.620092227501128246e-01
8.620092950333899662e-01
8.618505300045594675e-01
8.618395941127895421e-01
8.616784921999002256e-01
8.616564116305427401e-01
8.614923416348286844e-01
8.614589709824046482e-01
8.612913230263248288e-01
8.612465148330529230e-01
8.610747061651780054e-01
8.610183185175873666e-01
8.608418000794942904e-01
8.607737048219742393e-01
8.605919684011991144e-01
8.605120597404370963e-01
8.603246454185873304e-01
8.602328485643417899e-01
8.600393520315852136e-01
8.599356313648478523e-01
8.597357104983276432e-01
8.596200765720031223e-01
8.594134564803714849e-01
8.592859709524254264e-01
8.590724464737218291e-01
8.589332238509311823e-01
8.587126582743743741e-01
8.585618631407364587e-01
8.583341817324138256e-01
8.581720199702529417e-01
8.579371967594064952e-01
8.577638992046252575e-01
8.575219354900395219e-01
8.573377325531538196e-01
8.570886257937171404e-01
8.568937119204915742e-01
8.566374141717275625e-01
8.564319016984239807e-01
8.561682676529440705e-01
8.559521307416242397e-01
8.556808568128956294e-01
8.554538678036093247e-01
8.551744256229547592e-01
8.549360883405203726e-01
8.546476584880076111e-01
8.543971457047766505e-01
8.540985603051719499e-01
8.538346654236171895e-01
8.535243710283352270e-01
8.532454865984014925e-01
8.529215408798518361e-01
8.526256779766279159e-01
8.522857941869457221e-01
8.519706557925775803e-01
8.516123064022093070e-01
8.512754233866564046e-01
8.508960074193391288e-01
8.505349361825069732e-01
8.501320024096700179e-01
8.497445680328062911e-01
8.493160682871921940e-01
8.489006169014502445e-01
8.484451421944722016e-01
8.480007444809810613e-01
8.475176762705791678e-01
8.470442072708388448e-01
8.465337056949426842e-01
8.460317247401151208e-01
8.454944865477664884e-01
8.449648673412641919e-01
8.444016303130185142e-01
8.438449546017976477e-01
8.432558078740137741e-01
8.426716355769814371e-01
8.420553061702440445e-01
8.414415483407141627e-01
8.407949377765673304e-01
8.401476363912812051e-01
8.394659142796684348e-01
8.387797017171375602e-01
8.380571502933074068e-01
8.373264546195456903e-01
8.365579556230452463e-01
8.357786322016153013e-01
8.349612507286222618e-01
8.341318860669031388e-01
8.332656475245259209e-01
8.323875877838338155e-01
8.314746077279009384e-01
8.305501621034454551e-01
8.295920586460167057e-01
8.286214426624570750e-01
8.276163057290514269e-01
8.265952494988469956e-01
8.255365131801742917e-01
8.244568911452737625e-01
8.233359193937618281e-01
8.221900575046703352e-01
8.210014377595539203e-01
8.197872155964415208e-01
8.185322594500106241e-01
8.172537285340490953e-01
8.159374992647087099e-01
8.145985881827968456e-01
8.132217230012420695e-01
8.118186150361794695e-01
8.103730729789179188e-01
8.088955268109299102e-01
8.073719970042583238e-01
8.058149647858634523e-01
8.042145688045522212e-01
8.025848753672792935e-01
8.009169164505625105e-01
7.992216750006451154e-01
7.974870103348462580e-01
7.957198913890743963e-01
7.939081616352388071e-01
7.920610066405969762e-01
7.901720366829472209e-01
7.882542570833750428e-01
7.863025236801285400e-01
7.843253664481215637e-01
7.823122951425635074e-01
7.802680539204590593e-01
7.781852954988440763e-01
7.760753870029361012e-01
7.739373722915101617e-01
7.717812843193053718e-01
7.695992885861130395e-01
7.673942002589679845e-01
7.651599820464154433e-01
7.629080546457578382e-01
7.606398759507697616e-01
7.583628577928744896e-01
7.560681228185909264e-01
7.537584023369184871e-01
7.514338137834922771e-01
7.491069379302605080e-01
7.467746492014418758e-01
7.444358408728543042e-01
7.420849311717984120e-01
7.397331603362279351e-01
7.373816267844316430e-01
7.350283972616823425e-01
7.326646254207493936e-01
7.302993511700839324e-01
7.279337877838274462e-01
7.255628844875396943e-01
7.231779856916634719e-01
7.207884410626969052e-01
7.183904127595295286e-01
7.159746252943964828e-01
7.135395869895077015e-01
7.110918033576322239e-01
7.086170683103143464e-01
7.061142209401750636e-01
7.035876765579861525e-01
7.010278352456473794e-01
6.984307310755638598e-01
6.958048454845262576e-01
6.931370375200576195e-01
6.904330849221109734e-01
6.876954018863301599e-01
6.849160938867154824e-01
6.821074795090301679e-01
6.792632830445671788e-01
6.763898562041344986e-01
6.734914488887200346e-01
6.705656280221473642e-01
6.676230993329591579e-01
6.646571876759554964e-01
6.616785819754847919e-01
6.586796185765709799e-01
6.556675926543533706e-01
6.526346313839470614e-01
6.495841863170924713e-01
6.465083370621141912e-01
6.434079648392948547e-01
6.402759231506857107e-01
6.371126852302688715e-01
6.339133916674376534e-01
6.306803210723755937e-01
6.274122240589642407e-01
6.241143463560872018e-01
6.207889679897587998e-01
6.174434239943276115e-01
6.140813303514746080e-01
6.107091513927195292e-01
6.073282002950860514e-01
6.039405812641970295e-01
6.005424841094140209e-01
5.971303725485683778e-01
5.936959836892485853e-01
5.902330704581999488e-01
5.867337216914909614e-01
5.831949144751465974e-01
5.796148110079955007e-01
5.759977105313822676e-01
5.723489778451109622e-01
5.686777700802743141e-01
5.649908458760861674e-01
5.612944808384110473e-01
5.575893307286345912e-01
5.538739935586362018e-01
5.501426738270658312e-01
5.463907419378148944e-01
5.426136601360762590e-01
5.388115659601832030e-01
5.349860747455977839e-01
5.311417194851685286e-01
5.272808471703199773e-01
5.234047954842188100e-01
5.195111000227021769e-01
5.155977254016288480e-01
5.116627740547105008e-01
5.077083722244478681e-01
5.037377003886220894e-01
4.997551063724424147e-01
4.957615105631148489e-01
4.917560335507495384e-01
4.877354226763406797e-01
4.836985069645134971e-01
4.796451050739513056e-01
4.755768610981820910e-01
4.714935906055610082e-01
4.673952996960912820e-01
4.632823898401541851e-01
4.591587544581577918e-01
4.550278835815469991e-01
4.508907302630648650e-01
4.467432121191941552e-01
4.425822339672045858e-01
4.384085888845427048e-01
4.342271325517652047e-01
4.300394051638815052e-01
4.258437729178088937e-01
4.216392394676028443e-01
4.174301139762448543e-01
4.132188434998979587e-01
4.090021002921722104e-01
4.047746743921188939e-01
4.005395238452871265e-01
3.963034883332013369e-01
3.920692945624702497e-01
3.878330901612262460e-01
3.835926786742103745e-01
3.793491677749429858e-01
3.751061290440788620e-01
3.708644144967928047e-01
3.666235912835538180e-01
3.623841661004164050e-01
3.581472698533127441e-01
3.539102748337865090e-01
3.496763953051620910e-01
3.454497985511453817e-01
3.412277607576653105e-01
3.370098396666346696e-01
3.327991594034255818e-01
3.285944653236296253e-01
3.243997691020564789e-01
3.202124703572848952e-01
3.160329934857871170e-01
3.118634618198730113e-01
3.077064187068439538e-01
3.035601089660953100e-01
2.994243226112655032e-01
2.953032987173612178e-01
2.911948041941727072e-01
2.871005338150138253e-01
2.830201515611258656e-01
2.789572116932187984e-01
2.749097174326018966e-01
2.708796707430967121e-01
2.668678422832671537e-01
2.628747119058119641e-01
2.589001865942989200e-01
2.549470538288607924e-01
2.510142606804427468e-01
2.471032662614647268e-01
2.432148974003044417e-01
2.393490322994435704e-01
2.355074610862779860e-01
2.316904144730189963e-01
2.278985697095991525e-01
2.241328826626451109e-01
2.203934806991002526e-01
2.166819497273149708e-01
2.129982415613239366e-01
2.093436049774415886e-01
2.057181521979747352e-01
2.021231741531282766e-01
1.985589057111454558e-01
1.950262069541780219e-01
1.915254210878252483e-01
1.880575769714544765e-01
1.846229803218885912e-01
1.812223706003144863e-01
1.778562434169235484e-01
1.745254128018338124e-01
1.712302067755153423e-01
1.679713829658529556e-01
1.647493659495201934e-01
1.615647180471593003e-01
1.584178451122702502e-01
1.553094052259233748e-01
1.522396793911069413e-01
1.492092925312273333e-01
1.462185867813750872e-01
1.432680334023689606e-01
1.403579653925565440e-01
1.374887871334823097e-01
1.346607862590546989e-01
1.318743838117701350e-01
1.291297905559728731e-01
1.264273882183507836e-01
1.237673276687113189e-01
1.211499455795293362e-01
1.185753236349119527e-01
1.160437615930224320e-01
1.135553318114009558e-01
1.111102448996692527e-01
1.087085016851607050e-01
1.063502167283366800e-01
1.040353863355698016e-01
1.017641202118226285e-01
9.953631296254705774e-02
9.735195874922301928e-02
9.521094749457419126e-02
9.311325964467828675e-02
9.105867093962154157e-02
8.904705031798593184e-02
8.707817550334713552e-02
8.515186941041044677e-02
8.326781229364424441e-02
8.142576779805862919e-02
7.962537428501351155e-02
7.786634217377919054e-02
7.614825298721587810e-02
7.447072436449775346e-02
7.283329107826468085e-02
7.123553810374828876e-02
6.967693346925152298e-02
6.815699257010700285e-02
6.667513673465409740e-02
6.523085726467692247e-02
6.382352324360487938e-02
6.245256162328882699e-02
6.111729060214586562e-02
5.981710324665033551e-02
5.855130883222641608e-02
5.731922562756452261e-02
5.612011019597210743e-02
5.495328971998889728e-02
5.381799774495046179e-02
5.271349622873548052e-02
5.163898892005717306e-02
5.059374730970055134e-02
4.957696473640602064e-02
4.858786665711081754e-02
4.762559851133821992e-02
4.668942282426410267e-02
4.577851197187913362e-02
4.489207559699145283e-02
4.402927543837621693e-02
4.318934618481211352e-02
4.237148249000743938e-02
4.157490528937775320e-02
4.079879387848158595e-02
4.004242082294558192e-02
3.930501073046279575e-02
3.858582017557703192e-02
3.788407006325009152e-02
3.719908922496001358e-02
3.653016224839261694e-02
3.587659681335567119e-02
3.523768097665518073e-02
3.461280922486422579e-02
3.400133774320168029e-02
3.340265489858273984e-02
3.281613580437493100e-02
3.224124430615344511e-02
3.167743343082546348e-02
3.112417644690537027e-02
3.058092780846692268e-02
3.004725529454581323e-02
2.952270488953911282e-02
2.900682322440524888e-02
2.849918540065718431e-02
2.799943564657403003e-02
2.750719418594472360e-02
2.702213053911263138e-02
2.654389283392730517e-02
2.607220492793497005e-02
2.560679855750914308e-02
2.514740469496840047e-02
2.469376059159875819e-02
2.424567450595938381e-02
2.380294955117579284e-02
2.336539348741804856e-02
2.293281116626426711e-02
2.250508403830698764e-02
2.208209036288880101e-02
2.166369525409136271e-02
2.124974698957029021e-02
2.084017574218479524e-02
2.043492813889895635e-02
2.003392800848274868e-02
1.963707250157597020e-02
1.924432136731025339e-02
1.885566156029577778e-02
1.847104612171409505e-02
1.809041326191453483e-02
1.771375499289011557e-02
1.734109425045422120e-02
1.697240973888970370e-02
1.660766605562457102e-02
1.624686416604682881e-02
1.589004694970903506e-02
1.553721273166589444e-02
1.518834059493250586e-02
1.484344631394790733e-02
1.450259253901827437e-02
1.416578683728955332e-02
1.383302366680041508e-02
1.350431512375450602e-02
1.317972894629223027e-02
1.285927849280372147e-02
1.254296239283448147e-02
1.223078819410768243e-02
1.192283360611960316e-02
1.161912193354188924e-02
1.131962938342570037e-02
1.102437388790209437e-02
1.073342916933530365e-02
1.044681188550576796e-02
1.016450803524927490e-02
9.886523777514923464e-03
9.612921584230074007e-03
9.343717383324238318e-03
9.078890427493426993e-03
8.818432436877259376e-03
8.562409934318799404e-03
8.310835978701826970e-03
8.063679532788383536e-03
7.820920544611222741e-03
7.582618919438504669e-03
7.348780744230614705e-03
7.119364907802415258e-03
6.894338618479354391e-03
6.673757337907419707e-03
6.457623473540246954e-03
6.245889500865040543e-03
6.038507210746335563e-03
5.835529958490668669e-03
5.636959257142260156e-03
5.442732555821254078e-03
5.252792608534846697e-03
5.067177229714475706e-03
4.885889776504647938e-03
4.708867336993635515e-03
4.536039601930262101e-03
4.367437581780210000e-03
4.203064523913477984e-03
4.042842637969954259e-03
3.886693521327153848e-03
3.734638642703544224e-03
3.586675095668538735e-03
3.442716048105665463e-03
3.302666007401533054e-03
3.166529973816175226e-03
3.034304807993338290e-03
2.905893993882432188e-03
2.781199994344123790e-03
2.660223932510408056e-03
2.542966255892775522e-03
2.429351449004363804e-03
2.319298758584086625e-03
2.212828655915629120e-03
2.109966225870606952e-03
2.010647787543823079e-03
1.914806449868370654e-03
1.822439501061034377e-03
1.733536177125270111e-03
1.647990858487782600e-03
1.565684477150019278e-03
1.486539230736479231e-03
1.410494788935506968e-03
1.337414378033318718e-03
1.267190884433707547e-03
1.199778038672828697e-03
1.135168812122664891e-03
1.073311810002752125e-03
1.014181337131027805e-03
9.577621235412629632e-04
9.040449632640344072e-04
8.529240282544732184e-04
8.042744187654176377e-04
7.579391496333106335e-04
7.137760756110867865e-04
6.715902717311621065e-04
6.312458366376302735e-04
5.926314553002598809e-04
5.557301706144639024e-04
5.205080967645272019e-04
4.870010001153366494e-04
4.552194076053124919e-04
4.252113957765252597e-04
3.969549030879355772e-04
3.704395337513191524e-04
3.455889462385825775e-04
3.223265995192383477e-04
3.004850101867151532e-04
2.798766299021862125e-04
2.602146976365198277e-04
2.412001381588771149e-04
2.224893269606311537e-04
2.038108639468590015e-04
1.849605279792353825e-04
1.659093295885363134e-04
1.467634908710243604e-04
1.278166042895705285e-04
1.094261293485595382e-04
9.199290300553525151e-05
7.584459830907677616e-05
6.122917828691061808e-05
4.822425432519187867e-05
3.679000405350892397e-05
2.676633787299493339e-05
1.796574093782795644e-05
1.014530300926443214e-05
3.070072247549888985e-06
-3.489591985780583692e-06
-9.703523441154795424e-06
-1.571048363160776413e-05
-2.157783750057904991e-05
-2.729422835945079473e-05
-3.274070973695466071e-05
-3.775625362732167527e-05
-4.215819319938663606e-05
-4.579036124980218075e-05
-4.853686888990515927e-05
-5.038340410325479389e-05
-5.140078606101798273e-05
-5.171458052108464007e-05
-5.145250839662859617e-05
-5.074565050685732694e-05
-4.970173256256861391e-05
-4.841120517854384075e-05
-4.693656726111752691e-05
-4.533895516940058331e-05
-4.367942232617887691e-05
-4.201658843213208012e-05
-4.037707437360988760e-05
-3.878222187197930785e-05
-3.724373908766374659e-05
-3.575490172595397327e-05
-3.428981270699763630e-05
-3.283588824492310272e-05
-3.139554154744211687e-05
-2.999440228849458440e-05
-2.865389771921211324e-05
-2.739079688934209164e-05
-2.619919735159040997e-05
-2.506324413998284466e-05
-2.395857071084814117e-05
-2.287259710213466728e-05
-2.179584369580493157e-05
-2.072708646662363899e-05
-1.966349729134402019e-05
-1.861585664851751024e-05
-1.759523684872883157e-05
-1.660662149928942069e-05
-1.564398792562272315e-05
-1.471350803562699778e-05
-1.380420875072344712e-05
-1.292302822057132464e-05
-1.209134337009189307e-05
-1.131745737106574088e-05
-1.058242458759139336e-05
-9.893221788704255635e-06
-9.242592160296372349e-06
-8.628655801698217030e-06
-8.059573735785501087e-06
-7.525533457236135755e-06
-7.014002016038081544e-06
-6.537490222519899488e-06
-6.094278446075425943e-06
-5.676731582266704211e-06
-5.277631136202907122e-06
-4.915600053309726151e-06
-4.569010333376523832e-06
-4.238035339775324293e-06
-3.934119419255581587e-06
-3.654050907542662869e-06
-3.381328976868966232e-06
-3.120714404335853842e-06
-2.877982689159049501e-06
-2.643981615201887257e-06
-2.428102516440219446e-06
-2.227655764142829148e-06
-2.034253132035976004e-06
-1.857809101195949537e-06
-1.697154578540643988e-06
-1.549487865248335950e-06
-1.405808315453412649e-06
-1.284592968954503280e-06
-1.176195955865182430e-06
-1.074370805158005433e-06
-9.783493996233461169e-07
-8.927258591038015989e-07
-8.127330270887583801e-07
-7.306206172020140510e-07
-6.529186181543507001e-07
-5.795083922772960043e-07
-5.134486857498595570e-07
-4.509970030749276174e-07
-3.932504455927506162e-07
-3.460895828046346236e-07
-3.093563315336857515e-07
-2.788727253258900437e-07
-2.483347730242955026e-07
-2.216278365681831812e-07
-1.946948908949702826e-07
-1.647602845565908807e-07
-1.307110458801694480e-07
-9.950151432806491030e-08
-7.456492387012963479e-08
-5.626147756306949920e-08
-4.502957206633844527e-08
-3.961977816876671772e-08
-3.478075123485842895e-08
-2.506669058651138681e-08
-9.830790633668760503e-09
7.697284637403329621e-09
2.331035710137420305e-08
3.200106341948834894e-08
3.203321626803336783e-08
2.721057818625210186e-08
2.543839154595738715e-08
3.156643425545759857e-08
4.405960016963395527e-08
5.465281199767908279e-08
5.604063906620021676e-08
4.865330124980844470e-08
4.188782818152930088e-08
4.295605130764536814e-08
5.143205472329956968e-08
5.875662502471960858e-08
5.777500089655953231e-08
4.821021155015877567e-08
4.143169139210404581e-08
4.564587738317856875e-08
5.534481426688675137e-08
5.430770581989771168e-08
4.264169383087135714e-08
3.631299112845441531e-08
4.423643853622917643e-08
5.004255704990572003e-08
4.159258800220722390e-08
3.124546957775093628e-08
3.594278990751531687e-08
4.300860651071501987e-08
3.563239615488627906e-08
2.588810231737375859e-08
3.160247167867051974e-08
3.618419360192292737e-08
2.625991481437638998e-08
2.185794782628867286e-08
2.974541354033923981e-08
2.578090264516000140e-08
1.774893553767366962e-08
2.277506274222570308e-08
2.213375889853091973e-08
1.426249252669583194e-08
1.933021244912278565e-08
1.678753863494820188e-08
1.122330701033687831e-08
1.660425757179514327e-08
1.199866255783233457e-08
9.243630967801294619e-09
1.331919934376131601e-08
6.418738440123003188e-09
1.042684834207536998e-08
6.100806582293630611e-09
6.264059790482496181e-09
6.571483110773216730e-09
3.645392642720332064e-09
5.265734371695941113e-09
2.034366979092246687e-09
3.846712944473284508e-09
9.741742223868364182e-10
1.865468214601304094e-09
-5.918360987618019934e-11
6.281783809704341463e-10
-8.127528548865720425e-10
-7.030797424615547715e-10
-1.745972601008999793e-09
-1.715408203544688354e-09
-2.599502675872973738e-09
-2.772084178089591442e-09
-3.346992284600598306e-09
-3.392456722831270034e-09
-3.944998800885833875e-09
-4.214581972887103142e-09
-4.668773858990694925e-09
-4.769258745652110548e-09
-5.084986862402183274e-09
-5.260699880265604927e-09
-5.593954559091700006e-09
-5.750272286143221076e-09
-5.996656711286635061e-09
-6.098550302631605108e-09
-6.301726710440141499e-09
-6.436806163350285052e-09
-6.644805839110653051e-09
-6.708766062730155531e-09
-6.822689080410756982e-09
-6.910503750421487841e-09
-7.059199364853871253e-09
-7.074216397925979951e-09
-7.132742126465789042e-09
-7.186346510443690652e-09
-7.264289609813424518e-09
-7.230693956040568723e-09
-7.279415059801836468e-09
-7.304899585376279896e-09
-7.301579677592117096e-09
-7.259583102137110887e-09
-7.303394769679163003e-09
-7.238623956290229195e-09
-7.197797391608733380e-09
-7.169530927790319716e-09
-7.112881233429791342e-09
-7.025160182495690081e-09
-7.002353718509821249e-09
-6.887635947185102680e-09
-6.835470073121678172e-09
-6.734826676271747355e-09
-6.636857855028675282e-09
-6.530510532139040784e-09
-6.412269187098558676e-09
-6.289695576082677409e-09
-6.175227591739801333e-09
-6.034047823315401593e-09
-5.911522334243856452e-09
-5.752431674557167074e-09
-5.612221465349104230e-09
-5.432015232714202591e-09
-5.276524930031125290e-09
-5.096963231784281791e-09
-4.938436105374972633e-09
-4.746971040539800984e-09
-4.568722149942253054e-09
-4.367785998162143063e-09
-4.184994154243031761e-09
-3.982135235001267275e-09
-3.792945129637791502e-09
-3.582524214294737963e-09
-3.381596172194343163e-09
-3.164247317976173758e-09
-2.966181820471342018e-09
-2.756916056242491798e-09
-2.554573044625107703e-09
-2.336138534851624010e-09
-2.137579240604040681e-09
-1.938191246951254925e-09
-1.748591147032158485e-09
-1.546375242204969535e-09
-1.363532103432740598e-09
-1.183388046526175384e-09
-1.012521333668459229e-09
-8.364354250954614486e-10
-6.859451028504310797e-10
-5.414221159603062226e-10
-4.067018804587240736e-10
-2.781175013779927341e-10
-1.741129019402003106e-10
-6.951040597261648570e-11
1.695066171285550568e-11
8.828617338528941430e-11
1.478327986916332862e-10
1.967826393151735940e-10
2.197922523410618490e-10
2.451910687405781932e-10
2.513622219425053139e-10
2.459536679466914525e-10
2.342125757966021800e-10
2.052967133678611646e-10
1.735639194431092676e-10
1.353576541783991425e-10
9.047575440138556528e-11
4.927184424460975977e-11
-2.536917453294942502e-12
-4.425948788194610707e-11
-9.234825586944383286e-11
-1.251601518708013882e-10
-1.592267793023378848e-10
-1.816585276105604978e-10
-2.021689501051615776e-10
-2.050373269675302773e-10
-2.043387091925286011e-10
-1.914657686267744203e-10
-1.750804335044226886e-10
-1.481830127799767296e-10
-1.164385275974376567e-10
-8.224817962559322301e-11
-4.946305520137058246e-11
-1.315841180258304807e-11
1.614813659371441361e-11
4.168738613303624982e-11
5.740250896167284255e-11
7.044345454532366052e-11
6.959356059846794126e-11
6.475364942878914487e-11
5.156424492573230811e-11
3.448208150312878773e-11
1.267530117477363463e-11
-5.114913242187572263e-12
-2.471059643303331850e-11
-3.619726129076954399e-11
-4.290537205730183926e-11
-4.223050184470147813e-11
-3.448746199105904726e-11
-2.140397678736542685e-11
-5.729297137511271342e-12
1.193898991727448746e-11
2.510778450680704864e-11
3.604915059947867757e-11
3.808516068833163120e-11
3.625055314727393770e-11
2.652799564041689851e-11
1.606389463859272536e-11
3.378324493975466147e-12
-4.522615055829127175e-12
-9.047802248097103278e-12
-6.025098057585899651e-12
5.847721041206567083e-13
1.143205536656018353e-11
2.043047888564175952e-11
2.721352838303751139e-11
2.755067657036477544e-11
2.368096412697388484e-11
1.553591090865126261e-11
8.411706061167396341e-12
3.515465637649817505e-12
4.717542735489225385e-12
9.443103965361600518e-12
1.702175264626406639e-11
2.201023952539708734e-11
2.356219361576441806e-11
1.965612880968281256e-11
1.424348602047967207e-11
9.434281943993721998e-12
9.454863451378131303e-12
1.293654402054850373e-11
1.847961635929260868e-11
2.097607510810563412e-11
1.981851670813056742e-11
1.524659849619675281e-11
1.216781293661996516e-11
1.227133978700042327e-11
1.618115659978417830e-11
1.924786826663944914e-11
1.939056279263273095e-11
1.592629935574526830e-11
1.354509915790095378e-11
1.417816544621976901e-11
1.755716220425680264e-11
1.887099740716023288e-11
1.724935902440346320e-11
1.449729782950524404e-11
1.500698759626152923e-11
1.736424821505977809e-11
1.844234823100303131e-11
1.628848911558262516e-11
1.505658698027041604e-11
1.632960920858181212e-11
1.813738957688194038e-11
1.685662751973237615e-11
1.551324247985667309e-11
1.640940575831633092e-11
1.786599831319774002e-11
1.658274468798993564e-11
1.584348984424630967e-11
1.702634243475136982e-11
1.745897910424729686e-11
1.603189517708452222e-11
1.662933472513296735e-11
1.737020220064322107e-11
1.649865402143468887e-11
1.641083998038004002e-11
1.738899236019336521e-11
1.645265202307591058e-11
1.668108234039060767e-11
1.715137661718371436e-11
1.651663474347734078e-11
1.683723814285733136e-11
1.703037860464168238e-11
1.646358141622504110e-11
1.716281848472131867e-11
1.656985191512774320e-11
1.695296853613987452e-11
1.680490295956185982e-11
1.677858675572316819e-11
1.692080571510714326e-11
1.673410938100438261e-11
1.693119561748195685e-11
1.675690610943714175e-11
1.690566886377653673e-11
1.679165316092248423e-11
1.688044876610144515e-11
1.681876454368586777e-11
1.686395251833474674e-11
1.683654334641289248e-11
1.685477096715713614e-11
1.684771675686099524e-11
1.685014115411250713e-11
1.685482770724663881e-11
1.684807294709666331e-11
1.685950372937032550e-11
1.684739940550976276e-11
1.686268574188076819e-11
1.684747756327318388e-11
1.686491082256499752e-11
1.684795588770476606e-11
1.686649376120025420e-11
1.684863942345406816e-11
1.686762714915526852e-11
1.684941785525785429e-11
1.686843448628205936e-11
1.685022768323132765e-11
1.686899857770488717e-11
1.685103203199264795e-11
1.686937716079877477e-11
1.685180957228211758e-11
1.686961183590632820e-11
1.685254825038767096e-11
1.686973338146243354e-11
1.685324162898161602e-11
1.686976504638430054e-11
1.685388669274334149e-11
1.686972466817493520e-11
1.685448250091959676e-11
1.686962608356208557e-11
1.685502934377422709e-11
1.686948009792052225e-11
1.685552820656670975e-11
1.686929517017878433e-11
1.685598042493735326e-11
1.686907790847123082e-11
1.685638746181192021e-11
1.686883343641693754e-11
1.685675076235843425e-11
1.686856566831702912e-11
1.685707165954046685e-11
1.686827751895109221e-11
1.685735131272892972e-11
1.686797106514957287e-11
1.685759066762441161e-11
1.686764767101640055e-11
1.685779043007887326e-11
1.686730808546463936e-11
1.685795104855999031e-11
1.686695251793711186e-11
1.685807270188934133e-11
1.686658069699078096e-11
1.685815528975033581e-11
1.686619191494532920e-11
1.685819842459778030e-11
1.686578506114462756e-11
1.685820142363439126e-11
1.686535864576324226e-11
1.685816330022788505e-11
1.686491081562524299e-11
1.685808275420607485e-11
1.686443936326058976e-11
1.685795816066606378e-11
1.686394172998754399e-11
1.685778755708929126e-11
1.686341500392848509e-11
1.685756862863699526e-11
1.686285591342176593e-11
1.685729869145807268e-11
1.686226081646447124e-11
1.685697467414379343e-11
1.686162568651459590e-11
1.685659309720860303e-11
1.686094609512638485e-11
1.685615005081713757e-11
1.686021719181885722e-11
1.685564117079316512e-11
1.685943368148209817e-11
1.685506161320989302e-11
1.685858979979700536e-11
