# bin_7_3
1.080032461956246664e-01
1.079901996259373942e-01
1.079866744758997965e-01
1.079731434207690244e-01
1.079685297943099448e-01
1.079544263296497025e-01
1.079486695038252841e-01
1.079339015602722995e-01
1.079269400314919886e-01
1.079114110709556429e-01
1.079031764527032949e-01
1.078867851916534559e-01
1.078772021456745889e-01
1.078598423372648801e-01
1.078488285540849662e-01
1.078303888444163972e-01
1.078178550913516387e-01
1.077982189676174318e-01
1.077840692256231969e-01
1.077631150772161983e-01
1.077472467903776571e-01
1.077248481070304936e-01
1.077071525716888356e-01
1.076831783060749059e-01
1.076635412294522226e-01
1.076378563541091765e-01
1.076161586146877763e-01
1.075886249058683602e-01
1.075647435496136367e-01
1.075352206316656928e-01
1.075090301388081510e-01
1.074773768227917786e-01
1.074487506784762986e-01
1.074148266263283413e-01
1.073836392249602617e-01
1.073473069650709572e-01
1.073134358705407215e-01
1.072745631812248857e-01
1.072378917532229026e-01
1.071963544154810877e-01
1.071567747938309834e-01
1.071124596930681100e-01
1.070698761059746540e-01
1.070226846319284192e-01
1.069770169591371389e-01
1.069268686130373514e-01
1.068780560887656467e-01
1.068248921551516739e-01
1.067728970381532083e-01
1.067166841150589823e-01
1.066614950837043579e-01
1.066022281898085650e-01
1.065438631394547697e-01
1.064815680320524427e-01
1.064200758644219258e-01
1.063548101130439849e-01
1.062902710189771588e-01
1.062221232947052479e-01
1.061546469537890669e-01
1.060837339278485336e-01
1.060134549984355079e-01
1.059399152157324692e-01
1.058669854900087387e-01
1.057909696215967310e-01
1.057155463042742660e-01
1.056372033219018236e-01
1.055594330957608379e-01
1.054788921917460681e-01
1.053988910992470496e-01
1.053162396371728482e-01
1.052340693739306360e-01
1.051493278321950636e-01
1.050649698375755864e-01
1.049780656085351621e-01
1.048913953421263395e-01
1.048021383393690498e-01
1.047129032818502475e-01
1.046209674796250849e-01
1.045287735377031652e-01
1.044336896095796469e-01
1.043380014648113557e-01
1.042391662642098843e-01
1.041393273782161566e-01
1.040360356402240533e-01
1.039313125870126586e-01
1.038228143653241453e-01
1.037124673339957920e-01
1.035980507809176193e-01
1.034814270305002559e-01
1.033605198948780723e-01
1.032371596092380994e-01
1.031094345780138727e-01
1.029791697325644351e-01
1.028446298156408395e-01
1.027076483372937193e-01
1.025666616416609916e-01
1.024235048304216467e-01
1.022767575065049867e-01
1.021282231553273384e-01
1.019765700353163634e-01
1.018235117220616243e-01
1.016677301244419546e-01
1.015107769725564768e-01
1.013512698496128184e-01
1.011905364412732516e-01
1.010270775015763844e-01
1.008619760123367765e-01
1.006936211963139344e-01
1.005229012909772263e-01
1.003481781845817766e-01
1.001702739340939174e-01
9.998767600097668851e-02
9.980131513489268191e-02
9.960996971841566683e-02
9.941482166349210892e-02
9.921502274635994600e-02
9.901201512027855978e-02
9.880523263938142953e-02
9.859619198625405034e-02
9.838433244240177289e-02
9.817092031051620482e-02
9.795506994680719393e-02
9.773753598083356753e-02
9.751697462534779370e-02
9.729368715164907200e-02
9.706613728950073960e-02
9.683463213424069183e-02
9.659801115428864882e-02
9.635714624672533923e-02
9.611164076681312507e-02
9.586301281229783755e-02
9.561131303877561105e-02
9.535801960844693392e-02
9.510271906117004348e-02
9.484598565405986947e-02
9.458643402781224951e-02
9.432384550243255728e-02
9.405666038808505047e-02
9.378516359490442211e-02
9.350895470686995670e-02
9.322961476863958485e-02
9.294768071116045471e-02
9.266471882335262922e-02
9.238026125175581582e-02
9.209420289781117264e-02
9.180466093832366503e-02
9.151115921029939759e-02
9.121292356990887140e-02
9.091148144188590519e-02
9.060779719684809719e-02
9.030355675258044945e-02
8.999804212608390752e-02
8.969040677128453654e-02
8.937851342040635527e-02
8.906247096071417957e-02
8.874297077541197509e-02
8.842242201065894647e-02
8.810107718568364887e-02
8.777823214364040283e-02
8.745129135569101875e-02
8.712001923917239710e-02
8.678546203419178207e-02
8.645022287640716230e-02
8.611384337938642053e-02
8.577451037024305669e-02
8.543001830552354736e-02
8.508211198125795183e-02
8.473283175100640441e-02
8.438253428732193917e-02
8.402791856217813049e-02
8.366834920439195078e-02
8.330590376576411937e-02
8.294277035769452577e-02
8.257600919534792416e-02
8.220389220780482953e-02
8.182839862783777840e-02
8.145212872191971709e-02
8.107174081559549716e-02
8.068602669547246531e-02
8.029798490632703012e-02
7.990859696907977316e-02
7.951362273288076210e-02
7.911515538847108120e-02
7.871570120199203324e-02
7.831217499502049484e-02
7.790406824413576015e-02
7.749578095511745757e-02
7.708327396983172264e-02
7.666717456809445108e-02
7.625056395098867013e-02
7.582978008015407723e-02
7.540633418466845261e-02
7.498227149437304562e-02
7.455295127199478011e-02
7.412379609183125662e-02
7.369032792162003020e-02
7.325499134909035925e-02
7.281734266220055152e-02
7.237600800504764842e-02
7.193328664456062616e-02
7.148627625717385303e-02
7.103780560406666722e-02
7.058519547588092136e-02
7.013076204990914553e-02
6.967259625164105852e-02
6.921237460775191142e-02
6.874888877437311530e-02
6.828333989467146037e-02
6.781499761568667017e-02
6.734473936769887203e-02
6.687210630294941616e-02
6.639773178944276266e-02
6.592127800162025930e-02
6.544317465937568579e-02
6.496312182290700510e-02
6.448139110662408358e-02
6.399770562503420690e-02
6.351224785095334335e-02
6.302479460091522934e-02
6.253551024621950560e-02
6.204425246424689899e-02
6.155119686876905222e-02
6.105626101361278507e-02
6.055960085440850738e-02
6.006113342218299261e-02
5.956095154568740585e-02
5.905894614871964876e-02
5.855517648814305420e-02
5.804958067344594824e-02
5.754229993804782506e-02
5.703342926801778512e-02
5.652325782787415154e-02
5.601200672823320598e-02
5.549997602958050419e-02
5.498728810879333767e-02
5.447401935060300349e-02
5.396004196677484099e-02
5.344523058531508442e-02
5.292942210238988504e-02
5.241263357278114904e-02
5.189498752719407665e-02
5.137677633852167497e-02
5.085825600010158987e-02
5.033961564083755391e-02
4.982084286689285324e-02
4.930185294421690623e-02
4.878255652340196535e-02
4.826304118210068134e-02
4.774352189036619454e-02
4.722426362265366717e-02
4.670537153126826796e-02
4.618677886055871235e-02
4.566833863090609402e-02
4.515006143699437646e-02
4.463216908523252868e-02
4.411497361819979868e-02
4.359862365835349973e-02
4.308306518448640904e-02
4.256823186954607208e-02
4.205427775951954550e-02
4.154150261595158933e-02
4.103006268209824503e-02
4.051985738005758203e-02
4.001080131777406262e-02
3.950309744426462599e-02
3.899706308100579083e-02
3.849277778605708633e-02
3.799013597808726522e-02
3.748922355683827201e-02
3.699025543950919953e-02
3.649321245268810632e-02
3.599798751190331353e-02
3.550490315138023212e-02
3.501437995609317511e-02
3.452630195237024052e-02
3.404042919154295910e-02
3.355708446630909642e-02
3.307652750118227764e-02
3.259862047563680948e-02
3.212349882754696878e-02
3.165140502180211618e-02
3.118215895655054512e-02
3.071591957061278050e-02
3.025294518153730933e-02
2.979314133224134770e-02
2.933672286871777043e-02
2.888381106040846524e-02
2.843430015341852010e-02
2.798850924221026396e-02
2.754633904606914804e-02
2.710793017984370473e-02
2.667328423856167932e-02
2.624250993379113883e-02
2.581587042226870729e-02
2.539320203745114995e-02
2.497470110657204825e-02
2.456037700597599183e-02
2.415033435542696463e-02
2.374454301739123072e-02
2.334315642681385888e-02
2.294621386324957948e-02
2.255380195008773944e-02
2.216594487558647825e-02
2.178272428742016736e-02
2.140413396728288453e-02
2.103023276170719671e-02
2.066111821055079817e-02
2.029679911898703282e-02
1.993729445799044195e-02
1.958266160751408191e-02
1.923289198568118447e-02
1.888807005102175959e-02
1.854819576578853324e-02
1.821330345670875428e-02
1.788338452242751314e-02
1.755845425188712339e-02
1.723855147848139466e-02
1.692366709963961241e-02
1.661379920776501554e-02
1.630894639744835325e-02
1.600911779462010909e-02
1.571430783175307294e-02
1.542449393439227455e-02
1.513965611998821688e-02
1.485979297313332753e-02
1.458487119980802008e-02
1.431485710476288267e-02
1.404973359598031026e-02
1.378947134619852924e-02
1.353402610298435130e-02
1.328336302582707254e-02
1.303744748857866599e-02
1.279621764485311571e-02
1.255963320234935315e-02
1.232764705509584689e-02
1.210019756603760224e-02
1.187723066408074603e-02
1.165868901252153922e-02
1.144450576387911686e-02
1.123462275224816620e-02
1.102896499402718222e-02
1.082746647350555855e-02
1.063005479478955871e-02
1.043665419125825930e-02
1.024719206558068196e-02
1.006158876781289811e-02
9.879770014269836573e-03
9.701653918326967607e-03
9.527162965294364017e-03
9.356216907626413795e-03
9.188737762568397957e-03
9.024642824567620167e-03
8.863851229012106869e-03
8.706281093407848906e-03
8.551853707434256893e-03
8.400487516580871714e-03
8.252100663232973810e-03
8.106611596828145611e-03
7.963944246759455461e-03
7.824020221097403513e-03
7.686762484311456152e-03
7.552095801804080584e-03
7.419950586312631068e-03
7.290254199259162474e-03
7.162935342212657132e-03
7.037924504901650093e-03
6.915156438953594387e-03
6.794563960718386780e-03
6.676081640230118429e-03
6.559646933133091336e-03
6.445204956209668254e-03
6.332699512284480255e-03
6.222074621685398654e-03
6.113275598161602327e-03
6.006253371284487989e-03
5.900956843366900358e-03
5.797336452153703523e-03
5.695345941010751187e-03
5.594946705748052827e-03
5.496099513029427050e-03
5.398762737046039310e-03
5.302894428863145354e-03
5.208461500658637111e-03
5.115429134051119493e-03
5.023763357072820630e-03
4.933433203527445854e-03
4.844412625183289883e-03
4.756672624553206011e-03
4.670181052613765586e-03
4.584909299525632455e-03
4.500839988824794149e-03
4.417951373690382280e-03
4.336216595680161823e-03
4.255609623984082761e-03
4.176113606292196530e-03
4.097713933787606490e-03
4.020389496379135792e-03
3.944115513647164506e-03
3.868878733834387428e-03
3.794667565391330374e-03
3.721464387629864253e-03
3.649246558406415378e-03
3.578003982401664097e-03
3.507728426487719160e-03
3.438402735719082136e-03
3.370007245161905484e-03
3.302534906131471704e-03
3.235979205232170173e-03
3.170323416437655258e-03
3.105550963251812405e-03
3.041658644239632597e-03
2.978638284774877756e-03
2.916475250889780275e-03
2.855157714944165162e-03
2.794680864292453052e-03
2.735038132824922901e-03
2.676219313799272671e-03
2.618211576211273636e-03
2.561010297248334303e-03
2.504613592618903754e-03
2.449007995751169894e-03
2.394185641820690408e-03
2.340140480830310132e-03
2.286871614768556157e-03
2.234369244719326773e-03
2.182622558963576761e-03
2.131630221729765001e-03
2.081389582859299783e-03
2.031893190693827810e-03
1.983130039224019047e-03
1.935099083863893715e-03
1.887799550530062410e-03
1.841223420422970214e-03
1.795359592349671978e-03
1.750205829546771672e-03
1.705763650688864016e-03
1.662026141565426957e-03
1.618983629120554751e-03
1.576633000918620893e-03
1.534976587815034457e-03
1.494007178848370246e-03
1.453715830242743650e-03
1.414099541355363357e-03
1.375162054211431437e-03
1.336897335695607682e-03
1.299297833803545995e-03
1.262360502010907801e-03
1.226089872832923427e-03
1.190480746782382514e-03
1.155525906385661099e-03
1.121222121053496714e-03
1.087574583399170559e-03
1.054578543356533404e-03
1.022227061813369428e-03
9.905155336339609932e-04
9.594482756009207807e-04
9.290204869157008124e-04
8.992254963125490257e-04
8.700574994786200661e-04
8.415204294864743863e-04
8.136096609146860120e-04
7.863170707687782346e-04
7.596371843193407873e-04
7.335727495426278780e-04
7.081184037883025842e-04
6.832665355024736091e-04
6.590110261279276578e-04
6.353536654601617609e-04
6.122896025868948978e-04
5.898119522612368590e-04
5.679147429378707127e-04
5.466004903258589670e-04
5.258652158022109882e-04
5.057018538255183193e-04
4.861031143147280303e-04
4.670693053302392515e-04
4.485954189841013032e-04
4.306738197566373151e-04
4.132965798089973720e-04
3.964631670835201986e-04
3.801680484602940014e-04
3.644028973278396356e-04
3.491577549998998433e-04
3.344283122354227422e-04
3.202063860777412999e-04
3.064817927672755407e-04
2.932434451675456190e-04
2.804844604604414299e-04
2.681945430066939450e-04
2.563621248401865243e-04
2.449761398294605041e-04
2.340309575980243479e-04
2.235215547332071678e-04
2.134407962605054643e-04
2.037827216844171772e-04
1.945438866625154469e-04
1.857197123297974037e-04
1.773029907658147449e-04
1.692835897495301070e-04
1.616476874189640427e-04
1.543779010955379785e-04
1.474515866675114135e-04
1.408428875978278013e-04
1.345213665169726371e-04
1.284559360704713011e-04
1.226158541670748436e-04
1.169742917748178975e-04
1.115052185274649873e-04
1.061876680345784927e-04
1.010033381115633868e-04
9.593566063172447782e-05
9.096361546464546484e-05
8.606704607036784515e-05
8.122337145246074101e-05
7.641129513527492696e-05
7.161356621082860991e-05
6.682546736170216621e-05
6.205307207684867751e-05
5.732058475709530496e-05
5.266475794543550915e-05
4.813199413006836297e-05
4.377406649450092310e-05
3.964281050412199914e-05
3.577919547523960295e-05
3.221689469401535104e-05
2.897290124885414751e-05
2.605408215038190341e-05
2.345185745563133539e-05
2.114699766354799032e-05
1.911252397200250097e-05
1.731594764805878550e-05
1.572289369122925194e-05
1.430010721344930895e-05
1.302053137754341812e-05
1.186364062765488892e-05
1.081526317547015618e-05
9.865596472536936672e-06
9.007761713613601567e-06
8.234985761880486777e-06
7.539166142693112620e-06
6.911203658727151032e-06
6.342847268870720659e-06
5.826795715369403428e-06
5.355926042283014102e-06
4.922181168225608439e-06
4.517140900951177392e-06
4.131961827182263821e-06
3.758207040643464239e-06
3.389869684124158167e-06
3.026151980357722566e-06
2.671363100700924352e-06
2.333560687808890838e-06
2.021630903808700284e-06
1.742616634687565484e-06
1.498967610719044569e-06
1.288600423633668085e-06
1.105827123328986210e-06
9.438289789280298907e-07
7.962730312781275093e-07
6.579944008904133202e-07
5.236969417589013713e-07
3.880392353117481504e-07
2.458060927918357413e-07
9.423309315846394354e-08
-6.696402081212773499e-08
-2.350907218246220082e-07
-4.035747720359024501e-07
-5.640736244124645581e-07
-7.105562793781559863e-07
-8.380036153409244587e-07
-9.420251609177404431e-07
-1.020957429941935679e-06
-1.075720432984996753e-06
-1.108540372947914967e-06
-1.123249675375908764e-06
-1.123389794876118732e-06
-1.111774158894454673e-06
-1.092192642392966209e-06
-1.068161449322007217e-06
-1.042166678618216090e-06
-1.016270282905059678e-06
-9.918957852938325971e-07
-9.692510038933798496e-07
-9.489163995649132881e-07
-9.315746051441978288e-07
-9.160382858514777145e-07
-9.013982876806676211e-07
-8.877635827778746396e-07
-8.747625614506537202e-07
-8.634024015035805588e-07
-8.549218751146263288e-07
-8.476548453991663371e-07
-8.398604171659587237e-07
-8.333184393955474478e-07
-8.275797822374881924e-07
-8.190275377882398162e-07
-8.066740851658982368e-07
-7.910203826074751499e-07
-7.713162405979115246e-07
-7.480178390007236771e-07
-7.224204332499961251e-07
-6.935948543104900757e-07
-6.616837497528116231e-07
-6.304472058682308564e-07
-5.988007541715357894e-07
-5.652305092806794348e-07
-5.319000512957010197e-07
-5.015012775729518898e-07
-4.732411952514098756e-07
-4.445988355645823531e-07
-4.175633927206424603e-07
-3.928505272573033372e-07
-3.699398110564238741e-07
-3.471841896148393172e-07
-3.253017591239693163e-07
-3.049309164685837671e-07
-2.854924339092574521e-07
-2.668518641264618297e-07
-2.489862156283790046e-07
-2.329183004300875943e-07
-2.169871405948801999e-07
-2.024680023422165217e-07
-1.886976544281687778e-07
-1.760819392675258721e-07
-1.633938024849971792e-07
-1.516368525058607707e-07
-1.404061448700228637e-07
-1.296562476383062438e-07
-1.194275672983310061e-07
-1.099474708619351116e-07
-1.010869405414243379e-07
-9.247799403956961469e-08
-8.462892452032595886e-08
-7.706154795645389751e-08
-6.998393771618721142e-08
-6.335282494906281217e-08
-5.767250721308085363e-08
-5.192168483791887788e-08
-4.693621270241314147e-08
-4.213872820794993399e-08
-3.808921771999070155e-08
-3.388434205951766078e-08
-3.017873233799480185e-08
-2.675363958746552056e-08
-2.392128068406960791e-08
-2.105090694690104756e-08
-1.826882059338408908e-08
-1.580145361013862970e-08
-1.381783449582352396e-08
-1.184797872620989875e-08
-9.794756889997768057e-09
-8.075939057030865053e-09
-6.780708530172700127e-09
-5.450117410136452578e-09
-3.991574543905640444e-09
-2.786557539926933630e-09
-1.926287822387185119e-09
-1.049911652214203945e-09
-1.127392249704199970e-10
6.470355119738895429e-10
1.149281734501651558e-09
1.717479319077730859e-09
2.294879450993117252e-09
2.741142515580426890e-09
3.004315553471046358e-09
3.327365531921291995e-09
3.633021573516788253e-09
3.856906532957964496e-09
3.952470774527266631e-09
4.098769850742061510e-09
4.233503893358981190e-09
4.336285126450523472e-09
4.313765028148725609e-09
4.315207463602728794e-09
4.342247646719519614e-09
4.367085145086472888e-09
4.269896373909581557e-09
4.189721348053489646e-09
4.157370900617007630e-09
4.121200344938509443e-09
3.985934891419486779e-09
3.859589959204110942e-09
3.793237327837170356e-09
3.713522231780639053e-09
3.566620121808184095e-09
3.423733719845192478e-09
3.334386934344005031e-09
3.228361497859470265e-09
3.081413584079513990e-09
2.940267662281744777e-09
2.838594490685231623e-09
2.725405186579040595e-09
2.584797878731916481e-09
2.452749136691731391e-09
2.345679494706895203e-09
2.235983929355959551e-09
2.105615286221877700e-09
1.982005463644388108e-09
1.881107979439457778e-09
1.780775798182480327e-09
1.665126191864430569e-09
1.550474353471945310e-09
1.460166903366998129e-09
1.368137075854360828e-09
1.269753865783730093e-09
1.164615444852519003e-09
1.087556325042868824e-09
1.006215160905724114e-09
9.227389200735181660e-10
8.297738130455312958e-10
7.646849203392861059e-10
6.941297047579894829e-10
6.240633190813706595e-10
5.443948494991527002e-10
4.901134908975147586e-10
4.304520260912755197e-10
3.723077079516956249e-10
3.051348164922660379e-10
2.596828988673633739e-10
2.107515521325916627e-10
1.633100679400349534e-10
1.082537990838076165e-10
7.027409265970655314e-11
3.051956358573548533e-11
-7.588818088174266579e-12
-5.198058534796250036e-11
-8.290925715506647524e-11
-1.150541578037348583e-10
-1.450471760211176925e-10
-1.803328708019492273e-10
-2.048269894460961444e-10
-2.305498653194576059e-10
-2.533783814203874796e-10
-2.812062849974473708e-10
-3.002242859946565980e-10
-3.201275689067737427e-10
-3.370551983126663656e-10
-3.586928734407755214e-10
-3.727724840099928152e-10
-3.878980677269890604e-10
-4.001365246415095429e-10
-4.162763090476257942e-10
-4.261863784515850062e-10
-4.372493326276536026e-10
-4.456581294105834931e-10
-4.567986693032946535e-10
-4.633520204468352227e-10
-4.708163945370379735e-10
-4.755816382508366298e-10
-4.828462091501678880e-10
-4.861572892655047981e-10
-4.903687815661820938e-10
-4.922599342439586096e-10
-4.958087198901333049e-10
-4.965388086189262179e-10
-4.977724624184480439e-10
-4.971953958771150864e-10
-4.977089234396952069e-10
-4.960900941908362078e-10
-4.948442188992729306e-10
-4.920032658254336313e-10
-4.898670604498810137e-10
-4.860109010748218795e-10
-4.823849322817955898e-10
-4.773870993293490997e-10
-4.727312150842846532e-10
-4.666724591413355500e-10
-4.607934947872509823e-10
-4.537678013832859154e-10
-4.468444117366991237e-10
-4.388652975838116928e-10
-4.309904847224539354e-10
-4.221923393288827248e-10
-4.133162649713549258e-10
-4.035509453755808800e-10
-3.938155542210599304e-10
-3.832360990541003163e-10
-3.724370259588427345e-10
-3.609112497467139702e-10
-3.494421078554793842e-10
-3.373472617510509600e-10
-3.250509630656250442e-10
-3.122248868070175408e-10
-2.994686023682205952e-10
-2.861916391536982668e-10
-2.726688785812862205e-10
-2.587275404671050626e-10
-2.449155227545576759e-10
-2.308254950141792552e-10
-2.166860896741173424e-10
-2.023624030462960685e-10
-1.882992642504569256e-10
-1.741075980880401444e-10
-1.599489686229868645e-10
-1.457976734970757302e-10
-1.321091896502904557e-10
-1.186080529349057182e-10
-1.054333134403575455e-10
-9.248873099646105600e-11
-8.015484657668786804e-11
-6.821242653495736797e-11
-5.687282086229654193e-11
-4.608170514147880657e-11
-3.616157930537470770e-11
-2.684701115322434819e-11
-1.831895819505065275e-11
-1.053822943592449811e-11
-3.825344259148469309e-12
2.077683934148576713e-12
7.044620994198891182e-12
1.119104111928469712e-11
1.424274819347082658e-11
1.645922962411183513e-11
1.774555544062891443e-11
1.829271341377360234e-11
1.790764044744160718e-11
1.688167834271961374e-11
1.515004955784291479e-11
1.297209938517789609e-11
1.026244560700257345e-11
7.326987669642503779e-12
4.109285950185550017e-12
9.492027935215570209e-13
-2.208675868264785944e-12
-5.136446780901476607e-12
-7.806441045754000132e-12
-9.901243477195969759e-12
-1.165024784660531775e-11
-1.274209779151505789e-11
-1.319513309423108278e-11
-1.303719272672436468e-11
-1.230668025259556712e-11
-1.093256063474600068e-11
-9.267372457271152776e-12
-7.025548954778280588e-12
-4.769818444115316236e-12
-2.317134136023281272e-12
-5.938480546280901172e-15
2.071904603364574425e-12
3.799579998677637743e-12
4.982122466216992212e-12
5.703528584565624866e-12
5.796015685825404869e-12
5.398031696050868447e-12
4.495840973758966259e-12
3.294004704084639864e-12
1.897336198246049035e-12
5.282329928458201749e-13
-6.799377216197634117e-13
-1.560290817144401109e-12
-1.991896412927098203e-12
-1.936256100655376493e-12
-1.416928678997710126e-12
-5.260970688414267566e-13
5.868487130805884314e-13
1.738059501468856968e-12
2.727627894973587894e-12
3.380303406365389063e-12
3.618591565527478140e-12
3.400366023917398401e-12
2.821388420400593325e-12
2.017031111760507172e-12
1.222374858720684433e-12
6.113726965416851800e-13
3.618121145997777981e-13
5.123459455641500769e-13
1.022458308719584775e-12
1.712289864900139964e-12
2.380882443830443967e-12
2.802841473639710210e-12
2.867146609756603819e-12
2.560659894008923542e-12
2.040487981222145832e-12
1.511791413080364913e-12
1.215281917659296471e-12
1.258853493208854475e-12
1.619578692293527504e-12
2.107068870769503487e-12
2.481098888078766081e-12
2.557537366036036083e-12
2.317573045070993028e-12
1.919470151933219021e-12
1.613980053549673926e-12
1.590570993145256983e-12
1.854481813234816109e-12
2.211309268803534880e-12
2.405599298594138864e-12
2.304316517571606325e-12
2.011288506281095762e-12
1.779089863286737384e-12
1.806546873797752176e-12
2.055000470376032809e-12
2.285484681436557650e-12
2.276228405643467770e-12
2.056293944406247021e-12
1.875437172717137331e-12
1.935565553156311855e-12
2.151612249589356569e-12
2.257412682474273254e-12
2.130977263552439007e-12
1.956416445586594632e-12
1.977371165405432672e-12
2.152999494633077226e-12
2.213663230251707029e-12
2.078807899585431157e-12
1.981391717280841489e-12
2.081200726994353128e-12
2.193489274301216723e-12
2.116981715996651091e-12
2.013578684168114512e-12
2.085891077463922573e-12
2.175562158198424644e-12
2.097455690949711675e-12
2.036922052650208872e-12
2.127638019764213780e-12
2.148170163150971570e-12
2.059058192958070974e-12
2.091420864223859827e-12
2.150740713139933447e-12
2.082697021458174075e-12
2.084572061673087425e-12
2.144106188886117275e-12
2.087205710348794737e-12
2.095692331131240878e-12
2.134988841465812140e-12
2.084599866657528246e-12
2.113200377891568297e-12
2.120087245262542493e-12
2.087335685229771107e-12
2.129366065826487438e-12
2.094454372793429000e-12
2.115118037126185102e-12
2.110430668251704165e-12
2.103296762643404243e-12
2.118230691740370103e-12
2.100390577726905931e-12
2.118790825303179237e-12
2.102096957265038014e-12
2.116892023826421994e-12
2.104615433125870702e-12
2.115022378114279033e-12
2.106600846312311716e-12
2.113759616833875344e-12
2.107937053155999702e-12
2.113006390075400619e-12
2.108811829469098140e-12
2.112572362543424867e-12
2.109400260581033500e-12
2.112320318678748581e-12
2.109814509877068493e-12
2.112169620806252114e-12
2.110119538013297513e-12
2.112075649768511341e-12
2.110352531087706433e-12
2.112013826376780930e-12
2.110535374598887850e-12
2.111970344189839895e-12
2.110681530524365829e-12
2.111937224975209623e-12
2.110799686415035975e-12
2.111909717884111610e-12
2.110895706693171674e-12
2.111884910089776330e-12
2.110973706473783213e-12
2.111860963504559156e-12
2.111036665189998977e-12
2.111836681771044136e-12
2.111086791646676815e-12
2.111811256671390546e-12
2.111125749947593264e-12
2.111784115097871044e-12
2.111154804563510092e-12
2.111754824181480269e-12
2.111174916614829131e-12
2.111723030958194011e-12
2.111186809661089674e-12
2.111688423075205404e-12
2.111191015726667782e-12
2.111650702550503774e-12
2.111187908129667591e-12
2.111609567762884016e-12
2.111177725185963163e-12
2.111564700654399454e-12
2.111160587436639095e-12
2.111515757264350065e-12
2.111136510126625594e-12
2.111462360346929365e-12
2.111105412106575912e-12
2.111404093265761896e-12
2.111067121965689636e-12
2.111340494617764010e-12
2.111021381971663199e-12
2.111271053215371756e-12
2.110967850193570575e-12
2.111195203169598372e-12
2.110906101127691643e-12
2.111112318887772226e-12
2.110835625018554028e-12
2.111021709853608705e-12
2.110755826036519304e-12
2.110922615102527049e-12
2.110666019429508937e-12
2.110814197305635628e-12
2.110565427729538246e-12
2.110695536424039701e-12
2.110453176088277239e-12
2.110565622884997181e-12
2.110328286791004611e-12
2.110423350257752108e-12
2.110189672992531338e-12
2.110267507412316824e-12
2.110036131720259198e-12
2.110096770158847737e-12
2.109866336184681934e-12
2.109909692370935497e-12
2.109678827443518673e-12
2.109704696623927432e-12
2.109472005477985674e-12
2.109480064380560842e-12
2.109244119753703865e-12
2.109233925792397157e-12
2.108993259346890245e-12
2.108964249196432367e-12
2.108717342762081601e-12
