# bin_2_2
3.312470406173643411e+00
3.312066250606855888e+00
3.311956346929084471e+00
3.311536674937481717e+00
3.311393584274714641e+00
3.310955760450385199e+00
3.310777694636629409e+00
3.310318943563656635e+00
3.310103917429904286e+00
3.309621315263161723e+00
3.309367141934178580e+00
3.308857609245441367e+00
3.308561896705618732e+00
3.308022193007168266e+00
3.307682342397217479e+00
3.307109062838146762e+00
3.306722269030124117e+00
3.306111843842698850e+00
3.305675098934045320e+00
3.305023796305484041e+00
3.304533896756940425e+00
3.303837829891132838e+00
3.303291388139592222e+00
3.302546527374943253e+00
3.301939988835090212e+00
3.301142179765490958e+00
3.300471846217393423e+00
3.299616834838509760e+00
3.298878895254941046e+00
3.297962361197487535e+00
3.297152931082773186e+00
3.296170529988047271e+00
3.295285700267833739e+00
3.294233116289278840e+00
3.293269012667956019e+00
3.292142021916775185e+00
3.291094875396982644e+00
3.289889420847399215e+00
3.288755649725144004e+00
3.287467927634253329e+00
3.286244230717962012e+00
3.284870787931973179e+00
3.283554247925361214e+00
3.282092088500287108e+00
3.280680283398092367e+00
3.279126981709612476e+00
3.277618100624017483e+00
3.275971916530288741e+00
3.274364874576955575e+00
3.272624864222097862e+00
3.270919408923167904e+00
3.269085522422507051e+00
3.267282321585764926e+00
3.265355476199898632e+00
3.263456174500064311e+00
3.261438289131073809e+00
3.259445517870316333e+00
3.257339492073024090e+00
3.255256814176157310e+00
3.253066432810100217e+00
3.250898203549414944e+00
3.248627947327801913e+00
3.246379071314049902e+00
3.244033814699006868e+00
3.241709382288266994e+00
3.239293964516562152e+00
3.236898757152039785e+00
3.234417420901771312e+00
3.231955286317535592e+00
3.229410992918222423e+00
3.226884108767089199e+00
3.224277759926997167e+00
3.221685828987605138e+00
3.219015453061711440e+00
3.216354904426451444e+00
3.213614899184446649e+00
3.210878205636385818e+00
3.208058765972655380e+00
3.205234023291567258e+00
3.202320914795314888e+00
3.199391855519844619e+00
3.196366712742970240e+00
3.193313332280303118e+00
3.190154649221379035e+00
3.186954589748542066e+00
3.183639511962195190e+00
3.180270261496164430e+00
3.176777167586112061e+00
3.173218973962792955e+00
3.169530640097261820e+00
3.165769811198371642e+00
3.161876695377713098e+00
3.157908681759336034e+00
3.153811586592498273e+00
3.149642983250266148e+00
3.145354142560141231e+00
3.141002612263010807e+00
3.136544229334311762e+00
3.132035489135006845e+00
3.127435088815363251e+00
3.122796663104360881e+00
3.118079428287552357e+00
3.113331925101513242e+00
3.108511455708003357e+00
3.103659536464997259e+00
3.098729915730743745e+00
3.093756448473981457e+00
3.088689489899824725e+00
3.083556795488964219e+00
3.078307945193162531e+00
3.072968604370984291e+00
3.067492335413951832e+00
3.061908164449455239e+00
3.056178781158917612e+00
3.050341013325599260e+00
3.044369241360803446e+00
3.038308380457405811e+00
3.032141652441048496e+00
3.025916278389118030e+00
3.019615699987787671e+00
3.013279326933929525e+00
3.006880526603608050e+00
3.000442760693760480e+00
2.993925167348427063e+00
2.987337076562929461e+00
2.980631664159845151e+00
2.973818427741939274e+00
2.966862269134689090e+00
2.959790258665368601e+00
2.952591102305865967e+00
2.945311972218419339e+00
2.937955506735025590e+00
2.930567603223847684e+00
2.923136434387036076e+00
2.915679706881316502e+00
2.908155300055684567e+00
2.900556176256717134e+00
2.892834746105445554e+00
2.884999594330051487e+00
2.877039178464796176e+00
2.869002372360195174e+00
2.860906747438872522e+00
2.852800621761627742e+00
2.844670173187251017e+00
2.836511552093333499e+00
2.828266747829609518e+00
2.819920223187712072e+00
2.811448354519505699e+00
2.802897853232674041e+00
2.794299074352311063e+00
2.785703493081033155e+00
2.777088882413082604e+00
2.768427659345923608e+00
2.759653194943571641e+00
2.750767466789719951e+00
2.741791732119216896e+00
2.732799405188805597e+00
2.723797860110264146e+00
2.714763351076296072e+00
2.705614348875517994e+00
2.696341523170604049e+00
2.686976585030375286e+00
2.677598464244728582e+00
2.668191866364778342e+00
2.658698077798346215e+00
2.649047305726012880e+00
2.639291615492296739e+00
2.629493436821487506e+00
2.619661650349905280e+00
2.609692409477218256e+00
2.599563848047454773e+00
2.589339812531620488e+00
2.579086622830738307e+00
2.568712145673603953e+00
2.558161090179218888e+00
2.547494903657830267e+00
2.536793537033739110e+00
2.525953168290582251e+00
2.514935628151400149e+00
2.503835033483808648e+00
2.492681899996471273e+00
2.481345339185512699e+00
2.469890909108912069e+00
2.458398164125814134e+00
2.446771652468057390e+00
2.434997179027843295e+00
2.423212461356126113e+00
2.411293235721706285e+00
2.399259499204458912e+00
2.387208363579825132e+00
2.375025745512976183e+00
2.362759234531701225e+00
2.350471807612068087e+00
2.338018693669834835e+00
2.325567317777219589e+00
2.312977266206123428e+00
2.300322641342241514e+00
2.287588245248894925e+00
2.274729069556288508e+00
2.261815394393435596e+00
2.248754962076970898e+00
2.235635152283279137e+00
2.222371532073915468e+00
2.209036547079454404e+00
2.195570881210510805e+00
2.182028118253410032e+00
2.168371656531208114e+00
2.154640804195757653e+00
2.140813935196948847e+00
2.126919793785025270e+00
2.112944184042313989e+00
2.098906701266358699e+00
2.084795056801232338e+00
2.070620538004663835e+00
2.056370338345903104e+00
2.042049703083011813e+00
2.027646376317545407e+00
2.013163792172580013e+00
1.998593561653364992e+00
1.983941761139883297e+00
1.969206358331309747e+00
1.954397568284133024e+00
1.939518239708101444e+00
1.924579434197188244e+00
1.909583389391749764e+00
1.894536355060441046e+00
1.879435046890786332e+00
1.864278913609590305e+00
1.849060610536760629e+00
1.833778117232456761e+00
1.818427542078878689e+00
1.803012989420737844e+00
1.787538551572924295e+00
1.772013972678540883e+00
1.756445155701887417e+00
1.740837754072209531e+00
1.725189986314202617e+00
1.709498854107744048e+00
1.693758036335330175e+00
1.677966208115734714e+00
1.662125213741224794e+00
1.646243682174009404e+00
1.630329956226581611e+00
1.614390936846752611e+00
1.598426097970460535e+00
1.582431612788159248e+00
1.566402498224897855e+00
1.550340314033213485e+00
1.534252214836223205e+00
1.518148899535202156e+00
1.502035974409356323e+00
1.485912376700942117e+00
1.469772420521413991e+00
1.453615082483281418e+00
1.437446883490941518e+00
1.421278569824547144e+00
1.405114959319009982e+00
1.388952575053606031e+00
1.372786133526012753e+00
1.356618874470561620e+00
1.340461099479268725e+00
1.324319417698799572e+00
1.308190241194456593e+00
1.292069097716777026e+00
1.275961785956083450e+00
1.259879555511340232e+00
1.243824806777105829e+00
1.227792123220122988e+00
1.211784246694523448e+00
1.195812910815030827e+00
1.179881966480124333e+00
1.163985697631618299e+00
1.148127920489539378e+00
1.132319596651864879e+00
1.116560076647430844e+00
1.100844724866835600e+00
1.085183147430332395e+00
1.069580786210587053e+00
1.054032262080923710e+00
1.038543771668716476e+00
1.023124518053071030e+00
1.007769127955450372e+00
9.924843209498219743e-01
9.772776395574979125e-01
9.621442694493387293e-01
9.470922586088699191e-01
9.321252763448816259e-01
9.172396460380048966e-01
9.024471961220937866e-01
8.877429961709307760e-01
8.731351986590906167e-01
8.586257402278810735e-01
8.442159596649493336e-01
8.299126886879747422e-01
8.157138883492387471e-01
8.016273265953409721e-01
7.876510123948354813e-01
7.737919715981596003e-01
7.600495652882424125e-01
7.464297588910969727e-01
7.329329833234545788e-01
7.195641172803092234e-01
7.063241169963390131e-01
6.932170638546710784e-01
6.802442896779509196e-01
6.674094537312320607e-01
6.547141330430891193e-01
6.421616063992225953e-01
6.297534477459585389e-01
6.174925948336188464e-01
6.053806902932947764e-01
5.934205972985067135e-01
5.816140906817297562e-01
5.699638424898036959e-01
5.584714123780594175e-01
5.471390384308679744e-01
5.359680441358583014e-01
5.249604772794074226e-01
5.141176542290334384e-01
5.034414943537165454e-01
4.929331841148138493e-01
4.825944095323732586e-01
4.724261860447801498e-01
4.624299204458982571e-01
4.526063237906203240e-01
4.429564644931029416e-01
4.334808955031581035e-01
4.241805325251082892e-01
4.150557114458554575e-01
4.061070973322281064e-01
3.973349124913923558e-01
3.887395025376353397e-01
3.803205867658391304e-01
3.720782012351659396e-01
3.640119531248777185e-01
3.561215052597976882e-01
3.484061228178486069e-01
3.408653264248790449e-01
3.334981697897780317e-01
3.263038423787252285e-01
3.192810907326180669e-01
3.124287382573152638e-01
3.057452647256758693e-01
2.992291561507051667e-01
2.928785272654437222e-01
2.866916640192898602e-01
2.806665059973864063e-01
2.748010438575474446e-01
2.690928699782694222e-01
2.635397315244765726e-01
2.581390856458836702e-01
2.528883869560888398e-01
2.477847354499290999e-01
2.428253385461267289e-01
2.380071923456246463e-01
2.333272954693356716e-01
2.287823532187068243e-01
2.243691527230703975e-01
2.200842906477143701e-01
2.159243505785081174e-01
2.118856835351941303e-01
2.079647352783531578e-01
2.041578239733417288e-01
2.004612705246884008e-01
1.968711903731981128e-01
1.933838373269584354e-01
1.899954276838446143e-01
1.867021938532093528e-01
1.835001970529007154e-01
1.803856500690221576e-01
1.773547899441210163e-01
1.744039352564465128e-01
1.715292854981967097e-01
1.687272011825043938e-01
1.659941225893612204e-01
1.633265901270271325e-01
1.607210813954859929e-01
1.581742713146747359e-01
1.556829604805827216e-01
1.532440616853311677e-01
1.508544419895265221e-01
1.485111888201415264e-01
1.462115801377090740e-01
1.439530127472464227e-01
1.417328285715749314e-01
1.395485871120763777e-01
1.373980734193350484e-01
1.352792172507452650e-01
1.331898966388068151e-01
1.311281800432704536e-01
1.290923659234858023e-01
1.270808942285341914e-01
1.250921504912428928e-01
1.231247030136810861e-01
1.211773569512117482e-01
1.192490296283901102e-01
1.173385559938522893e-01
1.154449404496897397e-01
1.135674357743390456e-01
1.117053919144868207e-01
1.098580271537875908e-01
1.080246922562085321e-01
1.062049940670716508e-01
1.043986398538369331e-01
1.026051672469560361e-01
1.008242058127108570e-01
9.905562490323993607e-02
9.729938504498196472e-02
9.555526140848112637e-02
9.382309842994433768e-02
9.210296458597966307e-02
9.039499910865529675e-02
8.869912649307078178e-02
8.701533637149125311e-02
8.534383391562523624e-02
8.368488729470109633e-02
8.203852349860428494e-02
8.040481378175667881e-02
7.878403356437763128e-02
7.717653839820289019e-02
7.558242445490698236e-02
7.400181101303382469e-02
7.243500183469954445e-02
7.088239658553223410e-02
6.934412787028786107e-02
6.782033971153393626e-02
6.631134356831189236e-02
6.481756051293004195e-02
6.333912445484432552e-02
6.187618441357310706e-02
6.042903493123883557e-02
5.899811172079071769e-02
5.758353262485118446e-02
5.618542511562898273e-02
5.480404579720975222e-02
5.343982703624829828e-02
5.209286390524611732e-02
5.076324782797244500e-02
4.945118126916629026e-02
4.815707002717788815e-02
4.688097445200675728e-02
4.562293482933673511e-02
4.438309299322031054e-02
4.316181627922201225e-02
4.195911977657498793e-02
4.077498253158743508e-02
3.960947690471765259e-02
3.846292989279852942e-02
3.733531655832746099e-02
3.622655478600367296e-02
3.513664729239610734e-02
3.406587842991750520e-02
3.301418780313348372e-02
3.198143992695051674e-02
3.096757782327561048e-02
2.997285394900448680e-02
2.899718325253831247e-02
2.804038331741661588e-02
2.710234884535329264e-02
2.618331747093101056e-02
2.528320021968425216e-02
2.440178404183508329e-02
2.353892419555093582e-02
2.269485290991886048e-02
2.186949148562816400e-02
2.106260798757928973e-02
2.027402242934143659e-02
1.950395267631403404e-02
1.875231926359995777e-02
1.801885857622942747e-02
1.730333888433295553e-02
1.660593590849169729e-02
1.592653833613501962e-02
1.526481545305137695e-02
1.462044583053077017e-02
1.399352033154731625e-02
1.338386533890359616e-02
1.279107096676763283e-02
1.221473102034077891e-02
1.165486929991071258e-02
1.111130310081923957e-02
1.058363945254134179e-02
1.007151885339037725e-02
9.575042672165561680e-03
9.094179513689633343e-03
8.628722614841969132e-03
8.178516899952753202e-03
7.743849079346479605e-03
7.324890679257666307e-03
6.921600845687807951e-03
6.533914414230247367e-03
6.162071010289914622e-03
5.806119565842668938e-03
5.465791336714566177e-03
5.140675054320650340e-03
4.830508866760914628e-03
4.534820978983238396e-03
4.252845927642708197e-03
3.983756481234063639e-03
3.726941474225291089e-03
3.481813440236795204e-03
3.247765017221372879e-03
3.024407277346957690e-03
2.811725270123452414e-03
2.609918464911944579e-03
2.419239566712845166e-03
2.240083409893481921e-03
2.072884093002870260e-03
1.917935651414818523e-03
1.775156016656993883e-03
1.644184532573265576e-03
1.524285172443234611e-03
1.414490648106875043e-03
1.313651799236709682e-03
1.220829557212967272e-03
1.135339847072392447e-03
1.057074897751289402e-03
9.864116170743243359e-04
9.242512638891218829e-04
8.714397286071366494e-04
8.284941672876632544e-04
7.949255066702297888e-04
7.689671189098888377e-04
7.470479850485822314e-04
7.241821529975808313e-04
6.943641366839392809e-04
6.516742374886373527e-04
5.910550384546283146e-04
5.096573801016685131e-04
4.074649984146648681e-04
2.877190373622430476e-04
1.562047805777751165e-04
2.056754047806571927e-05
-1.110682784575454886e-04
-2.312455262879655588e-04
-3.344977943758002800e-04
-4.176779470237121958e-04
-4.800196223752111412e-04
-5.225785540861199729e-04
-5.478166550798472612e-04
-5.587759256048639841e-04
-5.585996549643490417e-04
-5.501731152881852950e-04
-5.362340131984298869e-04
-5.192397589596333199e-04
-5.012798339768547882e-04
-4.838573842429541041e-04
-4.678612466978415425e-04
-4.534325862311963228e-04
-4.400663968134969082e-04
-4.269000889163257137e-04
-4.131947924811392252e-04
-3.985768273401908094e-04
-3.830916180738700881e-04
-3.671109081693112110e-04
-3.511805757952284816e-04
-3.357524557500324194e-04
-3.209579921865855735e-04
-3.065644988103244264e-04
-2.921258689115634817e-04
-2.772548077238522115e-04
-2.618590773192967184e-04
-2.462206887681181802e-04
-2.308643477284444856e-04
-2.163300197960670588e-04
-2.028841270324828580e-04
-1.904148604824844977e-04
-1.786301787167376054e-04
-1.673466140702156496e-04
-1.565428221237951138e-04
-1.463255186196681990e-04
-1.368311778767889461e-04
-1.281029108833180467e-04
-1.201027364920080555e-04
-1.127750703231556546e-04
-1.059774100425535192e-04
-9.957055588242458787e-05
-9.350099242448050847e-05
-8.767654007757187630e-05
-8.216248802207258626e-05
-7.721370621322444961e-05
-7.276588523771451082e-05
-6.852654667393070673e-05
-6.444131501287685593e-05
-6.048468862627342781e-05
-5.664291956311446057e-05
-5.317278174631348081e-05
-5.008043618414394725e-05
-4.704021034630817842e-05
-4.411611343491126047e-05
-4.134692675399904277e-05
-3.869790090530525066e-05
-3.629995948804633286e-05
-3.404776479476707507e-05
-3.177932790663836742e-05
-2.966958917465273670e-05
-2.789722423904812741e-05
-2.615210535974451522e-05
-2.433851500504446595e-05
-2.274359494761036835e-05
-2.124357549710998865e-05
-1.981711130264066447e-05
-1.856400042741239198e-05
-1.741148909167927256e-05
-1.615959836743724936e-05
-1.500431488670360959e-05
-1.411918487051740650e-05
-1.316340416158129859e-05
-1.222936837191391965e-05
-1.142502592405549284e-05
-1.066576486521226512e-05
-9.911510203410815796e-06
-9.259543178028925074e-06
-8.679569636633411504e-06
-7.987382511519622256e-06
-7.464769640796738742e-06
-7.006539389493043703e-06
-6.541557786473680460e-06
-6.008385300040599535e-06
-5.602619823610174541e-06
-5.292249371581020099e-06
-4.884817035159886230e-06
-4.537264824077070722e-06
-4.210622520980460465e-06
-3.969469201875752706e-06
-3.653392144144726929e-06
-3.409388298576343272e-06
-3.175402489408385654e-06
-2.957286215008258268e-06
-2.742796857914971505e-06
-2.552032002108148028e-06
-2.392235817308959032e-06
-2.201076734329005462e-06
-2.059519468172427358e-06
-1.910656669536364156e-06
-1.793111620416727763e-06
-1.645199956199419072e-06
-1.540039752484489365e-06
-1.433587328068438684e-06
-1.337354746010593687e-06
-1.236443728197560638e-06
-1.148471614274169998e-06
-1.075167212145944581e-06
-9.952371113382302737e-07
-9.298844691848207604e-07
-8.585327609816669865e-07
-8.049575300821831762e-07
-7.411067465044558702e-07
-6.979679154130281969e-07
-6.434592831320414903e-07
-6.011878612209238431e-07
-5.528891954055120616e-07
-5.231789021582361747e-07
-4.838128130580091863e-07
-4.481995601747861969e-07
-4.123397612293549013e-07
-3.918154194457328007e-07
-3.645962615855632054e-07
-3.346016867862856699e-07
-3.074524035781076613e-07
-2.933214066033071049e-07
-2.745762606521265897e-07
-2.502339746367383843e-07
-2.293100281760680294e-07
-2.198591016037982309e-07
-2.066452390950980055e-07
-1.873570343587751438e-07
-1.710391315891036319e-07
-1.649894694830931215e-07
-1.554868798064618218e-07
-1.405785073988495931e-07
-1.276388971771079115e-07
-1.238188491056393949e-07
-1.169312303631340794e-07
-1.056865943152255298e-07
-9.546689073620587446e-08
-9.298269415226632978e-08
-8.790071184435485203e-08
-7.951874461915221584e-08
-7.156447291583615940e-08
-6.986918999922400153e-08
-6.616911324479318490e-08
-5.988710549538990181e-08
-5.378088803372621920e-08
-5.249847409583621623e-08
-4.989835709941703707e-08
-4.514642629365056291e-08
-4.057968768421456639e-08
-3.945674268986005237e-08
-3.770642722414792082e-08
-3.405605514839239522e-08
-3.075324956188417678e-08
-2.969463977580014284e-08
-2.857942080382819765e-08
-2.571047262496515961e-08
-2.341342119640654333e-08
-2.240149885299716413e-08
-2.172894128688873568e-08
-1.945291120597321715e-08
-1.791743048779047086e-08
-1.695733580304728581e-08
-1.657602209142784899e-08
-1.477196457434331428e-08
-1.379371561963262690e-08
-1.288851728525423383e-08
-1.270353535516312813e-08
-1.128758256269268118e-08
-1.067267101005216353e-08
-9.848241373791381928e-09
-9.809180569701298969e-09
-8.684167694652291297e-09
-8.303838064346201927e-09
-7.594667322004007834e-09
-7.627381382391897510e-09
-6.733966832016642142e-09
-6.527479998991625768e-09
-5.902806956416465312e-09
-5.993790594682620831e-09
-5.272657420580704730e-09
-5.179279523748172758e-09
-4.650713662791209441e-09
-4.753888781746094267e-09
-4.189758343492521014e-09
-4.147964373080391693e-09
-3.722888403973231440e-09
-3.812898819231392514e-09
-3.383186487050012191e-09
-3.363677713066380910e-09
-3.029696140161439353e-09
-3.100410724917985737e-09
-2.776714036240468484e-09
-2.768081477368606325e-09
-2.508894670418948707e-09
-2.561327373818350446e-09
-2.317707571344661064e-09
-2.314122451618984181e-09
-2.114055446932580439e-09
-2.151999910980801520e-09
-1.968214087322455638e-09
-1.966610186642929581e-09
-1.811850411382828302e-09
-1.838296246861039821e-09
-1.698917766998108570e-09
-1.698165008920996907e-09
-1.577911581203800692e-09
-1.595282383475157341e-09
-1.488284274981414773e-09
-1.487304003147411742e-09
-1.393263596245417806e-09
-1.403719969264161694e-09
-1.320305777489084340e-09
-1.318373051130313157e-09
-1.243713283527079283e-09
-1.248637382536379832e-09
-1.182317530065843645e-09
-1.179098913917813892e-09
-1.118691293711679503e-09
-1.119074841582944101e-09
-1.064809901187500008e-09
-1.059907968628089901e-09
-1.009819289984736527e-09
-1.006386965805344596e-09
-9.605726113754241017e-10
-9.536921737089368230e-10
-9.107914147155450069e-10
-9.039683064612273004e-10
-8.638775542453203051e-10
-8.548360583202651568e-10
-8.168234138924473365e-10
-8.069321606602419474e-10
-7.705277792624487094e-10
-7.591698518027292298e-10
-7.242945201183980436e-10
-7.115699247579537503e-10
-6.774520849187783656e-10
-6.637567154991377786e-10
-6.307852583420184421e-10
-6.154717984958313033e-10
-5.826773535143609784e-10
-5.667505979340750789e-10
-5.349154104970043102e-10
-5.173705172740278252e-10
-4.853887170075434409e-10
-4.675310757306347477e-10
-4.364881988594772237e-10
-4.172268011885181046e-10
-3.859851202040019228e-10
-3.667448930295856321e-10
-3.365750774042008345e-10
-3.163525590958564639e-10
-2.862016301039572435e-10
-2.664298274848670781e-10
-2.376438708333455291e-10
-2.174963966063210227e-10
-1.891947903675330520e-10
-1.700494368969626621e-10
-1.435604559225923846e-10
-1.248011712775506920e-10
-9.945461312700807407e-11
-8.234600213279342787e-11
-5.937605943912008474e-11
-4.350882976049601559e-11
-2.241797201911821271e-11
-8.863454593745617506e-12
9.263196147830010155e-12
2.077919632622925386e-11
3.637833139009424817e-11
4.504669487978767107e-11
5.726060105597348559e-11
6.336140264900593097e-11
7.269598446406566867e-11
7.576361014349600507e-11
8.170781665548319891e-11
8.217578345581122958e-11
8.542744619530195187e-11
8.326616782731428411e-11
8.373885662827658010e-11
7.963892900357589335e-11
7.829374869727661541e-11
7.265916791319479625e-11
6.981737674089198260e-11
6.356310120257864986e-11
6.036747187739589242e-11
5.416250608123137467e-11
5.112937487766931573e-11
4.587484696648938710e-11
4.402982894069129895e-11
4.028361082935612204e-11
3.992525917990804283e-11
3.815730843055216573e-11
3.975720071179460989e-11
3.995975555942541897e-11
4.317703659280796348e-11
4.504538346190239032e-11
4.953752490249689026e-11
5.233519864233996120e-11
5.710547749635182382e-11
5.992211208671775352e-11
6.416594973893047466e-11
6.606242386942930062e-11
6.883480960362216632e-11
6.917076372275028777e-11
7.018952004426203350e-11
6.883975649683676106e-11
6.819112921967850238e-11
6.564378707628046434e-11
6.419450075162789991e-11
6.142673337443705215e-11
6.017608547024536799e-11
5.824254251982627989e-11
5.819259218642741876e-11
5.775620037221333598e-11
5.912740546121183239e-11
6.003158241539780628e-11
6.232239275627146786e-11
6.366134969727518000e-11
6.568732229208438900e-11
6.628169040749922862e-11
6.711097129052831982e-11
6.636761537076853500e-11
6.586798006457395611e-11
6.423195016762105099e-11
6.337853396797935910e-11
6.207438689782293277e-11
6.204138703149143067e-11
6.194562414399629638e-11
6.309314452078062649e-11
6.387103181651092827e-11
6.523105807744822988e-11
6.559810222999978075e-11
6.599761409745880491e-11
6.524762637457300502e-11
6.470146824253280753e-11
6.361735614571463216e-11
6.341507950787688448e-11
6.324636504854582457e-11
6.405209574124254600e-11
6.458681480720961885e-11
6.540747028341616645e-11
6.531429965836443489e-11
6.514912675575686449e-11
6.431960481688801205e-11
6.404565187578263495e-11
6.382369828223295994e-11
6.442416053591264395e-11
6.480375799410775640e-11
6.528624447861260072e-11
6.496365955131682188e-11
6.466694864627939578e-11
6.414467772689777444e-11
6.434449800440812907e-11
6.459057643672993724e-11
6.509459670162969993e-11
6.494046086648151900e-11
6.473327407343904195e-11
6.432208452503468776e-11
6.454189824977417936e-11
6.475932536813025233e-11
6.504589623139393446e-11
6.473310345932126454e-11
6.457150247943768694e-11
6.449739656202782148e-11
6.487754783279921005e-11
6.487322404404782443e-11
6.476002242613699887e-11
6.451162637548642558e-11
6.476263708458796269e-11
6.484881133578560051e-11
6.481639205249479472e-11
6.457019718218777750e-11
6.476572297924303277e-11
6.482820142334585404e-11
6.478167600716969741e-11
6.461357251627904485e-11
6.482778691405932654e-11
6.479072019145044105e-11
6.471841687978080851e-11
6.470431854596233137e-11
6.486089834892670032e-11
6.469262153927138460e-11
6.475578762584898308e-11
6.479112717105563973e-11
6.475834764757968132e-11
6.471719702427145789e-11
6.483198866992290993e-11
6.470145197740853897e-11
6.479660407596214385e-11
6.475871486952306916e-11
6.475473073259656734e-11
6.477485043240009089e-11
6.476458816564952547e-11
6.475395340023690677e-11
6.478842125747974336e-11
6.473670265466582425e-11
6.479950791150965157e-11
6.473330478945516656e-11
6.479928790269853886e-11
6.473703930138594857e-11
6.479524322828375347e-11
6.474195817344113076e-11
6.479127073764435964e-11
6.474595631010378297e-11
6.478827476723916540e-11
6.474885387314495794e-11
6.478610100927471874e-11
6.475094733546345281e-11
6.478444861390328796e-11
6.475251320007326945e-11
6.478309938107478668e-11
6.475372909195889333e-11
6.478192335810945437e-11
6.475469827217695025e-11
6.478084671762530185e-11
6.475548002220728504e-11
6.477982676187375763e-11
6.475610915910926423e-11
6.477883741362269774e-11
6.475660679366159652e-11
6.477786146436356445e-11
6.475698603372124191e-11
6.477688648341834134e-11
6.475725502717058557e-11
6.477590261833576505e-11
6.475741862658133967e-11
6.477490136964852531e-11
6.475747933035563506e-11
6.477387487798613627e-11
6.475743782878874684e-11
6.477281548718512376e-11
6.475729332795731137e-11
6.477171545979074842e-11
6.475704374129001337e-11
6.477056677877759946e-11
6.475668579950247429e-11
6.476936099771828606e-11
6.475621510629152979e-11
6.476808911854290620e-11
6.475562615708395034e-11
6.476674148367283362e-11
6.475491233024865538e-11
6.476530767465349482e-11
6.475406585696256237e-11
6.476377641205836762e-11
6.475307777308642076e-11
6.476213545328388880e-11
6.475193785569629045e-11
6.476037148576418521e-11
6.475063454503950341e-11
6.475847001352258066e-11
6.474915485315567242e-11
6.475641523581785403e-11
6.474748425899451915e-11
6.475418991665087543e-11
6.474560659020242013e-11
6.475177524378303155e-11
6.474350389133519015e-11
6.474915067672404251e-11
6.474115627828896406e-11
6.474629378231032471e-11
6.473854177832073913e-11
6.474318005750868639e-11
6.473563615535595934e-11
6.473978273834576168e-11
6.473241272007835451e-11
6.473607259458044382e-11
6.472884212449765771e-11
6.473201770933210037e-11
6.472489214041833289e-11
6.472758324341239641e-11
6.472052742190110396e-11
6.472273118413379405e-11
6.471570925152444892e-11
6.471742007859823077e-11
6.471039527084850804e-11
6.471160475180933416e-11
6.470453919551668432e-11
6.470523601046669592e-11
6.469809051630319968e-11
6.469826033354939954e-11
6.469099418743089729e-11
6.469061955176417168e-11
6.468319030470223717e-11
6.468225051839999301e-11
6.467461377646683010e-11
