# bin_1_1
1.918557859091538822e-08
1.924037416920553725e-08
1.929380267140676395e-08
1.934350281805866769e-08
1.939648022802870535e-08
1.944561033214052695e-08
1.949315162984229746e-08
1.953902136994661326e-08
1.958313969284605957e-08
1.962536102720879067e-08
1.966564272411449775e-08
1.970402075309652228e-08
1.974117191876683030e-08
1.977426957788739311e-08
1.980599354682492271e-08
1.983533220303640660e-08
1.986219348488299298e-08
1.988651425535033275e-08
1.990814320202024767e-08
1.992700425662112012e-08
1.994318378403176896e-08
1.995620829097671887e-08
1.997061043784052079e-08
1.997330676244554170e-08
1.997712142315954818e-08
1.997762683110290633e-08
1.997475520356114811e-08
1.996840277179353805e-08
1.995856022843335650e-08
1.994514340893083777e-08
1.992779701554205831e-08
1.990680856115035350e-08
1.988195734541890611e-08
1.985292439263922236e-08
1.982033772271053645e-08
1.978294330154904723e-08
1.974238984887678308e-08
1.969712441390695840e-08
1.964761110166872944e-08
1.959378260923464119e-08
1.953556327774810877e-08
1.947293068877444223e-08
1.940580564548656206e-08
1.933409782104049133e-08
1.925779325559011361e-08
1.917851869495549163e-08
1.909189551267038993e-08
1.900193680263322035e-08
1.890733280349049907e-08
1.880807043051243758e-08
1.870415458327849718e-08
1.859559497268817021e-08
1.848260504481953803e-08
1.836458360390963173e-08
1.824215193816320438e-08
1.811513640064042396e-08
1.798357097702369496e-08
1.784754219952250012e-08
1.770694684523700943e-08
1.756200281449088706e-08
1.741270691108690625e-08
1.725911894444992904e-08
1.710129730871805936e-08
1.693939270165345608e-08
1.677339214221077020e-08
1.660346300723227687e-08
1.642967422818842691e-08
1.625199867080340971e-08
1.607094350579062391e-08
1.588629302696060363e-08
1.569824091139107283e-08
1.550692932752101709e-08
1.531250282883374255e-08
1.511509572769652063e-08
1.491474195864301618e-08
1.471199807275106659e-08
1.450660823892983739e-08
1.429887672212438967e-08
1.408899518362562204e-08
1.387707571223125181e-08
1.366338248324087824e-08
1.344799216183547791e-08
1.323116708401793236e-08
1.301307755543873688e-08
1.279389294973632963e-08
1.257418095275338936e-08
1.235309978694647308e-08
1.213168102754787546e-08
1.191005310692547620e-08
1.168826755699407042e-08
1.146652990376003558e-08
1.124501891708685337e-08
1.102392478864425031e-08
1.080344981204163575e-08
1.058372827971653720e-08
1.036496645078812997e-08
1.014733239429949297e-08
9.930961954487754265e-09
9.716053200863023540e-09
9.502744985899264421e-09
9.291187469641720931e-09
9.081508316475828397e-09
8.873405641196580329e-09
8.668362367247834908e-09
8.465140886016889216e-09
8.264301806641888754e-09
8.065958120060976891e-09
7.870194190562621312e-09
7.677101169327116211e-09
7.486780166256160077e-09
7.299270622906786741e-09
7.114666970298468836e-09
6.932977632283131575e-09
6.754296932471075010e-09
6.578704490672901485e-09
6.406022991440374205e-09
6.236536646820642208e-09
6.070127552289623580e-09
5.906830312282608103e-09
5.746638638455722515e-09
5.589535814898693313e-09
5.435579901516265831e-09
5.284677629584474901e-09
5.136842436569035484e-09
4.992057426566701413e-09
4.850284758158039209e-09
4.711498473756250863e-09
4.575670453518933775e-09
4.442754771765069153e-09
4.312728048299372551e-09
4.185559244152274306e-09
4.061202832542723000e-09
3.939628968238496277e-09
3.820799006859475023e-09
3.704675885198030185e-09
3.591250578254667602e-09
3.480488242841501745e-09
3.372339179473499567e-09
3.266793780736151384e-09
3.163827257303699346e-09
3.063417324326489828e-09
2.965542221996076611e-09
2.870181408783045248e-09
2.777318385746413687e-09
2.686936700312920783e-09
2.599012616990014439e-09
2.513529276319430709e-09
2.430398511744003185e-09
2.349796412526441848e-09
2.271485892822618259e-09
2.195517370935480012e-09
2.121852694493761928e-09
2.050452374375145304e-09
1.981280595846395057e-09
1.914290243481792052e-09
1.849444192485841964e-09
1.786682750225488530e-09
1.725966129642159303e-09
1.667212593270205647e-09
1.610445443739859853e-09
1.555532281059705557e-09
1.502460843355104348e-09
1.451161963285328982e-09
1.401451913272065304e-09
1.353719591272512515e-09
1.307460439172301621e-09
1.262823549073025302e-09
1.219718393986707459e-09
1.178109412142911917e-09
1.137966333831713326e-09
1.099234249141329912e-09
1.061880052736606157e-09
1.025854305781105801e-09
9.911187968394655254e-10
9.576298426318674812e-10
9.253444109180045591e-10
8.942217135831964940e-10
8.642197146286419291e-10
8.353030206206622665e-10
8.074235501329479669e-10
7.805534450744808936e-10
7.546537244380917876e-10
7.296903522547204329e-10
7.056185797563781163e-10
6.824425467241641406e-10
6.600952272948613940e-10
6.385505756210152640e-10
6.178022632065148903e-10
5.977984574538441986e-10
5.785187894305874477e-10
5.599363384909886397e-10
5.420144761834003107e-10
5.247518070624119534e-10
5.081054882116977461e-10
4.920621635662336603e-10
4.765984394094738658e-10
4.616756382669060367e-10
4.472890562562286930e-10
4.334188412022525204e-10
4.200360307056059749e-10
4.071254461423414872e-10
3.946652212812220662e-10
3.826355422781919115e-10
3.710185661762357810e-10
3.597953115633816793e-10
3.489525558208460399e-10
3.384675828485968182e-10
3.283321291854956399e-10
3.185297248161853206e-10
3.090672129721890107e-10
2.998709663605898162e-10
2.909450679981396551e-10
2.823900041125215040e-10
2.740651597141890015e-10
2.659927972890093156e-10
2.581724765947711977e-10
2.506076574840695187e-10
2.432393585982920171e-10
2.361025758551501589e-10
2.291811751694805351e-10
2.224805801977950039e-10
2.159201343793778082e-10
2.095739086484363306e-10
2.034124304143388456e-10
1.974176333650674768e-10
1.916027920724436755e-10
1.859361049708666732e-10
1.804120745848916262e-10
1.750375530749746426e-10
1.698146075562773171e-10
1.647346222349222426e-10
1.597856482694016554e-10
1.549602943452630444e-10
1.502592811521919254e-10
1.456829649016990519e-10
1.412257671654299758e-10
1.368810295071334115e-10
1.326450200091209294e-10
1.285165470842619062e-10
1.244950482394655246e-10
1.205761572637558022e-10
1.167559658887259097e-10
1.130317764669452787e-10
1.094023062176147190e-10
1.058658557558921422e-10
1.024196413897658371e-10
9.906139591312539137e-11
9.578938200517271405e-11
9.260218418086531833e-11
8.949796690326985829e-11
8.647494475387165056e-11
8.353160197749316715e-11
8.066650521275613622e-11
7.787812481098425748e-11
7.516493957540683187e-11
7.252550720991384851e-11
6.995837623924788118e-11
6.746227247197216968e-11
6.503605372675068078e-11
6.267856180010193757e-11
6.038853889511426181e-11
5.816466065588535436e-11
5.600565427651663748e-11
5.391027203703037490e-11
5.187732549399669477e-11
4.990569058826312047e-11
4.799424807173147123e-11
4.614189444934343987e-11
4.434746868829890653e-11
4.260730716991592431e-11
4.092506327914952122e-11
3.929719836732330355e-11
3.772256621410958312e-11
3.620004439183703418e-11
3.472849564820891003e-11
3.330677093604976497e-11
3.193359244985394855e-11
3.060788694103242008e-11
2.932850790730011953e-11
2.809431487809362041e-11
2.690419391952166897e-11
2.575703475314215145e-11
2.465173371717211374e-11
2.358718342222338211e-11
2.256227265093677484e-11
2.157592182021746006e-11
2.062741089694615153e-11
1.971439645228626144e-11
1.883701013132754556e-11
1.799385417026150889e-11
1.718390393594791288e-11
1.640614102171572380e-11
1.565955021651953310e-11
1.494315222788628061e-11
1.425597873451845180e-11
1.359706619285267783e-11
1.296540571720242660e-11
1.236000979659054634e-11
1.178006802485954568e-11
1.122478904238560347e-11
1.069311952821172190e-11
1.018430219137707125e-11
9.697514495456165343e-12
9.231960678906602942e-12
8.786826544465460193e-12
8.361273403334010346e-12
7.954615375167016209e-12
7.566138456173631627e-12
7.195305393639431165e-12
6.841059402141446196e-12
6.502977608753475710e-12
6.180420300393066094e-12
5.872773972753629588e-12
5.579029708542216372e-12
5.299213461264113783e-12
5.032407408103106188e-12
4.778094361747381141e-12
4.535807296775410353e-12
4.305121657363560076e-12
4.085403147853138084e-12
3.876149963140508987e-12
3.676972046595276741e-12
3.487438424391986132e-12
3.307304580766300757e-12
3.135695833162300489e-12
2.972669375590267823e-12
2.817519255363554874e-12
2.670072808841497442e-12
2.530050682707182751e-12
2.396759809313717921e-12
2.270406063774868254e-12
2.150176234503020316e-12
2.036082060233819485e-12
1.927743164712048808e-12
1.824893470980066911e-12
1.727336496674773507e-12
1.634730372839579185e-12
1.546909453299504117e-12
1.463569350564324001e-12
1.384631075454053840e-12
1.309578876027124178e-12
1.238558989188173794e-12
1.171209900799236567e-12
1.107484359662615540e-12
1.046919195800943322e-12
9.896210794900391491e-13
9.353879352962211475e-13
8.839989157642936504e-13
8.353211894795550831e-13
7.894664865278431204e-13
7.456458584949537325e-13
7.043777608578272635e-13
6.653114382452927018e-13
6.283730026009461390e-13
5.934159987758110869e-13
5.603510995289400880e-13
5.290787118138455709e-13
4.995159859488806312e-13
4.715614534085248315e-13
4.451143690626032930e-13
4.201271881151757868e-13
3.965341057172195259e-13
3.742734489045696746e-13
3.531409058871797374e-13
3.332520539791306683e-13
3.144606423111401989e-13
2.966846976707621272e-13
2.799126051912820281e-13
2.640636787530012770e-13
2.491139727620706866e-13
2.349887501711796123e-13
2.216572240013941069e-13
2.090872762946128468e-13
1.972161557995557725e-13
1.860183153501052603e-13
1.754470096051506511e-13
1.654726031327442048e-13
1.560619249439785003e-13
1.472161042890927805e-13
1.388288575298472473e-13
1.309076340081094688e-13
1.234551556640604909e-13
1.164257651589844657e-13
1.097957209091956887e-13
1.035393590697496566e-13
9.763937957429602040e-14
9.207581967210075614e-14
8.682974651190688895e-14
8.187983547529746616e-14
7.726467779069387797e-14
7.280963467595215011e-14
6.865808645067613270e-14
6.474436521800047448e-14
6.105093327204098514e-14
5.756891621169616983e-14
5.428424801812304634e-14
5.118690235128008610e-14
4.826579357177564766e-14
4.551154304462892833e-14
4.291350855773825660e-14
