# bin_2_2
5.753149838083670097e-08
5.784795899064790898e-08
5.813729467433273055e-08
5.843679218573645390e-08
5.874058877348140780e-08
5.904092650152246609e-08
5.934008826307329492e-08
5.963788916363658985e-08
5.993399370406343428e-08
6.022806925939186306e-08
6.052018214428327500e-08
6.081209849810456740e-08
6.109722914046298855e-08
6.138148145187654952e-08
6.166262815776359372e-08
6.194027462423988161e-08
6.221418810611378374e-08
6.248413870382313127e-08
6.274971214769310193e-08
6.301063966741500005e-08
6.326292721420793748e-08
6.351758073601440203e-08
6.376294996651194748e-08
6.392894162383725165e-08
6.423586306905723261e-08
6.446342640940680698e-08
6.468270707371541805e-08
6.489553084156882039e-08
6.510094374150735933e-08
6.529865958183036105e-08
6.548775617137231352e-08
6.566863347140662731e-08
6.584065727950921293e-08
6.600540254242637687e-08
6.615558749738830572e-08
6.630005736842639015e-08
6.646369282819631080e-08
6.655561878548314713e-08
6.665930284975591848e-08
6.676757536753716421e-08
6.685629898432503254e-08
6.693305926137149448e-08
6.699750317994097859e-08
6.704917199427583964e-08
6.708783882949554656e-08
6.711877042938539931e-08
6.712588472366065735e-08
6.712406353390053970e-08
6.710803093544934069e-08
6.707748550277514459e-08
6.703226935306785404e-08
6.697179175237530344e-08
6.689654816364514572e-08
6.680488673032909689e-08
6.669781597442152438e-08
6.657468691668684687e-08
6.643673821462045755e-08
6.627948862558959427e-08
6.610688106003102764e-08
6.591741799451452346e-08
6.571139128714254204e-08
6.548742631327279909e-08
6.524651464093120883e-08
6.498831111931298406e-08
6.471309602006062144e-08
6.441777763705500155e-08
6.410829680655194150e-08
6.377942949122566625e-08
6.343345529714758100e-08
6.306966495738431398e-08
6.268824309375252485e-08
6.228926727798179903e-08
6.187286388445917105e-08
6.143903324216674514e-08
6.098778018744813903e-08
6.052725351584331753e-08
6.003507600306344585e-08
5.953353329915953227e-08
5.901552419409393809e-08
5.848131683873619420e-08
5.793135417466543792e-08
5.736569313008154008e-08
5.678489222597553321e-08
5.618926008351585173e-08
5.557917582967060862e-08
5.495617073630907881e-08
5.431758460026428123e-08
5.366659350178604956e-08
5.300327100748450082e-08
5.232787022542228979e-08
5.164093243479237854e-08
5.094299907662940113e-08
5.023491285830459790e-08
4.951684326472326545e-08
4.878597163714745223e-08
4.805427012107175421e-08
4.731086806393137692e-08
4.656055092209328603e-08
4.580392051049354099e-08
4.504156024974358083e-08
4.427426388884112146e-08
4.350275067931341141e-08
4.272630688985786750e-08
4.195015119283704304e-08
4.117056220626607308e-08
4.038977662233455610e-08
3.960856454351402405e-08
3.882765422015030596e-08
3.804814169411995499e-08
3.726973438413504999e-08
3.649417006279745141e-08
3.572186480126699297e-08
3.495340663604155891e-08
3.418957829189914233e-08
3.343151391662616496e-08
3.267821659110507814e-08
3.193205547419978719e-08
3.119285941255565372e-08
3.046130014107074359e-08
2.973799703011195878e-08
2.902296919271210006e-08
2.831724784280176361e-08
2.762092670897205862e-08
2.693447883995961170e-08
2.625817701666465801e-08
2.559237605174116232e-08
2.493730978815786038e-08
2.429320989648402277e-08
2.366022874597912540e-08
2.303856695857664084e-08
2.242823878477076525e-08
2.182938857305077121e-08
2.124203863743098312e-08
2.066614346901757195e-08
2.010189306111419402e-08
1.954869257873667368e-08
1.900701222374899395e-08
1.847650327021675930e-08
1.795707347246952193e-08
1.744856734435588843e-08
1.695083879915615231e-08
1.646370366484446752e-08
1.598698079261233082e-08
1.552049476616406611e-08
1.506407175756258541e-08
1.461752252759755989e-08
1.418067179020676983e-08
1.375336419184684575e-08
1.333546227612220087e-08
1.292675919290245274e-08
1.252721722791959398e-08
1.213672092920115823e-08
1.175502371407514416e-08
1.138220420986346493e-08
1.101814507813397985e-08
1.066281385827443687e-08
1.031614091841893967e-08
9.978134049732052008e-09
9.648757960932342249e-09
9.327965126969973740e-09
9.015779599290156963e-09
8.712209820281574835e-09
8.417191497992526981e-09
8.130744960979939940e-09
7.852793287035215635e-09
7.583342937107157763e-09
7.322237776908319995e-09
7.069474054033284731e-09
6.824934233507109260e-09
6.588421071258125057e-09
6.359860722938040794e-09
6.139075917323856771e-09
5.925887102315206572e-09
5.720042800562347667e-09
5.521308078703731426e-09
5.329690030053710033e-09
5.144712780106012799e-09
4.966228104072898719e-09
4.794032014852762491e-09
4.627837423362863180e-09
4.467503300615664271e-09
4.312755609423790112e-09
4.163439232949203627e-09
4.019359561734750534e-09
3.880340856550145615e-09
3.746176210217771689e-09
3.616769760142781587e-09
3.491903774696540388e-09
3.371497473364224915e-09
3.255397275600248686e-09
3.143472135868605612e-09
3.035558110776211260e-09
2.931570072901190148e-09
2.831377136998937324e-09
2.734856799128195907e-09
2.641864058373230735e-09
2.552329381455600212e-09
2.466093810567736577e-09
2.383083729928960359e-09
2.303160991994263182e-09
2.226236323743920888e-09
2.152022207213048088e-09
2.080921695335126527e-09
2.012315061152618955e-09
1.946263685769213485e-09
1.882669309141474723e-09
1.821429787286527556e-09
1.762450809825883381e-09
1.705638816894417838e-09
1.650905780051531965e-09
1.598164563903205200e-09
1.547344027993089142e-09
1.498362487596759815e-09
1.451159356788725655e-09
1.405648433061152500e-09
1.361778584827969624e-09
1.319432258041351287e-09
1.278678206339437994e-09
1.239317394537044479e-09
1.201342555904124558e-09
1.164674217455430156e-09
1.129277014441589282e-09
1.095078262748503224e-09
1.062045133096263267e-09
1.030103976887570752e-09
9.993177390666498064e-10
9.693773790165787514e-10
9.404864666456437715e-10
9.125305445413190439e-10
8.854548205286350447e-10
8.592487216688347048e-10
8.338490137634383205e-10
8.092216478907702247e-10
7.853628727110462314e-10
7.621628959663420202e-10
7.397405794507154398e-10
7.179424493762071350e-10
6.967666721725151403e-10
6.762018518126308326e-10
6.562202819433529442e-10
6.368019002734145209e-10
6.179223477387340814e-10
5.995598274982458109e-10
5.816982436244168457e-10
5.643187729658008432e-10
5.474016760721580177e-10
5.309331742180040505e-10
5.148989733587492095e-10
4.992818471639926861e-10
4.840700516051587436e-10
4.692510108648432410e-10
4.548114394722771822e-10
4.407418382503705198e-10
4.270297365044728733e-10
4.136662754552048644e-10
4.006418235179435846e-10
3.879470681584603300e-10
3.755736698933761483e-10
3.635136444105019534e-10
3.517599706782195021e-10
3.403053758248766670e-10
3.291430933264716011e-10
3.182667799776356267e-10
3.076703702211164180e-10
2.973480833854694462e-10
2.872942336250439385e-10
2.775036002815337991e-10
2.679713833411847930e-10
2.586927465662859176e-10
2.496630718295061429e-10
2.408778382814540505e-10
2.323325404662355506e-10
2.240229062166228630e-10
2.159447636347049083e-10
2.080939713908017392e-10
2.004662607100074476e-10
1.930579456094947733e-10
1.858651867632126421e-10
1.788841523583363212e-10
1.721108429588093162e-10
1.655413507093417760e-10
1.591719072239077109e-10
1.529988054029446630e-10
1.470183269708638784e-10
1.412267584860777355e-10
1.356204350570886115e-10
1.301956836799530062e-10
1.249486687041445006e-10
1.198755343038571702e-10
1.149725176551576803e-10
1.102354935701053390e-10
1.056609092656455138e-10
1.012450584207629732e-10
9.698421473399783795e-11
9.287462656537128576e-11
8.891252943708485860e-11
8.509416269778174972e-11
8.141579329508852450e-11
7.787375256104600967e-11
7.446435948960653386e-11
7.118411925516981237e-11
6.802940092976306655e-11
6.499655448818700129e-11
6.208150010559604853e-11
5.928103149281716942e-11
5.659160593420512182e-11
5.400978139407916326e-11
5.153221831113851660e-11
4.915563759597039306e-11
4.687680321520973845e-11
4.469248935841400401e-11
4.259951651613523284e-11
4.059481417663190129e-11
3.867524340092868133e-11
3.683725134104272322e-11
3.507829871447097566e-11
3.339559139115405649e-11
3.178638371921623021e-11
3.024796638536380278e-11
2.877767815256628136e-11
2.737298845303761682e-11
2.603140503473532006e-11
2.475047416073569851e-11
2.352745314162707759e-11
2.236001478954998468e-11
2.124618010847748926e-11
2.018413458493542604e-11
1.917111408169196004e-11
1.820541855728354598e-11
1.728510812784601039e-11
1.640820305434953825e-11
1.557315350252982743e-11
1.477745564645152708e-11
1.401988743039480983e-11
1.329887531244486334e-11
1.261282577571109025e-11
1.196005688046969105e-11
1.133871264029511454e-11
1.074840876890949009e-11
1.018676402993788658e-11
9.653098997354234501e-12
9.145747423320460262e-12
8.663695398667201704e-12
8.205774093714330483e-12
7.770765349425324508e-12
7.358025343068399377e-12
6.965187150080894973e-12
6.593574398750792748e-12
6.240340069788766268e-12
5.905212643767921455e-12
5.587205210814325104e-12
5.285741760816758398e-12
4.999667808119681818e-12
4.728606476538850347e-12
4.471491377592076220e-12
4.227851411033671722e-12
3.996894151796518675e-12
3.778160636284978807e-12
3.570997013116436483e-12
3.374704850820858539e-12
3.188888576090922124e-12
3.012900476551831711e-12
2.846329904809454256e-12
2.688659710408992235e-12
2.539204335735125349e-12
2.398287404084981762e-12
2.264714066441765906e-12
2.138406344832974588e-12
2.018878855832403767e-12
1.905918603158174388e-12
1.799079725511755690e-12
1.698031602872840778e-12
1.602818204985814180e-12
1.512429440897034206e-12
1.427203011448353891e-12
1.346649857482333354e-12
1.270588158376479494e-12
1.198614294904107123e-12
1.130840794444380067e-12
1.066790134365673739e-12
1.006320693060049473e-12
9.491698645495605003e-13
8.951124010048724597e-13
8.443844779139978003e-13
7.963689790816574855e-13
7.510222422109646831e-13
7.082637410006878159e-13
6.678978032292212792e-13
6.298779181109124515e-13
5.939415852696164286e-13
5.601086323280906253e-13
5.281657014495394126e-13
4.980500727169492240e-13
4.696408393461369563e-13
4.429255866079505240e-13
4.176423221483469962e-13
3.937607797347514062e-13
3.712997649949038614e-13
3.501113541298773078e-13
3.301388752557509791e-13
