# bin_1_3
2.663235579595732096e-08
2.676247755678763653e-08
2.689206488482377292e-08
2.701861263255660554e-08
2.714948428524373742e-08
2.727715786224070956e-08
2.740399492145081337e-08
2.752988859707342498e-08
2.765473374513460848e-08
2.777831495651696161e-08
2.790068517024905471e-08
2.802172399703063245e-08
2.814212474122966936e-08
2.825897990748170670e-08
2.837502826371290511e-08
2.848913717068732166e-08
2.860119873817310607e-08
2.871110706644060512e-08
2.881866572310525471e-08
2.892375078662149983e-08
2.902307662412433129e-08
2.912605486812654874e-08
2.922727137980379780e-08
2.931688341386970754e-08
2.940760423519672424e-08
2.949499385586683402e-08
2.957890410792358681e-08
2.965917646420646497e-08
2.973571451037973599e-08
2.980838735967086784e-08
2.987675571842974948e-08
2.994103525115470978e-08
3.000092767306983505e-08
3.005589661265692024e-08
3.010692076259528389e-08
3.015218849326139611e-08
3.020794386052987458e-08
3.022909793241274342e-08
3.025944124935538712e-08
3.028434356877459899e-08
3.030364357389350832e-08
3.031719656660618189e-08
3.032485108459359474e-08
3.032640598076305468e-08
3.032175530712939183e-08
3.031232190831445763e-08
3.029388734414147956e-08
3.027010221935201142e-08
3.023963346001617246e-08
3.020235942567875023e-08
3.015823100845249080e-08
3.010698249084746713e-08
3.004358183509884496e-08
2.998316052308491460e-08
2.991032968702196172e-08
2.983010390780179032e-08
2.974207782795790488e-08
2.964721251855398601e-08
2.954430822322811704e-08
2.943385230665447443e-08
2.931577301874153672e-08
2.918961501199187393e-08
2.905583746540758974e-08
2.891430449184490524e-08
2.876497113506808604e-08
2.860770325163792946e-08
2.844268021627676308e-08
2.826970689341122706e-08
2.808923089681411726e-08
2.790092756565289629e-08
2.770491958704545141e-08
2.750127658857073766e-08
2.729008983430441451e-08
2.707123518840276589e-08
2.684518771216354048e-08
2.661196903814119254e-08
2.637148289813989094e-08
2.612396504051332940e-08
2.586953266916617196e-08
2.560834010184554348e-08
2.534062064175536253e-08
2.506643767269813277e-08
2.478606958891822171e-08
2.449968746120496688e-08
2.420749293875385136e-08
2.390986644845512272e-08
2.360666098931264983e-08
2.329830296559424154e-08
2.298520816012236105e-08
2.266750816940659298e-08
2.234546999693483941e-08
2.201936697924388249e-08
2.168958061695355930e-08
2.135622052153781969e-08
2.101974617419581702e-08
2.068041935892372476e-08
2.033849126663663215e-08
1.998231921947516254e-08
1.964850311661977727e-08
1.930097417442485292e-08
1.895220448154720583e-08
1.860251574148523260e-08
1.825114697677781055e-08
1.790175076183790041e-08
1.755133101690900350e-08
1.720131802896691720e-08
1.685208054190647048e-08
1.650381309187638996e-08
1.615685476710233259e-08
1.581175167098130123e-08
1.546851544289974265e-08
1.512755162469158038e-08
1.478908983094762734e-08
1.445344877264796899e-08
1.412091348227986899e-08
1.379155250016561642e-08
1.346582781350528950e-08
1.314382953785182488e-08
1.282578669902058176e-08
1.251186692947543670e-08
1.220225579026784901e-08
1.189715246101614528e-08
1.159661935808161726e-08
1.130082645025218571e-08
1.100962928743579811e-08
1.072380278756697804e-08
1.044274912321941213e-08
1.016675039326497881e-08
9.895840057273199815e-09
9.630041657948004702e-09
9.369383047083768032e-09
9.113858706966866877e-09
8.863449384129313082e-09
8.618127717577332405e-09
8.377848972238601515e-09
8.142607610423499280e-09
7.912329827458679868e-09
7.688532565733135008e-09
7.466376261115905012e-09
7.250581668856245987e-09
7.039478106377993058e-09
6.832989077669400460e-09
6.631037952114461058e-09
6.433551043998274332e-09
6.240459798460003231e-09
6.051686458023381786e-09
5.867162419910473269e-09
5.686751439143881545e-09
5.510625946623707209e-09
5.338474858667340286e-09
5.170363663460520110e-09
5.006220230882099302e-09
4.846006067519822976e-09
4.689687093261472061e-09
4.537231960805602469e-09
4.388622651076330831e-09
4.243821049765120262e-09
4.102823244776517702e-09
3.965565047717040302e-09
3.832127067377494651e-09
3.702394265071386045e-09
3.576396260569591671e-09
3.454055852913100867e-09
3.335474235781953486e-09
3.220502093894164697e-09
3.109138129746604409e-09
3.001396550496203866e-09
2.897180048672675935e-09
2.796447772697349938e-09
2.699157452999568274e-09
2.605228369830346586e-09
2.514597840628153384e-09
2.427176309228780420e-09
2.342880387894748785e-09
2.261613712145150430e-09
2.183264894127900332e-09
2.107760667321396500e-09
2.034951258128220262e-09
1.964777496197541240e-09
1.897096311939432786e-09
1.831817261029780702e-09
1.768823359546267006e-09
1.708072715716599876e-09
1.649410758136193406e-09
1.592820385209131158e-09
1.538180517657692716e-09
1.485431212710787832e-09
1.434519830443490603e-09
1.385405758561634667e-09
1.338023277307081699e-09
1.292321363911555136e-09
1.248250984469635831e-09
1.205804423032049721e-09
1.164913104371875583e-09
1.125554088865464225e-09
1.087679317384654648e-09
1.051226678381060297e-09
1.016164797973436672e-09
9.824467244734183153e-10
9.500143039419631606e-10
9.187928018580058041e-10
8.887501448599912870e-10
8.598214317948680836e-10
8.319546975217016983e-10
8.050996820040408301e-10
7.792107100646254494e-10
7.542598465436536169e-10
7.302010559369258352e-10
7.070066787299816479e-10
6.846479123273261142e-10
6.630967763115725346e-10
6.423254392558922554e-10
6.223060131699140001e-10
6.030106488537929576e-10
5.844056292144909103e-10
5.664618184335825158e-10
5.491437221847902292e-10
5.324298403797566562e-10
5.162820216878157204e-10
5.006935949131219887e-10
4.856057697658308731e-10
4.711098694024928876e-10
4.569353102796558788e-10
4.433214664525865279e-10
4.301291133789203658e-10
4.173732999142415273e-10
4.050230527863751128e-10
3.930639526859295365e-10
3.814751129220626036e-10
3.702421164047834299e-10
3.593580277699907073e-10
3.487891891593436355e-10
3.385290474865509374e-10
3.285779292473717786e-10
3.189161553909416932e-10
3.095314504789533038e-10
3.004126363074853638e-10
2.915491226008709645e-10
2.829311838829879974e-10
2.745496297689541902e-10
2.663959766790553472e-10
2.584618527074046156e-10
2.507393870526961547e-10
2.432211323850575079e-10
2.359000114955571526e-10
2.287695036098227825e-10
2.218235208336343588e-10
2.150562090450829533e-10
2.084620132551104516e-10
2.020357842198363053e-10
1.957726708157101665e-10
1.896681786922366141e-10
1.837179176379436792e-10
1.779177705977006353e-10
1.722639372842135710e-10
1.667528083400099912e-10
1.613809763516718927e-10
1.561452271874997591e-10
1.510425098586493259e-10
1.460699874316840469e-10
1.412248639876413736e-10
1.365044827774160402e-10
1.319063480354059137e-10
1.274280076842683979e-10
1.230671758452426172e-10
1.188216820017660417e-10
1.146894116177133133e-10
1.106683243020125139e-10
1.067564087840810477e-10
1.029517374526415595e-10
9.925240260007306708e-11
9.565657298022000636e-11
9.216243997982790307e-11
8.876824020174340545e-11
8.547223175110713016e-11
8.227266983654553794e-11
7.916768059455608702e-11
7.615563332749055419e-11
7.323480780283424892e-11
7.040349601308806440e-11
6.766002723254320303e-11
6.500271800950659329e-11
6.242989790959950248e-11
5.993987951248675681e-11
5.753095510195696661e-11
5.520145514096760995e-11
5.294967742247085564e-11
5.077375726051971989e-11
4.867208352306519058e-11
4.664298564442077306e-11
4.468478057173240928e-11
4.279577872833178223e-11
4.097427410693104692e-11
3.921859750346994784e-11
3.752707512225771137e-11
3.589802383116348989e-11
3.432969996415430327e-11
3.282038016766527970e-11
3.136851969124067343e-11
2.997248592551941179e-11
2.863065011148766406e-11
2.734142323629402306e-11
2.610323266105522279e-11
2.491451343069554382e-11
2.377370454598050339e-11
2.267912649664802113e-11
2.162940031319638074e-11
2.062305976644674107e-11
1.965865304320404826e-11
1.873476497476889478e-11
1.784998457966518885e-11
1.700300424990839962e-11
1.619239177645350461e-11
1.541675115299881444e-11
1.467492632452879044e-11
1.396566743461961164e-11
1.328775499902816119e-11
1.264000996202027236e-11
1.202130233337510900e-11
1.143041683735141432e-11
1.086623105469225719e-11
1.032776012301023812e-11
9.813990609130280067e-12
9.323937461848392613e-12
8.856650490318173357e-12
8.411170564766573345e-12
7.986511433165936377e-12
7.581853025000989325e-12
7.196298984878078750e-12
6.829008463891660012e-12
6.479460138738494171e-12
6.146661066745571330e-12
5.829855087781398880e-12
5.528419393092080249e-12
5.241695750643714680e-12
4.969052296815972433e-12
4.709786547042121982e-12
4.463320496028124162e-12
4.229008525308247490e-12
4.006266780034147910e-12
3.794805302230174025e-12
3.593942856970117435e-12
3.403089972627102538e-12
3.221905173236425885e-12
3.049952482546958982e-12
2.886776852553166211e-12
2.731931428071360052e-12
2.584969594390727729e-12
2.445548150455801516e-12
2.313416245268389882e-12
2.188069904243778975e-12
2.069221272769950423e-12
1.956585761690295823e-12
1.849889057998480452e-12
1.748738699460627486e-12
1.652937769019281365e-12
1.562116079205492225e-12
1.476207290559761358e-12
1.394860900620356672e-12
1.317748978472963168e-12
1.244840649781008726e-12
1.175837426598836014e-12
1.110535439207383001e-12
1.048710248759481743e-12
9.902982941882120113e-13
9.349283774355997970e-13
8.826917193563233190e-13
8.332887273699502532e-13
7.865149146496239609e-13
7.423506274103400043e-13
7.005933299499618236e-13
6.611038161114310329e-13
6.238680553410639486e-13
5.886498744856555706e-13
5.553602039566342658e-13
5.239369184451951781e-13
4.942797416741900950e-13
4.662638083409205865e-13
4.398107374215112860e-13
4.148390216213588968e-13
3.913208190670773632e-13
3.690636548944903706e-13
3.480299150568338348e-13
3.282212152299039092e-13
3.095283792120392380e-13
2.918937994248938476e-13
2.752591732184166486e-13
2.595607117760698588e-13
2.447676492683166244e-13
2.308082612620651027e-13
2.176443921152656912e-13
2.052261245787619431e-13
1.935207142855867596e-13
1.824388447380258848e-13
1.720664450839222750e-13
1.622508240510858430e-13
1.529956444969176014e-13
1.442662600777127371e-13
1.360353780431101812e-13
1.282771511281392069e-13
