# bin_1_5
3.008027507545846645e-08
3.024777405193319938e-08
3.041522812094044080e-08
3.058009928316488939e-08
3.074982946119985357e-08
3.091680689275631766e-08
3.108341422724282040e-08
3.124955614070860629e-08
3.141506230989737359e-08
3.157976448611299567e-08
3.174368899247873093e-08
3.190670271209181086e-08
3.206949282020269442e-08
3.222912644469224841e-08
3.238834266632735029e-08
3.254599006548509242e-08
3.270194598224692389e-08
3.285608873611070862e-08
3.300820504710539082e-08
3.315815294724502515e-08
3.330258914305720285e-08
3.345115706436036250e-08
3.359787903156533655e-08
3.373339979154474517e-08
3.387020756685495049e-08
3.400386039167034396e-08
3.413418535093851100e-08
3.426101132467224681e-08
3.438417120771720504e-08
3.450354977745207018e-08
3.461866148366066509e-08
3.472969173037784731e-08
3.483630963627799876e-08
3.493791426551292358e-08
3.503554259522317090e-08
3.512725298084818014e-08
3.522946982648229803e-08
3.529651041516845206e-08
3.537267971550712911e-08
3.544312164377674805e-08
3.550763276986621209e-08
3.556602508840305557e-08
3.561812896322572691e-08
3.566361742477875250e-08
3.570242269500394664e-08
3.573586781406221341e-08
3.575973551496794302e-08
3.577758331398995913e-08
3.578804014563211709e-08
3.579093222669759265e-08
3.578615780786811648e-08
3.577339629834856803e-08
3.574743450334964832e-08
3.572372952148225863e-08
3.568645463758520310e-08
3.564069469070978394e-08
3.558596117709623509e-08
3.552323422656023849e-08
3.545121170707714615e-08
3.537024821388528019e-08
3.528031387190905367e-08
3.518085798588488769e-08
3.507228404292545513e-08
3.495439623845563372e-08
3.482698137859463913e-08
3.469017570802785372e-08
3.454377230400237629e-08
3.438762665677752508e-08
3.422213558543028276e-08
3.404691411944535637e-08
3.386203190357991624e-08
3.366750591091810293e-08
3.346337607709871964e-08
3.324946613763019323e-08
3.302621070629338868e-08
3.279357565560175008e-08
3.255142669060429379e-08
3.229995684926672261e-08
3.203924417788778965e-08
3.176940685765697894e-08
3.149064737893095936e-08
3.120297774415932756e-08
3.090670020606877977e-08
3.060191631007907974e-08
3.028882303262552596e-08
2.996767908307001766e-08
2.963864704922251547e-08
2.930182158617482681e-08
2.895772836852051657e-08
2.860649892006931749e-08
2.824840750187038284e-08
2.788372932791223516e-08
2.751289602835372600e-08
2.713600421662218807e-08
2.675355637778484713e-08
2.636584667238778976e-08
2.597298906464082323e-08
2.557602509671416721e-08
2.517474746710125954e-08
2.476964860345759835e-08
2.436115340952327232e-08
2.394965134433591707e-08
2.353438393408352628e-08
2.311929638997891064e-08
2.270126343876427143e-08
2.228187637405775740e-08
2.186159998621312499e-08
2.144072506129742345e-08
2.101969413931163194e-08
2.059916953193544908e-08
2.017926716002032022e-08
1.976051155023467746e-08
1.934324836716654756e-08
1.892792017885890486e-08
1.851493312421575300e-08
1.810448466483688817e-08
1.769715907652485146e-08
1.729317405235226820e-08
1.689288502144294432e-08
1.649658508276183117e-08
1.610458298397064630e-08
1.571720162045898810e-08
1.533462083660413464e-08
1.495712786664703771e-08
1.458468147040480510e-08
1.421818517542443237e-08
1.385712191183534198e-08
1.350187688994086456e-08
1.315257211935674893e-08
1.280931307296961161e-08
1.247220440973107987e-08
1.214130562801546001e-08
1.181666279053343826e-08
1.149828317903280855e-08
1.118617910738219742e-08
1.088037587461684906e-08
1.058082503877758296e-08
1.028745878890856387e-08
1.000023182909229914e-08
9.719082136273068189e-09
9.443932064754469297e-09
9.174682730890078149e-09
8.911238756012360985e-09
8.653499782786676153e-09
8.401366257805753084e-09
8.154723844113011548e-09
7.913464735299842000e-09
7.677409786122046550e-09
7.446697984142156173e-09
7.215443448016958060e-09
7.000231968049373923e-09
6.784391377977421728e-09
6.573362707313062609e-09
6.367077497266257337e-09
6.165474819186130973e-09
5.968513236232146048e-09
5.776135624564019282e-09
5.588329123398683805e-09
5.405022941716189958e-09
5.226305841478331396e-09
5.052068487618211184e-09
4.882359846859186979e-09
4.717121623936739190e-09
4.556196292998209043e-09
4.400339609443418544e-09
4.248707686708218365e-09
4.101647752210136747e-09
3.959099772420675527e-09
3.821062164875680197e-09
3.687508358468683496e-09
3.558454496605695001e-09
3.433799129369001734e-09
3.313493919157797776e-09
3.197467121069445802e-09
3.085624097357592631e-09
2.977845659412879724e-09
2.874037228124727784e-09
2.774022248125339686e-09
2.677703267170430455e-09
2.584890833452901613e-09
2.495443072614653028e-09
2.409185820065756746e-09
2.326024305564172586e-09
2.245741271471364279e-09
2.168270067321866387e-09
2.093435196152049966e-09
2.021133120919229965e-09
1.951271215245471388e-09
1.883949552509337334e-09
1.818562545302905102e-09
1.755591009823113511e-09
1.694768766597234385e-09
1.636107041664168792e-09
1.579539122240067050e-09
1.525053475626670681e-09
1.472608188746029292e-09
1.422147260857077288e-09
1.373639501935249500e-09
1.327033317214813829e-09
1.282245779721223602e-09
1.239210471521824277e-09
1.197839932299627212e-09
1.158047392471245820e-09
1.119748111796896069e-09
1.082860016909181333e-09
1.047313465687617049e-09
1.013045008630594672e-09
9.800040357215974294e-10
9.481479700386406386e-10
9.174720550677951961e-10
8.878576064627403429e-10
8.593641454125371770e-10
8.319326528485941950e-10
8.055291580906279770e-10
7.801154825965656622e-10
7.556450367368704032e-10
7.320642098554424239e-10
7.093434993397907903e-10
6.874162366959843015e-10
6.662630406411893931e-10
6.458351531505417561e-10
6.261099049583156937e-10
6.070605549016036212e-10
5.886780655946043505e-10
5.709785364711632760e-10
5.537716084342398252e-10
5.371956824220758793e-10
5.211746666067735954e-10
5.056749366578480330e-10
4.906755211109333454e-10
4.762302440676182201e-10
4.620800927747099067e-10
4.484531123332009908e-10
4.352479480697343766e-10
4.224478398258005381e-10
4.100344492226364448e-10
3.979906747795216726e-10
3.863003890435067904e-10
3.749491711358930580e-10
3.639236291272773662e-10
3.532114250881015623e-10
3.428002414197451746e-10
3.326782322148693622e-10
3.228340494045320221e-10
3.132569975130206770e-10
3.039373073639919515e-10
2.948659243110040756e-10
2.860341195149705957e-10
2.774335618232686421e-10
2.690564239622225611e-10
2.608953773271618348e-10
2.529436662542120321e-10
2.451947655525975296e-10
2.376425386375444659e-10
2.302812868414167118e-10
2.231056186877326788e-10
2.161104825005374813e-10
2.092911379608742597e-10
2.026430951482086588e-10
1.961621958046590742e-10
1.898443997573741429e-10
1.836859071730845288e-10
1.776831639111356942e-10
1.718327395745373977e-10
1.661314365880957930e-10
1.605762500510923063e-10
1.551642909293635441e-10
1.498928138423785060e-10
1.447591453640729907e-10
1.397607579581669969e-10
1.348951799573619708e-10
1.301600659408195623e-10
1.255531275767624848e-10
1.210721531911252219e-10
1.167149895938614812e-10
1.124795052694299678e-10
1.083634567439223306e-10
1.043648776178300075e-10
1.004817188127460344e-10
9.671195983853018451e-11
9.305363391108548544e-11
8.950476427174006104e-11
8.606340073386433464e-11
8.272757845672789724e-11
7.949531237650891579e-11
7.636466425813614638e-11
7.333365859509893463e-11
7.040014995552039807e-11
6.756225177598566550e-11
6.481801187662680482e-11
6.216546057578224576e-11
5.960261664754419408e-11
5.712747304720190090e-11
5.473805865340417007e-11
5.243238853192571353e-11
5.020846011161355114e-11
4.806420055062816272e-11
4.599755336997042841e-11
4.400663647231891656e-11
4.208947138011951408e-11
4.024407482838907262e-11
3.846850197286803511e-11
3.676081710316137526e-11
3.511908795973151735e-11
3.354137932522834246e-11
3.202563143270656948e-11
3.057009179714835187e-11
2.917291269877478949e-11
2.783225902843221494e-11
2.654633349043246193e-11
2.531334179839913842e-11
2.413159457133831577e-11
2.299927459010242474e-11
2.191460217337021184e-11
2.087605053936256032e-11
1.988199427371807223e-11
1.893084246936917675e-11
1.802105000120231817e-11
1.715112572048741936e-11
1.631949345858793284e-11
1.552467784452133967e-11
1.476535091896504698e-11
1.404016193735967589e-11
1.334779359758932637e-11
1.268696981015406924e-11
1.205639531708259788e-11
1.145485238309395943e-11
1.088109724647638404e-11
1.033382017319403752e-11
9.812362372168750355e-12
9.315496161184416740e-12
8.842077094160580429e-12
8.391080646654815160e-12
7.961632259184804667e-12
7.552824889171528571e-12
7.163785916041149071e-12
6.793593128064261217e-12
6.441401447750920579e-12
6.106361901762551976e-12
5.787661464942202730e-12
5.484856345138982283e-12
5.197037938470168412e-12
4.923417353837743350e-12
4.663481267375298485e-12
4.416618578657466928e-12
4.182213653682074434e-12
3.959627824551226364e-12
3.748264236279560485e-12
3.547621796912456288e-12
3.357337606291945430e-12
3.176759487880931610e-12
3.005409669326546730e-12
2.842940107534565711e-12
2.688943410942351054e-12
2.543307828254366779e-12
2.404842507835252984e-12
2.273186321655511509e-12
2.148922059089507349e-12
2.031188562845976702e-12
1.919558461525323020e-12
1.813936559845111598e-12
1.713925285253793121e-12
1.619230681289531143e-12
1.529543388376466623e-12
1.444752213743366504e-12
1.364453488850271276e-12
1.288464019171412618e-12
1.216907116632373874e-12
1.148651925572853733e-12
1.084391065734859214e-12
1.023748019114151141e-12
9.661390381708786266e-13
9.118866199079506029e-13
8.605653003714270672e-13
8.120652945231719402e-13
7.662167955988374331e-13
7.229464766076205212e-13
6.820379478320335457e-13
6.434488613887914947e-13
6.069844951810574712e-13
5.725434424272508283e-13
5.400429440977042113e-13
5.094244781535277593e-13
4.803816455854125613e-13
4.530448962757469310e-13
4.272494769376799976e-13
4.029112329292248088e-13
3.799432100112636310e-13
3.582869613814296631e-13
3.378529117185884503e-13
3.185804793390561404e-13
3.004142893691118630e-13
2.832590847803342756e-13
2.670914073352124252e-13
2.518739718061682503e-13
2.374730123060906882e-13
2.239172357918599583e-13
2.111406815521870274e-13
1.990896036147922361e-13
1.877323646830578479e-13
