# bin_2_4
7.167810582830797244e-08
7.216372985512288598e-08
7.262465791572625056e-08
7.309865215254231555e-08
7.357777643771678930e-08
7.405956666031345771e-08
7.454119265599321630e-08
7.502413738330759925e-08
7.550805708196160644e-08
7.599260718236072892e-08
7.647784659103858900e-08
7.696552957915637012e-08
7.744902166831262600e-08
7.793423673473437529e-08
7.841892254851500889e-08
7.890262970643559547e-08
7.938518497943030967e-08
7.986611833544577279e-08
8.034517320515777362e-08
8.082197195963515945e-08
8.129254470332638196e-08
8.176790659240147393e-08
8.224396312897413668e-08
8.262514163106028046e-08
8.316063451955107912e-08
8.361729103254437932e-08
8.406763180521926536e-08
8.451344248305980517e-08
8.495360309092256474e-08
8.538782296516389385e-08
8.581505576657592677e-08
8.623560509091079079e-08
8.664873285578776512e-08
8.705598981135563689e-08
8.744972068366303818e-08
8.783891785648255264e-08
8.824854414166850890e-08
8.858667513167799171e-08
8.893764863525935037e-08
8.929358505257280266e-08
8.963045283957545847e-08
8.995559532711155264e-08
9.026854725942840112e-08
9.056852396745309222e-08
9.085528736528821022e-08
9.113396266166379208e-08
9.138795697987342549e-08
9.163228830005318487e-08
9.186136585349474161e-08
9.207467924990405708e-08
9.227185618048930196e-08
9.245208208997355286e-08
9.261562388163057301e-08
9.276046817538991944e-08
9.288777186762013016e-08
9.299628656891002270e-08
9.308705615201073930e-08
9.315531445661072936e-08
9.320484626474601438e-08
9.323383417324394612e-08
9.324229187125192758e-08
9.322847745864491777e-08
9.319336397809105904e-08
9.313604410892166914e-08
9.305669918440949252e-08
9.295163396839957632e-08
9.282676137783925042e-08
9.267648660053338105e-08
9.250278264867190750e-08
9.230460674036855502e-08
9.208187783241648793e-08
9.183430434537091255e-08
9.156162357515091409e-08
9.126336530733744971e-08
9.094011217582227012e-08
9.059897361018576411e-08
9.021678576019736032e-08
8.981636858339641723e-08
8.939002294739902810e-08
8.893771531253925965e-08
8.845959527817784820e-08
8.795538893630185583e-08
8.742547345717417373e-08
8.686978198565819661e-08
8.628845710992404640e-08
8.568291294686483152e-08
8.504982085484726900e-08
8.439253682345655713e-08
8.371077657588287349e-08
8.300591304999348365e-08
8.227429327400695627e-08
8.152027854451880350e-08
8.074322129375261902e-08
7.994314118787148272e-08
7.911716036709021351e-08
7.827696851382826116e-08
7.741179310265989901e-08
7.652630523017008720e-08
7.562107418730680743e-08
7.469667409475342577e-08
7.375391963783477210e-08
7.279357622134787438e-08
7.181518895335893367e-08
7.083769213723280712e-08
6.981558392802485201e-08
6.879354628506303034e-08
6.775847556388409311e-08
6.671109130028724203e-08
6.565298426846903206e-08
6.458410838067584920e-08
6.350651667004786674e-08
6.242095901007313789e-08
6.132845916345783972e-08
6.023269345598754007e-08
5.912781973019314013e-08
5.802079065490849718e-08
5.691199780651358705e-08
5.580186590155303583e-08
5.469154914753682358e-08
5.358231171229245785e-08
5.247488107273108968e-08
5.137086544772420264e-08
5.027104033369281194e-08
4.917656880904288975e-08
4.808824739319810341e-08
4.700763831213694515e-08
4.593524055789126711e-08
4.487210321989384547e-08
4.381913177115796152e-08
4.277718579887194021e-08
4.174705984879639588e-08
4.072954078855497747e-08
3.972531779462321229e-08
3.873499124106567229e-08
3.775936390279327249e-08
3.679845992099375367e-08
3.585327228292149565e-08
3.492396232819661688e-08
3.401101530004674483e-08
3.311436230411701946e-08
3.223457628584940742e-08
3.137167232339723148e-08
3.052573297970869289e-08
2.969680850411622741e-08
2.888482670239009826e-08
2.808974460288837247e-08
2.731140959805491826e-08
2.654959903204882239e-08
2.580427552772805114e-08
2.507494536304161027e-08
2.436147922308241820e-08
2.366354705244234146e-08
2.298069074945891036e-08
2.231270266820782820e-08
2.165924435114162163e-08
2.101981113027640849e-08
2.039419077568093477e-08
1.978203318216316569e-08
1.918298923062825839e-08
1.859676538219323566e-08
1.802310287058667506e-08
1.746208768814730017e-08
1.691261847021988970e-08
1.637547197114875183e-08
1.585016874599138648e-08
1.533669842040454403e-08
1.483494951719121587e-08
1.434497958164618952e-08
1.386680112864214332e-08
1.340041961213048520e-08
1.294594459548479439e-08
1.250348305530359967e-08
1.207312342566367020e-08
1.165492562571190043e-08
1.124893685741851562e-08
1.085550104033300190e-08
1.047431100958040244e-08
1.010557054829984694e-08
9.749177342606262242e-09
9.405059544416478390e-09
9.073072457231363808e-09
8.753017214848437490e-09
8.444649488961462948e-09
8.147643950802862556e-09
7.857326262636819442e-09
7.586268966558663403e-09
7.320983571792474811e-09
7.065402675210768565e-09
6.819096594397678496e-09
6.581520155332950746e-09
6.352304478705478240e-09
6.130958330889343956e-09
5.917153090641022267e-09
5.710525206418908988e-09
5.510793152333299412e-09
5.317678002150679485e-09
5.131043008682304659e-09
4.950683207248698579e-09
4.776529051895607576e-09
4.608457319709339156e-09
4.446413738325737912e-09
4.290309046665269287e-09
4.140047497944540982e-09
3.995513165073677726e-09
3.856558505542291366e-09
3.723017246786746791e-09
3.594687998793945340e-09
3.471353118808727417e-09
3.352776383146831707e-09
3.238720881771192577e-09
3.128950122921303882e-09
3.023265033131307544e-09
2.921466206774323294e-09
2.823416175904805492e-09
2.728932280955646547e-09
2.637939669054003237e-09
2.550313515895284149e-09
2.465953683742321432e-09
2.384755579226348003e-09
2.306627642730702863e-09
2.231415418551493839e-09
2.159043581732686383e-09
2.089355893398071608e-09
2.022274856217707990e-09
1.957633754188189095e-09
1.895375208597964107e-09
1.835352456715608730e-09
1.777512806801932915e-09
1.721745906519664615e-09
1.667970143747087626e-09
1.616104377190625706e-09
1.566070097417456289e-09
1.517781668045225284e-09
1.471188233608725078e-09
1.426189137570467049e-09
1.382724096315283866e-09
1.340729066521726384e-09
1.300138330512470882e-09
1.260890814387675402e-09
1.222931862332382198e-09
1.186214103538157377e-09
1.150635844485314852e-09
1.116160180938997415e-09
1.082902770786798262e-09
1.050592784348586052e-09
1.019278783652979474e-09
9.889117507505046815e-10
9.594535781427700975e-10
9.308669006984578225e-10
9.031164617252801013e-10
8.761689141308204399e-10
8.499927567526290903e-10
8.245575682023883860e-10
7.998346983726849616e-10
7.757974069901204211e-10
7.524203033484372170e-10
7.296793897535192843e-10
7.075520789629806886e-10
6.860170188731789348e-10
6.650543229046291139e-10
6.446449066413539043e-10
6.247708316228075731e-10
6.054152785494044089e-10
5.865622948152254045e-10
5.681969538022413807e-10
5.503052798990268897e-10
5.328740134157725644e-10
5.158907179050668359e-10
4.993435279566696677e-10
4.832213672214296135e-10
4.675136688392903242e-10
4.522105517180114831e-10
4.373026249252454534e-10
4.227810017621801547e-10
4.086372631019693721e-10
3.948633442426908484e-10
3.814512252390876522e-10
3.683937583284500195e-10
3.556838574598107324e-10
3.433147406488114671e-10
3.312799632599482575e-10
3.195732383854789702e-10
3.081885320820381220e-10
2.971199327442717215e-10
2.863616271332436192e-10
2.759080473977124167e-10
2.657536582694184302e-10
2.558926766946047066e-10
2.463199501736774449e-10
2.370302645957708958e-10
2.280184329791833778e-10
2.192792980009729580e-10
2.108076812324492996e-10
2.025985227446973576e-10
1.946467508702798688e-10
1.869472737356944181e-10
1.794948601722796781e-10
1.722843205261459463e-10
1.653108128116036893e-10
1.585692890517900606e-10
1.520546659001712680e-10
1.457619308696834905e-10
1.396860598568371483e-10
1.338220154190913317e-10
1.281647209710971766e-10
1.227088174697021202e-10
1.174495556221272956e-10
1.123819537023774632e-10
1.075010254016896402e-10
1.028018381230058132e-10
9.827943354741153197e-11
9.392904329142626576e-11
8.974560719282668742e-11
8.572411779772585552e-11
8.186007977509712321e-11
7.814876455441273282e-11
7.458550111668970195e-11
7.116570102337301385e-11
6.788487434542135518e-11
6.473834430386410137e-11
6.172163727680127340e-11
5.883058146698177559e-11
5.606096140604630643e-11
5.340862965368974433e-11
5.086952766386176820e-11
4.843956592403860633e-11
4.611454804057464176e-11
4.389094028191872983e-11
4.176501252642959167e-11
3.973314737778810907e-11
3.779185364652204324e-11
3.593743586158191679e-11
3.416646808122338464e-11
3.247587015345377907e-11
3.086251087564891676e-11
2.932335668017881794e-11
2.785525972008057357e-11
2.645514019961071541e-11
2.512044655927798136e-11
2.384851456172283346e-11
2.263674971031530078e-11
2.148247523108609731e-11
2.038301037278379757e-11
1.933630107327167005e-11
1.834010744987186822e-11
1.739226388742915435e-11
1.649025349028982084e-11
1.563227751789481651e-11
1.481647287283733368e-11
1.404099657554673255e-11
1.330379261874938840e-11
1.260309301424130273e-11
1.193744140593366630e-11
1.130527274320529199e-11
1.070480258543784324e-11
1.013454224019103364e-11
9.593194436889683261e-12
9.079477381576923249e-12
8.592053007119598909e-12
8.129613256423117222e-12
7.690317016851730745e-12
7.274893496198401815e-12
6.880264833941770689e-12
6.505534801402208052e-12
6.151072543346899717e-12
5.815816853214286890e-12
5.497488384187607049e-12
5.196051828562963461e-12
4.910434688787324051e-12
4.639823410360564256e-12
4.383670215895572135e-12
4.141167432230277431e-12
3.911725554001489636e-12
3.694538905006960900e-12
3.489016073024295835e-12
3.294563604424345251e-12
3.110682138259636803e-12
2.936333137581793606e-12
2.772186987816323885e-12
2.616675197515787768e-12
2.469710082034125045e-12
2.330710069134942423e-12
2.199416804435843785e-12
2.075310770521413955e-12
1.958080091151821583e-12
1.847245107982539519e-12
1.742689802675932316e-12
1.643927077033578675e-12
1.550468994486664901e-12
1.462562848168886888e-12
1.379411408613418467e-12
1.300990497118596892e-12
1.226886684551703874e-12
1.156989702873531672e-12
1.090967016951770580e-12
1.028796174598639922e-12
9.700713445812982328e-13
9.147305818811533610e-13
8.625194803958642730e-13
8.132578510528399477e-13
