# bin_1_4
2.915970360000441635e-08
2.931715516547035142e-08
2.947442782702716415e-08
2.962898042162706777e-08
2.978826907184154098e-08
2.994467056650897770e-08
3.010057353820634823e-08
3.025588448155379391e-08
3.041043517788819706e-08
3.056405981826671959e-08
3.071678653822272849e-08
3.086848545547836981e-08
3.101984358744530969e-08
3.116793975954417341e-08
3.131550765655570416e-08
3.146140241007069450e-08
3.160550512002809866e-08
3.174769813486859982e-08
3.188777248320952000e-08
3.202559082508598614e-08
3.215781240147722108e-08
3.229395828038508877e-08
3.242845836339415909e-08
3.255154340810250140e-08
3.267585942992403861e-08
3.279696980881398606e-08
3.291470251956202083e-08
3.302889516244685103e-08
3.313938815886738308e-08
3.324607299681408293e-08
3.334847254594598731e-08
3.344678015876999738e-08
3.354067341325564293e-08
3.362955603651653810e-08
3.371448635820054156e-08
3.379351824594771912e-08
3.388302248739621786e-08
3.393753899933922613e-08
3.400116707842469426e-08
3.405913417798881047e-08
3.411124790212321196e-08
3.415733164347327042e-08
3.419722738867189530e-08
3.423062086726091648e-08
3.425745278597433782e-08
3.427906068090289105e-08
3.429125358602848328e-08
3.429758327881921487e-08
3.429669952943191453e-08
3.428844240021496550e-08
3.427272416755527647e-08
3.424923878910678690e-08
3.421282398256457473e-08
3.417884227382727640e-08
3.413159154305762747e-08
3.407613535120829531e-08
3.401199897141431566e-08
3.394018305824174088e-08
3.385939632482389325e-08
3.377000908264582212e-08
3.367201055486072627e-08
3.356486670037241522e-08
3.344899298067156017e-08
3.332421142965153880e-08
3.319035670889399248e-08
3.304748547429725403e-08
3.289550213355458220e-08
3.273424511233711185e-08
3.256412949367779196e-08
3.238478271633883909e-08
3.219629056823653172e-08
3.199868475423407497e-08
3.179201959001315468e-08
3.157613218954285228e-08
3.135147126026304439e-08
3.111801823068763009e-08
3.087564752986022399e-08
3.062456569360968579e-08
3.036486219816328185e-08
3.009666590011575150e-08
2.982018755921469383e-08
2.953546785744675684e-08
2.924276854878764509e-08
2.894224420921131500e-08
2.863408360086401036e-08
2.831858100654647192e-08
2.799581151411516464e-08
2.766596781344391573e-08
2.732954314546046886e-08
2.698667144980932564e-08
2.663762655064388328e-08
2.628268089460488025e-08
2.592226481436334992e-08
2.555647103892023940e-08
2.518579346336174871e-08
2.481051998252823698e-08
2.443093172775782415e-08
2.404753052619273587e-08
2.366062796195711638e-08
2.327052420278998187e-08
2.287762983631345312e-08
2.248231762226206840e-08
2.208383142652253746e-08
2.168603454771266696e-08
2.128584242313878172e-08
2.088480276278175420e-08
2.048335513788965437e-08
2.008176663904624271e-08
1.968045182098443390e-08
1.928004463608862181e-08
1.888063104974180829e-08
1.848270470597922308e-08
1.808658177884686171e-08
1.769267037424571756e-08
1.730134372990673085e-08
1.691276648679793999e-08
1.652748845152655592e-08
1.614569208007136673e-08
1.576769844879896681e-08
1.539376560942266264e-08
1.502416873447921586e-08
1.465919607743732903e-08
1.429899366339956490e-08
1.394381548666580525e-08
1.359359109276701148e-08
1.324918781936820445e-08
1.291006351908122686e-08
1.257657348698769334e-08
1.224881398409517761e-08
1.192686580726930633e-08
1.161080952569003882e-08
1.130068517336129058e-08
1.099651467726898904e-08
1.069830419900589460e-08
1.040603660733104279e-08
1.011973054798063864e-08
9.839328617573662369e-09
9.564756517650358492e-09
9.295964195387858780e-09
9.032887601459116284e-09
8.775449490721664140e-09
8.523552694785501840e-09
8.277106811253669380e-09
8.036017464182297539e-09
7.800192728301222576e-09
7.569527699078844338e-09
7.343925536839049930e-09
7.123217541273732761e-09
6.907553482731703577e-09
6.696581877255795798e-09
6.490343603732306810e-09
6.288735699092951184e-09
6.091693003685091084e-09
5.899158377440790811e-09
5.711081042619505814e-09
5.527428123929164271e-09
5.348149869551519653e-09
5.173238024873751979e-09
5.002625668483714727e-09
4.836401194162922188e-09
4.674455440257445863e-09
4.516833519436090678e-09
4.363473058408995859e-09
4.214501230340142638e-09
4.069787145381063357e-09
3.929356745339051863e-09
3.793252352326612388e-09
3.661402662792166823e-09
3.533793631790358707e-09
3.410386592007492648e-09
3.291185797968484524e-09
3.176080590894388622e-09
3.065014074334582831e-09
2.957908288223652596e-09
2.854665176575524026e-09
2.755164990177997610e-09
2.659316611731517189e-09
2.566949016497236994e-09
2.477973983391370431e-09
2.392214112877247528e-09
2.309541628717468342e-09
2.229798606367405429e-09
2.152906018162543397e-09
2.078665263072421969e-09
2.007025359397622940e-09
1.937827792650560889e-09
1.870983228540724567e-09
1.806412151381968822e-09
1.744057273647584755e-09
1.683820870888162674e-09
1.625688171617437654e-09
1.569562227015514269e-09
1.515452799744247994e-09
1.463291835069782637e-09
1.413063489741180268e-09
1.364722603428539789e-09
1.318209712049862013e-09
1.273492016756783240e-09
1.230517819987730858e-09
1.189207475077421306e-09
1.149499511928347742e-09
1.111314156288801536e-09
1.074573790038139096e-09
1.039203639657659073e-09
1.005131546878331314e-09
9.722967890211167514e-10
9.406433774800872519e-10
9.101260628092788249e-10
8.807055849396046799e-10
8.523798849497711239e-10
8.250265527660513641e-10
7.987086371983981670e-10
7.733673235711310672e-10
7.489644471759775113e-10
7.254677592199922855e-10
7.028338696291427901e-10
6.810143737307113651e-10
6.599822011300937476e-10
6.396793415450663307e-10
6.200873741625530077e-10
6.011633911106575027e-10
5.828862216074503184e-10
5.652298395578277414e-10
5.481853389494433674e-10
5.317147022169676702e-10
5.158002590661046486e-10
5.004090458897081435e-10
4.855277579855637733e-10
4.711249005142495358e-10
4.571814647030309195e-10
4.436824250053156279e-10
4.305855445676923185e-10
4.179038251741656734e-10
4.056095871124846819e-10
3.936874766662677494e-10
3.821208796440301761e-10
3.708944238973114395e-10
3.599935978010326493e-10
3.494053285769912829e-10
3.391174037104908585e-10
3.291185552973022276e-10
3.193975704827979585e-10
3.099437391252868286e-10
3.007468419546093376e-10
2.917972297892164730e-10
2.830860641750456907e-10
2.746051329860166124e-10
2.663465247903926335e-10
2.583027056125149716e-10
2.504666222161889171e-10
2.428316621896325703e-10
2.353917213030172537e-10
2.281408876596248155e-10
2.210736072129375510e-10
2.141847319464865279e-10
2.074693877265214661e-10
2.009229996860161360e-10
1.945412703793768793e-10
1.883201284153840718e-10
1.822558012463881519e-10
1.763446115503340807e-10
1.705830931516739204e-10
1.649680014377184955e-10
1.594961926128082434e-10
1.541647361980399191e-10
1.489708720649645839e-10
1.439119383938405077e-10
1.389853967280596708e-10
1.341887676587229768e-10
1.295196995555984732e-10
1.249758857315841380e-10
1.205551311957462000e-10
1.162552876059789404e-10
1.120742736753941707e-10
1.080100555687953128e-10
1.040606133671981390e-10
1.002238095794998466e-10
9.649777374430263726e-11
9.288054997571374547e-11
8.937020577881818564e-11
8.596485724928059574e-11
8.266260903727793064e-11
7.946158803967653409e-11
7.635990523312749015e-11
7.335565074640565222e-11
7.044695875270371439e-11
6.763192694884544250e-11
6.490848472463182911e-11
6.227481866610583643e-11
5.972905114509466396e-11
5.726928814524228730e-11
5.489362525023867504e-11
5.260013457939233770e-11
5.038692433869350411e-11
4.825209134761295245e-11
4.619371699783344381e-11
4.420981506638617319e-11
4.229841684650810311e-11
4.045772925023902398e-11
3.868586516159055517e-11
3.698093512544918548e-11
3.534108860994311084e-11
3.376448632879399873e-11
3.224929374497423109e-11
3.079367540158036075e-11
2.939567311777193332e-11
2.805363443810418195e-11
2.676581398109420762e-11
2.553047966934565939e-11
2.434593713063588677e-11
2.321049551961192719e-11
2.212256866673969116e-11
2.108044359079803316e-11
2.008244467003197593e-11
1.912714593832496425e-11
1.821302421620190131e-11
1.733858987147971264e-11
1.650239777122719365e-11
1.570305557516491127e-11
1.493908592717581821e-11
1.420911024474985917e-11
1.351189482601862572e-11
1.284618170743601188e-11
1.221074507109176571e-11
1.160439866576752795e-11
1.102593567402291723e-11
1.047421544552471456e-11
9.948097944609912624e-12
9.446513590843975727e-12
8.968389538433144199e-12
8.513057985916498151e-12
8.079294992199644473e-12
7.666150538040758735e-12
7.272820154413182838e-12
6.898466053849815630e-12
6.542282676645848088e-12
6.203409112072148918e-12
5.881074384142123523e-12
5.574486344159784911e-12
5.282895768143418741e-12
5.005902488889640940e-12
4.742661008286881250e-12
4.492438009540037832e-12
4.254768483295134782e-12
4.029090382781437833e-12
3.814833112332022147e-12
3.611411425478985105e-12
3.418270593742175988e-12
3.234953778411991812e-12
3.061130006876533684e-12
2.896193354146024632e-12
2.739703955877919166e-12
2.591347221270916190e-12
2.450748123018345824e-12
2.317440445373881480e-12
2.191063062650341598e-12
2.071252688351093343e-12
1.957859310902987177e-12
1.850440132380884553e-12
1.748596049804848770e-12
1.652250083217222096e-12
1.561032436353879927e-12
1.474674393582886017e-12
1.392890702842754744e-12
1.315583798785711489e-12
1.242378757846642650e-12
1.173109806026757085e-12
1.107657863716538652e-12
1.045826455171975021e-12
9.872091911853234110e-13
9.317605511148564747e-13
8.793843855749144788e-13
8.299651677609911584e-13
7.832180790082509475e-13
7.390450821420523473e-13
6.972893943012948796e-13
6.578875944226898517e-13
6.206387112960509705e-13
5.855061327476069492e-13
5.523100432555460451e-13
5.210844117605045306e-13
4.914423180306375131e-13
4.634331031675953076e-13
4.370738339719788816e-13
4.121958425070984493e-13
3.887220350996832176e-13
3.665755765986214084e-13
3.456760995952135002e-13
3.259729159090124333e-13
3.073815864950900165e-13
2.898478530850648514e-13
2.733218337294718541e-13
2.577141177454842881e-13
2.429873497761063235e-13
2.291644867514722987e-13
2.160613563370314422e-13
2.037290566659396645e-13
1.921058475009554000e-13
1.811419527769739458e-13
1.708635827435072999e-13
