# sigma_8
1.525794667145027317e-01
1.538914992059223774e-01
1.552262331123486494e-01
1.565842602790694094e-01
1.579661918224941064e-01
1.593726591761306377e-01
1.608043205402867326e-01
1.622618543993434859e-01
1.637459626785542910e-01
1.652573737529735853e-01
1.667968438991965785e-01
1.683651563406848017e-01
1.699631231344946314e-01
1.715915873405521042e-01
1.732514257589328754e-01
1.749435431993303924e-01
1.766688841258160780e-01
1.784284314791609871e-01
1.802231997071840897e-01
1.820542530378878310e-01
1.839226852054983985e-01
1.858296512924552946e-01
1.877763371617901800e-01
1.897639893503889619e-01
1.917938948005440680e-01
1.938674086421783016e-01
1.959859294288392451e-01
1.981509277633105859e-01
2.003639262982361835e-01
2.026265258560435156e-01
2.049403858374022058e-01
2.073072492187873483e-01
2.097289317855173529e-01
2.122073357947770467e-01
2.147444493988441006e-01
2.173423467115624397e-01
2.200032101012898977e-01
2.227293162879923349e-01
2.255230537393705659e-01
2.283869323578346933e-01
2.313235721880676776e-01
2.343357301023258343e-01
2.374262996841074447e-01
2.405983246198240555e-01
2.438549939005024703e-01
2.471996676205543420e-01
2.506358784703708875e-01
2.541673449240227645e-01
2.577979778646717901e-01
2.615319097727262232e-01
2.653734848805751056e-01
2.693272924292057779e-01
2.733981744857276741e-01
2.775912401912317695e-01
2.819118853619997922e-01
2.863658236107309851e-01
2.909590923963870090e-01
2.956980711595347810e-01
3.005895241544871976e-01
3.056406161964368984e-01
3.108589208672480342e-01
3.162524982682425323e-01
3.218298671500455232e-01
3.276000859909092289e-01
3.335727622138004445e-01
3.397580909020249673e-01
3.461669060219904615e-01
3.528107214593091401e-01
3.597017629686856677e-01
3.668530176047087310e-01
3.742782940203700504e-01
3.819922588717035716e-01
3.900104827485538217e-01
3.983495041299786599e-01
4.070268643188973967e-01
4.160611702714532290e-01
4.254721172946094310e-01
4.352805305466587726e-01
4.455084077885656524e-01
4.561788991472862098e-01
4.673163413264152521e-01
4.789462014170114412e-01
4.910950173472306557e-01
5.037903381186761287e-01
5.170604957806080870e-01
5.309344770657122847e-01
5.454415739912705785e-01
5.606110132168570237e-01
5.764714331239408907e-01
5.930502786993558928e-01
6.103729119938727798e-01
6.284616979551865823e-01
6.473347299179542658e-01
6.670044051918296857e-01
6.874757740744634749e-01
7.087445484857743949e-01
7.307950359363170056e-01
7.535977740506943912e-01
7.771071041665610357e-01
8.012587529082572102e-01
8.259675215684934013e-01
