# bin_1_1
-7.781603641513047523e-09
-8.104352401687786744e-09
-8.451151695963597918e-09
-8.801607743799157867e-09
-9.157294897994831720e-09
-9.524387764364606898e-09
-9.901064731313570163e-09
-1.028749638503260107e-08
-1.068387992479814156e-08
-1.109028614060056449e-08
-1.150703085161579060e-08
-1.193396160575735626e-08
-1.237149181874938531e-08
-1.281962897642029930e-08
-1.327859883044119662e-08
-1.374848390782715236e-08
-1.422940831165978639e-08
-1.472145275445484852e-08
-1.522482985387438350e-08
-1.573954650512688531e-08
-1.626848488558328868e-08
-1.680339289407729697e-08
-1.734753969229706062e-08
-1.791382107464811365e-08
-1.848651782611634900e-08
-1.907133647235197332e-08
-1.966792350832366200e-08
-2.027642006590641660e-08
-2.089672287098336550e-08
-2.152889781581221677e-08
-2.217330345497376527e-08
-2.282937254780277763e-08
-2.349721564366126731e-08
-2.417666383452544085e-08
-2.486811653294695831e-08
-2.557095504637928574e-08
-2.627048309951070592e-08
-2.701079192894060545e-08
-2.774760387003439880e-08
-2.849530314562553267e-08
-2.925377000521213244e-08
-3.002279958316941486e-08
-3.080214800277863302e-08
-3.159158218132979747e-08
-3.239099732280006508e-08
-3.319740813625017337e-08
-3.401654933460368122e-08
-3.484256144775402899e-08
-3.567671993941236776e-08
-3.651857231274581293e-08
-3.736759530722652697e-08
-3.822339885098829204e-08
-3.908485581153906295e-08
-3.995252850442942387e-08
-4.082471319597526126e-08
-4.170109501180610850e-08
-4.258097083056200741e-08
-4.346353093000670693e-08
-4.434821080070194100e-08
-4.523399498693863448e-08
-4.611972536800632865e-08
-4.700561915909425299e-08
-4.788960996878932614e-08
-4.877102162733069003e-08
-4.964861160862904097e-08
-5.052442724194885028e-08
-5.139215104496848918e-08
-5.225506616835370923e-08
-5.311049670070856452e-08
-5.395679156112503023e-08
-5.479261177846006964e-08
-5.561646528221108151e-08
-5.642698317217787364e-08
-5.722290650030245752e-08
-5.800298129166078426e-08
-5.876509712177465610e-08
-5.950821664650139953e-08
-6.023084793448216995e-08
-6.093149866449420853e-08
-6.160856468837065240e-08
-6.226029987498863673e-08
-6.288502355108872886e-08
-6.348124825803475438e-08
-6.404705221273478084e-08
-6.458055704336081644e-08
-6.508014830837078032e-08
-6.554405445462071970e-08
-6.597084702711076165e-08
-6.635852432433271322e-08
-6.670567646153070797e-08
-6.701070538513470317e-08
-6.727201046681385148e-08
-6.748805205558151311e-08
-6.765733591867877169e-08
-6.777862305901550842e-08
-6.785026075887606651e-08
-6.787121883626240328e-08
-6.784027059390246216e-08
-6.775645146735221159e-08
-6.761922153561789524e-08
-6.742783233781469850e-08
-6.718161595084467530e-08
-6.688135465679612571e-08
-6.652353648581163579e-08
-6.611159481820044828e-08
-6.564474395311024224e-08
-6.512348391489570364e-08
-6.454863949247171052e-08
-6.392126777301166065e-08
-6.324268306156086646e-08
-6.251456788626407749e-08
-6.173882075999666242e-08
-6.091774000587049397e-08
-6.005378502100513718e-08
-5.914982896749901363e-08
-5.820902917199139779e-08
-5.723474021340705840e-08
-5.623064506631474386e-08
-5.520043993676435755e-08
-5.414789171731899458e-08
-5.307692226893599918e-08
-5.199190724863418022e-08
-5.089742317268585261e-08
-4.979833251843953213e-08
-4.869966559153902621e-08
-4.760643204210911304e-08
-4.652346810519773604e-08
-4.545545539501083893e-08
-4.440681268182524719e-08
-4.338150250219490673e-08
-4.238284323518672078e-08
-4.140395541318433290e-08
-4.047639686689744989e-08
-3.957245326764215605e-08
-3.870298850242105560e-08
-3.786934986147349770e-08
-3.707182225780642086e-08
-3.630843820975874003e-08
-3.558152584687955294e-08
-3.488471334457070887e-08
-3.421623687720192745e-08
-3.357237615897289571e-08
-3.294888456135473625e-08
-3.234090982112099079e-08
-3.174108436044655236e-08
-3.114785852838201433e-08
-3.055051670060499645e-08
-2.994505808921559782e-08
-2.932630046017674485e-08
-2.868997349251821155e-08
-2.804005250548799609e-08
-2.736118038145422741e-08
-2.666024886116456517e-08
-2.593845019644596056e-08
-2.519874869222401303e-08
-2.444513124606394163e-08
-2.368238350630460327e-08
-2.291624424502845671e-08
-2.215300795662796495e-08
-2.139899366119546677e-08
-2.065588749479685065e-08
-1.993884518321845192e-08
-1.924831343258836711e-08
-1.858827411713911987e-08
-1.796126218870417577e-08
-1.736796409807008891e-08
-1.680733756161171704e-08
-1.627658835813242064e-08
-1.577109569628959713e-08
-1.528507662623955421e-08
-1.481291471036714326e-08
-1.434989896786978411e-08
-1.389287218885078625e-08
-1.344059795053934932e-08
-1.299376031814252270e-08
-1.255468723310789588e-08
-1.212695787732455558e-08
-1.171474114395108168e-08
-1.132191967966748988e-08
-1.095079479574135229e-08
-1.060263893306360163e-08
-1.027534689523994195e-08
-9.964959948873426195e-09
-9.665948133179652337e-09
-9.372207342869977976e-09
-9.080654720914068494e-09
-8.780892173751581932e-09
-8.478535249959301991e-09
-8.173471265618791538e-09
-7.870164764137478584e-09
-7.574460620470696987e-09
-7.292058225274250902e-09
-7.027047471490215242e-09
-6.780741789160072749e-09
-6.552256691559832487e-09
-6.337766125491373956e-09
-6.132321941089052071e-09
-5.932872691760898982e-09
-5.735568052602394243e-09
-5.540450826788996952e-09
-5.348717437877281547e-09
-5.162482532375269439e-09
-4.983623747363976556e-09
-4.812871233999779374e-09
-4.650331532839973672e-09
-4.496107735778748401e-09
-4.345529170857346866e-09
-4.200953110138290178e-09
-4.060689461485768621e-09
-3.924437510349688554e-09
-3.792065208723552037e-09
-3.663587109051480171e-09
-3.539443214865911419e-09
-3.420439664427602064e-09
-3.307370222927839354e-09
-3.200482659739915344e-09
-3.099269722434917579e-09
-3.002551203104943722e-09
-2.909054782642399715e-09
-2.817875642264025812e-09
-2.728806384789827194e-09
-2.642221915554987270e-09
-2.558760458064846054e-09
-2.478926439240270282e-09
-2.402902973138488515e-09
-2.330571223814458406e-09
-2.261501622731972708e-09
-2.195098351307315004e-09
-2.130819701374053080e-09
-2.068443525577567521e-09
-2.007973858397636460e-09
-1.949594405139523618e-09
-1.893488957357706118e-09
-1.839692561951721811e-09
-1.788063865171014709e-09
-1.738329111095346879e-09
-1.690210325672858487e-09
-1.643540064108061354e-09
-1.598286851908609143e-09
-1.554510984415091681e-09
-1.512253399855435167e-09
-1.471454306288436548e-09
-1.431966988318070086e-09
-1.393640770915402811e-09
-1.356393737590420001e-09
-1.320216554154905214e-09
-1.285108978242974418e-09
-1.251032679582717694e-09
-1.217904766378551221e-09
-1.185639858600006170e-09
-1.154190593986477294e-09
-1.123542394932246306e-09
-1.093672225261130264e-09
-1.064535169909611201e-09
-1.036082189318870986e-09
-1.008281659081955984e-09
-9.811131955086556939e-10
-9.545521092412275007e-10
-9.285674845084256848e-10
-9.031318049025177360e-10
-8.782259174971415092e-10
-8.538323309874895343e-10
-8.299330780415254265e-10
-8.065116041614572907e-10
-7.835531957650385792e-10
-7.610447316969243914e-10
-7.389746353073663073e-10
-7.173328556036096612e-10
-6.961083773135539531e-10
-6.752983867385765626e-10
-6.548939895552230097e-10
-6.348897207010130908e-10
-6.152811387670742488e-10
-5.960645943375265611e-10
-5.772371372359080948e-10
-5.587980449746968046e-10
-5.407419187510330737e-10
-5.230672630326446439e-10
-5.058936003608506222e-10
-4.889771003820792815e-10
-4.724397542373188150e-10
-4.562807905154766277e-10
-4.405007077588824340e-10
-4.250963686127715540e-10
-4.100678982196827051e-10
-3.954140817141779228e-10
-3.811334673864568931e-10
-3.672244070475378798e-10
-3.536850801126936897e-10
-3.405136369420726917e-10
-3.277070890068550185e-10
-3.152639636772251741e-10
-3.031805926239936336e-10
-2.914535474194762373e-10
-2.800790008333910022e-10
-2.690528037514393675e-10
-2.583705313194519163e-10
-2.480272530531948021e-10
-2.380178870738029130e-10
-2.283371041094411572e-10
-2.189793079795111150e-10
-2.099386537586912392e-10
-2.012090660110729623e-10
-1.927842406493189162e-10
-1.846578024184587777e-10
-1.768233348228928074e-10
-1.692732273920485157e-10
-1.620008969670709257e-10
-1.549993371528526694e-10
-1.482615196898584898e-10
-1.417803928635056229e-10
-1.355488757498382590e-10
-1.295598921089758035e-10
-1.238065168044335742e-10
-1.182815722167490120e-10
-1.129779078987906405e-10
-1.078885413573396525e-10
-1.030065720968467974e-10
-9.832530299049192802e-11
-9.383824880983943582e-11
-8.953847739135279775e-11
-8.541964567416203107e-11
-8.147540484575488439e-11
-7.769954931309731493e-11
-7.408596481506738873e-11
-7.062864762656865413e-11
-6.732161555353013899e-11
-6.415955910326174965e-11
-6.113676265065287695e-11
-5.824796971427144412e-11
-5.548772982837546981e-11
-5.285111851507109487e-11
-5.033309886593655156e-11
-4.792890624129406284e-11
-4.563393284889616184e-11
-4.344382179135890619e-11
-4.134520898384499291e-11
-3.935214923096693283e-11
-3.745119495438788670e-11
-3.563851395678227602e-11
-3.391030074055648268e-11
-3.226294054527115037e-11
-3.069294904469193743e-11
-2.919712266822666450e-11
-2.777203667169662693e-11
-2.641472359487340802e-11
-2.512219696755787420e-11
-2.389156700458956723e-11
-2.271999695292032236e-11
-2.160486438149382602e-11
-2.054349516796254758e-11
-1.953334950350142714e-11
-1.857199597173443930e-11
-1.765699385919028203e-11
-1.678609422200739709e-11
-1.596051036446802668e-11
-1.517129154190519614e-11
-1.442033245982116551e-11
-1.370603474101662693e-11
-1.302703375913845495e-11
-1.238206712259426184e-11
-1.177002810547340261e-11
-1.118996580322495933e-11
-1.063840143079210323e-11
-1.011863645312481467e-11
-9.626573474079341750e-12
-9.160140869533220163e-12
-8.716995966508243211e-12
-8.295296766057324307e-12
-7.738340042427538279e-12
-6.846151047242445264e-12
-5.780242435660886500e-12
-4.660285376193496298e-12
-3.586426338489801981e-12
-2.619888604422530896e-12
-1.784960021060018900e-12
-1.077840802213637744e-12
-5.037573950590002697e-13
-1.266699615813856961e-13
8.034971825137785435e-14
1.994980454074626372e-13
3.127443572547364948e-13
4.773440656495283366e-13
6.498944317773797471e-13
8.238323385041031262e-13
1.016880794711124558e-12
1.201706443567221259e-12
1.314798690866995326e-12
1.351118413231465652e-12
1.381580679307176748e-12
1.353311589724141370e-12
1.282773143538911619e-12
1.207307034011673676e-12
1.133122622466140829e-12
1.040853049281088460e-12
9.532230752784587709e-13
8.923206953913729901e-13
8.300727397482537628e-13
7.867418367231619797e-13
7.508265752684904721e-13
