# bin_2_4
1.328048435643912512e-07
1.341516279696839990e-07
1.354926997991035360e-07
1.368649421161806303e-07
1.382651380625711959e-07
1.396837127831239237e-07
1.411239339087763639e-07
1.425858250281401857e-07
1.440696263823643429e-07
1.455755963312056282e-07
1.471034411850768069e-07
1.486560356626818634e-07
1.502264979678843401e-07
1.518216002320931415e-07
1.534390615350624654e-07
1.550790529429351940e-07
1.567416855390346785e-07
1.584268357094788764e-07
1.601345371960473495e-07
1.618653513693419701e-07
1.636131427075335655e-07
1.653935948179739880e-07
1.672010000820253896e-07
1.690127211818799964e-07
1.708564313247618352e-07
1.727217199530817001e-07
1.746097184325180343e-07
1.765198171466936322e-07
1.784526358707890874e-07
1.804074608134412979e-07
1.823839064631039914e-07
1.843818921524334735e-07
1.864020045298723575e-07
1.884447997147657645e-07
1.905050443697281858e-07
1.925902960771269765e-07
1.947274010465057279e-07
1.968201849042992208e-07
1.989653134364755805e-07
2.011304323237009535e-07
2.033150042223695536e-07
2.055186474488930700e-07
2.077408614326915668e-07
2.099816269893357534e-07
2.122397593054148543e-07
2.145210045304869744e-07
2.168099881188708072e-07
2.191200640103826519e-07
2.214462787036375873e-07
2.237882039546416147e-07
2.261447133732883022e-07
2.285153820200230791e-07
2.308875927766012030e-07
2.332964672219253321e-07
2.357277134351553112e-07
2.381251823646358997e-07
2.405552135358075032e-07
2.429945034169505490e-07
2.454421029325744418e-07
2.478974039950421533e-07
2.503603903668372227e-07
2.528272915860369382e-07
2.553000402938372672e-07
2.577765172373822417e-07
2.602548026833992776e-07
2.627331299854636930e-07
2.652158290938105391e-07
2.676950181633289974e-07
2.701711682983860350e-07
2.726435910245094159e-07
2.751104632199570576e-07
2.775702296794969244e-07
2.800213464848363661e-07
2.824620889459282327e-07
2.848909286714815408e-07
2.873063704232915971e-07
2.897060620614903834e-07
2.920889489472357397e-07
2.944531180450793855e-07
2.967961047671129663e-07
2.991146429127548560e-07
3.014076832181356104e-07
3.036724682929314933e-07
3.059066356862942448e-07
3.081078434861055726e-07
3.102735613754688856e-07
3.124015755741072988e-07
3.144883253250471112e-07
3.165314806691559338e-07
3.185278415804731983e-07
3.204750875825691844e-07
3.223703182187435947e-07
3.242104555445096498e-07
3.259926178584823312e-07
3.277132701343717362e-07
3.293689044985251970e-07
3.309573495791231615e-07
3.324431139177295933e-07
3.339136925306981195e-07
3.353023206834217471e-07
3.366262918160394390e-07
3.378606889116740451e-07
3.389998827853573552e-07
3.400630034677964743e-07
3.409893260053075895e-07
3.418249708057007064e-07
3.425510555454540883e-07
3.431620148560716992e-07
3.436547499031591025e-07
3.440260915636827434e-07
3.442724980243447929e-07
3.443899632798640800e-07
3.443742811099998517e-07
3.442211235310189756e-07
3.439256624299655941e-07
3.434834570930995049e-07
3.428901200973412186e-07
3.421411862026543591e-07
3.412324680993502925e-07
3.401598157268642380e-07
3.389189752871355475e-07
3.375066964187799067e-07
3.359190905086578308e-07
3.341521784526410899e-07
3.322050772598813191e-07
3.300737662650079620e-07
3.277558375461951186e-07
3.252501019605879575e-07
3.225551752039392939e-07
3.196704357576230539e-07
3.165960068113763344e-07
3.133325531512035442e-07
3.098814854570296032e-07
3.062450595948669004e-07
3.024266017174897870e-07
2.984296810478257173e-07
2.942598061932542465e-07
2.899228930252380386e-07
2.853910887878389159e-07
2.807776889197581186e-07
2.759870721464941809e-07
2.710654262345583876e-07
2.660226035235760671e-07
2.608735061566124135e-07
2.556313802675466291e-07
2.503113079226207372e-07
2.449295041377127450e-07
2.395027914808666990e-07
2.340493060604682314e-07
2.285878057875957082e-07
2.231343078458906903e-07
2.177026719743584618e-07
2.123095369035153385e-07
2.069743130675299216e-07
2.017175583967777526e-07
1.965603687532929949e-07
1.915229562681447830e-07
1.866240859200815266e-07
1.818804566199773727e-07
1.773062738758005922e-07
1.729120130777679487e-07
1.687044899404911217e-07
1.646859643819431419e-07
1.608551578397555120e-07
1.572072637127484339e-07
1.537336134234435141e-07
1.504212905206084331e-07
1.472700078738225018e-07
1.442716578243523791e-07
1.413955408073179844e-07
1.386156187716665423e-07
1.359163050061928486e-07
1.332499195983710758e-07
1.306108083164751688e-07
1.279648251232049343e-07
1.252796134953450990e-07
1.225228401144206185e-07
1.196652924504946387e-07
1.166816551947671576e-07
1.135539769797729275e-07
1.102738331034675114e-07
1.068436233234845388e-07
1.032774632852713835e-07
9.960060835445460884e-08
9.584796643191697066e-08
9.206149704659210198e-08
8.828827709843397853e-08
8.457664742389090872e-08
8.097538701731525572e-08
7.753038869021858585e-08
7.428291131507608535e-08
7.126686413917143920e-08
6.850657862520155351e-08
6.601469060393584099e-08
6.379022905450461238e-08
6.181793976323442448e-08
6.006792943932598573e-08
5.849609692277728765e-08
5.704631309081230539e-08
5.565441343011249047e-08
5.425521010927374113e-08
5.279112159054470199e-08
5.122080509316357221e-08
4.952498313951763527e-08
4.770720457492703795e-08
4.579191209455196759e-08
4.382055070697009498e-08
4.184660767841206811e-08
3.992986031327462856e-08
3.812694757264760980e-08
3.648237008548364454e-08
3.501940641705952277e-08
3.373677984601078228e-08
3.261019591697999974e-08
3.159758447562610186e-08
3.064656877709700791e-08
2.970519254396006081e-08
2.873315091440923818e-08
2.770986377409065270e-08
2.663774545557719824e-08
2.553924993893749232e-08
2.445057856475098169e-08
2.340985380612922196e-08
2.244561193896466203e-08
2.156856825065873516e-08
2.077139192834182369e-08
2.003286996461814310e-08
1.932554886806096566e-08
1.862672605810086908e-08
1.792583602571865511e-08
1.722650047365502600e-08
1.654144537583522408e-08
1.588514273134021620e-08
1.526699066924866308e-08
1.468697950147613806e-08
1.413723505641394270e-08
1.360831469995174350e-08
1.309428214770030002e-08
1.259520361905574489e-08
1.211481854532388730e-08
1.165664854715907074e-08
1.122155453376343615e-08
1.080653350422902105e-08
1.040726593123253721e-08
1.002186715452418513e-08
9.651325916338823364e-09
9.297586957168768849e-09
8.961074910080885553e-09
8.640039445523647705e-09
8.331952705816677396e-09
8.035588997564189310e-09
7.751430790860566847e-09
7.480102424723552719e-09
7.221126663336913047e-09
6.973272828397092970e-09
6.735549808339947102e-09
6.507668093685124885e-09
6.289510801000077877e-09
6.080697415560160988e-09
5.880624645650104630e-09
5.688789831311869600e-09
5.504857242412122010e-09
5.328486353592524133e-09
5.159322825900051085e-09
4.996995804016260813e-09
4.841129220501828609e-09
4.691389221488770532e-09
4.547471170751445046e-09
4.409080623256107673e-09
4.275933999705393185e-09
4.147758554102090513e-09
4.024297245520003660e-09
3.905310495905175331e-09
3.790573921268953955e-09
3.679874017624527274e-09
3.573004856316022211e-09
3.469766605573176790e-09
3.369963884200590375e-09
3.273404987162893734e-09
3.179907078119563544e-09
3.089301848774343576e-09
3.001434588299695116e-09
2.916169220433350939e-09
2.833356876470229230e-09
2.752892926812601388e-09
2.674654758361778485e-09
2.598530059024780092e-09
2.524411945778771368e-09
2.452202821280824265e-09
2.381814617747435376e-09
2.313167520786651555e-09
2.246188933093349502e-09
2.180812225716014906e-09
2.116975059106673663e-09
2.054618025354783840e-09
1.993684619944274072e-09
1.934123764472803113e-09
1.875890839881537646e-09
1.818947083344682297e-09
1.763258778500696379e-09
1.708796188862943177e-09
1.655532386952765954e-09
1.603443820316715932e-09
1.552508088255304882e-09
1.502704742483701206e-09
1.454015769815799167e-09
1.406425440533769957e-09
1.359920062777213880e-09
1.314487746426333443e-09
1.270118006938737916e-09
1.226801426250027672e-09
1.184529335275521121e-09
1.143293299357523551e-09
1.103084809057815643e-09
1.063895258744644435e-09
1.025716042243465184e-09
9.885377540663614581e-10
9.523525057313070881e-10
9.171520607811025755e-10
8.829282472841337464e-10
8.496726333263396955e-10
8.173758674871085660e-10
7.860274349328208089e-10
7.556158520043845035e-10
7.261288800544564312e-10
6.975536289856222880e-10
6.698771645218754950e-10
6.430858887313288914e-10
6.171658644877948082e-10
5.921016944674459792e-10
5.678787571500592818e-10
5.444809336476906968e-10
5.218916073319390469e-10
5.000937722396614250e-10
4.790700800988946387e-10
4.588048938519378783e-10
4.392761888891307057e-10
4.204681808924953682e-10
4.023622303781824800e-10
3.849415245342680397e-10
3.681854444344437660e-10
3.520761650407798655e-10
3.365956201437668189e-10
3.217243586608563535e-10
3.074439767424443805e-10
2.937354693241599846e-10
2.805807665240334631e-10
2.679621367850318991e-10
2.558620974287947627e-10
2.442632535301866632e-10
2.331481817312165665e-10
2.225007730839784852e-10
2.123040493989272222e-10
2.025413948782201341e-10
1.931967052047627382e-10
1.842547483792222292e-10
1.757007356496614387e-10
1.675205487557118586e-10
1.596991070191308361e-10
1.522233012440297623e-10
1.450798091065724939e-10
1.382547846559352359e-10
1.317357061315920714e-10
1.255102721445174648e-10
1.195662598520402585e-10
1.138926033687657287e-10
1.084784437436507988e-10
1.033129022043438402e-10
9.838523954806993789e-11
9.368572806107014136e-11
8.920384187196281409e-11
8.493105904338630332e-11
8.085772587131787565e-11
7.697522383191274861e-11
7.327539140320379981e-11
6.975058941800688427e-11
6.639256456809995114e-11
6.319387031660877067e-11
6.014719087760690010e-11
5.724548964808393472e-11
5.448222144701475373e-11
5.185114285961028731e-11
4.934621312430635757e-11
4.696215488168203866e-11
4.469343158248265384e-11
4.253434254575782538e-11
4.048033056029838949e-11
3.852603569595843191e-11
3.666699578441008698e-11
3.489859619829308148e-11
3.321655377539521908e-11
3.161659766908091957e-11
3.009474889306807233e-11
2.864686871446393272e-11
2.726894760834770305e-11
2.595733859112256371e-11
2.470891120154773193e-11
2.352062971865709582e-11
2.239012129358565567e-11
2.131530182358748420e-11
