# bin_2_2
5.627018788153181536e-08
5.652878324463916558e-08
5.675831849527002413e-08
5.699550301760955030e-08
5.723675095651511683e-08
5.747195771201660642e-08
5.770411513506554312e-08
5.793296667179539864e-08
5.815808578319850718e-08
5.837944500478288643e-08
5.859639563858082653e-08
5.881136561702573985e-08
5.901712758320387860e-08
5.922001407451429708e-08
5.941738411134813743e-08
5.960900193730272240e-08
5.979460585922747899e-08
5.997370233786167886e-08
6.014596374038199605e-08
6.031159470887741402e-08
6.046409679599951210e-08
6.061887590860944159e-08
6.076994543836540444e-08
6.089401501210971639e-08
6.101878375668814076e-08
6.113342956292229758e-08
6.123875937884453427e-08
6.133402415400021774e-08
6.141907680392392009e-08
6.149338156007879061e-08
6.155570692639341393e-08
6.160693973967950921e-08
6.164619021078675216e-08
6.167418849512410358e-08
6.168565283834368178e-08
6.168786839159364199e-08
6.170722181342437950e-08
6.164865876337280190e-08
6.160757545593281993e-08
6.155197121229587267e-08
6.148128694786751952e-08
6.139513243822721634e-08
6.129316198127016628e-08
6.117492270247475602e-08
6.103971040561283369e-08
6.089309735891674742e-08
6.071997394833291134e-08
6.053363042557866711e-08
6.032939427368262882e-08
6.010694746693471064e-08
5.986608331432186793e-08
5.960625910965368021e-08
5.931593288285758841e-08
5.902973072457645420e-08
5.871229812090879718e-08
5.837513741849861630e-08
5.801815742555678165e-08
5.764100625342429873e-08
5.724341746674073272e-08
5.682547122810904539e-08
5.638785421936460743e-08
5.592776451032348764e-08
5.544772362209788440e-08
5.494699623490956069e-08
5.442504821814748712e-08
5.388028440695608079e-08
5.331931671844904188e-08
5.273526709166876873e-08
5.213016614601537516e-08
5.150476239499642484e-08
5.085880675571489104e-08
5.019263403374524402e-08
4.950630707969185274e-08
4.880013792306778047e-08
4.807416629388337916e-08
4.732940181604282274e-08
4.656557217152742505e-08
4.578313902546255987e-08
4.498245352265916633e-08
4.416404802176932877e-08
4.332855483657461211e-08
4.247652304150670613e-08
4.160852471382017427e-08
4.072505144801579198e-08
3.982676144416738483e-08
3.891437705747176580e-08
3.798892116445408859e-08
3.705024009800929027e-08
3.610015390853648415e-08
3.513919477606967522e-08
3.416814049899926904e-08
3.318785000000288284e-08
3.219926545514114133e-08
3.120346971022120354e-08
3.020144075962170959e-08
2.919425005343606296e-08
2.818277902789726901e-08
2.716852823800406724e-08
2.615238337470124475e-08
2.513235956905615114e-08
2.411013954430554918e-08
2.309006544029128402e-08
2.207102043570988281e-08
2.107797351022459264e-08
2.005960044026073062e-08
1.906201095961725666e-08
1.807262277056038521e-08
1.709238415838196440e-08
1.612285412422984696e-08
1.516517581764746519e-08
1.422065751919185788e-08
1.329058716200287338e-08
1.237597782193707203e-08
1.147829474450490926e-08
1.059866966085283055e-08
9.738257092194804949e-09
8.898331231347979027e-09
8.079914843671502898e-09
7.284091478744990610e-09
6.511910030285507627e-09
5.764404350082499902e-09
5.042457491258310626e-09
4.346903254676881411e-09
3.677890046525249599e-09
3.037862719617277811e-09
2.426263736244243057e-09
1.843514547860669171e-09
1.290359163157331502e-09
7.671083303024441734e-10
2.740002341571194967e-10
-1.886934431013450833e-10
-6.209662282954187114e-10
-1.022913071193569887e-09
-1.394735472246277576e-09
-1.736529179762529750e-09
-2.049235341982378633e-09
-2.332952270862958111e-09
-2.588489365674281225e-09
-2.816694667738984968e-09
-3.018520889055910714e-09
-3.195028928266294234e-09
-3.347398141861711238e-09
-3.477009299930702070e-09
-3.585263672015442618e-09
-3.673668788906221536e-09
-3.743932478531225637e-09
-3.797726698285233971e-09
-3.836970897347975115e-09
-3.863261215470032862e-09
-3.878793949430708681e-09
-3.885054564192863946e-09
-3.883307600262477192e-09
-3.875011938069290760e-09
-3.862160220379754873e-09
-3.847094295208858972e-09
-3.831962022158153895e-09
-3.818703321035309553e-09
-3.808924612617327026e-09
-3.804059367159537959e-09
-3.805084631996208506e-09
-3.812790828746715285e-09
-3.827305365358142344e-09
-3.849086009948601687e-09
-3.877304260772254780e-09
-3.911435988288974848e-09
-3.950473303228566296e-09
-3.993150808561135556e-09
-4.039589435319942058e-09
-4.089632047535484747e-09
-4.140033931784062891e-09
-4.187418383251135192e-09
-4.229480157642460030e-09
-4.264349498088522822e-09
-4.290053897227824624e-09
-4.304239641468808552e-09
-4.304118855239517372e-09
-4.286847595002550277e-09
-4.249889183913299413e-09
-4.191474818780109362e-09
-4.110633215427166668e-09
-4.007624709250118127e-09
-3.883820441067223702e-09
-3.741734866725594837e-09
-3.584779402805384202e-09
-3.417147302353844900e-09
-3.243409821998855579e-09
-3.068333348568511139e-09
-2.896710146116332911e-09
-2.733010260616101259e-09
-2.581431627301032363e-09
-2.446321737382355707e-09
-2.327976981315861391e-09
-2.230595959961026481e-09
-2.153757618917747866e-09
-2.096601772073225845e-09
-2.056816273557398240e-09
-2.030655727073508922e-09
-2.013223981701580158e-09
-1.998552485994422984e-09
-1.980273297214230278e-09
-1.952296735922117789e-09
-1.909908318181968721e-09
-1.850603626802921330e-09
-1.774543646595701256e-09
-1.684265743731354319e-09
-1.584054964609687606e-09
-1.479291611299205959e-09
-1.375879996142061065e-09
-1.279754072088755523e-09
-1.195969523037358704e-09
-1.127816294794758785e-09
-1.075929605657098448e-09
-1.038239837446718685e-09
-1.010516649945153488e-09
-9.872489082698907254e-10
-9.628103655105817619e-10
-9.324330331281959777e-10
-8.934033751181055476e-10
-8.456636754234077890e-10
-7.916094685665487682e-10
-7.354906539015267209e-10
-6.820985657092191456e-10
-6.354285798148100073e-10
-5.974665749678972752e-10
-5.676504487412256377e-10
-5.432812822115320162e-10
-5.207885728110124839e-10
-4.968083982604757440e-10
-4.695109767275994507e-10
-4.391042627099235271e-10
-4.077089215955073022e-10
-3.779552072689893497e-10
-3.518694923603445219e-10
-3.301130294706596891e-10
-3.114904092343992546e-10
-2.941460110783256462e-10
-2.765143728095891955e-10
-2.580163770832208581e-10
-2.394342327090953917e-10
-2.220193197706886751e-10
-2.066227901718407505e-10
-1.933550750153603551e-10
-1.814413912089367019e-10
-1.699570907489433507e-10
-1.585361744860527021e-10
-1.475183249011832534e-10
-1.374681935043998243e-10
-1.286491493880690536e-10
-1.208426101881024358e-10
-1.136302527226057669e-10
-1.067945054039282259e-10
-1.004345414874464069e-10
-9.473646624776441633e-11
-8.972666221635369891e-11
-8.526584142563062114e-11
-8.122197590440248632e-11
-7.758136504149508708e-11
-7.437775965828900579e-11
-7.160066463966405294e-11
-6.918963044956284207e-11
-6.709831901699522563e-11
-6.531481248578664710e-11
-6.382655266094181550e-11
-6.260748482178359429e-11
-6.162699944075879911e-11
-6.085865314730163666e-11
-6.028115909097852053e-11
-5.987485592392495608e-11
-5.962084375827217526e-11
-5.950133791516258392e-11
-5.949884312910757691e-11
-5.959638413532495132e-11
-5.977844998313145723e-11
-6.003114626762025182e-11
-6.034184453491288670e-11
-6.069756098850856326e-11
-6.108566462825158225e-11
-6.149387373082587679e-11
-6.191018358352453837e-11
-6.232325387646587677e-11
-6.272340717169906871e-11
-6.310272203747859862e-11
-6.345452674505472208e-11
-6.377280586616929282e-11
-6.405184026521465812e-11
-6.428626615822661803e-11
-6.447107718360300508e-11
-6.460165747687216475e-11
-6.467435419158579701e-11
-6.468714205563353430e-11
-6.463839089252287625e-11
-6.452703686166317825e-11
-6.435235447925158465e-11
-6.411384558965170778e-11
-6.381115645468600166e-11
-6.344411984792293776e-11
-6.301312287232253716e-11
-6.251932156947264457e-11
-6.196451204230403805e-11
-6.135093585254803529e-11
-6.068085398501741263e-11
-5.995690229065902823e-11
-5.918223615316692182e-11
-5.835918342899295803e-11
-5.749057607489674191e-11
-5.657943242771457853e-11
-5.562892785475868535e-11
-5.464235635400314354e-11
-5.362306035584661164e-11
-5.257443795144082293e-11
-5.149984521866251069e-11
-5.040256566506079537e-11
-4.928594449145107553e-11
-4.815379929312534298e-11
-4.700879716207091072e-11
-4.585384596673615210e-11
-4.469180491119764843e-11
-4.352577540409175363e-11
-4.235775722770940734e-11
-4.119116095936150197e-11
-4.002784207695635849e-11
-3.887074089547611221e-11
-3.772207608876194977e-11
-3.658389232575482984e-11
-3.545760088594407609e-11
-3.434482738396049223e-11
-3.324711171077549914e-11
-3.216602976300511562e-11
-3.110257739968087898e-11
-3.005773180199142443e-11
-2.903312121565641023e-11
-2.802988930200327617e-11
-2.704861598745383381e-11
-2.608892724489064108e-11
-2.515175260507314598e-11
-2.423762086129789772e-11
-2.334695446399770556e-11
-2.247977654120532666e-11
-2.163695843004973107e-11
-2.081743143445242399e-11
-2.002167765581615228e-11
-1.924989603581991210e-11
-1.850158340571896232e-11
-1.777638896679128837e-11
-1.707482796952206576e-11
-1.639554190179633389e-11
-1.573845266186667386e-11
-1.510319357089686512e-11
-1.448978145556967334e-11
-1.389778049657931743e-11
-1.332650625788156932e-11
-1.277595918828778690e-11
-1.224497322338056971e-11
-1.173340253196213032e-11
-1.124077598264524043e-11
-1.076652832987547080e-11
-1.031006303157911461e-11
-9.871104281021470012e-12
-9.448887742101852979e-12
-9.043729338132119366e-12
-8.654127245482516288e-12
-8.279991600617971224e-12
-7.920858061708479363e-12
-7.576077608310598386e-12
-7.245165955705458484e-12
-6.927939651044806927e-12
-6.623658726753825798e-12
-6.332097044583657258e-12
-6.052761884330358225e-12
-5.785061662432317138e-12
-5.528577937654937509e-12
-5.282714876909604001e-12
-5.047644771497995589e-12
-4.822471541276261884e-12
-4.607076049741221247e-12
-4.400910712383438703e-12
-4.203913041745964677e-12
-4.015480648518091132e-12
-3.835308247518899159e-12
-3.663087822332450619e-12
-3.498472320532187753e-12
-3.341128563631608826e-12
-3.190742616291060116e-12
-3.046969588914881588e-12
-2.909483901189850508e-12
-2.777950315820302647e-12
-2.652055057581358186e-12
-2.531471916711724798e-12
-2.416134959980480719e-12
-2.305844921515757955e-12
-2.200637739330240612e-12
-2.100542036810454707e-12
-2.005499110728017751e-12
-1.915469972829768173e-12
-1.830623913711349831e-12
-1.750760336271016099e-12
-1.675402576124548592e-12
-1.604026107752463275e-12
-1.535859255692162255e-12
-1.470061498408225768e-12
