# bin_1_3
2.142980523251468657e-07
2.170382311912838410e-07
2.198145518078258824e-07
2.226487745331055416e-07
2.255398878516789299e-07
2.284823986336741443e-07
2.314788390371253773e-07
2.345297236401833962e-07
2.376354617931358452e-07
2.407966368558303492e-07
2.440134842733426786e-07
2.472876900325878168e-07
2.506173328295397185e-07
2.540030058327668144e-07
2.574467405266926559e-07
2.609122638224752669e-07
2.644706520592562226e-07
2.680868555572557634e-07
2.717610432734421584e-07
2.754934030877691802e-07
2.792812046871748246e-07
2.831328963884866765e-07
2.870455968061059351e-07
2.910055842240939268e-07
2.950292999256542943e-07
2.991106937526114935e-07
3.032498928905276103e-07
3.074463914538250077e-07
3.117001462551213660e-07
3.160103915120109002e-07
3.203762536190050348e-07
3.247977448277029859e-07
3.292739315368076089e-07
3.338041679549531101e-07
3.383871431948457025e-07
3.430223600554426954e-07
3.477234869721004711e-07
3.524449072652873414e-07
3.572297169506483225e-07
3.620619011620849571e-07
3.669399328088735773e-07
3.718623659086058356e-07
3.768275446716276751e-07
3.818334523367209550e-07
3.868777838663618011e-07
3.919610823429773299e-07
3.970747800702671763e-07
4.022220519764697325e-07
4.073985823848694835e-07
4.126016486140648711e-07
4.178284535685277497e-07
4.230758855755508962e-07
4.283359018876056035e-07
4.336197401760830066e-07
4.389089114429949204e-07
4.442047985737850498e-07
4.495035815892668602e-07
4.548010300253642960e-07
4.600927629050281280e-07
4.653744570424793496e-07
4.706416587514214730e-07
4.758882565170731502e-07
4.811100877590624308e-07
4.863013643856295154e-07
4.914590927076700042e-07
4.965764660016025950e-07
5.016523105473308899e-07
5.066739811999999490e-07
5.116356163976263024e-07
5.165302686961221160e-07
5.213506439222313640e-07
5.260895310744037585e-07
5.307395933823325728e-07
5.352939775939090605e-07
5.397449349465966332e-07
5.440840208290723116e-07
5.483023090572652682e-07
5.523918269654085461e-07
5.563444034856926109e-07
5.601508386341314465e-07
5.638016202745190964e-07
5.672880328964893490e-07
5.706011706278610511e-07
5.737303865248313685e-07
5.766645963591898529e-07
5.793953009615891877e-07
5.819134792639819156e-07
5.842078317474475831e-07
5.862687750192339193e-07
5.880868287465739945e-07
5.896519757522625669e-07
5.909540094250806971e-07
5.919833587982034990e-07
5.927306218017762586e-07
5.931871397766685748e-07
5.933445788093914662e-07
5.931929712890386748e-07
5.927244376085657280e-07
5.919328146587182771e-07
5.908083465554306484e-07
5.893447781262088914e-07
5.875385946579746780e-07
5.853838148952800329e-07
5.828793482441586296e-07
5.800195592264111294e-07
5.768035151842045417e-07
5.732306572017077735e-07
5.693014423725425988e-07
5.650179356745586559e-07
5.603834575266282157e-07
5.554027946246067350e-07
5.500823378595893837e-07
5.444299924969740125e-07
5.384554603490593270e-07
5.321699561287603694e-07
5.255864137135532021e-07
5.187196343723760897e-07
5.115850795690374554e-07
5.041988818109023788e-07
4.965790026348861306e-07
4.887453243806584700e-07
4.807203714664612576e-07
4.725279646416227289e-07
4.641935112832802765e-07
4.557432536276455621e-07
4.472041255871108444e-07
4.386027693807303605e-07
4.299657744425941977e-07
4.213193631786382780e-07
4.126888709601638873e-07
4.040981143604778595e-07
3.955694824529123962e-07
3.871239045226468193e-07
3.787798968371229803e-07
3.705567792815068139e-07
3.624734215639542297e-07
3.545425965043209723e-07
3.467719930589189278e-07
3.391676018850538395e-07
3.317327342888503429e-07
3.244678254547026828e-07
3.173695558464035119e-07
3.104313970825754881e-07
3.036436342358510681e-07
2.969918887291114365e-07
2.904587456316259789e-07
2.840266572897343224e-07
2.776979184628792294e-07
2.714178427154273056e-07
2.651921208391884379e-07
2.590116120532517559e-07
2.528709955081314354e-07
2.467651611362309573e-07
2.406913998741568605e-07
2.346536440683097764e-07
2.286574769674704049e-07
2.227083990826321433e-07
2.168153906551245684e-07
2.109896726011337902e-07
2.052416332660803105e-07
1.995813011559449849e-07
1.940184883107811073e-07
1.885509400778551122e-07
1.832043236892887948e-07
1.779685612398272603e-07
1.728382850135597836e-07
1.678036327901885663e-07
1.628500874661132613e-07
1.579629275872266305e-07
1.531303944370705578e-07
1.483437676419985869e-07
1.436000881137131842e-07
1.389040384236711794e-07
1.342672928855971870e-07
1.297077382739402109e-07
1.252484099572876648e-07
1.209212747019680359e-07
1.167382850870452062e-07
1.127262379999120834e-07
1.088969447197322806e-07
1.052518241810370452e-07
1.017817151532711970e-07
9.846866252381855302e-08
9.528915294960179072e-08
9.221882878251647082e-08
8.923250654537396570e-08
8.632700336726473799e-08
8.349288032865731348e-08
8.073360930557340702e-08
7.805755447156422566e-08
7.547359004692235598e-08
7.298593201395547070e-08
7.059543110989427254e-08
6.828335468112837953e-08
6.603756853080958787e-08
6.384060175890647897e-08
6.167959008518102338e-08
5.955054807757869202e-08
5.745603253191312489e-08
5.541471171499641987e-08
5.343817946391382337e-08
5.153862430911251295e-08
4.972271238932313209e-08
4.799305981261512726e-08
4.634133041232679499e-08
4.476629518699521872e-08
4.326347499305093266e-08
4.182452016577490077e-08
4.044580537028460637e-08
3.911469587551913701e-08
3.782036620995187425e-08
3.655472351579805945e-08
3.531518687619812001e-08
3.410516334629969517e-08
3.293096900041614357e-08
3.179922384939205380e-08
3.071452572431376652e-08
2.967900335445906352e-08
2.869202427447735799e-08
2.775085871587138351e-08
2.685089159634120665e-08
2.598602729281927388e-08
2.515008170813466433e-08
2.433836571154394575e-08
2.354904464249977453e-08
2.278323842632759336e-08
2.204425660797110394e-08
2.133561491020864086e-08
2.065896519465834096e-08
2.001303867382196637e-08
1.939405991148375082e-08
1.879720100404153570e-08
1.821889396961823696e-08
1.765806004594420952e-08
1.711588135660813442e-08
1.659420460869627412e-08
1.609366102483515774e-08
1.561314420166054048e-08
1.515030984908603855e-08
1.470292069306160793e-08
1.426978802962616845e-08
1.385086876022290328e-08
1.344655559871465251e-08
1.305680019950706808e-08
1.268071935103743692e-08
1.231698652860922208e-08
1.196462176274318317e-08
1.162329339375820939e-08
1.129289599187342251e-08
1.097307277502669776e-08
1.066318452007796493e-08
1.036257328616759415e-08
1.007079375539526660e-08
9.787557300955947020e-09
9.512552239561848474e-09
9.245365666068005890e-09
8.985581722365100155e-09
8.732874653138381239e-09
8.486976324163986398e-09
8.247610353270448313e-09
8.014474337477831841e-09
7.787291099789997701e-09
7.565821506458626947e-09
7.349844729652722389e-09
7.139153218512409114e-09
6.933551821560132273e-09
6.732857635841770592e-09
6.536900333019404513e-09
6.345521732947563273e-09
6.158575016933541991e-09
5.975924498552077377e-09
5.797444933373544903e-09
5.623372983159397561e-09
5.452884063340315150e-09
5.286245626606484292e-09
5.123367612271749978e-09
4.964168734426954999e-09
4.808575477760048752e-09
4.656521413994952561e-09
4.507945950624986942e-09
4.362792923940940487e-09
4.221009726187825984e-09
4.082546745680947081e-09
3.947357559856793728e-09
3.815399065968502093e-09
3.686631095094108477e-09
3.561015949709115035e-09
3.438518240174887333e-09
3.319103500613616355e-09
3.202737544241900724e-09
3.089386190289602555e-09
2.979015313311191492e-09
2.871591007452317377e-09
2.767079474811122572e-09
2.665446870165107368e-09
2.566658982537849171e-09
2.470680636957129211e-09
2.377475651751663104e-09
2.287006545775946451e-09
2.199234728860244215e-09
2.114120570760767099e-09
2.031623400144874800e-09
1.951701509992635298e-09
1.874312127871355839e-09
1.799411139319462799e-09
1.726952861571437650e-09
1.656892569073222629e-09
1.589182681369889504e-09
1.523775475213113045e-09
1.460622424645577112e-09
1.399674244058339840e-09
1.340880976957282548e-09
1.284191908185847454e-09
1.229556216718443770e-09
1.176922747255576186e-09
1.126240293779723310e-09
1.077457598713166681e-09
1.030523353691757436e-09
9.853861199744766493e-10
9.419944865240300209e-10
9.002973434369286448e-10
8.602438717864960820e-10
8.217838352385401238e-10
7.848676599142566480e-10
7.494463851574963855e-10
7.154715513017019623e-10
6.828956543356988702e-10
6.516716588953205954e-10
6.217531883371686439e-10
5.930946960854445912e-10
5.656515240624207362e-10
5.393800960815535008e-10
5.142380637295897916e-10
4.901840385579306078e-10
4.671776562643691728e-10
4.451790841003778202e-10
4.241504910054972705e-10
4.040541123769771844e-10
3.848532945739818898e-10
3.665127321913265233e-10
3.489980596647548919e-10
3.322763229212763863e-10
3.163152351275595435e-10
3.010838754577385931e-10
2.865520182335187967e-10
2.726906114517603371e-10
2.594713219640101574e-10
2.468669609726268292e-10
2.348512587217876804e-10
2.233987851662911319e-10
2.124855128087626883e-10
2.020879618454605570e-10
1.921834627304986284e-10
1.827505350043563153e-10
1.737683338129120300e-10
1.652165181954858547e-10
1.570758340414153834e-10
1.493275670236516923e-10
1.419538603089257898e-10
1.349376031681425224e-10
1.282622312407178626e-10
1.219119597003753454e-10
1.158715611126982525e-10
1.101262556035287998e-10
1.046623090333404181e-10
9.946697417775185117e-11
9.452721599375932707e-11
8.983176862373356451e-11
8.536985528881471070e-11
8.114320330984451044e-11
7.715641605468252633e-11
7.338366756005389109e-11
6.980724513739945137e-11
6.641239560343267667e-11
6.318881477565974960e-11
6.012701497974845285e-11
5.721938178472118155e-11
5.433246180174272166e-11
5.108419945158532280e-11
4.770927985390854347e-11
4.439736465040509759e-11
4.126839723009637420e-11
3.836595355527576859e-11
3.568903900705677736e-11
3.321851370382648673e-11
3.092700037144948353e-11
2.869156740557954973e-11
2.655670725457758910e-11
2.454338318933049596e-11
2.265278712840709515e-11
2.075447514958479679e-11
1.890738486322074385e-11
1.715310235227710163e-11
1.545214047307753320e-11
1.372316179106112935e-11
1.214912405605712995e-11
1.088137270485329610e-11
9.678122078916281712e-12
8.697959361086584878e-12
8.010970356915203611e-12
