# bin_1_5
4.202340318206068522e-07
4.258976914521963844e-07
4.316581501531599694e-07
4.375383388951395932e-07
4.435380422284388081e-07
4.496526931194650847e-07
4.558857067948053480e-07
4.622384790677802945e-07
4.687122871855184836e-07
4.753085675643010544e-07
4.820283874118824309e-07
4.888742446100232280e-07
4.958450055784065817e-07
5.029420317369804823e-07
5.101680811670531567e-07
5.175232536478528181e-07
5.250085071231351893e-07
5.326246324273031162e-07
5.403724430310246284e-07
5.482527451986748673e-07
5.562633980488471963e-07
5.644134040112466614e-07
5.727005083258689036e-07
5.811111706789560963e-07
5.896625603164785839e-07
5.983489194268652752e-07
6.071706895504466517e-07
6.161276244075609760e-07
6.252198677250857496e-07
6.344467536421558943e-07
6.438074270135049109e-07
6.533018500979945065e-07
6.629289694774887644e-07
6.726879656195319680e-07
6.825764755429568406e-07
6.925953375979008314e-07
7.027574610535361109e-07
7.130155412525275600e-07
7.234127480333947039e-07
7.339323723339456875e-07
7.445721126555535141e-07
7.553296840247608838e-07
7.662023476043448878e-07
7.771870835590002336e-07
7.882799693247001361e-07
7.994801212776477900e-07
8.107771587890980894e-07
8.221725035223539259e-07
8.336598396861219528e-07
8.452343431875442485e-07
8.568909976721829624e-07
8.686243304741961381e-07
8.804237691930219792e-07
8.922976299898831395e-07
9.042246837892465864e-07
9.162032797715266782e-07
9.282263621986703926e-07
9.402861803178981067e-07
9.523745998431082773e-07
9.644833143325075171e-07
9.766035584285547175e-07
9.887246112518789841e-07
1.000837541655989465e-06
1.012931655360498519e-06
1.024999679102314943e-06
1.037029949776225323e-06
1.049015459447819435e-06
1.060937020688437581e-06
1.072782235672764133e-06
1.084537469139009568e-06
1.096188536022264162e-06
1.107721111407239282e-06
1.119120593775805376e-06
1.130373182948766612e-06
1.141462690888673903e-06
1.152373764210496671e-06
1.163087022468669330e-06
1.173585533323082094e-06
1.183852172206978794e-06
1.193869193824880144e-06
1.203617150976642500e-06
1.213078434369184172e-06
1.222232247947970798e-06
1.231058697981566924e-06
1.239533476786807679e-06
1.247638351461835418e-06
1.255353739825073286e-06
1.262655688294970522e-06
1.269523765498159347e-06
1.275938459883327460e-06
1.281874246640388593e-06
1.287310795308286353e-06
1.292225594266595762e-06
1.296596790883899003e-06
1.300405184181099491e-06
1.303633685225024686e-06
1.306254201673193496e-06
1.308250974481752389e-06
1.309620322803886519e-06
1.310307120214591317e-06
1.310286474675270584e-06
1.309567731034474527e-06
1.308131721011346427e-06
1.305965274092296200e-06
1.303054122414719701e-06
1.299387445553357188e-06
1.294956098551332769e-06
1.289752729101235543e-06
1.283772397130963814e-06
1.277068536535676788e-06
1.269527277918679688e-06
1.261208890187895359e-06
1.252118772004554665e-06
1.242265492759948350e-06
1.231660820162424248e-06
1.220318635211501304e-06
1.208257904510159594e-06
1.195498571533528937e-06
1.182062767885290901e-06
1.167976264054376717e-06
1.153268790399386313e-06
1.137974885775163264e-06
1.122132352715740364e-06
1.105782708758499392e-06
1.088969491882747929e-06
1.071740018348737810e-06
1.054107274163496329e-06
1.036189452776812844e-06
1.018001685071550893e-06
9.995943476900430787e-07
9.810171098380236144e-07
9.623191471269183381e-07
9.435488971557816121e-07
9.247527257229243603e-07
9.059789712355484705e-07
8.872767837624201975e-07
8.686880531268283706e-07
8.502497463082786589e-07
8.319901324298441570e-07
8.139440084509020299e-07
7.961355612479891432e-07
7.785848460966319842e-07
7.613069463773030096e-07
7.443118373377489539e-07
7.276265451845043943e-07
7.111960295586391503e-07
6.950389707112736080e-07
6.791471880544437378e-07
6.635102251783484110e-07
6.481175559661395779e-07
6.329692161525986476e-07
6.180723679808208336e-07
6.034272384238264188e-07
5.890308472706325089e-07
5.748877233484382593e-07
5.610002067929531894e-07
5.473650408138551607e-07
5.339814085324921260e-07
5.208496543397842732e-07
5.079652829115478469e-07
4.953216385209647327e-07
4.829122265650916276e-07
4.707165740824028944e-07
4.587497960049374638e-07
4.469842915122185556e-07
4.353962266561791816e-07
4.239575465747085041e-07
4.126126260520628637e-07
4.013146785834090969e-07
3.900505405463964189e-07
3.788014503308366658e-07
3.675500344783573537e-07
3.562958053974422157e-07
3.450506279073339448e-07
3.338474049450164957e-07
3.227101977540954690e-07
3.117025740283215377e-07
3.008854111663807422e-07
2.903207690997474522e-07
2.800631168679682749e-07
2.701544932657809526e-07
2.606212577498376312e-07
2.514741479637669745e-07
2.427114021390586540e-07
2.343243437179029609e-07
2.262976716850582549e-07
2.186371224789828580e-07
2.113349559501892535e-07
2.043916703162122641e-07
1.978051533914205846e-07
1.915641128753361726e-07
1.856460982496758040e-07
1.799957016765233289e-07
1.745550037932563884e-07
1.692500442892505921e-07
1.640054495770701592e-07
1.587583885609152257e-07
1.534716212434553886e-07
1.481374179762821833e-07
1.427922257580044852e-07
1.374866913561512647e-07
1.322876093612673184e-07
1.272597070415566394e-07
1.224595669619228948e-07
1.179223721692522324e-07
1.136784653215845948e-07
1.097368608892194433e-07
1.060818657248528881e-07
1.026684449506449282e-07
9.943939789709762906e-08
9.631898579934954739e-08
9.324226722286883199e-08
9.016530787553276272e-08
8.707589637918341594e-08
8.398250187046497035e-08
8.092460391738318353e-08
7.795272863761903552e-08
7.511458769115964671e-08
7.245056805324565506e-08
6.997237957788684972e-08
6.766720232410980982e-08
6.549940168593766529e-08
6.341518027835262246e-08
6.136925823074115308e-08
5.933972674492822684e-08
5.732428392950085441e-08
5.534602435081407318e-08
5.344061605436885310e-08
5.163785877074140765e-08
4.994808705114038472e-08
4.835778717381806632e-08
4.683914747014977058e-08
4.536332800866089795e-08
4.391401195541074557e-08
4.249458531944935167e-08
4.112180173400100154e-08
3.981138407527868495e-08
3.856799686158593650e-08
3.738336429909681138e-08
3.624244497317981423e-08
3.513381749313691740e-08
3.405552266059425621e-08
3.301336954331325099e-08
3.201356248798737130e-08
3.105642275308246727e-08
3.013559039453795547e-08
2.924426098358900217e-08
2.838004604639366356e-08
2.754448352197926284e-08
2.673904792870914856e-08
2.596257157695840894e-08
2.521177861823870710e-08
2.448418735075774251e-08
2.377932439073716356e-08
2.309730173990912878e-08
2.243724133682844677e-08
2.179740033777783169e-08
2.117653742586700291e-08
2.057410211401257251e-08
1.998962065361556146e-08
1.942277930219940252e-08
1.887128336988709700e-08
1.833507189455063321e-08
1.781352162710942143e-08
1.730603635076900377e-08
1.681204436633538972e-08
1.633099923599088872e-08
1.586238215484762440e-08
1.540570282754932012e-08
1.496050006792032307e-08
1.452634456650181679e-08
1.410283429307193794e-08
1.368958916929702955e-08
1.328624965130380704e-08
1.289247694762274701e-08
1.250795631458535268e-08
1.213240068751505966e-08
1.176555236657094860e-08
1.140718417408067765e-08
1.105709169355928600e-08
1.071508241489075827e-08
1.038097338724099737e-08
1.005459079736225499e-08
9.735771584111339710e-09
9.424365557328185391e-09
9.120236574235005664e-09
8.823263674209175551e-09
8.533339196186287070e-09
8.250360563402411456e-09
7.974227683859308012e-09
7.704842730724609391e-09
7.442110838954398704e-09
7.185941538429239787e-09
6.936249811083028497e-09
6.692957024439463434e-09
6.455990350939443356e-09
6.225277696260817230e-09
6.000745434863727388e-09
5.782318138707224992e-09
5.569918922707584533e-09
5.363469809982748807e-09
5.162892103027278374e-09
4.968106783281270650e-09
4.779034700038646330e-09
4.595600312049746183e-09
4.417710187552973780e-09
4.245285979503540888e-09
4.078237291002439397e-09
3.916476242539536199e-09
3.759911085274570476e-09
3.608447804986986719e-09
3.461990208606418071e-09
3.320440053208425331e-09
3.183698063172964037e-09
3.051663789168545671e-09
2.924235932411700177e-09
2.801312148769972896e-09
2.682788753276141059e-09
2.568560409547564916e-09
2.458520102716703429e-09
2.352559716955216392e-09
2.250571119696569513e-09
2.152446848147948166e-09
2.058080203421369201e-09
1.967365552952825746e-09
1.880196393951771446e-09
1.796468220986838292e-09
1.716076163503640312e-09
1.638915599062837873e-09
1.564883000233604700e-09
1.493876438940951436e-09
1.425795816568732985e-09
1.360543039498690535e-09
1.298021771973402985e-09
1.238137520042349933e-09
1.180797246015739873e-09
1.125910260406678398e-09
1.073386952381556393e-09
1.023139913571303137e-09
9.750840194769716585e-10
9.291360958201863197e-10
8.852151333956295487e-10
8.432428742263907701e-10
8.031433822764666430e-10
7.648429729961386653e-10
7.282704239862784131e-10
6.933561348088956574e-10
6.600326652549735913e-10
6.282343849588054778e-10
5.978977652833558309e-10
5.689615304317202023e-10
5.413669780313841250e-10
5.150576157006207407e-10
4.899792569813186186e-10
4.660792293025413563e-10
4.433066377834494695e-10
4.216120875185463184e-10
4.009477605009797101e-10
3.812677218715264259e-10
3.625279655550498448e-10
3.446863946974405906e-10
3.277029145827930267e-10
3.115388792811436168e-10
2.961568869887806466e-10
2.815209807429940451e-10
2.675966867443919293e-10
2.543510246571979200e-10
2.417527389665278036e-10
2.297723289884696633e-10
2.183822916633034773e-10
2.075565629127934677e-10
1.972688506840373722e-10
1.874936785552659053e-10
1.782058437611381074e-10
1.693806505227157350e-10
1.609942203546273319e-10
1.530234363001274650e-10
1.452744004476613198e-10
1.372088260023566549e-10
1.291346699542990906e-10
1.212971231622636883e-10
1.138441390125713967e-10
1.068153790372601704e-10
1.002209491794499216e-10
9.402966749775552549e-11
8.818220040346295594e-11
8.248896166974612366e-11
7.706282891197189293e-11
7.194796836531640529e-11
6.708185690135294286e-11
6.228944081855235499e-11
5.766570812490311929e-11
5.324764225165192287e-11
4.894853484609991653e-11
4.462908671579303444e-11
4.060026052894415389e-11
3.710942878768493650e-11
3.364569357036402207e-11
3.039420586779821343e-11
2.733702753008227046e-11
