# bin_2_5
1.777778687676914668e-07
1.797831549367847887e-07
1.817973242577897467e-07
1.838575044297959574e-07
1.859606886815607330e-07
1.880976522009815718e-07
1.902719115736405891e-07
1.924837672100137660e-07
1.947337389056913067e-07
1.970223665359992791e-07
1.993496388192968588e-07
2.017187167029740405e-07
2.041230025082244417e-07
2.065695590434529138e-07
2.090563931492934602e-07
2.115839935175186532e-07
2.141526712520343321e-07
2.167626742791700178e-07
2.194142899420125761e-07
2.221083603567792258e-07
2.248390497597333757e-07
2.276222487203129253e-07
2.304525644331630000e-07
2.333076848188389582e-07
2.362154699904632681e-07
2.391658007309639180e-07
2.421600670516152471e-07
2.451979168435389457e-07
2.482802270361348755e-07
2.514065346602986309e-07
2.545767032022994183e-07
2.577908969914739837e-07
2.610499360592898225e-07
2.643546246742587133e-07
2.676998497737955965e-07
2.710934550482537866e-07
2.745625133163869247e-07
2.780107685794725166e-07
2.815260759957660663e-07
2.851037795189589571e-07
2.887158263484139865e-07
2.923711617937243394e-07
2.960693859515776937e-07
2.998105724359839446e-07
3.035936134866891017e-07
3.074243647460026531e-07
3.112874073246578231e-07
3.151962300723451893e-07
3.191458470665967135e-07
3.231357967931308049e-07
3.271648827324865647e-07
3.312325766210504425e-07
3.353260379062506581e-07
3.394804804863300686e-07
3.436812418205642459e-07
3.478717500357268963e-07
3.521183588983611108e-07
3.563973844806626913e-07
3.607075642592114674e-07
3.650481690071556600e-07
3.694182050833030256e-07
3.738141288776201830e-07
3.782372224984085976e-07
3.826848648306124707e-07
3.871545225850771703e-07
3.916440653287641459e-07
3.961563924518629703e-07
4.006847168376700235e-07
4.052270612682107220e-07
4.097825128244132110e-07
4.143483795165700812e-07
4.189221690338279829e-07
4.235013494234100886e-07
4.280831527525384327e-07
4.326649458929638936e-07
4.372440340949451789e-07
4.418168089286095091e-07
4.463811787869905825e-07
4.509339181324705532e-07
4.554708145171644656e-07
4.599869998029520800e-07
4.644798156193274140e-07
4.689447093519136531e-07
4.733775893253145543e-07
4.777742912190852015e-07
4.821302658719658899e-07
4.864412552105637681e-07
4.907015750686617769e-07
4.949071407700973458e-07
4.990501784797522838e-07
5.031284089277665442e-07
5.071356959149878341e-07
5.110666629920624027e-07
5.149152428251933209e-07
5.186756831920084924e-07
5.223412851905845374e-07
5.259075394997814626e-07
5.293341705945888873e-07
5.327083706054297959e-07
5.359689178682274486e-07
5.391281393564744080e-07
5.421496514478672667e-07
5.450251660009466569e-07
5.477543849774661603e-07
5.503147716004851131e-07
5.527076672775615644e-07
5.549246345560519010e-07
5.569545939673586950e-07
5.587905252216571815e-07
5.604251938189823685e-07
5.618500402563088922e-07
5.630573880799075681e-07
5.640384423446385685e-07
5.647845382797017170e-07
5.652884952192028043e-07
5.655416742033712389e-07
5.655352641649931701e-07
5.652606986506580577e-07
5.647093787437385491e-07
5.638732336278811792e-07
5.627439383186853069e-07
5.613143547304689382e-07
5.595768055241318540e-07
5.575237183837923418e-07
5.551508966928233589e-07
5.524511331326869511e-07
5.494191548086365275e-07
5.460352822057451725e-07
5.423438293365984433e-07
5.382944783758959399e-07
5.339019514617368960e-07
5.291660479238224398e-07
5.240878149787344353e-07
5.186697298370455764e-07
5.129159831194178314e-07
5.068316404031682668e-07
5.004244327204735330e-07
4.937032528751198961e-07
4.866791430935759409e-07
4.793646343240171550e-07
4.717782736670207000e-07
4.639274052743097232e-07
4.558392020313986126e-07
4.475333438883057275e-07
4.390320507132029654e-07
4.303605179785422963e-07
4.215456933156181938e-07
4.126159905017833872e-07
4.036019314732480587e-07
3.945355436288610992e-07
3.854452629115069435e-07
3.763567041382079553e-07
3.672994934029183535e-07
3.583071778489477848e-07
3.494153216952098441e-07
3.406603874942830145e-07
3.320776260383331219e-07
3.237003519425558400e-07
3.155589031815001477e-07
3.076801012172340488e-07
3.000854741791455913e-07
2.927911210199811432e-07
2.858064260124240628e-07
2.791348524621631561e-07
2.727740582220800511e-07
2.667147377326296221e-07
2.609401143361084398e-07
2.554496997125560852e-07
2.502314923243716878e-07
2.452406005470841252e-07
2.404370097832786340e-07
2.357844778874055009e-07
2.312383283081466631e-07
2.267563866875096901e-07
2.222932154733012617e-07
2.177946107611833660e-07
2.132059039835761430e-07
2.084761812826434744e-07
2.035588307000877346e-07
1.984182727572546325e-07
1.930321927917546897e-07
1.873947536915210024e-07
1.815192643522733568e-07
1.754358568965370373e-07
1.691903274658866928e-07
1.628417427314140489e-07
1.564598605277612497e-07
1.501198859642213882e-07
1.439009520336017942e-07
1.378810889980678592e-07
1.321337812856162112e-07
1.267234089177512651e-07
1.217010351703298622e-07
1.171004693308939406e-07
1.129347511312734128e-07
1.091942717775840759e-07
1.058455839652725161e-07
1.028314799801458358e-07
1.000734718253394277e-07
9.747718234471579919e-08
9.494214529970360372e-08
9.237439471096444009e-08
8.969953246225866104e-08
8.687232477124355859e-08
8.387947051731022237e-08
8.073861987471336213e-08
7.749459643782400858e-08
7.421389007225059025e-08
7.097771764462314290e-08
6.786927672567961464e-08
6.496065266115301295e-08
6.229858864541997665e-08
5.989770084496534817e-08
5.774002424118824494e-08
5.577999962413451678e-08
5.395318443521844476e-08
5.219000843923865124e-08
5.043149367138161905e-08
4.864125931580697503e-08
4.681166342342173597e-08
4.496182463083632333e-08
4.313082715908878715e-08
4.136341828736705668e-08
3.969514299613066252e-08
3.814130804594259337e-08
3.669575585037521137e-08
3.533542414709126286e-08
3.402915150622973558e-08
3.275140507855725011e-08
3.149116332830034485e-08
3.025414108805783246e-08
2.905596983627411902e-08
2.791273295017810847e-08
2.683258789358516351e-08
2.581120027659196786e-08
2.483490890492249834e-08
2.388996996874194766e-08
2.296981865695485764e-08
2.207707256473542742e-08
2.121970112525121329e-08
2.040422540375662849e-08
1.963175456308243748e-08
1.889648316662131454e-08
1.819009377102625490e-08
1.750776840760038623e-08
1.685054724292838522e-08
1.622133782522609232e-08
1.562199485487326017e-08
1.505078831517252458e-08
1.450425012771386655e-08
1.397991473484106848e-08
1.347756538041854751e-08
1.299744715706473284e-08
1.253881562946104644e-08
1.210000673518058170e-08
1.167969804755893697e-08
1.127745413041031401e-08
1.089286464808274857e-08
1.052502844638586419e-08
1.017281423750088307e-08
9.835370910525960149e-09
9.512181896804036651e-09
9.202688701657112212e-09
8.906233333610122158e-09
8.622078471175926655e-09
8.349526367765332258e-09
8.088007272943481377e-09
7.837004011907791583e-09
7.595981818877245737e-09
7.364399405346111870e-09
7.141756177732673021e-09
6.927591127613356385e-09
6.721474786011111323e-09
6.522987772041764466e-09
6.331729091582616430e-09
6.147323562017046798e-09
5.969409969343197953e-09
5.797635830122027425e-09
5.631656548912925139e-09
5.471142666246925526e-09
5.315788126250271218e-09
5.165309493441283753e-09
5.019444315149718118e-09
4.877948827822110843e-09
4.740593601152420145e-09
4.607160569454366746e-09
4.477441188104317439e-09
4.351238049939337220e-09
4.228370367158245969e-09
4.108674335176661393e-09
3.992001827402960124e-09
3.878215238676470660e-09
3.767189865890935366e-09
3.658808017388858371e-09
3.552958336580062031e-09
3.449535855249978017e-09
3.348452412165676856e-09
3.249610174482160498e-09
3.152943266830355934e-09
3.058387628439803167e-09
2.965886487316874515e-09
2.875388654401712504e-09
2.786847656558476252e-09
2.700221034695096436e-09
2.615470527160529201e-09
2.532563471692285533e-09
2.451471561203265241e-09
2.372170378626382350e-09
2.294638765095557174e-09
2.218857957670303230e-09
2.144811171392981044e-09
2.072483351260339215e-09
2.001860298423497610e-09
1.932929127022031834e-09
1.865677031464108772e-09
1.800091553262510778e-09
1.736160532404616536e-09
1.673872046745081061e-09
1.613214116894997251e-09
1.554174972224239897e-09
1.496743009785481783e-09
1.440905166824091253e-09
1.386646749480839695e-09
1.333951605511127871e-09
1.282802188291282660e-09
1.233179632004360658e-09
1.185065005886117131e-09
1.138438403424233835e-09
1.093279335316392043e-09
1.049566196474039608e-09
1.007275648152879552e-09
9.663830916502929845e-10
9.268632059310726886e-10
8.886895637524342938e-10
8.518350810883427597e-10
8.162720207419610719e-10
7.819717713065877829e-10
7.489063078953758858e-10
7.170465320852694575e-10
6.863629356003720732e-10
6.568254786157936074e-10
6.284035712119199984e-10
6.010671451414300728e-10
5.747856249951488840e-10
5.495283123922597701e-10
5.252641419837215288e-10
5.019630293621628347e-10
4.795952953888215282e-10
4.581315918885353319e-10
4.375426753444684012e-10
4.177997081641013700e-10
3.988745453666083811e-10
3.807390103825669028e-10
3.633639044923263243e-10
3.467242374584410237e-10
3.307928449714285709e-10
3.155444911719713319e-10
3.009530035298760162e-10
2.869949148274209494e-10
2.736466111471836278e-10
2.608846838475999056e-10
2.486857805316086263e-10
2.370280346757372813e-10
2.258900953921095289e-10
2.152509701087695565e-10
2.050911758656479483e-10
1.953912472235406098e-10
1.861327250364419563e-10
1.772973958078553209e-10
1.688673699036180795e-10
1.608258082654855940e-10
1.531547969863166805e-10
1.458395737901815892e-10
1.388646412406803319e-10
1.322155638320067601e-10
1.258785198427150262e-10
1.198396056290678004e-10
1.140852071679775019e-10
1.086029063896015150e-10
1.033797130635037850e-10
9.840446984262577304e-11
9.366566019523081937e-11
8.915381733941043901e-11
8.485788302341159354e-11
8.076830151311321785e-11
7.687601725641035596e-11
7.317149005861159973e-11
6.964611475907797229e-11
6.629160679412353592e-11
6.309982964056301056e-11
6.006313728458507139e-11
5.717399866351244864e-11
5.442492810339622520e-11
5.180979081257870492e-11
4.932055747849820192e-11
4.695118005178025212e-11
4.469615410310040651e-11
4.254975843324248941e-11
4.050797859055112275e-11
3.856672118758766030e-11
