 0.500000000E+00
 0.150000000E+01
 0.250000000E+01
 0.350000000E+01
 0.450000000E+01
 0.550000000E+01
 0.650000000E+01
 0.750000000E+01
 0.850000000E+01
 0.950000000E+01
 0.105000000E+02
 0.115000000E+02
 0.125000000E+02
 0.135000000E+02
 0.145000000E+02
 0.155000000E+02
 0.165000000E+02
 0.175000000E+02
 0.185000000E+02
 0.195000000E+02
 0.205000000E+02
 0.215000000E+02
 0.225000000E+02
 0.235000000E+02
 0.245000000E+02
 0.255000000E+02
 0.265000000E+02
 0.275000000E+02
 0.285000000E+02
 0.295000000E+02
 0.305000000E+02
 0.315000000E+02
 0.325000000E+02
 0.335000000E+02
 0.345000000E+02
 0.355000000E+02
 0.365000000E+02
 0.375000000E+02
 0.385000000E+02
 0.395000000E+02
 0.405000000E+02
 0.415000000E+02
 0.425000000E+02
 0.435000000E+02
 0.445000000E+02
 0.455000000E+02
 0.465000000E+02
 0.475000000E+02
 0.485000000E+02
 0.495000000E+02
 0.505000000E+02
 0.515000000E+02
 0.525000000E+02
 0.535000000E+02
 0.545000000E+02
 0.555000000E+02
 0.565000000E+02
 0.575000000E+02
 0.585000000E+02
 0.595000000E+02
 0.605000000E+02
 0.615000000E+02
 0.625000000E+02
 0.635000000E+02
 0.645000000E+02
 0.655000000E+02
 0.665000000E+02
 0.675000000E+02
 0.685000000E+02
 0.695000000E+02
 0.705000000E+02
 0.715000000E+02
 0.725000000E+02
 0.735000000E+02
 0.745000000E+02
 0.755000000E+02
 0.765000000E+02
 0.775000000E+02
 0.785000000E+02
 0.795000000E+02
 0.805000000E+02
 0.815000000E+02
 0.825000000E+02
 0.835000000E+02
 0.845000000E+02
 0.855000000E+02
 0.865000000E+02
 0.875000000E+02
 0.885000000E+02
 0.895000000E+02
 0.905000000E+02
 0.915000000E+02
 0.925000000E+02
 0.935000000E+02
 0.945000000E+02
 0.955000000E+02
 0.965000000E+02
 0.975000000E+02
 0.985000000E+02
 0.995000000E+02
 0.100500000E+03
 0.101500000E+03
 0.102500000E+03
 0.103500000E+03
 0.104500000E+03
 0.105500000E+03
 0.106500000E+03
 0.107500000E+03
 0.108500000E+03
 0.109500000E+03
 0.110500000E+03
 0.111500000E+03
 0.112500000E+03
 0.113500000E+03
 0.114500000E+03
 0.115500000E+03
 0.116500000E+03
 0.117500000E+03
 0.118500000E+03
 0.119500000E+03
 0.120500000E+03
 0.121500000E+03
 0.122500000E+03
 0.123500000E+03
 0.124500000E+03
 0.125500000E+03
 0.126500000E+03
 0.127500000E+03
 0.128500000E+03
 0.129500000E+03
 0.130500000E+03
 0.131500000E+03
 0.132500000E+03
 0.133500000E+03
 0.134500000E+03
 0.135500000E+03
 0.136500000E+03
 0.137500000E+03
 0.138500000E+03
 0.139500000E+03
 0.140500000E+03
 0.141500000E+03
 0.142500000E+03
 0.143500000E+03
 0.144500000E+03
 0.145500000E+03
 0.146500000E+03
 0.147500000E+03
 0.148500000E+03
 0.149500000E+03
 0.150500000E+03
 0.151500000E+03
 0.152500000E+03
 0.153500000E+03
 0.154500000E+03
 0.155500000E+03
 0.156500000E+03
 0.157500000E+03
 0.158500000E+03
 0.159500000E+03
 0.160500000E+03
 0.161500000E+03
 0.162500000E+03
 0.163500000E+03
 0.164500000E+03
 0.165500000E+03
 0.166500000E+03
 0.167500000E+03
 0.168500000E+03
 0.169500000E+03
 0.170500000E+03
 0.171500000E+03
 0.172500000E+03
 0.173500000E+03
 0.174500000E+03
 0.175500000E+03
 0.176500000E+03
 0.177500000E+03
 0.178500000E+03
 0.179500000E+03
