# bin_5_2
1.239114953754170254e-08
1.241325696559419095e-08
1.243599676966511009e-08
1.245883665337160237e-08
1.248209186235889977e-08
1.250548446755208923e-08
1.252953347984850440e-08
1.255398830156563521e-08
1.257885464166843553e-08
1.260413825297115348e-08
1.262984492614290905e-08
1.265598048479460025e-08
1.268255078480147199e-08
1.270982622468405069e-08
1.273728471945991188e-08
1.276519574121404572e-08
1.279356527227693657e-08
1.282240217059006458e-08
1.284681273895511871e-08
1.287668615796361862e-08
1.291148133053230033e-08
1.294223346433291597e-08
1.297348052834951850e-08
1.300522865145373907e-08
1.303748397057505642e-08
1.310088943160832695e-08
1.310382001914454928e-08
1.313763518167767590e-08
1.317197227100705304e-08
1.320685790511121330e-08
1.324228810920239713e-08
1.327798308990268841e-08
1.331480657660951769e-08
1.335190700936539135e-08
1.338957630310439732e-08
1.342782044390478503e-08
1.346664543788457613e-08
1.350605734806976533e-08
1.354606220513917320e-08
1.358666597961644717e-08
1.362787460125105549e-08
1.366969395159639095e-08
1.371212994735167194e-08
1.375518845930726033e-08
1.379856872727359386e-08
1.384288769102637501e-08
1.388784621033914451e-08
1.393376176892919970e-08
1.398000459473635852e-08
1.402659399861394151e-08
1.407447563481111710e-08
1.412273872301861952e-08
1.417164775964731864e-08
1.422123206063488324e-08
1.427127105584216532e-08
1.432188108542810603e-08
1.437384361246055773e-08
1.442641750501979387e-08
1.447945015777953825e-08
1.453318426838176822e-08
1.458372547298482906e-08
1.464277669394098716e-08
1.469864229159502600e-08
1.475522536026181935e-08
1.481252902488100265e-08
1.487055601133521033e-08
1.492930871296033699e-08
1.498878938651461852e-08
1.504900056086930939e-08
1.510994242995839644e-08
1.517162234546687126e-08
1.523403999207875514e-08
1.529745811084805688e-08
1.536138104027276056e-08
1.542575305567389998e-08
1.549110853998260148e-08
1.555722775324014645e-08
1.562408877002050298e-08
1.569168792248611476e-08
1.576002725124507863e-08
1.582910639187621271e-08
1.589892442212314204e-08
1.596947958857103700e-08
1.604076910137478942e-08
1.611279002423115356e-08
1.618553954904658644e-08
1.625901480393539610e-08
1.633321206092144133e-08
1.640813128354905936e-08
1.648376091177323729e-08
1.655163910934270460e-08
1.663713891302664042e-08
1.671487845460970840e-08
1.679337528944811262e-08
1.687247822241134767e-08
1.695222557871553869e-08
1.703269456401670994e-08
1.711382766469766184e-08
1.719561121522986984e-08
1.726152741312709912e-08
1.735591724709046925e-08
1.744478194985836767e-08
1.752908138780647150e-08
1.761398426446339582e-08
1.769947851037641552e-08
1.779091311671331734e-08
1.787218802897100490e-08
1.795937501070305469e-08
1.804710523254291966e-08
1.813546751069497389e-08
1.822418969651887080e-08
1.831340251888763121e-08
1.840309501604254256e-08
1.849321093360509412e-08
1.858381546042637447e-08
1.867483947741955110e-08
1.876626225059354094e-08
1.885806158418730337e-08
1.895022247774266156e-08
1.904271891507147420e-08
1.913552762820429303e-08
1.922862303180924891e-08
1.932283070393209338e-08
1.941560317741378625e-08
1.950943806672267803e-08
1.960345102991629553e-08
1.969763413035442449e-08
1.979195716827237164e-08
1.987751006668152762e-08
1.998090556545926868e-08
2.007546380173583360e-08
2.017004538158842784e-08
2.026461615957320512e-08
2.035913475559356368e-08
2.045358933384847434e-08
2.054793527883401049e-08
2.064214216007577980e-08
2.073615928374194441e-08
2.082996287006811715e-08
2.092351975350292219e-08
2.101679094637965965e-08
2.110973435905869870e-08
2.119308230354812971e-08
2.129448352551549002e-08
2.138621693782893319e-08
2.147745498371918018e-08
2.156816640606742777e-08
2.165832164655126093e-08
2.174785765703995788e-08
2.182540909922437749e-08
2.192492061816444681e-08
2.201236319620758085e-08
2.209899774980192995e-08
2.218480262237795508e-08
2.226920885467694237e-08
2.235372688834961783e-08
2.243674812855167916e-08
2.251874011545349363e-08
2.259964916032259899e-08
2.267942524713630554e-08
2.275803834743732417e-08
2.283542854092415360e-08
2.291153025367316195e-08
2.298630365061881697e-08
2.305969972013708129e-08
2.313166311693359987e-08
2.319182749386577722e-08
2.327107451869382126e-08
2.333841321901919471e-08
2.340411079162885072e-08
2.346810944627400605e-08
2.353035458266423672e-08
2.359078587767474155e-08
2.364318942810607802e-08
2.370602632981712884e-08
2.376070350256180807e-08
2.381336238957859227e-08
2.386394094381835158e-08
2.391238290734755813e-08
2.395864155580981592e-08
2.400266030316639363e-08
2.404437637912165129e-08
2.408373096847633818e-08
2.412068874920711821e-08
2.415519861049224412e-08
2.418719190790513359e-08
2.421661164051269880e-08
2.424342978903149123e-08
2.426757799431438114e-08
2.428901278922927207e-08
2.430768166892513500e-08
2.432353432807912772e-08
2.433652581734574834e-08
2.434660778189843967e-08
2.435582890741285176e-08
2.435784506175079531e-08
2.435892630814962289e-08
2.435691483415192536e-08
2.435176276673838509e-08
2.434343669757969624e-08
2.433190050649969953e-08
2.431711828518756589e-08
2.429904577755249807e-08
2.427763613390031216e-08
2.425286451735431576e-08
2.422470772038255880e-08
2.419313081343283311e-08
2.415809076570586885e-08
2.411956045933087517e-08
2.407752396678432038e-08
2.403195652323426339e-08
2.398283363886861511e-08
2.395958004901466588e-08
2.387382086480941407e-08
2.381390354617834175e-08
2.374665380703427740e-08
2.368317045195627879e-08
2.361231813417520566e-08
2.352901077284165732e-08
2.345971612549052362e-08
2.337790982188948897e-08
2.329243805658284152e-08
2.320330372537858800e-08
2.311051708289733033e-08
2.301408660661379335e-08
2.291401948615153790e-08
2.281033058939084279e-08
2.270299695797143341e-08
2.259211617206733036e-08
2.247766875457004778e-08
2.234965967867086733e-08
2.223818252201326526e-08
2.211320051315041839e-08
2.197755942211901985e-08
2.188030020599624330e-08
2.171771012075285138e-08
2.157916424619050682e-08
2.143732900734297922e-08
2.128431018030642127e-08
2.114400207190217637e-08
2.099261057778662355e-08
2.083814672578783850e-08
2.068066556616034320e-08
2.052023207493698395e-08
2.035691425375338650e-08
2.019077740703039377e-08
2.002189529161035729e-08
1.984201662455201951e-08
1.967619431897013437e-08
1.949237560279254593e-08
1.932043926324418948e-08
1.913899808171287092e-08
1.895529810675821191e-08
1.876942783583608289e-08
1.858147944383515613e-08
1.838500913840099647e-08
1.819318172156760243e-08
1.800611870882862674e-08
1.781081875192200124e-08
1.761392912825452136e-08
1.741555384866754716e-08
1.721579629783727642e-08
1.701476234737738748e-08
1.681255904669716605e-08
1.660929366523978883e-08
1.640507459436913436e-08
1.620001579037179424e-08
1.598902837248759321e-08
1.578274272298418822e-08
1.557593785971066449e-08
1.537350972681970357e-08
1.516586844740060498e-08
1.495803994542084989e-08
1.475013175318700402e-08
1.454225111949593674e-08
1.433450363703510733e-08
1.412699368873122854e-08
1.391982382249887921e-08
1.371308538749180577e-08
1.350690750760554696e-08
1.330135762327828449e-08
1.309654116423605121e-08
1.289255129751823576e-08
1.268550100141708115e-08
1.248741112758160954e-08
1.228643403080595402e-08
1.208662960072640720e-08
1.188807695364329470e-08
1.169085187272982162e-08
1.149502690519605579e-08
1.130067123912517726e-08
1.110785031497450145e-08
1.091662569425168126e-08
1.072705722429920216e-08
1.053919243807632737e-08
1.034997652977432230e-08
1.016878644959914879e-08
9.986331301800154070e-09
9.802845147651964721e-09
9.627109748476886058e-09
9.450409739219880506e-09
9.275688812184327284e-09
9.102971768385001276e-09
8.933778879127524747e-09
8.763631946504153643e-09
8.597042542071298783e-09
8.432524130683666582e-09
8.270086046521929596e-09
8.105867174361924640e-09
7.947666478276462645e-09
7.795306321146006817e-09
7.641229693799597227e-09
7.489241195148245787e-09
7.339335663632098487e-09
7.191506287270013567e-09
7.045744643470482273e-09
6.902040929754677760e-09
6.760384256989564389e-09
6.620763061052505211e-09
6.479765040007035668e-09
6.347577673645379868e-09
6.213987418962060435e-09
6.082381063531254722e-09
5.952745156221616901e-09
5.825066333243927754e-09
5.699331420078686923e-09
5.575527528974987601e-09
5.453642144516374523e-09
5.333663104045673499e-09
5.215578773253589617e-09
5.099378176713977849e-09
4.985050919102977044e-09
4.872587267055342549e-09
4.761978142106179390e-09
4.653215218043009776e-09
4.546290825373160487e-09
4.441197961210247063e-09
4.337930130577668293e-09
4.236481152599038904e-09
4.136845201119752285e-09
4.042514501973551322e-09
3.942989903220455886e-09
3.848759264291879823e-09
3.754416200283351107e-09
3.665661563377197140e-09
3.576780920022677665e-09
3.489668823012859511e-09
3.402595543603937629e-09
3.320687451881943479e-09
3.238851198314916675e-09
3.158715408213243194e-09
3.080293902352409764e-09
3.003572727040670536e-09
2.928536800554953524e-09
2.855170075917793077e-09
2.783455569655606388e-09
2.712039256970571864e-09
2.644910575690759398e-09
2.578041531798233073e-09
2.512747578635283105e-09
2.449007260191994203e-09
2.386798260633990277e-09
2.326097518776578550e-09
2.266881328096953813e-09
2.209125267058826180e-09
2.152804182272422988e-09
2.097892307546948985e-09
2.044363314914044501e-09
1.992190330835499925e-09
1.941345970329899231e-09
1.891802354639338777e-09
1.843531359032950178e-09
1.796504798233020027e-09
1.750694447106534679e-09
1.706072232957069868e-09
1.662610394185860833e-09
1.620281657084419604e-09
1.579059438787534076e-09
1.538917819543299836e-09
1.499831567755394065e-09
1.461776251272773230e-09
1.424728115033819155e-09
1.388664075112818850e-09
1.353561588692189895e-09
1.319398507005037076e-09
1.286153039378046875e-09
1.253803657999091169e-09
1.222328985788059502e-09
1.191707749361499202e-09
1.161918649602624129e-09
1.132940369071467648e-09
1.104751621324460622e-09
1.077331185991130546e-09
1.050657988109687066e-09
1.024711203646115609e-09
9.994704258228875390e-10
9.749158060197612942e-10
9.510281057373561481e-10
9.277886807128389934e-10
9.051794826928974759e-10
8.831830539650494084e-10
8.617824700058285600e-10
8.409612499229860157e-10
8.207033203460343339e-10
8.009930074672648950e-10
7.818150642522397210e-10
7.631546062856919298e-10
7.449971118488335180e-10
7.273283871732263447e-10
7.101345110952755750e-10
6.934018023195949275e-10
6.771167850188806905e-10
6.612661671130598721e-10
6.458368531208363811e-10
6.308159815708831708e-10
6.161909880660379597e-10
6.019496570324864607e-10
5.880801546155771861e-10
5.745710589203207259e-10
5.614113552270032435e-10
5.485904285500336747e-10
5.360979919629765006e-10
5.239240399487987523e-10
5.120588102614539669e-10
5.006730519022921003e-10
4.893962794725723313e-10
4.782209359718456686e-10
4.674970702678072355e-10
4.570362333233056582e-10
4.468300215690965155e-10
4.368703441913217100e-10
4.271494400728280890e-10
4.176598707828365177e-10
4.083945192763997157e-10
3.993465540653452365e-10
3.905093965737838269e-10
3.818766942112321452e-10
3.734422878613907222e-10
3.652001945763739564e-10
3.571445872188284198e-10
3.492698064589423742e-10
3.415703635396476935e-10
3.340409448764322836e-10
3.266764262670312675e-10
3.194718823231131588e-10
3.124225904888909367e-10
3.055240240680376136e-10
2.987718479260964011e-10
2.921619067250347710e-10
2.856902142296718720e-10
2.793529421440290264e-10
2.731464086546606469e-10
2.670670703575559188e-10
2.611115199165729308e-10
2.552764795038641061e-10
2.495587997136313588e-10
2.439554568327438326e-10
2.384635524003574893e-10
2.330803098474467721e-10
2.278030705904496697e-10
2.226293160700114075e-10
2.175565586125444720e-10
2.125824922603976928e-10
2.077048857326449449e-10
2.029215965759959227e-10
1.982305709542512222e-10
1.936298391138952210e-10
1.891175109940750408e-10
1.846917718619756860e-10
1.803508806715101264e-10
1.760931669364869098e-10
1.719170273862838162e-10
1.678209232247416038e-10
1.638033770004937721e-10
1.598629687006235930e-10
1.559983324514711435e-10
1.522081544068697911e-10
1.484911683600714861e-10
1.448461532852765165e-10
1.412719308074126856e-10
1.377673626722070795e-10
1.343313472281073051e-10
1.309628174345862927e-10
1.276607397517481467e-10
1.244241104745450156e-10
1.212519540513088486e-10
1.181433214477892515e-10
1.150972877566676138e-10
1.121129482058423025e-10
1.091894246601259594e-10
1.063258518319825110e-10
1.035213835370199341e-10
1.007751888732218612e-10
9.808645204799874588e-11
9.545436960318364318e-11
9.287814961920144513e-11
9.035701107826109447e-11
8.789018212226408784e-11
8.547689928639735271e-11
8.311640677002119081e-11
8.080795548452605098e-11
7.855080159908785263e-11
7.634420729435798234e-11
7.418743928756453783e-11
7.207976830227903462e-11
7.002046865467065437e-11
6.800881808661482739e-11
6.604409698760577648e-11
6.412558811093798868e-11
6.225257370124420978e-11
6.042434665411480672e-11
5.864019332529221919e-11
5.689940479684351515e-11
5.520127398846430013e-11
5.354509533527082726e-11
5.193016515131026245e-11
5.035578160433291002e-11
4.882124427912670808e-11
4.732585521766849196e-11
4.586891875337278703e-11
4.444974136888763527e-11
4.306763190315337346e-11
4.172190212216688478e-11
4.041186653331007288e-11
3.913684234649475230e-11
3.789615061717796343e-11
3.668911226928827613e-11
3.551506391856725889e-11
3.437333404871570236e-11
3.326325977793963394e-11
3.218418280144250918e-11
3.113544917266344994e-11
3.011641115191147179e-11
2.912642607101456593e-11
2.816485686423465087e-11
2.723107254287119558e-11
2.632444826609625292e-11
2.544436503917099341e-11
2.459021154117512364e-11
2.376138307529654267e-11
2.295727724014221816e-11
2.217731343994873099e-11
2.142090390552395774e-11
2.068747318798960603e-11
1.997645463644309665e-11
1.928728931592963855e-11
1.861942654665302649e-11
1.797232399267011772e-11
1.734544713634691925e-11
1.673827109255657220e-11
1.615027933417348725e-11
1.558096403576010373e-11
1.502982629017133522e-11
1.449637000718300537e-11
1.398012516083924808e-11
1.348061409923641273e-11
1.299737367813965982e-11
1.252994963452736302e-11
1.207789619634740052e-11
1.164077777181403343e-11
1.121816730895582765e-11
1.080964685098216458e-11
1.041480665000320069e-11
1.003324679405173942e-11
9.664570329295369259e-12
9.308407060980649188e-12
8.964376703965555889e-12
8.632114238010321650e-12
8.311263717157563619e-12
7.997133927605895718e-12
7.698218949797176857e-12
7.409709509006493216e-12
7.131264107801763966e-12
6.862568084741702448e-12
6.603317294790093218e-12
6.353213910491801346e-12
6.111966070599353514e-12
5.879290986258261998e-12
5.654910806272447417e-12
5.438556233950973555e-12
5.229967677993304962e-12
5.028893062770656629e-12
4.835084908399915757e-12
4.648302408261428065e-12
4.468313553046906054e-12
4.294892087845801161e-12
4.127818115679552014e-12
3.966879715560392967e-12
3.811870537986192672e-12
3.662587588193789528e-12
3.518833065060044441e-12
3.380419599398152616e-12
3.247162992235647152e-12
3.118885160822790623e-12
2.995415131158523427e-12
2.876585874953026810e-12
2.762212746478229441e-12
2.652184472246232813e-12
2.546325924816231190e-12
2.444488894115957330e-12
2.346527751549214788e-12
2.252307465972960081e-12
2.161693667636384016e-12
2.074557149269670977e-12
1.990773440731754641e-12
1.910221621039170887e-12
1.832784786736537870e-12
1.758350705570960123e-12
1.686809971458003877e-12
1.618052035053021753e-12
1.551977266370240006e-12
1.488486991048512870e-12
1.427485761675301723e-12
1.368881991257657214e-12
1.312587587855703804e-12
1.258516520614469324e-12
1.206558499595830185e-12
1.156686119877649298e-12
1.108793631517898718e-12
1.062807444102440061e-12
1.018656072593474901e-12
9.762703369920511577e-13
9.355831774592935398e-13
8.965303577768974803e-13
8.590495416368377763e-13
8.230764711307638789e-13
7.885555229403875902e-13
7.554315265267102677e-13
7.236507225866980039e-13
6.931612155965113846e-13
6.639133069405681150e-13
6.358588598974220380e-13
6.089481011340820470e-13
5.834402781934971028e-13
5.586747239264091116e-13
5.349264556447258315e-13
5.121481547866379688e-13
4.903219218966293529e-13
4.693841733159383785e-13
4.493241785006016292e-13
4.300923453858962536e-13
4.116534756610809427e-13
3.939833750185088558e-13
3.770412595352325657e-13
3.608163849451158138e-13
3.452694296030995329e-13
3.302076709795919135e-13
3.159426738569453386e-13
3.024282519906050493e-13
2.893244611793600819e-13
2.767770293835899957e-13
2.647574309259627550e-13
2.532455993552855057e-13
2.422208614047584388e-13
2.316633527877964824e-13
2.215539860267384233e-13
2.118732047273213370e-13
2.026059185326817441e-13
1.937320021587697597e-13
1.852384928712415816e-13
1.771060489454243184e-13
1.693241468295627481e-13
1.618740149439300249e-13
1.547446306583376630e-13
1.479213527009416618e-13
1.413914825440769519e-13
1.351438654006872150e-13
1.291656550232998966e-13
1.234454415303727453e-13
1.179726897763712206e-13
1.127377300376852733e-13
1.077293806342711753e-13
1.029383153971409487e-13
9.835523618505131565e-14
9.397130550477455001e-14
8.978273533464389955e-14
8.577716449391180274e-14
8.194709628495586975e-14
7.828542651949622393e-14
7.476790858016645673e-14
7.141682034312789174e-14
6.821256950766968602e-14
6.514955253355464086e-14
6.222065943123610255e-14
5.942174466815723732e-14
5.674631667487249098e-14
5.418862708736395508e-14
5.174458870393245859e-14
4.940891914190242639e-14
4.717657922152876949e-14
4.504326549514789207e-14
4.300497525291728197e-14
4.105706504006364736e-14
3.919590028787521036e-14
3.741781934340474693e-14
3.571910427168631657e-14
3.409609135095880006e-14
3.254567283296231988e-14
3.106440702142268933e-14
2.964959443854290039e-14
2.829800356184240640e-14
2.700722700664004793e-14
2.577413466780536898e-14
2.459645416058307706e-14
2.347164355569399079e-14
2.239732251142499399e-14
2.137134618062969595e-14
2.039144627794761776e-14
1.945565312618946256e-14
1.856194264589673443e-14
1.770865378131244725e-14
1.689381259538971012e-14
1.611584089984591912e-14
1.537305226189302122e-14
1.466384232607832793e-14
1.398686559317246411e-14
1.334057892008987465e-14
1.272355744508648369e-14
1.213462632690679868e-14
1.157236478791649064e-14
1.103562587850992514e-14
1.052326447758455496e-14
1.003412059324545002e-14
9.567145656157963458e-15
9.121428815092313103e-15
8.695904284351414317e-15
8.289602341335114754e-15
7.901909900352877861e-15
7.531679263803247795e-15
7.178279514841463068e-15
6.840841952245752683e-15
6.518796808124251987e-15
6.211341860736797793e-15
5.917952032192517678e-15
5.637874705763518930e-15
5.370524330519716905e-15
5.115336553273984014e-15
4.871804710515985183e-15
4.639331858019555283e-15
4.417433720528269182e-15
4.205601476597506515e-15
4.003439899094630893e-15
3.810384593779560555e-15
3.626111090962119874e-15
3.450239344904772213e-15
3.282377932083750719e-15
3.122116728026842071e-15
2.969155685144985436e-15
2.823146656452718461e-15
2.683778746560832127e-15
2.550767489654827097e-15
2.423796757722287448e-15
2.302656620004675624e-15
2.186999490530721884e-15
2.076612468751029644e-15
1.971273372376889151e-15
1.870726434440385013e-15
1.774751394271901541e-15
1.683170226526581786e-15
1.595791755503688400e-15
1.512408999069305295e-15
1.432856181068085395e-15
1.356967619585903318e-15
1.284530793548247290e-15
1.215464948918227674e-15
1.149585138722346183e-15
1.086762868984431523e-15
1.026865508138330940e-15
9.697472720410408519e-16
9.153208476135110659e-16
8.634328865635156912e-16
8.140059239525439148e-16
7.669159522297409722e-16
7.220639346670439239e-16
6.793675459511421969e-16
6.387124648239020172e-16
6.000193420500238352e-16
5.632330880396424097e-16
5.282575232881507149e-16
4.950134979614267257e-16
4.634402827888481665e-16
4.334619665722465124e-16
4.050186069863285145e-16
3.780668367633221210e-16
3.525235830931858342e-16
3.283511825190273595e-16
3.054789512004569491e-16
2.838569752692992591e-16
2.634600476494479599e-16
2.442237262742610445e-16
2.261013901499707037e-16
2.090457578134092997e-16
1.930090379070943378e-16
1.779547342512976348e-16
1.638364831952771854e-16
1.506126935731777935e-16
1.382285180444646729e-16
1.266613198629477241e-16
1.158544062986363756e-16
1.057859584429181454e-16
