# bin_3_1
1.017899206602914029e-08
1.020606687216072564e-08
1.022249258408722911e-08
1.023921173231168764e-08
1.025620675320070082e-08
1.027348130216031945e-08
1.029103904763016660e-08
1.030888365276574124e-08
1.032701879126034032e-08
1.034544815133090126e-08
1.036417542960699180e-08
1.038320432577877940e-08
1.040253854187165335e-08
1.042218178524561316e-08
1.044213776478262765e-08
1.046241018754240657e-08
1.048748610127886852e-08
1.050392260389618721e-08
1.052516698216228378e-08
1.054674267507058368e-08
1.056865335183027083e-08
1.059090266380643678e-08
1.061349426070314971e-08
1.063643177855423792e-08
1.065971882994332327e-08
1.068335901085310501e-08
1.070735590306965119e-08
1.074875154542736398e-08
1.075642345401270839e-08
1.078151220767627435e-08
1.080697203544763047e-08
1.083280628013690327e-08
1.085901825135869364e-08
1.088561122464210168e-08
1.091258839613359503e-08
1.093995288316010049e-08
1.096770779200250732e-08
1.099585625537527704e-08
1.102440134390883358e-08
1.105334603789749075e-08
1.108269324726915059e-08
1.111244580594627254e-08
1.114260655323710721e-08
1.117317825483897343e-08
1.120416354318206534e-08
1.123556495701479595e-08
1.126738492114450118e-08
1.129962566014266290e-08
1.133456436837962351e-08
1.136770077738549271e-08
1.140124758247429457e-08
1.143280210429480808e-08
1.146721085410143900e-08
1.150201613011259653e-08
1.153725408586499139e-08
1.157292606723737282e-08
1.160903336823391097e-08
1.164527562079850811e-08
1.168226417492395339e-08
1.171969665221408802e-08
1.175757344632549066e-08
1.179613335870372729e-08
1.183486941249131514e-08
1.187404436090562966e-08
1.191365780288568255e-08
1.195370893409973052e-08
1.199419661026150756e-08
1.203511954894338013e-08
1.207647673607548543e-08
1.211835526880713373e-08
1.216061988880561102e-08
1.220331081608356579e-08
1.224628899667901584e-08
1.228977635681304851e-08
1.233368337102606655e-08
1.237801499785565657e-08
1.242278304915881618e-08
1.246796462541342348e-08
1.251355339006011336e-08
1.255954755887097126e-08
1.260594336989323199e-08
1.265273653367227571e-08
1.269992196424660151e-08
1.274749357138968884e-08
1.279544515652434263e-08
1.284377068895600932e-08
1.289246412037313054e-08
1.293357747106985392e-08
1.299093136869496918e-08
1.304068714848765358e-08
1.309078048672696467e-08
1.314120458364876917e-08
1.319195168392875860e-08
1.324307366199968351e-08
1.329442602713599907e-08
1.334606787341431684e-08
1.339798923754596305e-08
1.345020969236839727e-08
1.350269176323691512e-08
1.355252513177977272e-08
1.360839347519286487e-08
1.366159104367230953e-08
1.371500436169772149e-08
1.376862028488591679e-08
1.382348125331201742e-08
1.387640433607546689e-08
1.393054275145357286e-08
1.398482471766158940e-08
1.403924231256452310e-08
1.409377109176976979e-08
1.414837091003118072e-08
1.420307100243637049e-08
1.425783737426372327e-08
1.431264839857420294e-08
1.436748312722392746e-08
1.442232741462646585e-08
1.447716272562292378e-08
1.453196399514274661e-08
1.458671715582585309e-08
1.464140043318377348e-08
1.469599204310327046e-08
1.475047145207911380e-08
1.480480742867446975e-08
1.485899265014625816e-08
1.491222674751338269e-08
1.496679904306299265e-08
1.501818099584331221e-08
1.507369297416934109e-08
1.512673901553494481e-08
1.517948361694822775e-08
1.523189409890780528e-08
1.528395344388718718e-08
1.533562094156978871e-08
1.538689355817382399e-08
1.543773275050821217e-08
1.548810951526552849e-08
1.553800166585587569e-08
1.558736126898696752e-08
1.563617286186549712e-08
1.568441036461061785e-08
1.573204230709718991e-08
1.577903450398466264e-08
1.582535649835352734e-08
1.587665980590195476e-08
1.591587495982608583e-08
1.596000101054009977e-08
1.600333408256079605e-08
1.604584555077620291e-08
1.608750452250835613e-08
1.612828045847320951e-08
1.616496239044059535e-08
1.620701903700605576e-08
1.624491734547390609e-08
1.628010757422740668e-08
1.631762750969461599e-08
1.635237526051173624e-08
1.638600448626911457e-08
1.641847863701434937e-08
1.644975982056713250e-08
1.647981427196433907e-08
1.650863627687222925e-08
1.653616062744571529e-08
1.656236121680105303e-08
1.658720956233884941e-08
1.661067542182959224e-08
1.663272384499303234e-08
1.665146689755486035e-08
1.667241740377791853e-08
1.669001107497641116e-08
1.670605304907436376e-08
1.672051475273457768e-08
1.675294729797637801e-08
1.674491128576236736e-08
1.675408788472569200e-08
1.676191684219555649e-08
1.676800817315360933e-08
1.677233197495271580e-08
1.677486219029717347e-08
1.677557051882678414e-08
1.677481901773006540e-08
1.677141893011469931e-08
1.676689096875302623e-08
1.675964000166414206e-08
1.675083396576657343e-08
1.674046461222173802e-08
1.672768565706520027e-08
1.671245324739999672e-08
1.669602184067915409e-08
1.667708376948577832e-08
1.665607738048709580e-08
1.663298131554196248e-08
1.660774257115855418e-08
1.658036450952417639e-08
1.655083054147266639e-08
1.651911856607544568e-08
1.648522540893747883e-08
1.644694483473258988e-08
1.641085340175947282e-08
1.637033765932176263e-08
1.632759638573812188e-08
1.628210573079267719e-08
1.623489840063951004e-08
1.618544859321110677e-08
1.613374303105989900e-08
1.607978986458219073e-08
1.602359887775486466e-08
1.596516832416944002e-08
1.590201614418400716e-08
1.584156487817770732e-08
1.577641387916261863e-08
1.570904300055421338e-08
1.563945958093592165e-08
1.556766916029815089e-08
1.549368013341712257e-08
1.542355448122220098e-08
1.533920143666057585e-08
1.525933303316040497e-08
1.517672087471795205e-08
1.509202753634299175e-08
1.500525117961534317e-08
1.491315673397219981e-08
1.482555470384072552e-08
1.472927093638661742e-08
1.463782960796857534e-08
1.454103531874920893e-08
1.444232551126903461e-08
1.434173522730943933e-08
1.423929850698667865e-08
1.413329430225731409e-08
1.402904075068406018e-08
1.392129870795983692e-08
1.381058318403454551e-08
1.370078573222645630e-08
1.358810654804987277e-08
1.347386937940547102e-08
1.335812277259563271e-08
1.324091629494903735e-08
1.312229368736273260e-08
1.300231170897584071e-08
1.288101750761106943e-08
1.275846292131894196e-08
1.263470603851355337e-08
1.250979659074176167e-08
1.238379193311301773e-08
1.225675039944103272e-08
1.212872574958227052e-08
1.199977788881770125e-08
1.186996606468524977e-08
1.173934583173544378e-08
1.160798113965405857e-08
1.147592902294834288e-08
1.134325061191722901e-08
1.121000741190869578e-08
1.107625891556838040e-08
1.094206602212106861e-08
1.080749054082992582e-08
1.067259074501845870e-08
1.053742856288902783e-08
1.040206287885062258e-08
1.026655273933279868e-08
1.013095826515216107e-08
9.995337097072096042e-09
9.859747363711026520e-09
9.722702836611842748e-09
9.588890399586105793e-09
9.453734464813380736e-09
9.318833695168431949e-09
9.184240777651335504e-09
9.050008740844310313e-09
8.916188532223435292e-09
8.782830587426339088e-09
8.649983756676087354e-09
8.517696263248643030e-09
8.386014172761481100e-09
8.254982892740113343e-09
8.124646032299900375e-09
7.992569662598536581e-09
7.866223556582481681e-09
7.738218513027022332e-09
7.611068690218020013e-09
7.484810868591245525e-09
7.359490520153499522e-09
7.235120644816755104e-09
7.111743669228138851e-09
6.989389952685632915e-09
6.868088298435592066e-09
6.747865770876488188e-09
6.628747829909198252e-09
6.510758301332680031e-09
6.393919548193228310e-09
6.278252429723111812e-09
6.163776261270982321e-09
6.050574714921346432e-09
5.937369893172831014e-09
5.827730966926068708e-09
5.718183443188143730e-09
5.609929737723496759e-09
5.502925681145083833e-09
5.397209428076663175e-09
5.292833823661061966e-09
5.189649857250240257e-09
5.087847499347731683e-09
4.985702281961527799e-09
4.888207320802830971e-09
4.790373536402907006e-09
4.693879745072594538e-09
4.598655454431311301e-09
4.504836085301151397e-09
4.412358803366362341e-09
4.321984332789577337e-09
4.230085142534392559e-09
4.142990762452478490e-09
4.055889533151378549e-09
3.970190651214146992e-09
3.885771461968258694e-09
3.802689700336504243e-09
3.720941947495267302e-09
3.640523993221806807e-09
3.561430878277485675e-09
3.483656956068663714e-09
3.407195910749997382e-09
3.332040767079907600e-09
3.258183820645972710e-09
3.185616541353055621e-09
3.114329681181160313e-09
3.044313324093147037e-09
2.975555079265824281e-09
2.908047003364109200e-09
2.841775350712656060e-09
2.776727654018315473e-09
2.712891043282307065e-09
2.650252383396866690e-09
2.588798304396454068e-09
2.528516993380940181e-09
2.469391771284064431e-09
2.411410984947795590e-09
2.354561438604856487e-09
2.298865640121302272e-09
2.244238353735785862e-09
2.190703442785163769e-09
2.139475240592265900e-09
2.086861607930582192e-09
2.036530580017073728e-09
1.987243591356789536e-09
1.938988923923286924e-09
1.891754799939828904e-09
1.845529388117881115e-09
1.800300792231915563e-09
1.756056885881652227e-09
1.712785474367267259e-09
1.670474355724522726e-09
1.629111220427258048e-09
1.588683814435587655e-09
1.549179703210926259e-09
1.510586529786182603e-09
1.472371115371361348e-09
1.436083145660676308e-09
1.399604596087113954e-09
1.365073542296070753e-09
1.330847499427616700e-09
1.297437845010747387e-09
1.264870738353010386e-09
1.233113870933728473e-09
1.202154205727767406e-09
1.171978399808896077e-09
1.142590446318595274e-09
1.113518135426468849e-09
1.085632769386637342e-09
1.058847751527275496e-09
1.032374813197065006e-09
1.006596034729374251e-09
9.814949180539023946e-10
9.570547649401987168e-10
9.332586797362411100e-10
9.100896665751353800e-10
8.875308580418807245e-10
8.655656835660445128e-10
8.441779071636434540e-10
8.233517814888474758e-10
8.031965363451352103e-10
7.833243592996115178e-10
7.640944777332340536e-10
7.453690022236120059e-10
7.271246923131097430e-10
7.091629655992255938e-10
6.922189757451000988e-10
6.752492570696900687e-10
6.588689924685604468e-10
6.429117949419949307e-10
6.273757957477732821e-10
6.123786711988965327e-10
5.975239789507355248e-10
5.831857675006853651e-10
5.692274053858380120e-10
5.556375450966853982e-10
5.425259832796893079e-10
5.296335399052641537e-10
5.169802558400237352e-10
5.047667483908311706e-10
4.928738894150499594e-10
4.812874712538254829e-10
4.701088768938078813e-10
4.591195613877515221e-10
4.484252325573500671e-10
4.380036832411977754e-10
4.278420210835094045e-10
4.179427170373300322e-10
4.083033162889458747e-10
3.989083934183301208e-10
3.897482717217894938e-10
3.808175935019666801e-10
3.721137723270903764e-10
3.636285180681887368e-10
3.553523059247224213e-10
3.472788778023576523e-10
3.394060172384193945e-10
3.317254779558538246e-10
3.242309895195316670e-10
3.169175772585379563e-10
3.097798934160720016e-10
3.028143270355030920e-10
2.960143517879663887e-10
2.893750319583895209e-10
2.828928945740460471e-10
2.765620312950733824e-10
2.703785116420398339e-10
2.643381924719879958e-10
2.584359815964077308e-10
2.526166144722926513e-10
2.469810425213922354e-10
2.414720432266439893e-10
2.360859317732408556e-10
2.308191806705251180e-10
2.256684107332137295e-10
2.206303796042310201e-10
2.157019692078533060e-10
2.108801726003435667e-10
2.061620829641973831e-10
2.015448839495618460e-10
1.970258454574043986e-10
1.926023240977227911e-10
1.882717626500589700e-10
1.840316920634400009e-10
1.798797341742868953e-10
1.758136036996909650e-10
1.718311081367511105e-10
1.679301448589256213e-10
1.641086981428407540e-10
1.603648343717721271e-10
1.566966972159662456e-10
1.531025024560879025e-10
1.495805328792493175e-10
1.461291336432709627e-10
1.427467119291596450e-10
1.394317309097365016e-10
1.361828107710956427e-10
1.329983196091110379e-10
1.298769871378298684e-10
1.268174900199741305e-10
1.238185539357611771e-10
1.208789520545946082e-10
1.179975026695490154e-10
1.151730671093858290e-10
1.124045472209911254e-10
1.096908830810444783e-10
1.070310505814554863e-10
1.044240601860734428e-10
1.018689548216855967e-10
9.936480807052008418e-11
9.691072273847580053e-11
9.450582969013617981e-11
9.214928616093818691e-11
8.984027419712820344e-11
8.757799853725532397e-11
8.536168846728634316e-11
8.319059170886768779e-11
8.106397615978875064e-11
7.898112785378079529e-11
7.694134964736751397e-11
7.494396027360225321e-11
7.298829332442014729e-11
7.107369596072074143e-11
6.919952836511819743e-11
6.737201649794107630e-11
6.557657064274768501e-11
6.381971554858429782e-11
6.210084565926702012e-11
6.041936952866667859e-11
5.877471773049524162e-11
5.716633148342961432e-11
5.559364988202070174e-11
5.405610574283331479e-11
5.255314664337016776e-11
5.108422352394447293e-11
4.964879827313852339e-11
4.824634559776348314e-11
4.687634097475857546e-11
4.553825650799462658e-11
4.423157115971147781e-11
4.295577049519786508e-11
4.171033883332865045e-11
4.049477111831041042e-11
3.930856647180525235e-11
3.815122419727908740e-11
3.702224768126763592e-11
3.592114723466925939e-11
3.484743177577448268e-11
3.380061027871522342e-11
3.278019924582682128e-11
3.178571713442385177e-11
3.081668927190655697e-11
2.987264783724732208e-11
2.895312755363582880e-11
2.805765867109242571e-11
2.718577434512961273e-11
2.633701075220543911e-11
2.551090944158011651e-11
2.470702328571586891e-11
2.392491007145084075e-11
2.316412700427458673e-11
2.242421506771360139e-11
2.170476307639318930e-11
2.100531887761121872e-11
2.032545442298963579e-11
1.966475372131937254e-11
1.902280315171390236e-11
1.839918721424159292e-11
1.779349246354874562e-11
1.720530807239637917e-11
1.663422949587190064e-11
1.607986547635084575e-11
1.554183194133628287e-11
1.501974521567715202e-11
1.451322214540036270e-11
1.402188262853666960e-11
1.354535061057171455e-11
1.308326118521975306e-11
1.263526260388893624e-11
1.220100621243209623e-11
1.178014395629662422e-11
1.137233062594815480e-11
1.097722412729778163e-11
1.059028325226655348e-11
1.021975911388424067e-11
9.860963212944280258e-12
9.513581224244515752e-12
9.177304374746916441e-12
8.851832199153151144e-12
8.536871568929830248e-12
8.232131752625136618e-12
7.937326434917254987e-12
7.652173579907030215e-12
7.376400513336653451e-12
7.109739128336891681e-12
6.851929778455711130e-12
6.602717425188199027e-12
6.361850448647933561e-12
6.129082865159748377e-12
5.904174881598893781e-12
5.686891832793052786e-12
5.477005862304804701e-12
5.274296305234084823e-12
5.078545459292834377e-12
4.889539976768103174e-12
4.707072699263496638e-12
4.530940248893953115e-12
4.360943533648787440e-12
4.196893118152025850e-12
4.038603197511897674e-12
3.885890861479649902e-12
3.738560372905465588e-12
3.596474495674925108e-12
3.459446637351595644e-12
3.327313504851257467e-12
3.199917812558016451e-12
3.077105477009552312e-12
2.958725741014808985e-12
2.844632584152937290e-12
2.734681796741351911e-12
2.628734684022276359e-12
2.526658566799179587e-12
2.428324374651486349e-12
2.333605347277629385e-12
2.242378334832873884e-12
2.154524961811894004e-12
2.069930036441404168e-12
1.988481877631615642e-12
1.910073197991617578e-12
1.834599439507573361e-12
1.761957305152576449e-12
1.692045468705717013e-12
1.624769936915511187e-12
1.560037608181457154e-12
1.497758835597185715e-12
1.437847858789112227e-12
1.380220843600119590e-12
1.324774519180895872e-12
1.271474808111860553e-12
1.220222853082918959e-12
1.170944230690619389e-12
1.123564759083559927e-12
1.078018030252753557e-12
1.034236911359382840e-12
9.921570456018029316e-13
9.517165511427889271e-13
9.128553547696089890e-13
8.755155311196195279e-13
8.396415751502448023e-13
8.051791997165850725e-13
7.720718796630087952e-13
7.402711659053657616e-13
7.097282920951402355e-13
6.803961763633363483e-13
6.522298005411046853e-13
6.251858874478208105e-13
5.992221188310661806e-13
5.744925380696095343e-13
5.505536140613326655e-13
5.275785434638802528e-13
5.055248562759431255e-13
4.843627832659912786e-13
4.640526110419293000e-13
4.445668555041753024e-13
4.258684421135906663e-13
4.079294663321662215e-13
3.907229985563280386e-13
3.742155647205420781e-13
3.583823754751735509e-13
3.431994036976736378e-13
3.285243285820249847e-13
3.146718732436184692e-13
3.012817284185344538e-13
2.884219982502545512e-13
2.761172785669255162e-13
2.643223446858322486e-13
2.530162318994190866e-13
2.421772323520624652e-13
2.317887283001585620e-13
2.218325475961801039e-13
2.122914372156416889e-13
2.031487979038269247e-13
1.943887172503576580e-13
1.859961729153631677e-13
1.779568517377837633e-13
1.702563671620382929e-13
1.628784933222478331e-13
1.558114783278261751e-13
1.490425916390426215e-13
1.425597613998083754e-13
1.363516900227177863e-13
1.304074428539692589e-13
1.247163223313798080e-13
1.192328848256422188e-13
1.140169395089924733e-13
1.090236793536107875e-13
1.042439849696831301e-13
9.966821743180745734e-14
9.528679141713489870e-14
9.109179497269824836e-14
8.707856085705197329e-14
8.323707940284216738e-14
7.956141659265908249e-14
7.604370271198081809e-14
7.267846317895187668e-14
6.945857625039909792e-14
6.637814864777357015e-14
6.343153309831517546e-14
6.061282792923011637e-14
5.791631669434302615e-14
5.533703532272363185e-14
5.287076869901974574e-14
5.051136845324362771e-14
4.825538277442103279e-14
4.609808982028552391e-14
4.403479585901087642e-14
4.206244161712839336e-14
4.016254209404046750e-14
3.836339244874179202e-14
3.664427446977669964e-14
3.500218132567878334e-14
3.343327162733177772e-14
3.193097009586454643e-14
3.049459303890040148e-14
2.912137733190898934e-14
2.779035523455910632e-14
2.653380800316143966e-14
2.533310451802570260e-14
2.418621396330364760e-14
2.308960758301689178e-14
2.204227230051504838e-14
2.104128742864050359e-14
2.008526511652912874e-14
1.917166380848990301e-14
1.829885206783759811e-14
1.746504426373472264e-14
1.666845272058796407e-14
1.590771389662548022e-14
1.518096421968785217e-14
1.448679629997074521e-14
1.382377962346392377e-14
1.319037765344425349e-14
1.258556927546608589e-14
1.200787378897603342e-14
1.145615711864484908e-14
1.092920678262824447e-14
1.042603596449991508e-14
9.945468598924255354e-15
9.486556427690854960e-15
9.048300116725073833e-15
8.629772338165075001e-15
8.230204693487862751e-15
7.848677503313812995e-15
7.484372907117383963e-15
7.136548076167614249e-15
6.804438533340253273e-15
6.487496105366566029e-15
6.184883784942985611e-15
5.895926229818096789e-15
5.620159301346593775e-15
5.356918050497524948e-15
5.105581961419685428e-15
4.865705503466242153e-15
4.636667058870711892e-15
4.418002681271767546e-15
4.209328136057537904e-15
4.010108068976418609e-15
3.819900707518392172e-15
3.638381649258856765e-15
3.465059138670002702e-15
3.299632483843964459e-15
3.141720044263824444e-15
2.990994602232138802e-15
2.847149407006962167e-15
2.709873104987308635e-15
2.578891511181866781e-15
2.453795601431271912e-15
2.334451752330763677e-15
2.220612429991688525e-15
2.111968235377536013e-15
2.008280026339954757e-15
1.909335255738527286e-15
1.814926765098285246e-15
1.724806030062124810e-15
1.638846174200691120e-15
1.556810981010752262e-15
1.478568923440673518e-15
1.403927235643777771e-15
1.332725620447758893e-15
1.264806146650655591e-15
1.200022684026638761e-15
1.138257377701263227e-15
1.079333897667171081e-15
1.023171006742828460e-15
9.696112703082388791e-16
9.185462810962943827e-16
8.698716628616993011e-16
8.234864709202739308e-16
7.792566490514480854e-16
7.371343306368034480e-16
6.970121862662518764e-16
6.587887568899656075e-16
6.223989452061360688e-16
5.877645184238809422e-16
5.547807376535136924e-16
5.233937628402225185e-16
4.935412709759157974e-16
4.651557936977032722e-16
4.381694582790590891e-16
4.125203528031766812e-16
3.881745919748422950e-16
3.650346284062158889e-16
3.430812312203690243e-16
3.222598222766660002e-16
3.025061454064598052e-16
2.837788870968294631e-16
2.660327210540557854e-16
2.492172070045103465e-16
2.333095776293048690e-16
2.182482298852421802e-16
2.039987194998282112e-16
1.905256411245662424e-16
1.777893728999307264e-16
1.657440990524202152e-16
1.544003626115523898e-16
1.436802688780480013e-16
1.335909487295030460e-16
1.240907843030120225e-16
1.151335485593234803e-16
1.067359030400772332e-16
9.882690016794206402e-17
9.141490682666355325e-17
8.445565568547857746e-17
7.792500520720267690e-17
7.181754800743183068e-17
6.610639680721478359e-17
6.075476311139007263e-17
5.575578178445176014e-17
5.109131603574935210e-17
4.673498488192252256e-17
4.267788194985875548e-17
