# bin_3_3
1.241648189997879264e-08
1.243864791046903276e-08
1.246119285999728269e-08
1.248409502179886108e-08
1.250741157487753179e-08
1.253112388721029348e-08
1.255523763133522972e-08
1.257975850382478382e-08
1.260469224144473037e-08
1.263004462542190448e-08
1.265582147546667865e-08
1.268202864486431586e-08
1.270867261741824792e-08
1.273575914712305343e-08
1.276329355179021900e-08
1.279128183986686862e-08
1.281973005673089185e-08
1.284864431654074744e-08
1.288507688880925276e-08
1.291508649523095597e-08
1.293824492635096678e-08
1.296908481449091138e-08
1.300042143812442284e-08
1.303226096514223442e-08
1.306460957238851874e-08
1.309747345312931620e-08
1.313085881864804401e-08
1.318022242694114614e-08
1.321431031260193092e-08
1.323420597686706772e-08
1.326972971182969910e-08
1.330581689907159203e-08
1.334246304683917661e-08
1.337967428610697728e-08
1.341745669970785003e-08
1.345581632362925712e-08
1.349475921502733269e-08
1.353429148904445691e-08
1.357441922958460523e-08
1.361514846140350861e-08
1.365648516974447693e-08
1.369843529294626143e-08
1.374100480695935038e-08
1.378419964436182064e-08
1.382802563204905132e-08
1.387248853348836602e-08
1.391759402562237830e-08
1.396334761025488462e-08
1.400973766795718381e-08
1.405679742149357818e-08
1.410452087861969633e-08
1.415291350385094096e-08
1.420198062190572205e-08
1.425177605159587269e-08
1.430221201227346377e-08
1.435333644443230529e-08
1.440515413729818604e-08
1.446303021477947745e-08
1.451610568889245796e-08
1.456481340575129263e-08
1.461944991770230160e-08
1.467480143563393852e-08
1.473086686308042980e-08
1.478765711605113342e-08
1.484517235322711225e-08
1.490341720718148793e-08
1.496238906781785521e-08
1.502209393961400604e-08
1.508253447802299132e-08
1.514371341130618034e-08
1.520563321616535862e-08
1.526837585478407815e-08
1.533176661526872472e-08
1.539589747201700574e-08
1.546077078762599512e-08
1.552638868297129200e-08
1.559278810346279280e-08
1.565992577559743287e-08
1.572780975453182977e-08
1.579643962256708106e-08
1.586581464915518314e-08
1.593593370013159610e-08
1.600679501334403446e-08
1.607839763784379869e-08
1.615073875110088022e-08
1.622381669928906443e-08
1.629762850924829660e-08
1.637216988884351947e-08
1.644743602304184222e-08
1.652342176111829978e-08
1.660012248434921417e-08
1.667753444403646140e-08
1.674418945889446725e-08
1.683453284290422535e-08
1.691403062316975738e-08
1.699421116419996818e-08
1.707506874708898296e-08
1.715661860632696907e-08
1.723883111365165033e-08
1.732169548419144533e-08
1.741031139741230283e-08
1.748934342342580019e-08
1.757410896283850474e-08
1.765948773648659714e-08
1.773331622834190001e-08
1.783203659156937409e-08
1.791918023637652580e-08
1.800688243465268625e-08
1.809514085323783337e-08
1.818393020267454308e-08
1.827323465291193096e-08
1.836301657543374733e-08
1.845330725744797993e-08
1.854406590590330677e-08
1.863527274762539395e-08
1.872690895898831275e-08
1.881895577676295517e-08
1.891139418703552513e-08
1.900420524067074211e-08
1.909572717406991617e-08
1.918951376721848058e-08
1.928464771865179338e-08
1.937872863116231288e-08
1.947306433830128210e-08
1.956763155349218558e-08
1.966241453215069632e-08
1.975737065139460603e-08
1.985248300545593754e-08
1.994772296392019691e-08
2.004306004874211603e-08
2.014195345576728374e-08
2.023389605658117983e-08
2.032932914325694388e-08
2.042475004607414439e-08
2.052011522193012450e-08
2.061539003371140660e-08
2.071054765599058579e-08
2.080553066882634414e-08
2.090031898620684698e-08
2.099487962499867369e-08
2.108917376091048192e-08
2.118315946127139186e-08
2.127679843730669709e-08
2.138813266140690281e-08
2.146288370929826712e-08
2.155524321888470367e-08
2.164709632312706778e-08
2.173965448741803909e-08
2.182912531080365877e-08
2.191921489680381376e-08
2.200862471896202024e-08
2.209730607169583414e-08
2.218521269767045403e-08
2.223451003047591413e-08
2.235854168079137367e-08
2.244387245754089498e-08
2.252686034225403405e-08
2.261161645490611930e-08
2.269392454021438009e-08
2.277512233103861384e-08
2.285517424454200950e-08
2.293404024704183257e-08
2.301163265217297110e-08
2.308791999227156781e-08
2.316285335148049689e-08
2.323636900523917563e-08
2.330842567778532784e-08
2.337897203205306819e-08
2.344795022652040961e-08
2.351530216266672127e-08
2.358224445475749456e-08
2.368072572333868824e-08
2.370707062560874196e-08
2.376739321862079506e-08
2.382582678072108885e-08
2.388230442674557432e-08
2.393677694027817148e-08
2.398919087982813560e-08
2.404244244158258104e-08
2.408762411858583977e-08
2.413354143202324091e-08
2.417716910073162604e-08
2.421845333697719629e-08
2.425737013506287983e-08
2.429386398827803547e-08
2.432785190094196215e-08
2.435929131993730782e-08
2.438813106475920102e-08
2.441432464791746481e-08
2.443781095082887664e-08
2.445856484783651103e-08
2.447650704023965980e-08
2.449160115299798341e-08
2.450379795677869866e-08
2.450805016648591352e-08
2.455340591787089327e-08
2.452252450800248894e-08
2.452266678766979130e-08
2.451967553262773360e-08
2.451351619418626857e-08
2.450415147412049573e-08
2.449154427549995965e-08
2.447564915345807497e-08
2.445641804535892368e-08
2.443382490188194944e-08
2.440784528100061547e-08
2.437844295201034972e-08
2.434557352445365569e-08
2.430920851170088480e-08
2.426933054686443867e-08
2.422591336328009954e-08
2.417893090413747186e-08
2.412835554741123181e-08
2.407616594835376743e-08
2.401634649029296377e-08
2.395489379824537224e-08
2.388977652650927655e-08
2.382098875304688099e-08
2.374852195067838943e-08
2.367236878898931971e-08
2.359253011988713154e-08
2.350899581381111466e-08
2.342176633760798444e-08
2.333039499845085745e-08
2.323625111442045408e-08
2.313797576908553812e-08
2.303602388134491787e-08
2.293043093279144877e-08
2.282120479329813183e-08
2.270836063314371735e-08
2.259192484669110361e-08
2.247191565086885205e-08
2.234836611439881753e-08
2.222130641873762543e-08
2.209076699914661192e-08
2.195678603408867614e-08
2.181940438946289184e-08
2.167869373550529022e-08
2.153460020598068346e-08
2.138730707944362391e-08
2.123676090472277288e-08
2.108305514457996303e-08
2.092620972630880422e-08
2.076635181262068018e-08
2.060351379368066199e-08
2.043775816871135049e-08
2.026915588256802500e-08
2.009777934326982429e-08
1.992369934764354397e-08
1.974699779390558871e-08
1.956775172312838238e-08
1.938604485678740827e-08
1.920196365761401686e-08
1.900829524479087263e-08
1.882702906119376268e-08
1.863636003390784510e-08
1.844368018341703402e-08
1.824908791781878070e-08
1.805268069741068187e-08
1.787153937645398117e-08
1.765482479792048978e-08
1.745358267380157830e-08
1.725093798458539020e-08
1.704699797098099508e-08
1.684187033562662221e-08
1.663566421717373829e-08
1.642849024071457820e-08
1.622045835849397561e-08
1.601033173294867236e-08
1.580228983213933629e-08
1.559235475477628447e-08
1.538200942850156155e-08
1.518384761415475425e-08
1.496053707150963036e-08
1.474963269309917967e-08
1.453732653425209789e-08
1.432803895467430102e-08
1.411756728908905474e-08
1.390747861928533590e-08
1.369783280398893220e-08
1.348875704005487072e-08
1.328033225719305474e-08
1.307270243230895517e-08
1.286594397153208412e-08
1.266015252223543826e-08
1.245542117128364413e-08
1.225071159480418479e-08
1.204949628420308396e-08
1.184847374846462962e-08
1.164885298468099895e-08
1.145071079783058143e-08
1.125412036791530324e-08
1.105915105498543010e-08
1.086586836955741144e-08
1.067433390319103025e-08
1.048460516660825471e-08
1.029673564165488625e-08
1.011077478069967405e-08
9.926768191035462251e-09
9.744757170559941480e-09
9.564779164420196469e-09
9.386857779895845991e-09
9.211054821827818847e-09
9.036516546721685404e-09
8.865813823009919657e-09
8.696430152590295793e-09
8.529224755901921578e-09
8.363419664177484387e-09
8.201389692601544663e-09
8.040771693468901858e-09
7.882355683869390692e-09
7.725893522440238693e-09
7.571874637341559615e-09
7.425802483613951294e-09
7.270388546181038332e-09
7.122899033496367444e-09
6.977560632331666387e-09
6.834357671690248171e-09
6.693272931290314499e-09
6.554288057400244291e-09
6.417383750492109162e-09
6.282540089084871774e-09
6.149736513722508661e-09
6.019137890946408223e-09
5.890343901931257197e-09
5.763526647237251514e-09
5.638665291846687580e-09
5.515739343552278520e-09
5.394728792757458921e-09
5.275614528602724297e-09
5.158378284528122244e-09
5.043002784010521129e-09
4.929472083046817318e-09
4.817771566715967407e-09
4.707887631826504080e-09
4.599808189297904877e-09
4.493522487212024696e-09
4.388902573120364827e-09
4.286177578674425856e-09
4.185220944756342494e-09
4.086027044268472663e-09
3.988591239486465512e-09
3.892909781414838055e-09
3.798979269554937437e-09
3.706380278234041545e-09
3.616015355124349418e-09
3.527771117395804787e-09
3.441190811388815439e-09
3.355958564573691975e-09
3.272459809808929416e-09
3.190691025996567129e-09
3.110648239128844216e-09
3.032326748630577897e-09
2.955720666619812961e-09
2.880822865677650582e-09
2.807624879948608193e-09
2.736116755871185771e-09
2.666286858218446908e-09
2.598121740744413763e-09
2.531606083411613399e-09
2.466722786737831851e-09
2.403452832447262233e-09
2.341537631273282995e-09
2.281433940198092204e-09
2.222873763173722021e-09
2.165830052612657173e-09
2.110273909771361322e-09
2.056174643754372141e-09
2.003499863555311356e-09
1.952215890253007458e-09
1.902287994943887289e-09
1.853681002421190597e-09
1.806359400042492444e-09
1.761489873039804920e-09
1.715611004851883864e-09
1.671927466782311604e-09
1.629390285305630852e-09
1.587967285724527758e-09
1.548539403544493249e-09
1.508342435402336902e-09
1.470083993217400206e-09
1.432826520638549013e-09
1.396545706573236414e-09
1.361217342490939767e-09
1.326822217928412327e-09
1.294117651511503979e-09
1.260745035765483407e-09
1.228897738054720004e-09
1.198858291660181234e-09
1.167998932214993938e-09
1.138780607668737543e-09
1.110357811903713419e-09
1.082711500388426169e-09
1.055927170089715906e-09
1.029773152834683463e-09
1.004338420564477212e-09
9.796039649673160165e-10
9.555509075707638884e-10
9.321604625036935242e-10
9.094139833968566966e-10
8.872930369418210870e-10
8.657794618084205702e-10
8.448554137357734059e-10
8.244235286102069527e-10
8.047063280139773934e-10
7.853723059950655812e-10
7.666384701075669390e-10
7.484116546327718578e-10
7.306769277508752114e-10
7.134198478877409083e-10
6.966263505716469201e-10
6.799621652801915347e-10
6.643758776475711142e-10
6.489517289628417303e-10
6.338202400263460367e-10
6.188565142328795828e-10
6.048591733423858495e-10
5.909467120751391488e-10
5.773976679681613681e-10
5.642010232048618284e-10
5.513460372658774278e-10
5.388222636197518144e-10
5.266194876896392506e-10
5.147277315715121179e-10
5.031372184740141088e-10
4.918383945985390717e-10
4.808219396424111222e-10
4.700787759754398296e-10
4.596001171420908410e-10
4.493774744493307440e-10
4.394026787733325610e-10
4.296678764393417986e-10
4.201655238360324165e-10
4.108883773014946695e-10
4.018300181034035680e-10
3.929825784292276887e-10
3.843401182670132470e-10
3.758963222821021400e-10
3.676450642471311282e-10
3.595803990407046192e-10
3.516965707756358432e-10
3.439880151634435645e-10
3.364493636653848467e-10
3.290753936610633964e-10
3.218612673596535309e-10
3.148021734176634683e-10
3.078935566520024934e-10
3.011310508617692702e-10
2.945104671990914561e-10
2.880277836247100688e-10
2.816791348495750617e-10
2.754608031579214220e-10
2.693692115859517008e-10
2.634009220114238219e-10
2.575526285507160659e-10
2.518211566804284687e-10
2.462034598423455734e-10
2.406966180207402153e-10
2.352978339204365806e-10
2.300044292426991585e-10
2.248138410306699291e-10
2.197236170770898264e-10
2.147314112537904744e-10
2.098349786047088926e-10
2.050321705252394367e-10
2.003209300443311874e-10
1.956992882531102456e-10
1.911653600197712524e-10
1.867173401174414152e-10
1.823534997101262383e-10
1.780721830746037155e-10
1.738718039378374002e-10
1.697508417423572953e-10
1.657078375712512161e-10
1.617413940697806128e-10
1.578501673098562764e-10
1.540328666900250943e-10
1.502882510273947328e-10
1.466151253865337748e-10
1.430123384690790274e-10
1.394787798653707584e-10
1.360133771366976790e-10
1.326150937032104930e-10
1.292829263729882372e-10
1.260159078836782801e-10
1.228130839819840162e-10
1.196735429863868515e-10
1.165963923622289314e-10
1.135807598215340731e-10
1.106257999486650830e-10
1.077306801141700183e-10
1.048945867746238152e-10
1.021167215890922403e-10
9.939630115086873949e-11
9.673255413321087122e-11
9.412472040051779391e-11
9.157205030272338668e-11
8.907380285026589859e-11
8.662924488558255468e-11
8.423504612177571500e-11
8.189577103299348600e-11
7.960802184929003725e-11
7.737108802519172872e-11
7.518426265610674739e-11
7.304684188486756925e-11
7.095812254568106710e-11
6.891740938949053151e-11
6.692400628125257421e-11
6.497721052777927784e-11
6.307632763633955964e-11
6.122066929834047363e-11
5.940953926669979640e-11
5.764224482792054222e-11
5.591809383672713975e-11
5.423639438424941263e-11
5.259645515572038233e-11
5.099758540417779884e-11
4.943909450705074224e-11
4.792029301840880324e-11
4.644049254221836141e-11
4.499900559029724332e-11
4.359514582052406280e-11
4.222822862315220786e-11
4.089757095377446788e-11
3.960249134276333568e-11
3.834231108150550151e-11
3.711635021085542397e-11
3.592394364242233148e-11
3.476441700405811749e-11
3.363710370385080185e-11
3.254134084385142599e-11
3.147646905678859346e-11
3.044183441262105016e-11
2.943678733226425156e-11
2.846416189221744176e-11
2.751625587627672113e-11
2.659602252106256641e-11
2.570283351866258064e-11
2.483606777601661541e-11
2.399511040214331479e-11
2.317934841346635463e-11
2.238819038698457355e-11
2.162103738265534071e-11
2.087730257236392824e-11
2.015640774235870952e-11
1.945778224866110236e-11
1.878086360055228166e-11
1.812509758930498141e-11
1.748993779428955423e-11
1.687484743280233091e-11
1.627929810981268167e-11
1.570277019907672857e-11
1.514475308317706186e-11
1.460473908315000671e-11
1.408224670091419554e-11
1.357678700608141554e-11
1.308788573999923882e-11
1.261507772025557988e-11
1.215790646444919560e-11
1.171592589095563283e-11
1.128869869632346714e-11
1.087579691832147784e-11
1.047680105771195727e-11
1.009130170201889039e-11
9.718892681023603062e-12
9.359194797968458322e-12
9.011819085411679291e-12
8.676392096380310095e-12
8.352549734491669560e-12
8.039936435658645604e-12
7.738204703332351798e-12
7.447016154902372039e-12
7.166041265911367920e-12
6.894958637638148004e-12
6.633454225567111663e-12
6.381217275960482493e-12
6.137963565953223256e-12
5.903397329156685308e-12
5.677236681923232984e-12
5.459208584054112296e-12
5.249046936096119388e-12
5.046492143850428999e-12
4.851293315967001032e-12
4.663206264491803802e-12
4.481986162114764233e-12
4.307416668588708800e-12
4.139267167881764262e-12
3.977319800558040907e-12
3.821363960485525666e-12
3.671195431448850035e-12
3.526615013901133008e-12
3.387430684119830056e-12
3.253448661942000510e-12
3.124502239666356079e-12
3.000409153515176361e-12
2.880999170996129050e-12
2.766107544385392456e-12
2.655575405670902741e-12
2.549247582364723906e-12
2.446975439502928927e-12
2.348606165034426701e-12
2.254015729496160493e-12
2.163060643492444353e-12
2.075609693088020344e-12
1.991536441657222126e-12
1.910717909900180794e-12
1.833032240073489743e-12
1.758367567032023940e-12
1.686618812048037538e-12
1.617674006600805968e-12
1.551429736528143796e-12
1.487786285586350310e-12
1.426646777258405769e-12
1.367912987388739646e-12
1.311505782807595958e-12
1.257329706831761706e-12
1.205306935872995805e-12
1.155350521801491712e-12
1.107388253601066365e-12
1.061338835457658690e-12
1.017131697396934204e-12
9.747011968045808594e-13
9.339758247611770818e-13
8.948903293892879345e-13
8.573817909738365154e-13
8.213852282222597275e-13
7.868485206395257629e-13
7.537134437721479782e-13
7.219280845220674414e-13
6.914352779188642394e-13
6.621870549466260346e-13
6.341348475498645883e-13
6.072318732684758095e-13
5.814330664172901202e-13
5.566950246632532748e-13
5.329759837709347183e-13
5.102342958201224691e-13
4.884341639887920686e-13
4.675349672254549055e-13
4.475036065129228446e-13
4.283042889380377467e-13
4.099033370759232289e-13
3.922693300242336158e-13
3.753721869302495612e-13
3.591815169470264262e-13
3.436688892001350523e-13
3.288069632023292030e-13
3.145694507776038749e-13
3.009310766380773949e-13
2.878675405554996207e-13
2.753569538554551161e-13
2.633739510449083184e-13
2.518984171735900090e-13
2.409096283836128565e-13
2.303876673786412822e-13
2.203134109454602223e-13
2.106672819181647785e-13
2.014341548997275459e-13
1.925938758978252958e-13
1.841334578983794834e-13
1.760345536259144177e-13
1.682835592154225778e-13
1.608647414855491950e-13
1.537660471134946389e-13
1.469425667431976808e-13
1.404470991800489777e-13
1.342325508312906484e-13
1.282867009098936655e-13
1.225984680705033146e-13
1.171834982941656513e-13
1.119767886461244925e-13
1.069968374327289490e-13
1.022342370341745630e-13
9.768000424354951364e-14
9.328998303239025880e-14
8.912163025960830505e-14
8.513534745034230300e-14
8.132330608668156235e-14
7.767853168018168035e-14
7.423940661152161697e-14
7.091143253650606105e-14
6.767769153414827159e-14
6.463344874953578113e-14
6.172286845785792605e-14
5.894142010171601147e-14
5.628317871626932201e-14
5.374223972369893786e-14
5.131426061182167469e-14
4.899441632163288030e-14
4.677701860663078378e-14
4.465810571326285907e-14
4.263419096996201959e-14
4.069999081943943343e-14
3.885212625772339040e-14
3.708688446130833414e-14
3.540049584476764025e-14
3.378955059818474830e-14
3.225068765805154579e-14
3.078065679467314820e-14
2.937665814327486051e-14
2.803555228805427827e-14
2.675485630948250816e-14
2.553152764536358420e-14
2.436318710792313307e-14
2.324755224711413466e-14
2.218203587258279468e-14
2.116456593155194640e-14
2.019281777833139611e-14
1.926495629079537102e-14
1.837878633863852752e-14
1.753285242860042316e-14
1.672517190475603295e-14
1.595383315048318378e-14
1.521769149540314924e-14
1.451484887522680834e-14
1.384400353178916758e-14
1.320361582985744705e-14
1.259234919611392420e-14
1.200886114847015322e-14
1.145190773167286313e-14
1.092026246264461756e-14
1.041281789669950127e-14
9.928411181756465589e-15
9.465972058178916858e-15
9.024641536384597983e-15
8.603302576566342020e-15
8.201039405463184954e-15
7.817253699424449345e-15
7.450732386573451554e-15
7.100910993996870537e-15
6.766974907519165271e-15
6.448248745551289960e-15
6.143980849811704367e-15
5.853629253297531433e-15
5.576517579734764241e-15
5.311965027635900934e-15
5.059541724684126541e-15
4.818493139826059479e-15
4.588471209748971808e-15
4.368923413499124462e-15
4.159294463329218409e-15
3.959280437211217188e-15
3.768288976787333720e-15
3.585951481731344930e-15
3.411960279004030643e-15
3.245867207372732415e-15
3.087328526800258177e-15
2.936105203492239081e-15
2.791635229118974316e-15
2.653744269453845195e-15
2.522164378320138793e-15
2.396522119169285047e-15
2.276625837800242865e-15
2.162191749797439666e-15
2.052959636445166555e-15
1.948723322060876272e-15
1.849244551143536336e-15
1.754238639588507405e-15
1.663651287419138099e-15
1.577172584595875113e-15
1.494626793382061446e-15
1.415867442279027376e-15
1.340773276184491308e-15
1.269083120047404757e-15
1.200680111380151594e-15
1.135452965574495053e-15
1.073255541437865079e-15
1.013909090879978194e-15
9.573497390651036982e-16
9.034332716151112263e-16
8.520069324770315004e-16
8.030046406448176504e-16
7.563499542446561794e-16
7.118598037631908690e-16
6.694829097573758228e-16
6.291346581530929923e-16
5.907261692032467740e-16
5.542095064688374865e-16
5.194704895225509585e-16
4.864246354327175971e-16
4.550222307148384765e-16
4.251882284960144835e-16
3.968575602352211635e-16
3.699932220285197620e-16
3.445358120138131795e-16
3.204216642681672638e-16
2.975874243848544901e-16
2.759944981234050738e-16
2.556152518787866480e-16
2.363713332455750126e-16
2.182182972222877650e-16
2.011263263734370073e-16
1.850378502636784712e-16
1.699282178166916200e-16
1.557359476349409266e-16
1.424363600979280024e-16
1.299744654196316787e-16
1.183381106888795758e-16
1.074655902020392751e-16
9.734856721615577255e-17
