# bin_2_1
-1.512175927642762841e-09
-1.534970038562323386e-09
-1.558279044821350810e-09
-1.582112750820074383e-09
-1.606481060230895045e-09
-1.631393973854969565e-09
-1.656861587389439757e-09
-1.682894089201434240e-09
-1.709501758168300685e-09
-1.736694961521277270e-09
-1.764484152624495988e-09
-1.792879868671780122e-09
-1.821892728338762178e-09
-1.851533429392592273e-09
-1.881812742944412611e-09
-1.912741448630060487e-09
-1.944330205081149343e-09
-1.976589478917179897e-09
-2.009529537796255817e-09
-2.043160500098698734e-09
-2.077492394159668919e-09
-2.112535207056774944e-09
-2.148298894340219500e-09
-2.184793362559532082e-09
-2.222028451457531892e-09
-2.260013934625100434e-09
-2.298759534345489336e-09
-2.338274935505105219e-09
-2.378569794355974964e-09
-2.419653744278650580e-09
-2.461536399014068385e-09
-2.504227300599641955e-09
-2.547735542069538600e-09
-2.592069361932260169e-09
-2.637236026928750123e-09
-2.683241989673342141e-09
-2.730093140124417846e-09
-2.777795020138166674e-09
-2.826352890035390216e-09
-2.875771679589898250e-09
-2.926055941211551833e-09
-2.977209876264937684e-09
-3.029237402113162508e-09
-3.082142206858899073e-09
-3.135927784920038418e-09
-3.190597462463713594e-09
-3.246154378102901460e-09
-3.302600862436874348e-09
-3.359937226110749940e-09
-3.418161259438761202e-09
-3.477268548926043577e-09
-3.537253169209871101e-09
-3.598108289599077271e-09
-3.659826383925963972e-09
-3.722399117422705903e-09
-3.785817249600101616e-09
-3.850070733361659805e-09
-3.915148895845048757e-09
-3.981040573541992751e-09
-4.047734199936524368e-09
-4.115217863347244833e-09
-4.183478908832285276e-09
-4.252501375813009738e-09
-4.322264725715418771e-09
-4.392745659041090726e-09
-4.463919938701488327e-09
-4.535763007425364390e-09
-4.608248314166039117e-09
-4.681346798445225927e-09
-4.755027490067258939e-09
-4.829256916835451263e-09
-4.903999343615324780e-09
-4.979216279540730371e-09
-5.054868153680060132e-09
-5.130912960952261043e-09
-5.207300750741757495e-09
-5.283996159238526282e-09
-5.360971408006833683e-09
-5.438155925156070897e-09
-5.515465516677659758e-09
-5.592832920895379369e-09
-5.670201180319946437e-09
-5.747516874840270449e-09
-5.824717699852107772e-09
-5.901727202749057409e-09
-5.978465084978496881e-09
-6.054856819813174451e-09
-6.130811846029772961e-09
-6.206226187221932697e-09
-6.281024964182650821e-09
-6.355138208005386845e-09
-6.428476904024285336e-09
-6.500938861464299914e-09
-6.572412437018248154e-09
-6.642788564806698323e-09
-6.711959767492622066e-09
-6.779828020679080971e-09
-6.846300206086066026e-09
-6.911119279054512824e-09
-6.974455334364838538e-09
-7.036966466451323353e-09
-7.098096235192868330e-09
-7.156916943139593949e-09
-7.213078307400332421e-09
-7.266551644832454653e-09
-7.317518562024598141e-09
-7.366009693305693673e-09
-7.411763594176486737e-09
-7.454509413032561787e-09
-7.494114164950369710e-09
-7.530465620237684849e-09
-7.563421822913621044e-09
-7.592843477373371310e-09
-7.618575331411729351e-09
-7.640462681058432029e-09
-7.658360812685053601e-09
-7.672117415923394059e-09
-7.681581074010424592e-09
-7.686604573512494876e-09
-7.687045936090734861e-09
-7.682767868765867367e-09
-7.673638309054676596e-09
-7.659533970630192122e-09
-7.640340742044067201e-09
-7.615953771768478227e-09
-7.586279487351452868e-09
-7.551237371704419861e-09
-7.510761560920191432e-09
-7.464802873938724581e-09
-7.413329124611312184e-09
-7.356327725530578945e-09
-7.293807805569174404e-09
-7.225800829060619144e-09
-7.152362328001110749e-09
-7.073575022742598420e-09
-6.989549788541916964e-09
-6.900426326236550220e-09
-6.806374591657120198e-09
-6.707596410541172795e-09
-6.604326864708771705e-09
-6.496834223851046846e-09
-6.385420485615035307e-09
-6.270420225331501330e-09
-6.152201016905727750e-09
-6.031163607623662548e-09
-5.907737655425321080e-09
-5.782380573908352602e-09
-5.655574655530839330e-09
-5.527826569370449121e-09
-5.399649701746557503e-09
-5.271494476081837823e-09
-5.143684844410212922e-09
-5.016626300176957439e-09
-4.890934970456103457e-09
-4.767301913669246532e-09
-4.646367741788620721e-09
-4.528662623247517745e-09
-4.414626725235254173e-09
-4.304657669889546638e-09
-4.199094197154149951e-09
-4.098174265358483946e-09
-4.002024427524477438e-09
-3.910664872031428818e-09
-3.824012535569517298e-09
-3.741887907892224050e-09
-3.664054022749737054e-09
-3.590157409301816321e-09
-3.519836009565311963e-09
-3.453144216005124315e-09
-3.389875775140747863e-09
-3.328968688449182027e-09
-3.269248958688307004e-09
-3.209988711467478624e-09
-3.150650415987804571e-09
-3.090549166356632190e-09
-3.028726283617960321e-09
-2.964143395954101954e-09
-2.895991288171785886e-09
-2.823743098256355967e-09
-2.747101634479665447e-09
-2.666044862358042703e-09
-2.580859799153716124e-09
-2.492128190376568347e-09
-2.400685321920983195e-09
-2.307549644265742716e-09
-2.213859556538010235e-09
-2.120828537519122922e-09
-2.029701661435038507e-09
-1.941714178281688529e-09
-1.858041220038112742e-09
-1.779728136193859521e-09
-1.707615448588843875e-09
-1.642258936424901928e-09
-1.583861701410369489e-09
-1.532233222587905751e-09
-1.486776092175123805e-09
-1.446498200046994782e-09
-1.410051738245042655e-09
-1.375815509962001977e-09
-1.342046790737500072e-09
-1.307109176841218217e-09
-1.269731914970963136e-09
-1.229213056947731169e-09
-1.185489589147684100e-09
-1.139051020205935615e-09
-1.090791511236348625e-09
-1.041903337666492555e-09
-9.937919118119790090e-10
-9.479506555503196850e-10
-9.057010009827395714e-10
-8.678756585638091168e-10
-8.346228356039449062e-10
-8.054242353636015503e-10
-7.792936611474118746e-10
-7.549974938470759581e-10
-7.312479699786220206e-10
-7.069299003814149731e-10
-6.813689708103190092e-10
-6.545240992849172436e-10
-6.269591710907900438e-10
-5.996144374958318664e-10
-5.735107213381176895e-10
-5.494191844944279745e-10
-5.276371525934499355e-10
-5.079335719293246461e-10
-4.896647403557948494e-10
-4.720312707884517516e-10
-4.543655519058937506e-10
-4.363996782900336095e-10
-4.183313750924693996e-10
-4.006793621575866822e-10
-3.840028235949700764e-10
-3.686224402386218858e-10
-3.544795239850552342e-10
-3.411970401944223592e-10
-3.283025075503342470e-10
-3.154778155810005126e-10
-3.027285490971181452e-10
-2.903355436701515094e-10
-2.786383848016431474e-10
-2.677873532107967206e-10
-2.576630223279669459e-10
-2.479858895968827119e-10
-2.385296877275160854e-10
-2.292659965210166814e-10
-2.203389302178068671e-10
-2.119024280353227761e-10
-2.039871059567785800e-10
-1.964862478225290624e-10
-1.892674945570251795e-10
-1.822852194143332801e-10
-1.755861648608682347e-10
-1.692246634388374824e-10
-1.631959052337518293e-10
-1.574448281779158446e-10
-1.519257049133234736e-10
-1.466361528940777578e-10
-1.415899708620645197e-10
-1.367828948611157958e-10
-1.321913717984637784e-10
-1.277958423986674555e-10
-1.235903679880500212e-10
-1.195712461471376360e-10
-1.157294209478168256e-10
-1.120527320888997020e-10
-1.085310576353640929e-10
-1.051573946967952442e-10
-1.019253079409357076e-10
-9.882746584133712362e-11
-9.585629782527049145e-11
-9.300465519616109447e-11
-9.026566453765931376e-11
-8.763278358194953910e-11
-8.509993239540076779e-11
-8.266156432688522166e-11
-8.031257245945730655e-11
-7.804804928465794476e-11
-7.586318122214530335e-11
-7.375326758721917082e-11
-7.171374280234302072e-11
-6.974023830383943145e-11
-6.782877331998510957e-11
-6.597581491050969053e-11
-6.417816780279945112e-11
-6.243282074242007165e-11
-6.073684990018485789e-11
-5.908741175388876342e-11
-5.748176192938476157e-11
-5.591728201421523509e-11
-5.439161551889473527e-11
-5.290274790724849256e-11
-5.144894686540800172e-11
-5.002864462485728167e-11
-4.864035028477553222e-11
-4.728263118108998954e-11
-4.595412793713168715e-11
-4.465356302347496324e-11
-4.337980351850597810e-11
-4.213192397521523896e-11
-4.090918633888734021e-11
-3.971097029381695956e-11
-3.853671244608505502e-11
-3.738588505058692414e-11
-3.625800417322327580e-11
-3.515263376265618606e-11
-3.406939698139714675e-11
-3.300799941672232160e-11
-3.196822681210534030e-11
-3.094991978196789496e-11
-2.995294757541365829e-11
-2.897719512852715808e-11
-2.802256508657558710e-11
-2.708898057273026232e-11
-2.617637738403102594e-11
-2.528469131013257730e-11
-2.441385388504015231e-11
-2.356379392987875563e-11
-2.273443988048602029e-11
-2.192572056425781688e-11
-2.113756507034396023e-11
-2.036990318534979660e-11
-1.962265911065759797e-11
-1.889572853100598663e-11
-1.818896740568546025e-11
-1.750219987239772393e-11
-1.683523256084302537e-11
-1.618786438318303623e-11
-1.555988789042838844e-11
-1.495108785799878829e-11
-1.436123963502204608e-11
-1.379009667673315510e-11
-1.323738051490254829e-11
-1.270278475734724967e-11
-1.218598609872057457e-11
-1.168665336841660039e-11
-1.120445014138460460e-11
-1.073903347390250270e-11
-1.029005357887767913e-11
-9.857152086587563089e-12
-9.439959097376528006e-12
-9.038093970330820084e-12
-8.651168810384478619e-12
-8.278791981664955316e-12
-7.920569680857269410e-12
-7.576105528053018182e-12
-7.245000384103029887e-12
-6.926855814927793917e-12
-6.621279990620546765e-12
-6.327889254725254286e-12
-6.046305566831640103e-12
-5.776153513902212288e-12
-5.517058852899037082e-12
-5.268648536065998131e-12
-5.030550861883588380e-12
-4.802398187507190148e-12
-4.583835533243240350e-12
-4.374524496420957103e-12
-4.174139627175041945e-12
-3.982362511063265070e-12
-3.798877947137925286e-12
-3.623373578252860074e-12
-3.455540528485671990e-12
-3.295074597553557443e-12
-3.141683085636146968e-12
-2.995089734337569534e-12
-2.855032430554548499e-12
-2.721257409873158495e-12
-2.593514780980931290e-12
-2.471557472346099833e-12
-2.355141972404970364e-12
-2.244029027606641923e-12
-2.137988998466878582e-12
-2.036807790359667196e-12
-1.940285939198143316e-12
-1.848233220141122437e-12
-1.760463819605713029e-12
-1.676794542198441578e-12
-1.597045347292284937e-12
-1.521039732219030572e-12
-1.448606673486527185e-12
-1.379584334649392977e-12
-1.313820317695207931e-12
-1.251168667558393062e-12
-1.191486694505238431e-12
-1.134633377733983903e-12
-1.080469475782318827e-12
-1.028857920162018642e-12
-9.796678862773911050e-13
-9.327854201451286449e-13
-8.881172556958635970e-13
-8.455858812124947303e-13
-8.051222981632746529e-13
-7.666615706204523491e-13
-7.301427104908319171e-13
-6.955095319814963175e-13
-6.627048718575609271e-13
-6.316489871232568546e-13
-6.022264385975360059e-13
-5.742911822057686710e-13
-5.476794003981493341e-13
