# bin_2_5
-1.349237624410257088e-09
-1.369713586361035911e-09
-1.390657881843065421e-09
-1.412079774712529589e-09
-1.433988632657125631e-09
-1.456393925193501930e-09
-1.479305221562493035e-09
-1.502732188555382905e-09
-1.526684588341403528e-09
-1.551172276316074373e-09
-1.576205198912981277e-09
-1.601793391321032370e-09
-1.627946975258828138e-09
-1.654676156751269831e-09
-1.681991223343331434e-09
-1.709902532878582079e-09
-1.738420492167236977e-09
-1.767555540682791718e-09
-1.797318137701489802e-09
-1.827718751948979784e-09
-1.858767849685675834e-09
-1.890475889422967452e-09
-1.922853311072634355e-09
-1.955910510285004788e-09
-1.989657806423373496e-09
-2.024105417704169537e-09
-2.059263446891995866e-09
-2.095141870492237937e-09
-2.131750528698111072e-09
-2.169099123977674263e-09
-2.207197224674216914e-09
-2.246054267738883918e-09
-2.285679561345924201e-09
-2.326082266491306508e-09
-2.367271356459917298e-09
-2.409255587010727684e-09
-2.452043464381965151e-09
-2.495643232246854147e-09
-2.540062846764170456e-09
-2.585309895860205888e-09
-2.631391498246528901e-09
-2.678314236232265821e-09
-2.726084125196279445e-09
-2.774706591474871030e-09
-2.824186462240786674e-09
-2.874527990290605443e-09
-2.925734877667731395e-09
-2.977810328954962451e-09
-3.030757079518770934e-09
-3.084577317363250713e-09
-3.139272606731786137e-09
-3.194843817174982331e-09
-3.251291094723854713e-09
-3.308613811497141930e-09
-3.366810368033098582e-09
-3.425877950036007927e-09
-3.485812386074971412e-09
-3.546608096071439924e-09
-3.608258057349227917e-09
-3.670753822999647266e-09
-3.734085607588414029e-09
-3.798242375832141462e-09
-3.863211982444391989e-09
-3.928981276464559055e-09
-3.995536186268552092e-09
-4.062861715626436345e-09
-4.130941893054508908e-09
-4.199759493471922688e-09
-4.269295644767116469e-09
-4.339529673195939459e-09
-4.410438782355860704e-09
-4.481997685858138217e-09
-4.554178411204079910e-09
-4.626950868819405210e-09
-4.700282590860641707e-09
-4.774137601897373114e-09
-4.848480796190783687e-09
-4.923276931096317634e-09
-4.998483296501857850e-09
-5.074054509507601197e-09
-5.149944303097052130e-09
-5.226102151226910927e-09
-5.302477636702598661e-09
-5.379020521358065276e-09
-5.455672820278619856e-09
-5.532370257149376702e-09
-5.609049339419833032e-09
-5.685641611531046959e-09
-5.762072541740288623e-09
-5.838271053151388010e-09
-5.914154589759933852e-09
-5.989641917045637464e-09
-6.064663043575897157e-09
-6.139132133626872505e-09
-6.212954955104457591e-09
-6.286040030109091751e-09
-6.358296025511120101e-09
-6.429627457757669399e-09
-6.499913897987195925e-09
-6.569092052424870391e-09
-6.637167953255973879e-09
-6.703998209889274532e-09
-6.769409550692189654e-09
-6.833285998611115829e-09
-6.895457210987943856e-09
-6.955833117075611925e-09
-7.014399199042486170e-09
-7.071004215656313578e-09
-7.125422862543505018e-09
-7.177501045028225554e-09
-7.227076388279383753e-09
-7.273984959362206018e-09
-7.318063932217335996e-09
-7.358943888299800131e-09
-7.396542395270404306e-09
-7.430916301289646000e-09
-7.461893355198043500e-09
-7.489310969350748046e-09
-7.513023277068889124e-09
-7.532876749385629740e-09
-7.548720863572371040e-09
-7.560406750033468711e-09
-7.567789680676759270e-09
-7.570728508070903716e-09
-7.569086554626939089e-09
-7.562733296476416371e-09
-7.551544659210942320e-09
-7.535404922936316485e-09
-7.514208497753351591e-09
-7.487859640710708494e-09
-7.456274707706494959e-09
-7.419384550930919275e-09
-7.377134774881103554e-09
-7.329486476998162925e-09
-7.276420609958763405e-09
-7.217938256449859614e-09
-7.154060966640537447e-09
-7.084834012634687818e-09
-7.010327567260391312e-09
-6.930638318232709935e-09
-6.845890717733225812e-09
-6.756237657202895114e-09
-6.661863126953933940e-09
-6.562981878064822656e-09
-6.459840234636275667e-09
-6.352716733195599785e-09
-6.244455308533788199e-09
-6.127797490223008370e-09
-6.010717404735408933e-09
-5.891082356114326576e-09
-5.769309431524129030e-09
-5.645819321282609425e-09
-5.521056729497033315e-09
-5.395501072860537218e-09
-5.269653276025398012e-09
-5.144028467473372763e-09
-5.019134910594191927e-09
-4.895456006508718559e-09
-4.773472636274187683e-09
-4.653669054382350179e-09
-4.536510885312329539e-09
-4.422432848525359146e-09
-4.311839517953418477e-09
-4.205103282561873087e-09
-4.102568812814553278e-09
-4.004469003059919363e-09
-3.910895406448547844e-09
-3.821859839980571579e-09
-3.737348080320342496e-09
-3.658830641219373645e-09
-3.582772344983050271e-09
-3.508940239212794045e-09
-3.439963764843969231e-09
-3.373812731701501749e-09
-3.310019427960309359e-09
-3.249402088754139410e-09
-3.188480605657065793e-09
-3.126588895678636133e-09
-3.065713183680341048e-09
-3.003792012194784463e-09
-2.940121128900660676e-09
-2.873915817270328307e-09
-2.804630925820587515e-09
-2.732052096336198420e-09
-2.656017993872652456e-09
-2.576461009713337007e-09
-2.493588536615025951e-09
-2.407865985500479924e-09
-2.319977072353055524e-09
-2.230807385165439748e-09
-2.141394944320510201e-09
-2.052864470600599030e-09
-1.966358149948283066e-09
-1.882963700548639763e-09
-1.803649530484759113e-09
-1.729209941594303786e-09
-1.660219803857242271e-09
-1.596999291985783863e-09
-1.539587454528741133e-09
-1.487731889330744434e-09
-1.440901649100396381e-09
-1.398323897973941639e-09
-1.359042252021699093e-09
-1.321988372012446760e-09
-1.286056715403014751e-09
-1.250190849274060984e-09
-1.213482868772972269e-09
-1.175273435317255110e-09
-1.135234291532475645e-09
-1.093405534329231708e-09
-1.050174426625557626e-09
-1.006211704922242156e-09
-9.623770727680487846e-10
-9.196026860950666486e-10
-8.787620487853551726e-10
-8.405414296799020261e-10
-8.053522761410315658e-10
-7.733057383934328953e-10
-7.442326714319763299e-10
-7.177196234093066220e-10
-6.931654559879897088e-10
-6.698597137435553248e-10
-6.471034071393928860e-10
-6.243352781650785872e-10
-6.012261521967267135e-10
-5.777098084319873784e-10
-5.539670121871577899e-10
-5.303803427595415742e-10
-5.074546070496283227e-10
-4.856874887202221294e-10
-4.654333038467228216e-10
-4.468062305835717743e-10
-4.296571423532646549e-10
-4.136279182932692841e-10
-3.982656734186203801e-10
-3.831782107658275950e-10
-3.681516732856800008e-10
-3.532016189943235925e-10
-3.385326118434889512e-10
-3.244276022257584591e-10
-3.111166894892212931e-10
-2.986722061813564620e-10
-2.870016286274314101e-10
-2.759145822247439924e-10
-2.652262193740959408e-10
-2.548359338173161933e-10
-2.447419030289317207e-10
-2.350118316987826152e-10
-2.257227810270249145e-10
-2.169120520534675581e-10
-2.085635829988873470e-10
-2.006251067458692124e-10
-1.930270852498969713e-10
-1.857229264321972449e-10
-1.787018690886675582e-10
-1.719855898270005960e-10
-1.655952202983420318e-10
-1.595228132073338261e-10
-1.537345608534221331e-10
-1.481969307950978320e-10
-1.428913146846835328e-10
-1.378198863267652360e-10
-1.329852961591481505e-10
-1.283778964860791166e-10
-1.239769973622837692e-10
-1.197659773370004009e-10
-1.157378543582666651e-10
-1.118896276858959138e-10
-1.082133868559162823e-10
-1.046968080572044799e-10
-1.013302798548615527e-10
-9.810719985581123638e-11
-9.502170031166593606e-11
-9.206576937248920618e-11
-8.923160783033025982e-11
-8.651300889037227250e-11
-8.390400664901632729e-11
-8.139864734693084407e-11
-7.899113949426147844e-11
-7.667591480867505115e-11
-7.444766561982334002e-11
-7.230138449745288432e-11
-7.023238676368944082e-11
-6.823630333311463480e-11
-6.630906043356169216e-11
-6.444679025979531896e-11
-6.264575853826536441e-11
-6.090238997904755483e-11
-5.921329778898061540e-11
-5.757531340756845593e-11
-5.598550775845820462e-11
-5.444119028067438584e-11
-5.293989701532940049e-11
-5.147933860746858693e-11
-5.005733093089419425e-11
-4.867180436358853007e-11
-4.732082760181863801e-11
-4.600262600888316364e-11
-4.471559674636781880e-11
-4.345831032150508822e-11
-4.222950159835444278e-11
-4.102804134584435578e-11
-3.985287611115177709e-11
-3.870302019022957336e-11
-3.757757192291914406e-11
-3.647572335605582916e-11
-3.539676748349832860e-11
-3.434010017443946715e-11
-3.330521461418702259e-11
-3.229168876847732767e-11
-3.129914640399154340e-11
-3.032723956532885034e-11
-2.937565567605561816e-11
-2.844412163602267714e-11
-2.753240451950125092e-11
-2.664031195314818996e-11
-2.576768986127781718e-11
-2.491441832901399552e-11
-2.408039502321851168e-11
-2.326551979409189750e-11
-2.246969386752940510e-11
-2.169282027060502967e-11
-2.093480171822405086e-11
-2.019553935347296044e-11
-1.947493254881441507e-11
-1.877287869496784142e-11
-1.808927135769167150e-11
-1.742399535979362197e-11
-1.677692333236232050e-11
-1.614791387825570758e-11
-1.553680965163530751e-11
-1.494343592766841121e-11
-1.436760096175477049e-11
-1.380909722887634143e-11
-1.326770429937983685e-11
-1.274319269275554320e-11
-1.223532287918299748e-11
-1.174384320228183911e-11
-1.126848888344357650e-11
-1.080898141379738822e-11
-1.036502874855447603e-11
-9.936326350863058606e-12
-9.522559222517302739e-12
-9.123406794305404691e-12
-8.738544469081620663e-12
-8.367642577624309202e-12
-8.010366220255483219e-12
-7.666375892271848185e-12
-7.335327934648694320e-12
-7.016875078682271510e-12
-6.710667192874398945e-12
-6.416353627378031060e-12
-6.133585366784922062e-12
-5.862015498940812920e-12
-5.601299596652433326e-12
-5.351096812514197645e-12
-5.111070595942252473e-12
-4.880888767632084499e-12
-4.660223446941407274e-12
-4.448750660541042015e-12
-4.246150739349419600e-12
-4.052109534421412205e-12
-3.866319335954489412e-12
-3.688479997681892220e-12
-3.518299808671260397e-12
-3.355495460251634436e-12
-3.199791583002738308e-12
-3.050919286936317289e-12
-2.908614425924793370e-12
-2.772618379374841761e-12
-2.642679264801969916e-12
-2.518553157295384246e-12
-2.400005259865569175e-12
-2.286810188548367955e-12
-2.178751562672948476e-12
-2.075620742584956315e-12
-1.977214080662854788e-12
-1.883332784347328128e-12
-1.793784066321384577e-12
-1.708381953628775059e-12
-1.626948056894185015e-12
-1.549311847836965962e-12
-1.475310275959169496e-12
-1.404786946481450516e-12
-1.337589492308896346e-12
-1.273568362235537331e-12
-1.212577442281166953e-12
-1.154475014230187083e-12
-1.099125492083040029e-12
-1.046400535883062610e-12
-9.961793072809943063e-13
-9.483484251640168218e-13
-9.028007521345157196e-13
-8.594352559779995575e-13
-8.181587547805394997e-13
-7.788863196201457605e-13
-7.415384335580024268e-13
-7.060383438602091360e-13
-6.723101669563855505e-13
-6.402769954755647499e-13
