# bin_1_4
-1.119780308265654101e-09
-1.136026387629914031e-09
-1.152615592290453290e-09
-1.169553221746452103e-09
-1.186844569889601681e-09
-1.204494916640598718e-09
-1.222509512501309840e-09
-1.240893561010896993e-09
-1.259652203627867721e-09
-1.278790503795437632e-09
-1.298313426893949222e-09
-1.318225817929428268e-09
-1.338532379515161921e-09
-1.359237652411943510e-09
-1.380345998788555179e-09
-1.401861611425876872e-09
-1.423788554578586609e-09
-1.446130771219624219e-09
-1.468892078632893003e-09
-1.492076164367572712e-09
-1.515686580373955979e-09
-1.539726735436848816e-09
-1.564199883253761385e-09
-1.589109089196036057e-09
-1.614457178075458298e-09
-1.640246703886522149e-09
-1.666479930023776393e-09
-1.693158773898554829e-09
-1.720284733398833807e-09
-1.747858815022299337e-09
-1.775881468636610729e-09
-1.804352546579091453e-09
-1.833271419356652147e-09
-1.862637094338031422e-09
-1.892448216111087222e-09
-1.922703056496112941e-09
-1.953399518750723419e-09
-1.984535114883318015e-09
-2.016106865830670873e-09
-2.048111394769835322e-09
-2.080545169207284702e-09
-2.113403969645196040e-09
-2.146682382353532462e-09
-2.180374172312480342e-09
-2.214472308790085252e-09
-2.248968663382653131e-09
-2.283853833978637032e-09
-2.319117227841655429e-09
-2.354747462060443438e-09
-2.390732594945254452e-09
-2.427060132146510583e-09
-2.463716532624700226e-09
-2.500687032056082503e-09
-2.537956358423122964e-09
-2.575509027475651930e-09
-2.613328567860442493e-09
-2.651397115392372126e-09
-2.689695645077774690e-09
-2.728204001198997659e-09
-2.766900382950015646e-09
-2.805760282420841715e-09
-2.844757103334301680e-09
-2.883864654139882050e-09
-2.923054812018349931e-09
-2.962298851871652930e-09
-3.001574657116056387e-09
-3.040854492102175967e-09
-3.080099180197870919e-09
-3.119269827383577669e-09
-3.158328805679130733e-09
-3.197237614208910352e-09
-3.235956910464130781e-09
-3.274446885235503779e-09
-3.312666065706827947e-09
-3.350572887110211641e-09
-3.388123797785702074e-09
-3.425260893550471622e-09
-3.461923463526735497e-09
-3.498072172811158885e-09
-3.533661509845388654e-09
-3.568632239970023348e-09
-3.602927825492113544e-09
-3.636495574685758884e-09
-3.669277351257218115e-09
-3.701200089589781888e-09
-3.732193957682666308e-09
-3.762201172215339541e-09
-3.791160260839722621e-09
-3.819007244945392906e-09
-3.845672445639835010e-09
-3.871090708128597519e-09
-3.895195899052063309e-09
-3.917919229390612045e-09
-3.939193786011348786e-09
-3.958951167165545590e-09
-3.977141202983768010e-09
-3.993710898176906061e-09
-4.008554883672974330e-09
-4.021728828013539290e-09
-4.033186231873049338e-09
-4.042478713681498968e-09
-4.049641265843579713e-09
-4.054792037877126782e-09
-4.057822786238052651e-09
-4.058680338304060700e-09
-4.057317308589193438e-09
-4.053682400502329359e-09
-4.047732293678467331e-09
-4.039427354392923342e-09
-4.028734029708623940e-09
-4.015624414449670282e-09
-4.000076694942634989e-09
-3.982076240370637470e-09
-3.961615774007915672e-09
-3.938695405379877898e-09
-3.913323680982874348e-09
-3.885517509577914457e-09
-3.855300410590247217e-09
-3.822702199662516019e-09
-3.787763262609336489e-09
-3.750536354675890941e-09
-3.711085778839273769e-09
-3.669486514123913779e-09
-3.625823447173253008e-09
-3.580191172917663573e-09
-3.532692851042567491e-09
-3.483438839372714118e-09
-3.432546740904298719e-09
-3.380141655107994946e-09
-3.326354582480904834e-09
-3.271320332928074046e-09
-3.215177531952202923e-09
-3.158069658528862350e-09
-3.100141836849552289e-09
-3.041541167576075702e-09
-2.982427564837686709e-09
-2.922965760477017711e-09
-2.863306459830616632e-09
-2.803592304357806817e-09
-2.743969832780161333e-09
-2.684579477064526266e-09
-2.625547187381096126e-09
-2.566985563726191112e-09
-2.508997932949951887e-09
-2.451676202838960360e-09
-2.395094009375141276e-09
-2.339308452777561430e-09
-2.284366926145273634e-09
-2.230306956695091708e-09
-2.177159628541296937e-09
-2.124989438048252153e-09
-2.073936208837721332e-09
-2.024107406134775864e-09
-1.975532306539210996e-09
-1.928231042184284713e-09
-1.882221375658552156e-09
-1.837491975625146545e-09
-1.794001406871589361e-09
-1.751703262854427935e-09
-1.710543460733717760e-09
-1.670449416002178670e-09
-1.631341459166109881e-09
-1.593141327943871848e-09
-1.555780388854617335e-09
-1.519208385033332805e-09
-1.483356704823937128e-09
-1.448165841926823406e-09
-1.413524213613724242e-09
-1.379059095408551529e-09
-1.344518382627072527e-09
-1.309918735399633920e-09
-1.275178664199315103e-09
-1.240099844144382904e-09
-1.204567237923514257e-09
-1.168543569064774048e-09
-1.132045789066421106e-09
-1.095163626616978543e-09
-1.058052334196797328e-09
-1.020914664667064913e-09
-9.839821336564480085e-10
-9.474946683446456643e-10
-9.116850730395113937e-10
-8.767717526698716336e-10
-8.429604655821026681e-10
-8.104535359228540367e-10
-7.794567046744866642e-10
-7.501772471507340292e-10
-7.228078490497388891e-10
-6.974980248205606523e-10
-6.743198608667686503e-10
-6.532370894911453428e-10
-6.340810861077515091e-10
-6.165472584437111706e-10
-6.002085752552338149e-10
-5.845477356611829941e-10
-5.690114172738116384e-10
-5.530823411629728227e-10
-5.363612526834605357e-10
-5.186386159878477420e-10
-4.999358895299306548e-10
-4.804968843761011167e-10
-4.607311903055139347e-10
-4.411337898851854018e-10
-4.222123231488928319e-10
-4.044401535760841271e-10
-3.882042755222047884e-10
-3.737319397819629649e-10
-3.610270880865178886e-10
-3.498411209313062930e-10
-3.397254312884076149e-10
-3.301414249261468321e-10
-3.205795341910044776e-10
-3.106559094906571991e-10
-3.001654324787948945e-10
-2.891233628617220153e-10
-2.777660253859754376e-10
-2.664858470569764225e-10
-2.557127814841943182e-10
-2.457879878135421036e-10
-2.368783038271361223e-10
-2.289407713284880511e-10
-2.217321269268005772e-10
-2.149048113118533408e-10
-2.081210888449281948e-10
-2.011622989436868580e-10
-1.939958066280722659e-10
-1.867744014833498781e-10
-1.797635895992295192e-10
-1.732016274500854851e-10
-1.672017709155753841e-10
-1.617125677978308148e-10
-1.565573047479733591e-10
-1.515280973880989255e-10
-1.464959368701001626e-10
-1.414653658410180099e-10
-1.365499135162922282e-10
-1.318845998428559565e-10
-1.275294634663961512e-10
-1.234482174023064729e-10
-1.195403828397949189e-10
-1.157173344828169236e-10
-1.119604500556188699e-10
-1.083183585218476491e-10
-1.048458233449774235e-10
-1.015566447693680783e-10
-9.841488195137059456e-11
-9.537505776196440787e-11
-9.241877521937729370e-11
-8.956172972252476031e-11
-8.682244595394059995e-11
-8.419933149513361497e-11
-8.167256308979752572e-11
-7.922672029744307251e-11
-7.686113276214464924e-11
-7.458169870940206202e-11
-7.238657302510030528e-11
-7.026606294359623636e-11
-6.821395795452060173e-11
-6.622937700462388404e-11
-6.431196004851777733e-11
-6.245732086384602720e-11
-6.066101392602972685e-11
-5.892064617428832496e-11
-5.723397476670230273e-11
-5.559862693036072045e-11
-5.401228172225056225e-11
-5.247268520705034460e-11
-5.097765542138056873e-11
-4.952509983242068269e-11
-4.811304015470749256e-11
-4.673964256036440547e-11
-4.540325921602440181e-11
-4.410239810252087784e-11
-4.283562846127735317e-11
-4.160156482271984903e-11
-4.039886930511211260e-11
-3.922626333921412666e-11
-3.808254718758802842e-11
-3.696662349468712420e-11
-3.587752827948796405e-11
-3.481442508815617506e-11
-3.377652534240629882e-11
-3.276306399007152865e-11
-3.177330039499133996e-11
-3.080652524192345746e-11
-2.986207420961572522e-11
-2.893934475178477513e-11
-2.803781836322380368e-11
-2.715706985443894827e-11
-2.629671107305731256e-11
-2.545636019946889280e-11
-2.463564163108442914e-11
-2.383418934915157106e-11
-2.305165449645304226e-11
-2.228771547502163441e-11
-2.154209085355659959e-11
-2.081454983648482352e-11
-2.010488519448530603e-11
-1.941288698874043363e-11
-1.873834141935620112e-11
-1.808103209395680116e-11
-1.744074236355587183e-11
-1.681725899277840387e-11
-1.621037686590104886e-11
-1.561990402790321535e-11
-1.504565574419190317e-11
-1.448744269654866993e-11
-1.394506977087017876e-11
-1.341833635976499140e-11
-1.290703585469824404e-11
-1.241095503336759450e-11
-1.192987349261592582e-11
-1.146356292587891106e-11
-1.101178818652484417e-11
-1.057431052486924882e-11
-1.015088852965134981e-11
-9.741278022893240793e-12
-9.345230992201813266e-12
-8.962493628978998638e-12
-8.592804018651329224e-12
-8.235889194542540907e-12
-7.891464916682139540e-12
-7.559244313257079150e-12
-7.238941797016264695e-12
-6.930272992162040239e-12
-6.632954183431901027e-12
-6.346701162254889857e-12
-6.071227749003757973e-12
-5.806243861122347567e-12
-5.551453898170646826e-12
-5.306561629903168503e-12
-5.071274458647581800e-12
-4.845303617438170543e-12
-4.628364080273220880e-12
-4.420174504866306683e-12
-4.220457062321883430e-12
-4.028937170563691415e-12
-3.845342560225881088e-12
-3.669403563382282365e-12
-3.500854827209884426e-12
-3.339435644974880676e-12
-3.184890105825896295e-12
-3.036967758755619590e-12
-2.895424568538891843e-12
-2.760024060417507487e-12
-2.630537967686772470e-12
-2.506744597376316494e-12
-2.388426703457930672e-12
-2.275371257692315359e-12
-2.167369550064850501e-12
-2.064217859684345293e-12
-1.965718634767730601e-12
-1.871681973882782608e-12
-1.781927069206861370e-12
-1.696281329195227498e-12
-1.614576893904275845e-12
-1.536649833978559682e-12
-1.462340263485087248e-12
-1.391492806650541982e-12
-1.323957523235691336e-12
-1.259591084285231322e-12
-1.198258132071398746e-12
-1.139831203229074698e-12
-1.084186945726459924e-12
-1.031203788931062904e-12
-9.807616052192968803e-13
-9.327419715922820958e-13
-8.870291112061610832e-13
-8.435111890975813005e-13
-8.019730037543092374e-13
-7.609488012376876897e-13
-7.204378438721386651e-13
-6.813657362191141706e-13
-6.441559648824661036e-13
-6.088337630215904814e-13
-5.753419437264492444e-13
-5.436094206570841991e-13
-5.134966110437567574e-13
-4.845266992459870767e-13
-4.565499921937278399e-13
-4.299270507983325678e-13
-4.045037342732193515e-13
-3.798048160372070207e-13
-3.555630749426406079e-13
-3.321231321551935717e-13
-3.092953516420818505e-13
-2.863199398835952521e-13
-2.637779037576094603e-13
-2.435005768036549070e-13
-2.249918326322699778e-13
-2.077593974944830989e-13
-1.927397766776701751e-13
-1.795625988170844234e-13
-1.671674213688203291e-13
-1.552747567972217512e-13
-1.437732950079706718e-13
-1.323988213162619102e-13
-1.203650245619494035e-13
-1.058435428889066305e-13
-8.645829221562459854e-14
