# bin_2_2
-7.897378097474904718e-09
-8.016358722239676192e-09
-8.138024373067695062e-09
-8.262426022551641701e-09
-8.389615153794146704e-09
-8.519643750002060625e-09
-8.652564283784060331e-09
-8.788429706108740741e-09
-8.927293434998519958e-09
-9.069209343979393781e-09
-9.214231750251043603e-09
-9.362415402572170847e-09
-9.513815468970963759e-09
-9.668487524271936732e-09
-9.826487515341735032e-09
-9.987871360649537810e-09
-1.015269424851625235e-08
-1.032101037074751227e-08
-1.049287291927663775e-08
-1.066833427285519370e-08
-1.084744619703190332e-08
-1.103026005343093956e-08
-1.121682690731223347e-08
-1.140719756455257374e-08
-1.160142260315586593e-08
-1.179955240814352137e-08
-1.200163720738135185e-08
-1.220772709929146014e-08
-1.241787207217347679e-08
-1.263212202053406493e-08
-1.285052675480484824e-08
-1.307313566290415162e-08
-1.329999546466558902e-08
-1.353114826946516849e-08
-1.376663127163761798e-08
-1.400647742142089724e-08
-1.425071633475226984e-08
-1.449937519016719337e-08
-1.475247926588473320e-08
-1.501005215872549416e-08
-1.527211596700809313e-08
-1.553869147987632058e-08
-1.580979835443556581e-08
-1.608545525320126355e-08
-1.636567995259069542e-08
-1.665048943564806057e-08
-1.693989973209190878e-08
-1.723392209761777673e-08
-1.753255660204867475e-08
-1.783579046167122917e-08
-1.814359955038276040e-08
-1.845595099419463228e-08
-1.877280568617254913e-08
-1.909411985673093551e-08
-1.941984572463990716e-08
-1.974993202350644774e-08
-2.008432453436842363e-08
-2.042296656107512327e-08
-2.076579928972058617e-08
-2.111276207682338900e-08
-2.146379266625970442e-08
-2.181882458730092342e-08
-2.217777222944976259e-08
-2.254052685100751462e-08
-2.290696714679540622e-08
-2.327696475363969571e-08
-2.365038614681110610e-08
-2.402708607645494576e-08
-2.440690776718448961e-08
-2.478968732240834286e-08
-2.517524889001878580e-08
-2.556340384679845289e-08
-2.595394853855451823e-08
-2.634667454483665484e-08
-2.674135883023130693e-08
-2.713773531586169899e-08
-2.753563461851454727e-08
-2.793490144589093483e-08
-2.833512733224418964e-08
-2.873589769319997865e-08
-2.913689053214472626e-08
-2.953778747202501931e-08
-2.993827368292003329e-08
-3.033800596712520078e-08
-3.073659885113159091e-08
-3.113365729504352484e-08
-3.152879325901709096e-08
-3.192150800276929637e-08
-3.231126090959601912e-08
-3.269768494580556964e-08
-3.308038725540103704e-08
-3.345887827187198263e-08
-3.383263522652189078e-08
-3.420109751934705239e-08
-3.456370592381950770e-08
-3.491987804608418920e-08
-3.526909741596110271e-08
-3.561086374033916155e-08
-3.594372387424696623e-08
-3.626906991816012120e-08
-3.659031422088491715e-08
-3.690337549135318515e-08
-3.720411081326019068e-08
-3.749167107331700155e-08
-3.776544684832991111e-08
-3.802548670345556950e-08
-3.827155467017748749e-08
-3.850279166128204342e-08
-3.871842400403544943e-08
-3.891774117377128899e-08
-3.909999444862668342e-08
-3.926440094393476235e-08
-3.941019982639336236e-08
-3.953661055984873600e-08
-3.964283750285309731e-08
-3.972809130143446463e-08
-3.979158507474092991e-08
-3.983253951185972571e-08
-3.985019349068998622e-08
-3.984381768950042353e-08
-3.981270822450712172e-08
-3.975618900179729751e-08
-3.967363221917175066e-08
-3.956446008811975299e-08
-3.942814452395404757e-08
-3.926421814958985999e-08
-3.907228397697945629e-08
-3.885202469444069349e-08
-3.860321124519297915e-08
-3.832570520255035718e-08
-3.801947424328239773e-08
-3.768460097289831876e-08
-3.732128707001027342e-08
-3.692986284707876925e-08
-3.651080226595067512e-08
-3.606472851708241800e-08
-3.559241714691321521e-08
-3.509480374800998914e-08
-3.457299263057068522e-08
-3.402826190397658259e-08
-3.346206425373498542e-08
-3.287602914146781188e-08
-3.227195490205594078e-08
-3.165181210998306327e-08
-3.101774300059659675e-08
-3.037203796696059427e-08
-2.971712889996093763e-08
-2.905557263443080569e-08
-2.839005218809815299e-08
-2.772326186368037396e-08
-2.705751395639127675e-08
-2.639446381072960151e-08
-2.573636440471350673e-08
-2.508642942909861749e-08
-2.444805107869557921e-08
-2.382448207134758716e-08
-2.321861742076999378e-08
-2.263293298847368821e-08
-2.206952140355433030e-08
-2.152998747922190382e-08
-2.101537864541996283e-08
-2.052616645390081395e-08
-2.006225685097816877e-08
-1.962300672361662546e-08
-1.920726126409431319e-08
-1.881359860826021238e-08
-1.843993277189952326e-08
-1.808433762506477041e-08
-1.774725434125810801e-08
-1.742698039897086640e-08
-1.711760479753940692e-08
-1.681371976092966983e-08
-1.651178318301075207e-08
-1.620813743046185191e-08
-1.589841458954162229e-08
-1.557770830184209508e-08
-1.524115468591439660e-08
-1.488470557144492891e-08
-1.450546202127503396e-08
-1.410191896481602333e-08
-1.367426481522158135e-08
-1.322445367788279899e-08
-1.275605638749092147e-08
-1.227398272198529836e-08
-1.178410935753043305e-08
-1.129291311925813881e-08
-1.080715539309635259e-08
-1.033361968251916362e-08
-9.878893132751252843e-09
-9.449106922608436085e-09
-9.049595663811134541e-09
-8.684519329353136308e-09
-8.356467899210541248e-09
-8.066093899923607607e-09
-7.811897492250382562e-09
-7.590155399159014116e-09
-7.394999370133240276e-09
-7.218659793996183225e-09
-7.051963552531553188e-09
-6.885219485018635565e-09
-6.709465990711392405e-09
-6.517884796743089368e-09
-6.306894802938809972e-09
-6.076556532806039006e-09
-5.830138996720837244e-09
-5.573339366177287363e-09
-5.313596945579981276e-09
-5.059384717754514718e-09
-4.819327284620288888e-09
-4.600709071507164974e-09
-4.407897857815717126e-09
-4.241405834614238835e-09
-4.097993465249986243e-09
-3.971646120925750054e-09
-3.854759311760454233e-09
-3.739420332846582348e-09
-3.618955213261973971e-09
-3.489480079827595475e-09
-3.350878804954348589e-09
-3.206556544808428231e-09
-3.062223592519648669e-09
-2.924260146879983956e-09
-2.797699889025219442e-09
-2.684796504239626749e-09
-2.584577098605450920e-09
-2.493391183744761708e-09
-2.406358082236150519e-09
-2.319086954863088253e-09
-2.229395552011823607e-09
-2.137830227470151476e-09
-2.047048618877332619e-09
-1.960369541637725322e-09
-1.880153193640696406e-09
-1.806787170554689255e-09
-1.738728683181008209e-09
-1.673530507965076247e-09
-1.609175424941268945e-09
-1.545171834881197794e-09
-1.482521471894160986e-09
-1.422817230762215833e-09
-1.367004804892324593e-09
-1.314866937016553966e-09
-1.265325281820467031e-09
-1.217322993175759962e-09
-1.170538181286992667e-09
-1.125428644902034904e-09
-1.082573053842762305e-09
-1.042139081942842447e-09
-1.003772819121817797e-09
-9.669885729640584436e-10
-9.315743511339865142e-10
-8.976467364380336741e-10
-8.653541176523084605e-10
-8.346531435112149567e-10
-8.053449539330302537e-10
-7.772758470071895599e-10
-7.504279534139575369e-10
-7.248073477773077762e-10
-7.003592719210941997e-10
-6.769880792929491570e-10
-6.546304709914744685e-10
-6.332549736938068432e-10
-6.128193818681741663e-10
-5.932711423900893396e-10
-5.745583404664883796e-10
-5.566362433053278600e-10
-5.394662346888449269e-10
-5.230107998717207095e-10
-5.072326504052061400e-10
-4.920954019782879120e-10
-4.775634332424042067e-10
-4.636014284091838158e-10
-4.501754819643302717e-10
-4.372545130384664607e-10
-4.248102580918451057e-10
-4.128165623422294817e-10
-4.012485730225002505e-10
-3.900822073634426364e-10
-3.792939428354293130e-10
-3.688606931345570171e-10
-3.587602298411778076e-10
-3.489723194569616465e-10
-3.394789405637691169e-10
-3.302638011729186648e-10
-3.213117360704745672e-10
-3.126082368609779293e-10
-3.041392442607835248e-10
-2.958910389738882191e-10
-2.878503938740437617e-10
-2.800054272915234970e-10
-2.723459608351593795e-10
-2.648632332712706788e-10
-2.575494395340218559e-10
-2.503973383630429896e-10
-2.434000546309736295e-10
-2.365509883451195538e-10
-2.298438151357648857e-10
-2.232729179441093312e-10
-2.168337134668234955e-10
-2.105225420230145889e-10
-2.043363926674169072e-10
-1.982726486544242334e-10
-1.923289381438142326e-10
-1.865030725060488765e-10
-1.807930105597800258e-10
-1.751969609450899900e-10
-1.697135304371899082e-10
-1.643417106906140657e-10
-1.590807789002388116e-10
-1.539301944174269258e-10
-1.488895278480542381e-10
-1.439584327974720453e-10
-1.391366255814631031e-10
-1.344238457922767986e-10
-1.298198071707250077e-10
-1.253241904204993470e-10
-1.209366546587588514e-10
-1.166568490400889702e-10
-1.124844198786428858e-10
-1.084190138742552587e-10
-1.044602793918712639e-10
-1.006078260213148296e-10
-9.686109875827384642e-11
-9.321933679794910328e-11
-8.968161354077858086e-11
-8.624689413003296329e-11
-8.291408201695619967e-11
-7.968204120041315602e-11
-7.654960723266492558e-11
-7.351557987713080149e-11
-7.057864415095371120e-11
-6.773732301919978221e-11
-6.498999934483781255e-11
-6.233495964815932097e-11
-5.977043319370615926e-11
-5.729461360688182363e-11
-5.490566821619846590e-11
-5.260174320567713705e-11
-5.038094759917815965e-11
-4.824133458800057009e-11
-4.618090555854448171e-11
-4.419762346122079186e-11
-4.228942672378250121e-11
-4.045423850955624378e-11
-3.868997041392743385e-11
-3.699452620040163023e-11
-3.536582119406313202e-11
-3.380181017491354452e-11
-3.230049082570046274e-11
-3.085989180650942626e-11
-2.947806019478208272e-11
-2.815305300934190561e-11
-2.688293360101572175e-11
-2.566576997506818301e-11
-2.449965214583114597e-11
-2.338273989819451931e-11
-2.231327727977059380e-11
-2.128957565519778704e-11
-2.030999019297937532e-11
-1.937290131193649848e-11
-1.847670612023230677e-11
-1.761981400973021492e-11
-1.680065337873772812e-11
-1.601771351388382432e-11
-1.526956685625236071e-11
-1.455485723915633594e-11
-1.387227699221937015e-11
-1.322054720856548094e-11
-1.259840739004393333e-11
-1.200461080172208314e-11
-1.143792575553231266e-11
-1.089717012975308297e-11
-1.038124111330368931e-11
-9.889108692362106759e-12
-9.419793817870130825e-12
-8.972348223243617696e-12
-8.545842276662539697e-12
-8.139360001430340040e-12
-7.751996641630261599e-12
-7.382872678428193052e-12
-7.031154993052148187e-12
-6.696056749481418529e-12
-6.376824984873048389e-12
-6.072727835640641445e-12
-5.783045750233069095e-12
-5.507067879729605752e-12
-5.244090736790092581e-12
-4.993443893028995574e-12
-4.754548249789224011e-12
-4.526929019917365927e-12
-4.310193720463155430e-12
-4.104003724206942214e-12
-3.908052059321491926e-12
-3.722053679420374817e-12
-3.545739600532226875e-12
-3.378820331954381778e-12
-3.220870437837438433e-12
-3.071277523063272918e-12
-2.929269777995046483e-12
-2.793966521839194722e-12
