# bin_1_1
-6.226875423383982419e-08
-6.314021168951249919e-08
-6.402887159734050439e-08
-6.493493496862071941e-08
-6.585859960181874425e-08
-6.680005944626927899e-08
-6.775950288757515953e-08
-6.873711053466365125e-08
-6.973305336200049423e-08
-7.074749114594327305e-08
-7.178057119449797338e-08
-7.283242742715969510e-08
-7.390317992988344764e-08
-7.499293500632794927e-08
-7.610178542134089903e-08
-7.722981055796827289e-08
-7.837707664444954506e-08
-7.954363671813998722e-08
-8.072953040854233203e-08
-8.193478407839627030e-08
-8.315941106804458430e-08
-8.440341182526888579e-08
-8.566677352351615686e-08
-8.694946684007821406e-08
-8.825143941401272912e-08
-8.957261239772533898e-08
-9.091288049243089190e-08
-9.227211051163269834e-08
-9.365013982360953104e-08
-9.504677622458035564e-08
-9.646179847501474233e-08
-9.789495619602948679e-08
-9.934596898245340980e-08
-1.008145254084366705e-07
-1.023002809071826026e-07
-1.038028561186455992e-07
-1.053218381096222526e-07
-1.068567790073648002e-07
-1.084071829162759428e-07
-1.099725214781216546e-07
-1.115522817259613852e-07
-1.131459001463450792e-07
-1.147526823174331076e-07
-1.163718662768819233e-07
-1.180026567485497210e-07
-1.196442101944429279e-07
-1.212956359544802702e-07
-1.229559967426184726e-07
-1.246243032944666420e-07
-1.262995239633132360e-07
-1.279805837826959335e-07
-1.296663070154196192e-07
-1.313553963199793561e-07
-1.330465258528345779e-07
-1.347383876371897191e-07
-1.364296028786774334e-07
-1.381186900361221515e-07
-1.398041034237086993e-07
-1.414842406557672915e-07
-1.431574171782852615e-07
-1.448218332901347259e-07
-1.464756211708541911e-07
-1.481169262069325297e-07
-1.497436429898402329e-07
-1.513537663159125759e-07
-1.529464929100804516e-07
-1.545205341727793834e-07
-1.560729177295152660e-07
-1.576005691185984111e-07
-1.591005947606924431e-07
-1.605700801038447705e-07
-1.620062038068445394e-07
-1.634061905135770154e-07
-1.647673540640502187e-07
-1.660872298795184678e-07
-1.673628477457012993e-07
-1.685908748819061906e-07
-1.697683462013384077e-07
-1.708925492805575075e-07
-1.719604879466123696e-07
-1.729687128505888770e-07
-1.739139148835363454e-07
-1.747930733037106470e-07
-1.756029250475365016e-07
-1.763396093666624448e-07
-1.769996111828839178e-07
-1.775800383853232401e-07
-1.780775604007160476e-07
-1.784887356520945308e-07
-1.788104981599985194e-07
-1.790398635430575451e-07
-1.791737508741836155e-07
-1.792091657432316171e-07
-1.791432979409385371e-07
-1.789734977704562456e-07
-1.786973694875807159e-07
-1.783126323190870572e-07
-1.778170064465689041e-07
-1.772092248173332200e-07
-1.764872545401362401e-07
-1.756495596662277854e-07
-1.746954565819680452e-07
-1.736248021604112230e-07
-1.724374359954627531e-07
-1.711337337069654217e-07
-1.697145476435036149e-07
-1.681812155613560258e-07
-1.665356128645495607e-07
-1.647801680040433360e-07
-1.629178831775313055e-07
-1.609523523415292204e-07
-1.588877757215805824e-07
-1.567289682432019955e-07
-1.544813591638192928e-07
-1.521509833254857391e-07
-1.497444803265367481e-07
-1.472690049316104126e-07
-1.447319217079499056e-07
-1.421405292885247410e-07
-1.395025626005615809e-07
-1.368266127887102624e-07
-1.341219763116795179e-07
-1.313985156375511232e-07
-1.286664703283585488e-07
-1.259361990057258939e-07
-1.232178881995638237e-07
-1.205212774180337319e-07
-1.178555888245838157e-07
-1.152294458386003821e-07
-1.126505260964856373e-07
-1.101253672953844990e-07
-1.076593830630592449e-07
-1.052570040690843931e-07
-1.029214019036492095e-07
-1.006546623387721922e-07
-9.845941425283862142e-08
-9.633764425903264559e-08
-9.428804890995909677e-08
-9.230689106137256196e-08
-9.038964477376109975e-08
-8.853048984701064614e-08
-8.672186837161243689e-08
-8.495473700720539918e-08
-8.321918874619716158e-08
-8.150446308228975224e-08
-7.979885538886565493e-08
-7.809108356999348837e-08
-7.637180969374786894e-08
-7.463371951664546141e-08
-7.287124693529942852e-08
-7.108137475702500924e-08
-6.926444630490534550e-08
-6.742327646481299878e-08
-6.556202233591992820e-08
-6.368704912977768866e-08
-6.180734317233028810e-08
-5.993296708882257225e-08
-5.807452304535372971e-08
-5.624356809718143191e-08
-5.445176743704784348e-08
-5.270969924293010162e-08
-5.102637043884029418e-08
-4.940868203490225775e-08
-4.786068072195466057e-08
-4.638294980874953903e-08
-4.497208163748272348e-08
-4.362088608187482741e-08
-4.231927039695077748e-08
-4.105513758920646120e-08
-3.981658098295532200e-08
-3.859397190572128801e-08
-3.738075603804170946e-08
-3.617405371916486401e-08
-3.497513126139773506e-08
-3.378912520327074416e-08
-3.262433306788031226e-08
-3.149104165706152650e-08
-3.039959665482313683e-08
-2.935831463600263740e-08
-2.837163232576212440e-08
-2.743917936799236797e-08
-2.655580613253873337e-08
-2.571245577050757531e-08
-2.489782067428720292e-08
-2.410069851567796780e-08
-2.331244322459333649e-08
-2.252893537288179222e-08
-2.175134524062136903e-08
-2.098567522418805397e-08
-2.024089067869946292e-08
-1.952618637867789651e-08
-1.884820510623379055e-08
-1.820915182275973878e-08
-1.760613665577289714e-08
-1.703204246359288799e-08
-1.647782465898135660e-08
-1.593541683251757890e-08
-1.540001200557543831e-08
-1.487089340615803248e-08
-1.435082387385734291e-08
-1.384432949194086423e-08
-1.335565297747154165e-08
-1.288719665745854416e-08
-1.243930382530097403e-08
-1.201113198920508113e-08
-1.160168111367516117e-08
-1.121015150954649090e-08
-1.083573582127915049e-08
-1.047707220225574135e-08
-1.013192564669767790e-08
-9.797600825660715490e-09
-9.472058818371822949e-09
-9.154756434284776912e-09
-8.846609325309092279e-09
-8.549136512435244202e-09
-8.263493389961995573e-09
-7.989915091613513700e-09
-7.727916365487891976e-09
-7.476740204982945557e-09
-7.235699237378345006e-09
-7.004207426495594408e-09
-6.781645088267475472e-09
-6.567266388071155489e-09
-6.360340902551504626e-09
-6.160371909289049354e-09
-5.967184030349306821e-09
-5.780865088640574945e-09
-5.601637734462418676e-09
-5.429590898401350982e-09
-5.264510358708540696e-09
-5.105890006945542817e-09
-4.953090963084852263e-09
-4.805520142776442862e-09
-4.662827956147006487e-09
-4.524950687502971837e-09
-4.391964559786229900e-09
-4.263876290740596081e-09
-4.140481349072287756e-09
-4.021430115930964104e-09
-3.906355841885006290e-09
-3.794993409718814461e-09
-3.687202853119635501e-09
-3.582929306599645149e-09
-3.482095037285529097e-09
-3.384537456100391662e-09
-3.290029318068245340e-09
-3.198371694078754261e-09
-3.109439646228543884e-09
-3.023147607193129425e-09
-2.939392404158875585e-09
-2.858046050154268824e-09
-2.778975933529027239e-09
-2.702069709575104727e-09
-2.627237387447533497e-09
-2.554396639689706058e-09
-2.483458593465120124e-09
-2.414331232309722543e-09
-2.346934317805515160e-09
-2.281198420822218288e-09
-2.217058983475507083e-09
-2.154450681026812660e-09
-2.093312789314933465e-09
-2.033591813791933037e-09
-1.975237896897532603e-09
-1.918204377920453386e-09
-1.862448297048733716e-09
-1.807930234119115403e-09
-1.754614083650067609e-09
-1.702466971726022116e-09
-1.651459090362007408e-09
-1.601563405131333088e-09
-1.552755452128828632e-09
-1.505013168983535249e-09
-1.458316631309553124e-09
-1.412647745114443190e-09
-1.367989970793115473e-09
-1.324328234447463422e-09
-1.281648858054619578e-09
-1.239939422608679562e-09
-1.199188673997426144e-09
-1.159386433874242761e-09
-1.120523290310141184e-09
-1.082590278957893553e-09
-1.045578653217455070e-09
-1.009479806595865672e-09
-9.742852557600780775e-10
-9.399866091831711108e-10
-9.065755619261503965e-10
-8.740439027285206136e-10
-8.423833173955629505e-10
-8.115851661850653254e-10
-7.816403812747094556e-10
-7.525394373078365296e-10
-7.242723609459753184e-10
-6.968287471210987696e-10
-6.701977927012605509e-10
-6.443683383668739149e-10
-6.193288153584400710e-10
-5.950671752081651945e-10
-5.715709177339337341e-10
-5.488271272979082273e-10
-5.268224943441568188e-10
-5.055433375330134220e-10
-4.849756339824468803e-10
-4.651050454724068928e-10
-4.459169282350658411e-10
-4.273963636674160987e-10
-4.095282412105517349e-10
-3.922973244794455781e-10
-3.756882748193431757e-10
-3.596856657575094118e-10
-3.442739962627412525e-10
-3.294376933503935860e-10
-3.151611233595708976e-10
-3.014286583325018948e-10
-2.882247565155005539e-10
-2.755340131303541912e-10
-2.633411763804435238e-10
-2.516311500029327618e-10
-2.403889895591484913e-10
-2.295998890570688655e-10
-2.192491758254691380e-10
-2.093223711721017630e-10
-1.998052597759054338e-10
-1.906839154056511551e-10
-1.819447061740115651e-10
-1.735742887658465870e-10
-1.655595927063631988e-10
-1.578877962108967842e-10
-1.505463080215556298e-10
-1.435228049813357773e-10
-1.368052970940989644e-10
-1.303821456918259572e-10
-1.242420630689597575e-10
-1.183741048726262948e-10
-1.127676490134691841e-10
-1.074123643903945997e-10
-1.022981843673816806e-10
-9.741531553102945600e-11
-9.275428494460420685e-11
-8.830595558259837666e-11
-8.406152178066618928e-11
-8.001250415258911710e-11
-7.615073437900072839e-11
-7.246832691974135990e-11
-6.895765209223858886e-11
-6.561132559153667205e-11
-6.242222452618087782e-11
-5.938348983309929387e-11
-5.648851222570091285e-11
-5.373092480883734782e-11
-5.110459404466548392e-11
-4.860360046205918956e-11
-4.622221859139781047e-11
-4.395491227737267092e-11
-4.179637389725527032e-11
-3.974157367992290197e-11
-3.778577707684496062e-11
-3.592454977877609637e-11
-3.415374944176805771e-11
-3.246950128685253131e-11
-3.086816906463426653e-11
-2.934632259636117835e-11
-2.790065183742156377e-11
-2.652782916953225779e-11
-2.522439857989751166e-11
-2.398671957961247861e-11
-2.281096057641448481e-11
-2.169311645953690691e-11
-2.061397810730555526e-11
-1.934633879190685141e-11
-1.784106005994573811e-11
-1.624511937275739037e-11
-1.466840588342618289e-11
-1.318152573384775913e-11
-1.183245642206817283e-11
-1.062965125127106193e-11
-9.563697319367020998e-12
-8.573476965381961272e-12
-7.652785964734632707e-12
-6.846430641959466295e-12
-6.125939301950282713e-12
-5.438404913344624045e-12
-4.768499996786034287e-12
-4.151306879673197889e-12
-3.577621530926987316e-12
-3.012279041943195828e-12
-2.490847321959062031e-12
-2.082839443097215072e-12
-1.746031528910907164e-12
-1.449107906748145770e-12
-1.216948607348124655e-12
-1.034078537001034331e-12
-8.690822313522638829e-13
-7.209855662866689668e-13
-5.937679426918279168e-13
-4.860122380920952617e-13
-3.896075740863623593e-13
-2.955833491728570042e-13
-2.017207342508880645e-13
