# bin_1_3
-2.355241281015680909e-08
-2.389521511547298640e-08
-2.424529860640594700e-08
-2.460277773910805939e-08
-2.496776687976549374e-08
-2.534038014996932666e-08
-2.572073117389131733e-08
-2.610893278999393112e-08
-2.650509677635599430e-08
-2.690933352774459236e-08
-2.732175162252673698e-08
-2.774245734198599686e-08
-2.817155421483575485e-08
-2.860914264944825557e-08
-2.905531966827289744e-08
-2.951017911641609415e-08
-2.997381236073185103e-08
-3.044630833761724021e-08
-3.092775339310304899e-08
-3.141823113332354971e-08
-3.191782224464268081e-08
-3.242660430352840943e-08
-3.294465153915632934e-08
-3.347203428976740482e-08
-3.400881818700610624e-08
-3.455506357034778641e-08
-3.511082493057124678e-08
-3.567614967212253539e-08
-3.625107654370672577e-08
-3.683563418185635471e-08
-3.742983998759539467e-08
-3.803369966923654441e-08
-3.864720953856696603e-08
-3.927035854117054964e-08
-3.990312809946235196e-08
-4.054549181409771002e-08
-4.119741536373751200e-08
-4.185885602911031704e-08
-4.252976122224287441e-08
-4.321006942846491286e-08
-4.389971333805515773e-08
-4.459861288541626835e-08
-4.530666742274250360e-08
-4.602375865219709002e-08
-4.674974957082737597e-08
-4.748447983154641298e-08
-4.822776348779846642e-08
-4.897939133472709224e-08
-4.973913798717442949e-08
-5.050676602275186918e-08
-5.128202602350577696e-08
-5.206464774843377923e-08
-5.285433747357617662e-08
-5.365078889465882431e-08
-5.445368803653571954e-08
-5.526270109577024067e-08
-5.607746613146723875e-08
-5.689759638044423410e-08
-5.772267985188581775e-08
-5.855226864159459518e-08
-5.938585930400335201e-08
-6.022290824205416330e-08
-6.106288046599841555e-08
-6.190520743715094519e-08
-6.274929060759417142e-08
-6.359461030968000622e-08
-6.444057368612150336e-08
-6.528642423386227220e-08
-6.613138534120318031e-08
-6.697468045800232795e-08
-6.781551163074917507e-08
-6.865306782144296116e-08
-6.948653127029162625e-08
-7.031503945061051702e-08
-7.113771366166203930e-08
-7.195362065353608725e-08
-7.276155452046737187e-08
-7.356028820817218130e-08
-7.434898799126473026e-08
-7.512667748312395686e-08
-7.589211110112356562e-08
-7.664409256239354471e-08
-7.738150161786459747e-08
-7.810309822889194593e-08
-7.880734181353966809e-08
-7.949279105151856091e-08
-8.015828340710456480e-08
-8.080253856247168993e-08
-8.142414231280224036e-08
-8.202158434659753537e-08
-8.259345508450266696e-08
-8.313828662525514934e-08
-8.365456920671353547e-08
-8.414085443637205012e-08
-8.459567504606692999e-08
-8.501799259639339490e-08
-8.540667472739114524e-08
-8.575942735591415964e-08
-8.607692247522254645e-08
-8.635770629593568656e-08
-8.659327507259702823e-08
-8.678435054749368559e-08
-8.693279704382120298e-08
-8.703631846873333045e-08
-8.709367621343373564e-08
-8.710371628042551612e-08
-8.706521799142847897e-08
-8.697710948884645417e-08
-8.683839302522778708e-08
-8.664818860693000002e-08
-8.640572595957036133e-08
-8.610874820743575430e-08
-8.575999920164673269e-08
-8.535749269497248012e-08
-8.490102929695663521e-08
-8.439058566122394312e-08
-8.382631840554770309e-08
-8.320854196352519337e-08
-8.253772907536334427e-08
-8.181457107464340267e-08
-8.104000520992688012e-08
-8.021521422291523834e-08
-7.934161831664455387e-08
-7.842086459860807780e-08
-7.745482638617697682e-08
-7.644558783365875275e-08
-7.539542250084631015e-08
-7.430679759907295546e-08
-7.318238343752496866e-08
-7.202502479634778522e-08
-7.083770251522161375e-08
-6.962353402661836006e-08
-6.838578817945570856e-08
-6.712782518972469079e-08
-6.585308312600616719e-08
-6.456523426416532787e-08
-6.326808979959858578e-08
-6.196528392337699976e-08
-6.066030806029660362e-08
-5.935670697404206914e-08
-5.805792156649193012e-08
-5.676716297356820160e-08
-5.548741056794513100e-08
-5.422146187234195851e-08
-5.297186734268565480e-08
-5.174073127911419438e-08
-5.052970323042443203e-08
-4.934007751772491251e-08
-4.817287390184699684e-08
-4.702896760127473831e-08
-4.590984222608884455e-08
-4.481818177142738146e-08
-4.375577938289365084e-08
-4.272280927201117788e-08
-4.171918649176216067e-08
-4.074473228509580440e-08
-3.979859717105741545e-08
-3.887922102434309947e-08
-3.798492160926245135e-08
-3.711387711593985928e-08
-3.626390589533416644e-08
-3.543275985531194288e-08
-3.461835491602820759e-08
-3.381897391337876288e-08
-3.303343742584565449e-08
-3.226027055658990813e-08
-3.149797685695446337e-08
-3.074376997854589954e-08
-2.999048012527649056e-08
-2.923386014684646310e-08
-2.847442214226471196e-08
-2.771050135853894392e-08
-2.693840269113379883e-08
-2.615613878581411454e-08
-2.536324835938841967e-08
-2.456042495286873700e-08
-2.374989839035593263e-08
-2.293531205298396235e-08
-2.212138236253803511e-08
-2.131351030563831374e-08
-2.051732238789845804e-08
-1.973830492638078229e-08
-1.898159051348087445e-08
-1.825191077024122284e-08
-1.755367865809004859e-08
-1.689102664044945361e-08
-1.626771469607996845e-08
-1.568697416935484940e-08
-1.515036388129950623e-08
-1.465821814203417016e-08
-1.420853966305915003e-08
-1.379671001516318803e-08
-1.341609033089465638e-08
-1.305748968710436806e-08
-1.271040646880064472e-08
-1.236394686966264349e-08
-1.200824091898580652e-08
-1.163603684886104354e-08
-1.124404123760567332e-08
-1.083360077433991249e-08
-1.041046356202248781e-08
-9.983111811078453133e-09
-9.561677269385863113e-09
-9.156508612249038804e-09
-8.776797772183100367e-09
-8.429921618044617370e-09
-8.119902214885165922e-09
-7.846205111090621374e-09
-7.603320722790576168e-09
-7.381927165948021000e-09
-7.171055664134005873e-09
-6.960396517375710240e-09
-6.742178152619837964e-09
-6.512336604073773965e-09
-6.271442651695500250e-09
-6.024699205905057355e-09
-5.780497458586110830e-09
-5.547893552770358827e-09
-5.333943751474074981e-09
-5.141889661928186183e-09
-4.970424010669194246e-09
-4.814048370006640931e-09
-4.665186809145776116e-09
-4.516700508968697188e-09
-4.364237277816879386e-09
-4.207576891915965844e-09
-4.050412894294816997e-09
-3.898549084109153263e-09
-3.756889550303359082e-09
-3.627434419128094556e-09
-3.508649218218277069e-09
-3.396525430376620055e-09
-3.286717134540913267e-09
-3.176807502026482426e-09
-3.067264870905230062e-09
-2.960678846836534810e-09
-2.859788183845064979e-09
-2.765585601671917724e-09
-2.677065130958631357e-09
-2.592054315158003334e-09
-2.508824947571883228e-09
-2.427186711705677232e-09
-2.348240376877191962e-09
-2.273062162108934725e-09
-2.201794339352146769e-09
-2.133608921785995630e-09
-2.067590657174443605e-09
-2.003446949618111808e-09
-1.941538580718722117e-09
-1.882209964361232526e-09
-1.825366083969194102e-09
-1.770582393246225850e-09
-1.717568185033539873e-09
-1.666330694210715910e-09
-1.616976549829435844e-09
-1.569439690487414289e-09
-1.523517343838901866e-09
-1.479089891717415376e-09
-1.436140180870973354e-09
-1.394648271181122391e-09
-1.354516651014534911e-09
-1.315653764111743909e-09
-1.278007529317569970e-09
-1.241528032629537338e-09
-1.206163095503052510e-09
-1.171861715897089795e-09
-1.138574326355986902e-09
-1.106252934780869852e-09
-1.074851589498354783e-09
-1.044327005400828406e-09
-1.014639195895852687e-09
-9.857521292476798631e-10
-9.576329243342985183e-10
-9.302500132759086206e-10
-9.035728329775591470e-10
-8.775718860454448537e-10
-8.522190502003257600e-10
-8.274880737968507132e-10
-8.033550918712533080e-10
-7.797991431804995607e-10
-7.568018607722514006e-10
-7.343458964285875159e-10
-7.124144580048167245e-10
-6.909913285921086528e-10
-6.700610411993610588e-10
-6.496092212810048111e-10
-6.296229658321659446e-10
-6.100912395534333649e-10
-5.910049100761410241e-10
-5.723556028822649565e-10
-5.541351230558475331e-10
-5.363354504149615939e-10
-5.189488169656406080e-10
-5.019678891955015939e-10
-4.853859971314943685e-10
-4.691973776069396099e-10
-4.533972988838897214e-10
-4.379814833828729340e-10
-4.229456110216759095e-10
-4.082852977743605411e-10
-3.939961188270459158e-10
-3.800736583448271867e-10
-3.665135883716669183e-10
-3.533117606761051475e-10
-3.404642831479350005e-10
-3.279673808742999924e-10
-3.158171724542956030e-10
-3.040096497538226846e-10
-2.925406814755557284e-10
-2.814059953563568095e-10
-2.706011571382269892e-10
-2.601215563780929059e-10
-2.499623976875643023e-10
-2.401187307357404203e-10
-2.305855151696264687e-10
-2.213576403662345586e-10
-2.124299233764065709e-10
-2.037970823373803136e-10
-1.954536875462200289e-10
-1.873941104182634562e-10
-1.796124741067726098e-10
-1.721026704478309136e-10
-1.648585328089044631e-10
-1.578739089675219887e-10
-1.511426606464298534e-10
-1.446586522230050159e-10
-1.384157251164601085e-10
-1.324076662293564736e-10
-1.266281733145224048e-10
-1.210708358852955556e-10
-1.157292350607233434e-10
-1.105970216603040881e-10
-1.056679193676687568e-10
-1.009357254275148030e-10
-9.639431299902584414e-11
-9.203763085767730274e-11
-8.785969980543512796e-11
-8.385459547774519028e-11
-8.001645359562473807e-11
-7.633949959869227933e-11
-7.281805334924884509e-11
-6.944653438127770333e-11
-6.621948122195740875e-11
-6.313157730866473825e-11
-6.017767657187188055e-11
-5.735281066189822391e-11
-5.465214902316308608e-11
-5.207095506258925076e-11
-4.960458065112024310e-11
-4.724846924692985300e-11
-4.499817483433291917e-11
-4.284939300801544916e-11
-4.079799472141921492e-11
-3.884005007104695144e-11
-3.697179927899869612e-11
-3.518958013209939964e-11
-3.348981031150400389e-11
-3.186898971035825666e-11
-3.032371366238804581e-11
-2.885069852538851417e-11
-2.744681022937334508e-11
-2.610908970591298954e-11
-2.483474218014998257e-11
-2.362106188301554957e-11
-2.246539089578162079e-11
-2.136511392802231346e-11
-2.031766547149154697e-11
-1.932055297022210886e-11
-1.837138610010190710e-11
-1.746682772856756748e-11
-1.658586388357171280e-11
-1.572662502531741396e-11
-1.489962048605745291e-11
-1.411013466822695593e-11
-1.335853953359405666e-11
-1.264406601391236928e-11
-1.196379551830682548e-11
-1.131529939115856705e-11
-1.068930308511997143e-11
-1.008241925341493250e-11
-9.501613094626848113e-12
-8.944552915711041987e-12
-8.402314396479614315e-12
-7.870360110403389633e-12
-7.357097561798693447e-12
-6.859386426359492211e-12
-6.362142720132153316e-12
-5.877681666566064263e-12
-5.440908685277595245e-12
-5.035272896503175011e-12
-4.645528152103914541e-12
-4.291988159175285580e-12
-3.972153432820955686e-12
-3.667508145214740499e-12
-3.378613161835906131e-12
-3.106700504786461597e-12
-2.845179579405999703e-12
-2.571844275252856470e-12
-2.238663282641004923e-12
-1.790147914258296800e-12
