# bin_2_3
-1.973564402688589233e-08
-2.003362740175630919e-08
-2.033836262589313511e-08
-2.064997939640131071e-08
-2.096860874919387036e-08
-2.129438303149503248e-08
-2.162743587375276244e-08
-2.196790216126455185e-08
-2.231591800611185866e-08
-2.267162071898375468e-08
-2.303514878016584863e-08
-2.340664180942334483e-08
-2.378624053545879196e-08
-2.417408676472495539e-08
-2.457032331848626227e-08
-2.497509344902939402e-08
-2.538853978539591332e-08
-2.581080380441859598e-08
-2.624202558322591791e-08
-2.668234378635185809e-08
-2.713189567669681257e-08
-2.759081731071897202e-08
-2.805924361944821881e-08
-2.853730829982712922e-08
-2.902514373686815920e-08
-2.952288110305017810e-08
-3.003065059120292476e-08
-3.054858163628477065e-08
-3.107680309174186821e-08
-3.161544339283776197e-08
-3.216463067750293419e-08
-3.272449236265766631e-08
-3.329515194319261390e-08
-3.387672591813837331e-08
-3.446932261169803066e-08
-3.507304215991578971e-08
-3.568797682243497875e-08
-3.631421183891951103e-08
-3.695182604447405028e-08
-3.760089172208880002e-08
-3.826147459280520623e-08
-3.893363449228749441e-08
-3.961742641006981248e-08
-4.031290139160624436e-08
-4.102010728267788060e-08
-4.173908938379634519e-08
-4.246989054937063448e-08
-4.321254591637609534e-08
-4.396707333655568324e-08
-4.473346934266497013e-08
-4.551170883760303241e-08
-4.630174623497326425e-08
-4.710351786769026536e-08
-4.791694396272755945e-08
-4.874192854028039307e-08
-4.957835972708491693e-08
-5.042611188829424816e-08
-5.128504845353180847e-08
-5.215502424565321364e-08
-5.303588742106169236e-08
-5.392748099998499317e-08
-5.482963986258624170e-08
-5.574216949232574573e-08
-5.666483776100483592e-08
-5.759738542802870068e-08
-5.853953084541193381e-08
-5.949097219034465907e-08
-6.045137815462055520e-08
-6.142038557507141727e-08
-6.239760750615728722e-08
-6.338262693921938010e-08
-6.437499405663996538e-08
-6.537422492291015094e-08
-6.637981857302843401e-08
-6.739124324520995592e-08
-6.840789094504246538e-08
-6.942927338657883937e-08
-7.045491999436110866e-08
-7.148400423571729960e-08
-7.251566937801533543e-08
-7.354914706416974327e-08
-7.458361278403240689e-08
-7.561826235784833198e-08
-7.665227342488676259e-08
-7.768468804228473534e-08
-7.871450083967164846e-08
-7.974074707315006433e-08
-8.076229992698375668e-08
-8.177792974114081894e-08
-8.278662650500590564e-08
-8.378732691534880058e-08
-8.477882230393843414e-08
-8.575987749112367768e-08
-8.672914517484004623e-08
-8.768523000917537310e-08
-8.862674160014501515e-08
-8.955236281321912370e-08
-9.046075267534218015e-08
-9.134919939474694681e-08
-9.221892278970981560e-08
-9.307426358196436715e-08
-9.390950072207844630e-08
-9.471881116074565636e-08
-9.550029813324485758e-08
-9.625098875406970708e-08
-9.696984756893232555e-08
-9.765644482812712590e-08
-9.830781038812118515e-08
-9.892087169413797942e-08
-9.949389548503334689e-08
-1.000252218988984074e-07
-1.005129332583669294e-07
-1.009553377392982159e-07
-1.013505692882476449e-07
-1.016966540341155254e-07
-1.019915996418484725e-07
-1.022333403509032926e-07
-1.024198305433158162e-07
-1.025490625638939740e-07
-1.026190849061105316e-07
-1.026279933387300360e-07
-1.025739465252710629e-07
-1.024552001206018058e-07
-1.022701127378946690e-07
-1.020171521722121231e-07
-1.016949164555619648e-07
-1.013021586512633112e-07
-1.008378086714701598e-07
-1.003009926590751220e-07
-9.969104247703778162e-08
-9.900752910764374708e-08
-9.825028889786203997e-08
-9.741943456476210914e-08
-9.651537465155976037e-08
-9.553885761967613895e-08
-9.449098511221427045e-08
-9.337321844438889580e-08
-9.218740852279810659e-08
-9.093581497846589964e-08
-8.962112254452490886e-08
-8.824644922689089970e-08
-8.681535633551109490e-08
-8.533174425290092713e-08
-8.380026051709529668e-08
-8.222569287580067992e-08
-8.061334465088731346e-08
-7.896891360576694061e-08
-7.729847109715954582e-08
-7.560844459504618463e-08
-7.390544438994891026e-08
-7.219567556775599935e-08
-7.048444792040819996e-08
-6.877779282724994556e-08
-6.708299188684540127e-08
-6.540768987082388846e-08
-6.375962094691977854e-08
-6.214611805969297670e-08
-6.057382698343411815e-08
-5.904902088114090731e-08
-5.757736158943064625e-08
-5.616340907353388093e-08
-5.481044313482744020e-08
-5.352039828664314909e-08
-5.229376336470808006e-08
-5.112962598615887463e-08
-5.002602696026635224e-08
-4.897943897324349547e-08
-4.798595919717814009e-08
-4.704460366667866002e-08
-4.615135330273593884e-08
-4.529618905330716632e-08
-4.446922366277595876e-08
-4.366168845809461900e-08
-4.286425527587939633e-08
-4.206729254578146014e-08
-4.125941561541045343e-08
-4.042784366492164712e-08
-3.956125300402328467e-08
-3.865057410707895017e-08
-3.768874977426235185e-08
-3.667165980829036128e-08
-3.559876372101940626e-08
-3.447315297120324174e-08
-3.330147684180514700e-08
-3.209358107203046240e-08
-3.086196454741147703e-08
-2.962116729936865579e-08
-2.838708254699865822e-08
-2.717626005850794862e-08
-2.600514264817963710e-08
-2.488918648697667020e-08
-2.384196770063532167e-08
-2.287423259746775687e-08
-2.199302565173580828e-08
-2.120101525076282079e-08
-2.049602423953841748e-08
-1.987081080938512072e-08
-1.931316878509550883e-08
-1.880649940088317097e-08
-1.833109780987060587e-08
-1.786624074675758678e-08
-1.739278803189174095e-08
-1.689565818045230413e-08
-1.636553174344530293e-08
-1.579937328263939099e-08
-1.520025112998697747e-08
-1.457693625501925830e-08
-1.394308224895718673e-08
-1.331576849736381401e-08
-1.271276679381490705e-08
-1.214921628992147385e-08
-1.163491939820319041e-08
-1.117306803022311365e-08
-1.076046286393855039e-08
-1.038849956268062556e-08
-1.004469652444622366e-08
-9.715131081861391696e-09
-9.387471739221704878e-09
-9.053760233597173938e-09
-8.711724270336592176e-09
-8.364467799876559721e-09
-8.018968200909002335e-09
-7.683406023997586982e-09
-7.364608832045969027e-09
-7.066259434492531750e-09
-6.788128138900100209e-09
-6.526806346996337417e-09
-6.277320056407902687e-09
-6.035452526768361454e-09
-5.799118137256443859e-09
-5.568645591337311786e-09
-5.345916487740411772e-09
-5.132808575810878683e-09
-4.929953356302309097e-09
-4.736408293138575345e-09
-4.550346871678839591e-09
-4.370150630947885252e-09
-4.195549427322800786e-09
-4.027584088391284756e-09
-3.867685483139324584e-09
-3.716369953707291615e-09
-3.572807630383751606e-09
-3.435297555192830983e-09
-3.302402541906236723e-09
-3.173862862787683822e-09
-3.050526925016006424e-09
-2.933234629717207173e-09
-2.822067444433534772e-09
-2.716273723751417309e-09
-2.614893545177494582e-09
-2.517489697042767754e-09
-2.424222497634275132e-09
-2.335312368743565469e-09
-2.250674408170808821e-09
-2.169926957626978339e-09
-2.092700750786472420e-09
-2.018849991699975758e-09
-1.948330410774478039e-09
-1.881032980263148182e-09
-1.816757341830483260e-09
-1.755317349308785832e-09
-1.696587325744091981e-09
-1.640455022766901038e-09
-1.586795971240856923e-09
-1.535472079896041217e-09
-1.486354712131725536e-09
-1.439336706413958571e-09
-1.394316535792957639e-09
-1.351189176320736650e-09
-1.309853154976293493e-09
-1.270212604143134795e-09
-1.232173623739860247e-09
-1.195646072509767071e-09
-1.160545039589814700e-09
-1.126791028568013287e-09
-1.094309362845441503e-09
-1.063028991502308313e-09
-1.032881767388063148e-09
-1.003802345253350729e-09
-9.757280324418051284e-10
-9.485989812030072468e-10
-9.223593757524851846e-10
-8.969576647890065046e-10
-8.723460273888365694e-10
-8.484797137602602884e-10
-8.253163429965058487e-10
-8.028156493512672509e-10
-7.809393943643809625e-10
-7.596513433314800821e-10
-7.389181218306619189e-10
-7.187096079144104059e-10
-6.989986180946492435e-10
-6.797604176997771320e-10
-6.609721773031412245e-10
-6.426130595148143168e-10
-6.246626786454780344e-10
-6.071032244257384383e-10
-5.899182811450785871e-10
-5.730935050864317234e-10
-5.566164619460821180e-10
-5.404763071985293941e-10
-5.246634521131043115e-10
-5.091690374929933808e-10
-4.939860844534958316e-10
-4.791076218470334678e-10
-4.645278613297001530e-10
-4.502419563077792290e-10
-4.362459164655913391e-10
-4.225364511155730245e-10
-4.091108271370870812e-10
-3.959667522700750027e-10
-3.831023588441993155e-10
-3.705161829853121714e-10
-3.582068231802722057e-10
-3.461736939739876820e-10
-3.344155717570830813e-10
-3.229314752581870525e-10
-3.117204177570735520e-10
-3.007814086410010808e-10
-2.901134607675518514e-10
-2.797156016698701226e-10
-2.695868219873431904e-10
-2.597258891080692757e-10
-2.501312562242791093e-10
-2.408010704341334357e-10
-2.317332130548968470e-10
-2.229253579735440192e-10
-2.143750017944184089e-10
-2.060794770649779865e-10
-1.980359622204864954e-10
-1.902414005474282982e-10
-1.826924425266059437e-10
-1.753854641927143614e-10
-1.683166087945009297e-10
-1.614818359768613747e-10
-1.548769539805018265e-10
-1.484976265034332786e-10
-1.423393891102406342e-10
-1.363976533845578414e-10
-1.306677016009092177e-10
-1.251447013367303251e-10
-1.198237253483529022e-10
-1.146997701751510600e-10
-1.097677707373393288e-10
-1.050226016510330296e-10
-1.004590822081423020e-10
-9.607201350222224647e-11
-9.185623237411674602e-11
-8.780663328931650692e-11
-8.391816744774144130e-11
-8.018583392008459036e-11
-7.660466798444196601e-11
-7.316973570365434534e-11
-6.987612945845525477e-11
-6.671898687513607207e-11
-6.369355635791456243e-11
-6.079522667578240072e-11
-5.801951880964393444e-11
-5.536206652995361614e-11
-5.281859160348104696e-11
-5.038489277587006090e-11
-4.805684092524494034e-11
-4.583037936274044832e-11
-4.370157041270629895e-11
-4.166662533954205435e-11
-3.972189624043258393e-11
-3.786385489981149134e-11
-3.608906772317889617e-11
-3.439418124250031394e-11
-3.277591932548573391e-11
-3.123107947134869749e-11
-2.975656810246114870e-11
-2.834943700110399440e-11
-2.700687926053393396e-11
-2.572620753599747477e-11
-2.450482959631157466e-11
-2.334022953310013659e-11
-2.222996404019612678e-11
-2.117165646665597093e-11
-2.016300427916534356e-11
-1.920179928865306960e-11
-1.828592591031850246e-11
-1.741334611003474822e-11
-1.658208373632321653e-11
-1.579021019226775771e-11
-1.503584053056266621e-11
-1.431713127373609179e-11
-1.363231034313446382e-11
-1.297975684643724285e-11
-1.235803018238175423e-11
-1.176585754185890125e-11
-1.120210979460494922e-11
-1.066577156941659690e-11
-1.015593119631540536e-11
-9.671775725893307167e-12
-9.212526889883380324e-12
-8.777250949985990162e-12
-8.364743690620394536e-12
-7.973514521229258208e-12
-7.601810165010388945e-12
