# bin_4_5
2.997819772375223585e-07
3.001638408513494427e-07
3.005529708625700743e-07
3.009495034813678730e-07
3.013535774852193701e-07
3.017653339504927737e-07
3.021849151390560871e-07
3.026124659623677355e-07
3.030481339382251572e-07
3.034920693023284665e-07
3.039444248321897681e-07
3.044053563870913034e-07
3.048750223930820594e-07
3.053535825297761099e-07
3.058412101690404458e-07
3.063380442680176629e-07
3.068442637026145369e-07
3.073600411660363088e-07
3.078855536383548412e-07
3.084209834147512417e-07
3.089665117874121405e-07
3.095226479954120513e-07
3.100888898249992240e-07
3.106655352429592427e-07
3.112533195430366411e-07
3.118521517466071302e-07
3.124622382208819981e-07
3.130837870750411050e-07
3.137167736769954504e-07
3.143620940599602345e-07
3.150192695155196238e-07
3.156887470616202680e-07
3.163707497011527348e-07
3.170655077155524434e-07
3.177732554152641174e-07
3.184942259740159067e-07
3.192286497935504432e-07
3.199871474276526107e-07
3.207387959308142153e-07
3.215150047610700802e-07
3.223056459459339009e-07
3.231109886906041964e-07
3.239313014407691292e-07
3.247671557870435515e-07
3.256181110355148773e-07
3.264848166024589559e-07
3.273675183730790453e-07
3.282666766949163912e-07
3.291824375788059218e-07
3.301150974491334990e-07
3.310649571064015092e-07
3.320323232301014221e-07
3.330175027033061117e-07
3.340208019538412242e-07
3.350425243239471799e-07
3.360829767341117804e-07
3.371424881743550476e-07
3.382215777356677257e-07
3.393201641385449007e-07
3.404388353102413868e-07
3.415779663978302513e-07
3.427378951250730417e-07
3.439189022207395514e-07
3.451213752756335415e-07
3.463456861344612880e-07
3.475922112411511579e-07
3.488613219197298041e-07
3.501533694460032800e-07
3.514687314619954458e-07
3.528077996726379199e-07
3.541708872026653803e-07
3.555586630934221319e-07
3.569713568608535554e-07
3.584093870541478958e-07
3.598731141393719385e-07
3.613618974425367047e-07
3.628790908494457855e-07
3.644222375537912446e-07
3.659927365423678311e-07
3.675911695240428502e-07
3.692179991290326722e-07
3.708735395889615014e-07
3.725582708356190922e-07
3.742726244039496072e-07
3.760170126772911596e-07
3.777918585016372769e-07
3.795976144764127926e-07
3.814347965549076703e-07
3.833036425221794279e-07
3.852056822726308416e-07
3.871403414906290420e-07
3.891083337702635549e-07
3.911100657787610168e-07
3.931461869785522081e-07
3.952171496161141857e-07
3.973234563214318016e-07
3.994656154375869529e-07
4.016444286298401576e-07
4.038596233806805618e-07
4.061124696222432519e-07
4.084031644357545846e-07
4.107321982106467229e-07
4.131001279294625912e-07
4.155075109136412492e-07
4.179548726712075404e-07
4.204427370404050073e-07
4.229715834598535055e-07
4.255419102096920894e-07
4.281542690708184726e-07
4.308088399508080903e-07
4.335071203469254819e-07
4.362486976601571407e-07
4.390343683135821293e-07
4.418646685826105493e-07
4.447401323968467940e-07
4.476612026973793174e-07
4.506282596275643714e-07
4.536424892536207825e-07
4.567033210840025700e-07
4.598120116042615802e-07
4.629688106472042103e-07
4.661742335796462988e-07
4.694287864205707897e-07
4.727328982947224695e-07
4.760880657639580655e-07
4.794916298849108253e-07
4.829471992446236153e-07
4.864542601650706407e-07
4.900132217948825741e-07
4.936242648110001177e-07
4.972876671524099557e-07
5.010040167971809382e-07
5.047739213599561491e-07
5.085978007286183252e-07
5.124758614677290139e-07
5.164081642994525243e-07
5.203951782911970160e-07
5.244372692104235207e-07
5.285346598972380142e-07
5.326876252362062560e-07
5.368964058816366574e-07
5.411612942364884146e-07
5.454822863800531143e-07
5.498599220039085375e-07
5.542937238758408831e-07
5.587846154478581262e-07
5.633321774531669794e-07
5.679364437650845774e-07
5.725976561129026091e-07
5.773157013398525480e-07
5.820908239382945673e-07
5.869231550931536930e-07
5.918110366272989451e-07
5.967560366363313031e-07
6.017574547458574414e-07
6.068151414716330601e-07
6.119288565250104828e-07
6.170982275008827830e-07
6.223224244165940788e-07
6.276026655551208966e-07
6.329369847651896790e-07
6.383254264130301034e-07
6.437674957023253280e-07
6.492626371161406730e-07
6.548101486599039198e-07
6.604094980483179367e-07
6.660600672807888294e-07
6.717607434791262744e-07
6.775111731526021472e-07
6.833101639867597185e-07
6.891565322060697534e-07
6.950494504175335988e-07
7.009881082622856560e-07
7.069711697942911594e-07
7.129964197893407113e-07
7.190660102285088144e-07
7.251750918958868623e-07
7.313234014054736814e-07
7.375089186126081984e-07
7.437322688600717737e-07
7.499891960464491721e-07
7.562788607435654776e-07
7.625997804176693610e-07
7.689501965286557449e-07
7.753281339053126244e-07
7.817312356600202281e-07
7.881573734279270646e-07
7.946046516046022893e-07
8.010706263239409812e-07
8.075539362481800040e-07
8.140507790957382617e-07
8.205591729259353876e-07
8.270758074054039465e-07
8.336002378354050504e-07
8.401276004562668657e-07
8.466555791009872808e-07
8.531811441351427713e-07
8.597014402547878658e-07
8.662132330602278546e-07
8.727134553793575991e-07
8.791985305642515794e-07
8.856651098623930510e-07
8.921097432309570657e-07
8.985287724680898143e-07
9.049185546097897936e-07
9.112751635371730168e-07
9.175948253459233645e-07
9.238735539643804133e-07
9.301072007072721563e-07
9.362916329453564978e-07
9.424226581607896153e-07
9.484958519441291685e-07
9.545069190091603794e-07
9.604513360133640921e-07
9.663244657455557371e-07
9.721217657801093463e-07
9.778384625779163450e-07
9.834697509345983111e-07
9.890108685272415992e-07
9.944568643001909964e-07
9.998027570509173620e-07
1.005043602872009085e-06
1.010174234277000531e-06
1.015189557293454308e-06
1.020084416497380491e-06
1.024853567034605045e-06
1.029491782333393751e-06
1.033993808777858049e-06
1.038354276366942750e-06
1.042567892888213546e-06
1.046629255931146700e-06
1.050532965932696546e-06
1.054273623364385253e-06
1.057845802861214586e-06
1.061244051909132661e-06
1.064462966049329561e-06
1.067497079978114937e-06
1.070330073140439839e-06
1.072978141451438435e-06
1.075425084575888221e-06
1.077665472652628272e-06
1.079693930639941244e-06
1.081505103907409375e-06
1.083093716196038284e-06
1.084454517463741248e-06
1.085582312139747128e-06
1.086471968300946630e-06
1.087118476033885593e-06
1.087516934417577061e-06
1.087662593536532608e-06
1.087550841625127310e-06
1.087177208099454223e-06
1.086537355296314546e-06
1.085627151788565601e-06
1.084442704634891061e-06
1.082980377552696957e-06
1.081236780297790664e-06
1.079208770098538544e-06
1.076893435164707062e-06
1.074288099721905382e-06
1.071390410954156958e-06
1.068198381657633151e-06
1.064712876434180049e-06
1.060927620265872108e-06
1.056844114520949536e-06
1.052461677672982378e-06
1.047779935680686375e-06
1.042798910420367480e-06
1.037519041206781022e-06
1.031941188993055216e-06
1.026066638924562411e-06
1.019897099392673813e-06
1.013434690345015745e-06
1.006681976267811787e-06
9.996420251701009548e-07
9.923184152089168669e-07
9.847152627374077836e-07
9.768387919212524218e-07
9.686912072325470838e-07
9.602800668827108696e-07
9.516121290398503355e-07
9.426948984611986524e-07
9.335365879038595282e-07
9.241460742362429147e-07
9.145329042960894955e-07
9.047079258829407350e-07
8.946820720518772347e-07
8.844662911595008274e-07
8.740744809624432937e-07
8.635191839310738558e-07
8.528149209903548705e-07
8.419763023445909547e-07
8.310188483286972127e-07
8.199581281885613168e-07
8.088100631006210203e-07
7.975907245769966364e-07
7.863163024530521372e-07
7.750030958696508398e-07
7.636669314272385411e-07
7.523245734819172460e-07
7.409909370397424988e-07
7.296805744198005641e-07
7.184071555824272547e-07
7.071833972038283122e-07
6.960210564528439577e-07
6.849309722822586005e-07
6.739230792021410124e-07
6.630062580696464212e-07
6.521882471706387172e-07
6.414755943578510940e-07
6.308739859984601376e-07
6.203869924049607934e-07
6.100184938754502062e-07
5.997715373772769915e-07
5.896488840168709020e-07
5.796530652669374901e-07
5.697863586205737051e-07
5.600507676774005890e-07
5.504477800163967077e-07
5.409779889104869098e-07
5.316411786606203711e-07
5.224365308951366074e-07
5.133626966555911380e-07
5.044174627021021339e-07
4.955992498181980330e-07
4.869050245477843191e-07
4.783317629622887815e-07
4.698757843780366034e-07
4.615326588227567558e-07
4.532972836084085261e-07
4.451639213680979465e-07
4.371263694647848797e-07
4.291783546724491274e-07
4.213139608207283626e-07
4.135262500463270644e-07
4.058092222838429532e-07
3.981566000357071119e-07
3.905621252874194056e-07
3.830192787077318404e-07
3.755210944152291710e-07
3.680610676375542160e-07
3.606339371580024108e-07
3.532358073198435472e-07
3.458641884762022932e-07
3.385178729324781897e-07
3.311968473721553589e-07
3.239025814275518717e-07
3.166386977160370719e-07
3.094111692188752405e-07
3.022284523969083332e-07
2.951015148556206189e-07
2.880437363186687537e-07
2.810709252595325712e-07
2.741989669911583179e-07
2.674412249800952168e-07
2.608081314517667303e-07
2.543072751067910225e-07
2.479435958771105577e-07
2.417198647900241950e-07
2.356367829620102427e-07
2.296931915347209102e-07
2.238868805618048326e-07
2.182135940025178657e-07
2.126673905018347476e-07
2.072404806692658405e-07
2.019231345826222795e-07
1.967052194328004449e-07
1.915797462669943975e-07
1.865434677839812753e-07
1.815964507248311316e-07
1.767415306607957315e-07
1.719848227107590349e-07
1.673351349269862588e-07
1.628016790617811318e-07
1.583914280295167650e-07
1.541090135081981835e-07
1.499568084071936349e-07
1.459347943840026083e-07
1.420404964681782108e-07
1.382691393185135911e-07
1.346141709474273931e-07
1.310679352508758282e-07
1.276226688724033748e-07
1.242709589629763206e-07
1.210044722184895623e-07
1.178160112270633028e-07
1.146976653162272851e-07
1.116432103573323598e-07
1.086480522297425574e-07
1.057092238368204551e-07
1.028257135279921526e-07
9.999907568554302060e-08
9.723361643363350699e-08
9.453520330178804628e-08
9.190981411024801581e-08
8.936206894749421620e-08
8.689469705697291594e-08
8.450813935762703075e-08
8.220025180673039714e-08
7.996687446591376501e-08
7.780237525471189420e-08
7.570151250492522225e-08
7.366033175601859082e-08
7.167552929078376196e-08
6.974500553996211475e-08
6.786751347144349326e-08
6.604195866136035718e-08
6.426701531456625579e-08
6.254107676980734051e-08
6.086239481063806489e-08
5.922930257546463952e-08
5.764041502103424535e-08
5.609501513283647319e-08
5.459335950074237641e-08
5.313629521305373223e-08
5.172452343501174148e-08
5.035836762713539338e-08
4.903752363188438390e-08
4.776089573041092613e-08
4.652638471346606136e-08
4.533099687724381607e-08
4.417161800563134377e-08
4.304551038746893822e-08
4.195042904149213015e-08
4.088479941532973205e-08
3.984779302096573707e-08
3.883935102977452890e-08
3.785990875407595834e-08
3.690979274081811015e-08
3.598911755014906368e-08
3.509768914627680417e-08
3.423492247478014849e-08
3.339983939536141570e-08
3.259110062187043647e-08
3.180727102199015179e-08
3.104703411008722864e-08
3.030918232226311008e-08
2.959268386891401575e-08
2.889669578116991124e-08
2.822055425584377897e-08
2.756373835963682255e-08
2.692572607966193433e-08
2.630603802725941248e-08
2.570415042219089808e-08
2.511952227704369076e-08
2.455158881032892659e-08
2.399976376686731099e-08
2.346345825286884870e-08
2.294210231215218557e-08
2.243513152437360396e-08
2.194199712248385061e-08
2.146217446017678064e-08
2.099516065028613450e-08
2.054047735819451082e-08
2.009766510971937864e-08
1.966628463096690940e-08
1.924591866642712252e-08
1.883616542072904739e-08
1.843663620036758393e-08
1.804695474458320184e-08
1.766675608931977015e-08
1.729568682911858819e-08
1.693340357480897522e-08
1.657957364772133329e-08
1.623387593186139590e-08
1.589600465814664826e-08
1.556566605093030238e-08
1.524258010033000178e-08
1.492647854698002013e-08
1.461711552879505037e-08
1.431422468963869974e-08
1.401758301222329384e-08
1.372696770714327276e-08
1.344216678089778983e-08
1.316297826719018194e-08
1.288920973645027732e-08
1.262067818253128316e-08
1.235720979910793711e-08
1.209863983780182710e-08
1.184480603262209808e-08
1.159557453041336161e-08
1.135079921012290470e-08
1.111034823959084112e-08
1.087409732013976991e-08
1.064192865403652048e-08
1.041373403868805886e-08
1.018940979706681032e-08
9.968859366984815960e-09
9.751991982861554896e-09
9.538722595571666588e-09
9.328971774802301395e-09
9.122665444390845347e-09
8.919734688317267902e-09
8.720115332842162344e-09
8.523747444666397800e-09
8.330575089374642191e-09
8.140550933063084740e-09
7.953617538908455239e-09
7.769735071996764216e-09
7.588862258158071362e-09
7.410960628533711037e-09
7.235994218153741694e-09
7.063928763824088940e-09
6.894734566244179937e-09
6.728381916532118647e-09
6.564843762588071168e-09
6.404094686756176863e-09
6.246108731185676948e-09
6.090866559987249898e-09
5.938344444428863054e-09
5.788521606105629664e-09
5.641378153740541793e-09
5.496894845639946629e-09
5.355052847885031635e-09
5.215833548741010494e-09
5.079218494889810215e-09
4.945188784164759160e-09
4.813728249546079203e-09
4.684816638671307107e-09
4.558436274224459321e-09
4.434568448891829693e-09
4.313195621332686696e-09
4.194295007059547234e-09
4.077848333189614378e-09
3.963835207008750500e-09
3.852234727231289407e-09
3.743025402706620815e-09
3.636185088759865472e-09
3.531690978459629696e-09
3.429519028139157106e-09
3.329646348539153181e-09
3.232047609491291082e-09
3.136697451431824564e-09
3.043569874219070806e-09
2.952638234894429365e-09
2.863875267207539231e-09
2.777253077578829701e-09
2.692743185416024669e-09
2.610316551093180675e-09
2.529943664688948804e-09
2.451594036045481117e-09
2.375238298758766310e-09
2.300845028988669915e-09
2.228382934633327023e-09
2.157820358357723729e-09
2.089125342976797334e-09
2.022265684102436654e-09
1.957208998790402415e-09
1.893922707310676065e-09
1.832374034261973778e-09
1.772529566106003040e-09
1.714357259077152287e-09
1.657823582974018697e-09
1.602895526788100755e-09
1.549540136690039478e-09
1.497724515421637973e-09
1.447415818447659864e-09
1.398581298164196856e-09
1.351188392029161959e-09
1.305204737448960952e-09
1.260597796738953854e-09
1.217336540002311504e-09
1.175390832421719296e-09
1.134725416903428426e-09
1.095311213795241164e-09
1.057117932775978066e-09
1.020114380173400607e-09
9.842710368394949094e-10
9.495575754233771238e-10
9.159463090870422348e-10
8.834076671845506962e-10
8.519132923915334016e-10
8.214352923355683615e-10
7.919462322833770712e-10
7.634191254900871076e-10
7.358274553223279520e-10
7.091440108497496875e-10
6.833455327454192408e-10
6.584057811445180352e-10
6.343001972236686040e-10
6.110047099454938139e-10
5.884959612095229087e-10
5.667503989388571988e-10
5.457453360179451131e-10
5.254593396695553242e-10
5.058705097072627755e-10
4.869577647333039555e-10
4.687005095909031889e-10
4.510786207493437566e-10
4.340721513997366217e-10
4.176625594165413952e-10
4.018308587060144866e-10
3.865588567802765439e-10
3.718288100033184111e-10
3.576234180944488238e-10
3.439254282017171356e-10
3.307192333857690552e-10
3.179886160441054588e-10
3.057177391546570016e-10
2.938916797459393780e-10
2.824957544175195419e-10
2.715154251854597340e-10
2.609373459249847338e-10
2.507477604959094462e-10
2.409335924070870844e-10
2.314821500522711701e-10
2.223810010800420171e-10
2.136182298228330676e-10
2.051824020048539861e-10
1.970620870921229872e-10
1.892462224263880789e-10
1.817245141401018311e-10
1.744865671094386822e-10
1.675223077290534439e-10
1.608223614903743866e-10
1.543771265956233646e-10
1.481778209424451363e-10
1.422155984252139060e-10
1.364818272367073787e-10
1.309686425401225921e-10
1.256678696061890966e-10
1.205718868861147432e-10
1.156732570911195143e-10
1.109648023493998664e-10
1.064395886241702414e-10
1.020905869967574675e-10
9.791199128519275319e-11
9.389708658971456340e-11
9.004000932050853021e-11
8.633470954955867362e-11
8.277572470047102898e-11
7.935741196857212885e-11
7.607470405235835178e-11
7.292240773079727429e-11
6.989560731849365797e-11
6.698955912940948928e-11
6.419968975120333990e-11
6.152140101119203696e-11
5.895077773288130221e-11
5.648358509465570889e-11
5.411586035544523889e-11
5.184383754982354472e-11
4.966364400511816358e-11
4.757197498845851669e-11
4.556530804513288375e-11
4.364031269355388510e-11
4.179383177890142125e-11
4.002261930280680897e-11
3.832407420697208839e-11
3.669517709067743327e-11
3.513323443594019492e-11
3.363559344129579857e-11
3.219974222354463221e-11
3.082322773365840766e-11
2.950368357014399037e-11
2.823884288218533600e-11
2.702656408260203604e-11
2.586472522037985848e-11
2.475131366429632970e-11
2.368434989025949238e-11
2.266204520990179502e-11
2.168256369751295201e-11
2.074417714049088045e-11
1.984522617951459271e-11
1.898411678979748027e-11
1.815931473246589916e-11
1.736934357393462411e-11
1.661278442464872809e-11
1.588828569770377761e-11
1.519447223055836983e-11
1.453018834676457610e-11
1.389418394850042003e-11
1.328529356796755103e-11
1.270237587000689496e-11
1.214444643451264649e-11
1.161033715280386435e-11
1.109912351987949804e-11
1.060985499499803372e-11
1.014167064268244679e-11
9.693585611564827877e-12
9.264813320247578670e-12
8.854545568961172724e-12
8.462007557332511447e-12
8.086425047988035709e-12
7.727159269298642633e-12
7.383469326778720899e-12
7.054723389888425040e-12
6.740313229643802286e-12
6.439609079220269562e-12
6.152029644265674397e-12
5.877007242839756843e-12
5.614033587432204825e-12
5.362581213969379578e-12
5.122160528778330774e-12
4.892306031705471286e-12
4.672557680638655072e-12
4.462493100741730264e-12
4.261690448925907637e-12
4.069749145206321152e-12
3.886293895512042954e-12
3.710942255051493879e-12
3.543337555645697032e-12
3.383161686588041917e-12
3.230087973884737245e-12
3.083807930977991451e-12
2.944033697670715580e-12
2.810496183525490063e-12
2.682910799360952472e-12
2.561030437482595173e-12
2.444601701350974637e-12
2.333379908183029049e-12
2.227149681809804450e-12
2.125693870752761393e-12
2.028807488572815166e-12
1.936295342329434102e-12
1.847952012530938461e-12
1.763613075852628889e-12
1.683090472512015324e-12
1.606224168865852925e-12
1.532844340006633157e-12
1.462790004115160206e-12
1.395906941901136532e-12
1.332076583170805835e-12
1.271139073359408671e-12
1.212967409769465641e-12
1.157433234178192806e-12
1.104420874215708332e-12
1.053816688884227335e-12
1.005511491735760963e-12
9.594090684017360766e-13
9.154127539616838071e-13
8.734344777574383824e-13
8.333820592511238534e-13
7.951634125158351444e-13
7.587020315999718672e-13
7.238999516748686265e-13
6.906240145870095360e-13
6.588273641163200278e-13
6.284863045702480753e-13
5.995393084908007667e-13
5.719163731231578642e-13
5.455612037487640940e-13
5.204095818446771883e-13
4.964100320947823537e-13
4.735087131071086984e-13
4.516582478825149867e-13
4.308084400827900934e-13
4.109167369909698580e-13
3.919367963223831327e-13
3.738268462529526879e-13
3.565492105778497853e-13
3.400621770776086635e-13
3.243325717234976225e-13
3.093252014930814141e-13
2.950037417170978695e-13
2.813403118305551869e-13
2.683017357179093162e-13
2.558471181823172326e-13
2.439635191713781574e-13
2.326258689371275785e-13
2.218088920340054723e-13
2.114889477949654108e-13
2.016424432630990289e-13
1.922484824320326594e-13
1.832852735090455617e-13
1.747344005009830377e-13
1.665761756022733608e-13
1.587930581887320965e-13
1.513673530355379500e-13
1.442835133584848097e-13
1.375255947194900865e-13
1.307887147296110978e-13
1.243295141422110078e-13
1.181697936244560029e-13
1.122965103414359972e-13
1.066956088567947138e-13
1.013552130032682637e-13
9.626381669419408055e-14
9.141092715876900055e-14
8.678495771001340672e-14
8.237532127400749207e-14
7.817181440912330699e-14
7.408950907083874664e-14
7.019773607299082311e-14
6.648911145337673164e-14
6.295705314334325676e-14
5.959397981362593577e-14
5.639094580320290164e-14
5.334221398673319795e-14
5.043926069452431586e-14
4.757477867172338871e-14
4.436843753421977480e-14
4.132537674512122978e-14
3.843873566141001816e-14
3.569971625410096057e-14
3.310128171450219665e-14
3.063740688395531936e-14
2.830250748047354031e-14
2.613410031414439430e-14
2.408904111037669257e-14
