# bin_6_4
5.009807740371546158e-08
5.012885645972216789e-08
5.016022108458052273e-08
5.019218247100648308e-08
5.022475204966332355e-08
5.025794142174230704e-08
5.029176209637037437e-08
5.032622582348357749e-08
5.036134457817903908e-08
5.039713058097507406e-08
5.043359625173167086e-08
5.047075432877179201e-08
5.050863979977316739e-08
5.054722145410507358e-08
5.058653399225661534e-08
5.062659029164744854e-08
5.063178484879121261e-08
5.067550037488693839e-08
5.072021032549939029e-08
5.076588802188648114e-08
5.081255174529419100e-08
5.086026514299628273e-08
5.092906624287394597e-08
5.097552468377676971e-08
5.102292669897888306e-08
5.107122186766074276e-08
5.112042799751173610e-08
5.117056281224806500e-08
5.122158965370860743e-08
5.127368454550066449e-08
5.132670468265614390e-08
5.138072109937115488e-08
5.143575244055889415e-08
5.149181851104745252e-08
5.154893951948947981e-08
5.160713487998538418e-08
5.166642282845158854e-08
5.172922665140185257e-08
5.178835066462129119e-08
5.185103022881726383e-08
5.187519217062792622e-08
5.197993379041455991e-08
5.204620591575450124e-08
5.211379265960779569e-08
5.218255272225053594e-08
5.225262249363002624e-08
5.232393888852577531e-08
5.239664626804668198e-08
5.247071011360907558e-08
5.254615647541358963e-08
5.262301181494672476e-08
5.270130334737493882e-08
5.278105772740830680e-08
5.286230089355360821e-08
5.294505745851670575e-08
5.302935224719285195e-08
5.311521456485804073e-08
5.320270554163585864e-08
5.329182132355208458e-08
5.338255945562467761e-08
5.347499248225616853e-08
5.356915439122044166e-08
5.366505662022358589e-08
5.376273854806230454e-08
5.386223289257715179e-08
5.396357645473180480e-08
5.406680125518832563e-08
5.417193587407933072e-08
5.427901164650708802e-08
5.438806435139372013e-08
5.449913322374016956e-08
5.461225462610728724e-08
5.472748727751681649e-08
5.476017868851329791e-08
5.489614401748910312e-08
5.503417699328966785e-08
5.520996559551855879e-08
5.533613606505742794e-08
5.546460495402157312e-08
5.559547067073230384e-08
5.572872729331425946e-08
5.586443108575938424e-08
5.600261717857048235e-08
5.614332309693602107e-08
5.628658142207814731e-08
5.643242672455745123e-08
5.658089994623974208e-08
5.673205663085270814e-08
5.688596271726046384e-08
5.704268031621207726e-08
5.720223871403191466e-08
5.736466192865631665e-08
5.752999402068601138e-08
5.769828836805047063e-08
5.786959899184100404e-08
5.804397599853922463e-08
5.822147067637625624e-08
5.840213731311283256e-08
5.858604040834912331e-08
5.877321354613670656e-08
5.896370007006376103e-08
5.915754717209305098e-08
5.935481740421859049e-08
5.955557358702974558e-08
5.975987142799908680e-08
5.996776652491674276e-08
6.017932467149220786e-08
6.039453593033588459e-08
6.061354439354973461e-08
6.083626677363716025e-08
6.106300626074140191e-08
6.129360471671848901e-08
6.152818424994197836e-08
6.176680762007552591e-08
6.200953794374793551e-08
6.225641830378540786e-08
6.250771663103519978e-08
6.276288350494884807e-08
6.302259995074675414e-08
6.328670942590204206e-08
6.355526748570382415e-08
6.382859467112140115e-08
6.410625360507845871e-08
6.438854507015429843e-08
6.467567219204118014e-08
6.496726298032101900e-08
6.526382597936562764e-08
6.556518043151989896e-08
6.587160646922931578e-08
6.618299061138207612e-08
6.649936290216614479e-08
6.682084130852617141e-08
6.714753075452248620e-08
6.747956461673065723e-08
6.781679385734993551e-08
6.815936344475816899e-08
6.850733978176411359e-08
6.886078270787324293e-08
6.921973464333207993e-08
6.958425366802934299e-08
6.995440378828812699e-08
7.033022797572946370e-08
7.071177893245866203e-08
7.109911707594013785e-08
7.149227251986030050e-08
7.189131137366677965e-08
7.229627295069000211e-08
7.270721194476530435e-08
7.312416549168494722e-08
7.354717696622061417e-08
7.397629338395253501e-08
7.441155064295058954e-08
7.485298909006475036e-08
7.530064176215891101e-08
7.575454883720049011e-08
7.621473726228400035e-08
7.668123851617839726e-08
7.715409814434338947e-08
7.763330153414356679e-08
7.811886519528957331e-08
7.861089966591729779e-08
7.910932589114759929e-08
7.961418694029110316e-08
8.012549496395326234e-08
8.064325626904555502e-08
8.116747336190797893e-08
8.169815704842402175e-08
8.223526878160731599e-08
8.277884315659439808e-08
8.332884398705533262e-08
8.388531702954994696e-08
8.444808445957339881e-08
8.501722758303627195e-08
8.559275757854437059e-08
8.617427544494014004e-08
8.676263959864563901e-08
8.735691419849747118e-08
8.795731619044162654e-08
8.856370067780966943e-08
8.917641036998132678e-08
8.979491010460495137e-08
9.041929891048513121e-08
9.104937551205193796e-08
9.168519375969331748e-08
9.232671674893724665e-08
9.297362710462809654e-08
9.362580706986773311e-08
9.428331092957287763e-08
9.494591847541009502e-08
9.561357144146812328e-08
9.628594318252790844e-08
9.696287073154212019e-08
9.764436867427999093e-08
9.833020756183949917e-08
9.902011791533892506e-08
9.971392542059139884e-08
1.004114797322367048e-07
1.011125327540140091e-07
1.018168601956389478e-07
1.025242300438351587e-07
1.032343939965384771e-07
1.039471005932980768e-07
1.046620847609292173e-07
1.053790733064335779e-07
1.060977829121086008e-07
1.068179222410205440e-07
1.075391884455180499e-07
1.082612732078976890e-07
1.089838550125636378e-07
1.097065696087047849e-07
1.104291597670773352e-07
1.111512462091313291e-07
1.118724802386173918e-07
1.125925073284934120e-07
1.133109656402690881e-07
1.140275746571395791e-07
1.147417893187767981e-07
1.154533184301004048e-07
1.161617808760410340e-07
1.168667798419584548e-07
1.175679440803371903e-07
1.182648563452035935e-07
1.189571686862032662e-07
1.196444856047437999e-07
1.203263594820336855e-07
1.210023865491169388e-07
1.216722314546453547e-07
1.223354689408175670e-07
1.229917252826246946e-07
1.236405693849597325e-07
1.242815953459443367e-07
1.249144696848331093e-07
1.255387788885726726e-07
1.261541580673376866e-07
1.267602887969847258e-07
1.273566048314099933e-07
1.279427019658226976e-07
1.285185938774189508e-07
1.290835218435037605e-07
1.296372404921282683e-07
1.301793742346079538e-07
1.307095530563279593e-07
1.312273997703182908e-07
1.317325415456430687e-07
1.322245980611327554e-07
1.327031862596314077e-07
1.331680346219289480e-07
1.336185102994301930e-07
1.340542713197336237e-07
1.344750278646177054e-07
1.348803040741569852e-07
1.352696725387310276e-07
1.356426911457234786e-07
1.359989066649562029e-07
1.363378535441442446e-07
1.366590582492088771e-07
1.369620381414205792e-07
1.372463018335185004e-07
1.375113453438766893e-07
1.377566491174351935e-07
1.379816807020603218e-07
1.381858975511907434e-07
1.383687494328804253e-07
1.385296817988292994e-07
1.386681346159041698e-07
1.387835359159106369e-07
1.388752997739489631e-07
1.389428305524114302e-07
1.389854763736580262e-07
1.390027185409470040e-07
1.389938862391816866e-07
1.389583457402031668e-07
1.388954510674052363e-07
1.388045453829416847e-07
1.386849655410016701e-07
1.385360407681937179e-07
1.383570866860165570e-07
1.381474039344041366e-07
1.379062919634619546e-07
1.376330649313194682e-07
1.373270569139181503e-07
1.369875586778655853e-07
1.366140846240090087e-07
1.362059823614628231e-07
1.357627048591738487e-07
1.352837691706448902e-07
1.347687740467311863e-07
1.342174020526627573e-07
1.336294187035468027e-07
1.330046735154975520e-07
1.323431027966771648e-07
1.316447317234161802e-07
1.309096674239634774e-07
1.301383126618745532e-07
1.293305029615358423e-07
1.284867914081118698e-07
1.276075906363423510e-07
1.266933900930741708e-07
1.257447385393241627e-07
1.247622117285858056e-07
1.237464062717839335e-07
1.226979296204854475e-07
1.216173997191630945e-07
1.205054586585290734e-07
1.193627792227023265e-07
1.181901484509246953e-07
1.169881264090148681e-07
1.157577376539795890e-07
1.144998093122333197e-07
1.132152400603794685e-07
1.119049896329872136e-07
1.105700788657589219e-07
1.092116531621132626e-07
1.078310196232077573e-07
1.064296404048616435e-07
1.050091221402717034e-07
1.035712176122222996e-07
1.021178229311941188e-07
1.006509261307974665e-07
9.917255040696347076e-08
9.768468223461068489e-08
9.618951115623751944e-08
9.468904238510562245e-08
9.318533993398767788e-08
9.168005930290284653e-08
9.017639581232553713e-08
8.867514957130502480e-08
8.717863261707740314e-08
8.568870224220460930e-08
8.420714167956552345e-08
8.273564509460128813e-08
8.127582115135432402e-08
7.982926757509088418e-08
7.839736410729246639e-08
7.698159637158723711e-08
7.558335353138497392e-08
7.420396771479272755e-08
7.284469915662819232e-08
7.150669423575462204e-08
7.019094252704940114e-08
6.889830459287076233e-08
6.762954473196236099e-08
6.638533147776615937e-08
6.516622636417755594e-08
6.397267051951257757e-08
6.280498602912660538e-08
6.166336721165161210e-08
6.054788503761522475e-08
5.945849493316829751e-08
5.839502614394349144e-08
5.735717045209010766e-08
5.634448077790474775e-08
5.535633173145078103e-08
5.439182183971622450e-08
5.344971214344463888e-08
5.252843880607628334e-08
5.162605601280507336e-08
5.074041782318370261e-08
4.986908256085113436e-08
4.900948132560627770e-08
4.815889272201350471e-08
4.731446352163192764e-08
4.647335029892388382e-08
4.563265917231534316e-08
4.478953218138783981e-08
4.394138078408661185e-08
4.308588312449298365e-08
4.222110922425169123e-08
4.134569650732418403e-08
4.045885944912220343e-08
3.956046953246795804e-08
3.865031903912505843e-08
3.773148089672974305e-08
3.680372337433798316e-08
3.586989248142421350e-08
3.493254947926403741e-08
3.399485372092732111e-08
3.306017057222261099e-08
3.213208397675167176e-08
3.121418624632228032e-08
3.031011464118660473e-08
2.942354860962628229e-08
2.855804882742078488e-08
2.771680496144653111e-08
2.690280834174853297e-08
2.611856512988272928e-08
2.536587724637755942e-08
2.464603361953498711e-08
2.395956987569142929e-08
2.330613072390549391e-08
2.268448956898936319e-08
2.209291223122427795e-08
2.152926045838269619e-08
2.099081378401227896e-08
2.047452190485470763e-08
1.997710481535678787e-08
1.949524918685306289e-08
1.902544771408685811e-08
1.856408037656163136e-08
1.810786851849300417e-08
1.765403599423445056e-08
1.720035217157398285e-08
1.674555270254644695e-08
1.628962434635129389e-08
1.583367452077961923e-08
1.537971453499799126e-08
1.493026703039265166e-08
1.448826790634581678e-08
1.405664708025330924e-08
1.363771735524172558e-08
1.323316143282945379e-08
1.284412676695202832e-08
1.247107518813512192e-08
1.211391369128073294e-08
1.177209352438903439e-08
1.144481115950585647e-08
1.113098634854874007e-08
1.082915606721901829e-08
1.053763836388318052e-08
1.025476702876462018e-08
9.978899654617780267e-09
9.708470199974912583e-09
9.442329879340861839e-09
9.179954747125780420e-09
8.921475247681407184e-09
8.667471597570317989e-09
8.418846020466540816e-09
8.176764416767866246e-09
7.942357579023099114e-09
7.716369501696527321e-09
7.499063898290739165e-09
7.290240306227560698e-09
7.089346466320200108e-09
6.895527745179828501e-09
6.707785108842179980e-09
6.525189841127920317e-09
6.347082141935056266e-09
6.173067467561314146e-09
6.003006833864534962e-09
5.836977323183567018e-09
5.675229823086447108e-09
5.518061972124973802e-09
5.365696263892525513e-09
5.218262399592610312e-09
5.075777455436701275e-09
4.938146426552257411e-09
4.805178295845465957e-09
4.676619574137001015e-09
4.552218495731352813e-09
4.431736528668333814e-09
4.314950999272363318e-09
4.201687181929920776e-09
4.091792795278055660e-09
3.985148852844718878e-09
3.881648442101919093e-09
3.781191705697901273e-09
3.683694284202633133e-09
3.589069989461772654e-09
3.497244016931625559e-09
3.408141055949238169e-09
3.321690755263320629e-09
3.237828380748583147e-09
3.156485294542166237e-09
3.077600352852914820e-09
3.001100937025644588e-09
2.926917003342448605e-09
2.854976004976969935e-09
2.785203380938357016e-09
2.717523785055470057e-09
2.651862857903231877e-09
2.588147825209796713e-09
2.526308056631675234e-09
2.466275407467581914e-09
2.407984306548106814e-09
2.351371747192484127e-09
2.296377257838977084e-09
2.242942619532911166e-09
2.191011662748169257e-09
2.140530297458640951e-09
2.091446352834687911e-09
2.043709357782329822e-09
1.997270449048187887e-09
1.952082365282309126e-09
1.908146373906290580e-09
1.865277445601233009e-09
1.823574404107055033e-09
1.782949316159675041e-09
1.743362855578202418e-09
1.704777134991461570e-09
1.667155632237402202e-09
1.630463157938498396e-09
1.594665931611158306e-09
1.559731528975944137e-09
1.525628749162400684e-09
1.492327591407980074e-09
1.459799248017388934e-09
1.428016068453399176e-09
1.396951575351146137e-09
1.366580492078126019e-09
1.336879331187452669e-09
1.307823556048788042e-09
1.279391701230649318e-09
1.251562394665340908e-09
1.224315688763993019e-09
1.197632090762487575e-09
1.171493216141521452e-09
1.145881523366988769e-09
1.120780270358590544e-09
1.096173516210585851e-09
1.072046076660456951e-09
1.048383524458915663e-09
1.025172216903827038e-09
1.002399230650817698e-09
9.800522884829149891e-10
9.581197548210438591e-10
9.365906029181610114e-10
9.154542368769157439e-10
8.947011055556744817e-10
8.743213462076100035e-10
8.543071195767238347e-10
8.346497217524457184e-10
8.153413839652113907e-10
7.963745514982822876e-10
7.777428046371264421e-10
7.594394481970466822e-10
7.414584442054342322e-10
7.237941145383306151e-10
7.064411232561291881e-10
6.893944577216216303e-10
6.726491004219435597e-10
6.562012017972358293e-10
6.400463021662830782e-10
6.241804917229068085e-10
6.086000792669006274e-10
5.933015792011131165e-10
5.782816888400295038e-10
5.635372595943411100e-10
5.490652966748748666e-10
5.348629448907758042e-10
5.209274793074314747e-10
5.072561590992417960e-10
4.938466952044576097e-10
4.806964942702565114e-10
4.678031447974611329e-10
4.551642832524669280e-10
4.427777017048585709e-10
4.306408848761870234e-10
4.187516797567297123e-10
4.071078227923260648e-10
3.957070424828932635e-10
3.845469381472181506e-10
3.736254452258870575e-10
3.629399017419299862e-10
3.524883563980520255e-10
3.422683358628300027e-10
3.322772116190182730e-10
3.225126216261663021e-10
3.129720428945305196e-10
3.036529109017329205e-10
2.945526186759322199e-10
2.856684135710420572e-10
2.769977822355669754e-10
2.685378697914685518e-10
2.602858632472596751e-10
2.522388998685768830e-10
2.443940718476892115e-10
2.367484278491464323e-10
2.292989750317830276e-10
2.220425907488519066e-10
2.149763807810650039e-10
2.080971440838392689e-10
2.014017348002728956e-10
1.948869830140991984e-10
1.885496936287426281e-10
1.823866462372329624e-10
1.763946072289015821e-10
1.705702465245458695e-10
1.649104646656723689e-10
1.594119091563977321e-10
1.540713086824381157e-10
1.488853905289947232e-10
1.438508858127118148e-10
1.389645346310590079e-10
1.342231438064061666e-10
1.296233686308657276e-10
1.251620469056595435e-10
1.208358587338882812e-10
1.166418753868047510e-10
1.125768222799638808e-10
1.086375107415019261e-10
1.048209972161312629e-10
1.011241547125678653e-10
9.754396369330449358e-11
9.407744122031581044e-11
9.072164311144243437e-11
8.747360115044064397e-11
8.433059067728698034e-11
8.128973119743850386e-11
7.834825461370342313e-11
7.550343716215815873e-11
7.275260189185228419e-11
7.009305933684711482e-11
6.752235206915714971e-11
6.503788897137803083e-11
6.263719253394659511e-11
6.031783278118933861e-11
5.807741455072157616e-11
5.591360072968833772e-11
5.382416234305275084e-11
5.180683380013333871e-11
4.985943044979337487e-11
4.797974188214151467e-11
4.616587714222850925e-11
4.441570339610897613e-11
4.272723451798669392e-11
4.109853419356922586e-11
3.952771536878697703e-11
3.801294098928515265e-11
3.655241904451210064e-11
3.514438864326885602e-11
3.378717711651424993e-11
3.247906592511212511e-11
3.121853582210526245e-11
3.000397284014916815e-11
2.883385449110943465e-11
2.770662490284239669e-11
2.662099526150161870e-11
2.557548682571009769e-11
2.456873826757075325e-11
2.359942930642683606e-11
2.266627992395062585e-11
2.176804448762153130e-11
2.090348236909042931e-11
2.007150193358316708e-11
1.927092627692242351e-11
1.850065570961576257e-11
1.775958987184913191e-11
1.704673837674924182e-11
1.636113970952287250e-11
1.570178753943498838e-11
1.506774397981330587e-11
1.445809999883443260e-11
1.387197483661073346e-11
1.330849106478942407e-11
1.276689259532245623e-11
1.224635089191605105e-11
1.174607619686563312e-11
1.126535252296541691e-11
1.080346511732880800e-11
1.035970579228022878e-11
9.933412680963393542e-12
9.523930821565411864e-12
9.130639854429632426e-12
8.752930776682268865e-12
8.390215177723269427e-12
8.041928424064330838e-12
7.707535566142470800e-12
7.386505755880695734e-12
7.078333365804417833e-12
6.782521408350709445e-12
6.498627097304762119e-12
6.226152467654297994e-12
5.964706097097350233e-12
5.713819839179522267e-12
5.473129268405866518e-12
5.242197187242027904e-12
5.020684818171838439e-12
4.808185245433424238e-12
4.604385371126545522e-12
4.408908993770015172e-12
4.221451961080119712e-12
4.041717265878408684e-12
3.869369570755654546e-12
3.704135268099027742e-12
3.545747945741412825e-12
3.393905903737070823e-12
3.248363226599197758e-12
3.108867901591286946e-12
2.975189076387458394e-12
2.847069023134114139e-12
2.724296743792907119e-12
2.606657873804665962e-12
2.493947782466354169e-12
2.385962613725839619e-12
2.282529433351724415e-12
2.183451809049822180e-12
2.088557536529595902e-12
1.997678862558311968e-12
1.910647179015811349e-12
1.827303827195485057e-12
1.747494162510708554e-12
1.671072387987549898e-12
1.597907420700871273e-12
1.527859579181249031e-12
1.460795503195492635e-12
1.396603372035113928e-12
1.335168121504354707e-12
1.276365433735056680e-12
1.220090993234619901e-12
1.166238169652827087e-12
1.114703947030266852e-12
1.065391072639436338e-12
1.018204067412040175e-12
9.730533176453486345e-13
9.298509074068315133e-13
8.885202420529596822e-13
8.489846792572661258e-13
8.111676951119847334e-13
7.749999552385574385e-13
7.404116453597485153e-13
7.073341365590845185e-13
6.757043325887172164e-13
6.454577606406242805e-13
6.165349565943396105e-13
5.888801488198635776e-13
5.624367103076788495e-13
5.371564738039729587e-13
5.129893077756641817e-13
4.898901110141793592e-13
4.678129150177738711e-13
4.467130158264146380e-13
4.265509206446554363e-13
4.072797286568511349e-13
3.888639316756279637e-13
3.712643108164210237e-13
3.544434833986159214e-13
3.383705540782809924e-13
3.230127910238300996e-13
3.083377121718173229e-13
2.943180405407850284e-13
2.809253629072121644e-13
2.681333882589427822e-13
2.559130683934436268e-13
2.442414469319147664e-13
2.330919227268222726e-13
2.224428947225114990e-13
2.122625372855713713e-13
2.025349105576498466e-13
1.932494797921561563e-13
1.843889730647851569e-13
1.759315234778565937e-13
1.678587534992198269e-13
1.601546119151564136e-13
1.528004820325805277e-13
1.457801768004371216e-13
1.390793107786192790e-13
1.326850021771830230e-13
1.265846540203893756e-13
1.207650798315948339e-13
1.152129756920339181e-13
1.099161874755690869e-13
1.048630569771554270e-13
1.000416096679073392e-13
9.544095714201265197e-14
9.105027055811097730e-14
8.686041216874961296e-14
8.286224348774683478e-14
7.904836636896831245e-14
7.540921324585044522e-14
7.193670699142033650e-14
6.862372215596473110e-14
6.546258123443629835e-14
6.244602299709143004e-14
5.956783043117543408e-14
5.682141268908983200e-14
5.420112688184704938e-14
5.170080324020375695e-14
4.931516424216248671e-14
4.703887948636384244e-14
4.486702283022031641e-14
4.279488103015343022e-14
4.081180921212476783e-14
3.891913299522805225e-14
3.711333582286982673e-14
3.539040968123474085e-14
3.374655009347860765e-14
3.217838727650819392e-14
3.068219976865352954e-14
2.925475070831008935e-14
2.789306495782574037e-14
2.659385224014418880e-14
2.535445376511530874e-14
2.416974705016000237e-14
2.303967585111824076e-14
2.196144674589392704e-14
2.093299074599707210e-14
1.995214378086177545e-14
1.901648365535600371e-14
1.812405586949137686e-14
1.727284560140784281e-14
1.645618075991647203e-14
1.565494012614064663e-14
1.489102412070836118e-14
1.416314333612039333e-14
1.346950764667205800e-14
1.280846835595188527e-14
1.217860160625104192e-14
1.157845065244565587e-14
1.101406177449883373e-14
1.047774070273184859e-14
