# bin_6_3
4.492568257168324138e-08
4.494110832143070615e-08
4.495682605582432937e-08
4.497284145583207167e-08
4.498916034027120527e-08
4.500578859653918376e-08
4.502273191545641018e-08
4.503999612438775812e-08
4.505758716883712150e-08
4.507551113092993822e-08
4.509377418166487086e-08
4.511238269815002227e-08
4.513134313686959465e-08
4.515066172122244835e-08
4.517034446551708270e-08
4.519039741448548824e-08
4.521082184834875289e-08
4.523163468925177923e-08
4.525284349474765097e-08
4.527444649966757002e-08
4.529645601349995539e-08
4.531895000143671442e-08
4.534178581536785559e-08
4.536499612837542174e-08
4.538870462182321373e-08
4.541285736243663182e-08
4.543746387560995674e-08
4.546253345531034653e-08
4.548801436601027649e-08
4.551409338714384620e-08
4.554059409954909585e-08
4.556759545182305881e-08
4.559510168073839796e-08
4.562312323941793274e-08
4.565167082141038402e-08
4.568075416052029225e-08
4.571038163969423988e-08
4.574296329309188178e-08
4.577130292291981718e-08
4.580261584045201373e-08
4.583451251326334970e-08
4.586700666340518909e-08
4.590011108501557828e-08
4.593390821232052444e-08
4.596824462886118552e-08
4.600323246650322322e-08
4.603883651752490192e-08
4.607514994344808564e-08
4.611213917033795930e-08
4.614981798168164978e-08
4.618820037160686741e-08
4.622730087853950633e-08
4.626713326380365284e-08
4.630771034966893879e-08
4.634904340907330866e-08
4.639114371235268789e-08
4.643402679809111797e-08
4.647771157724591081e-08
4.652223644278581845e-08
4.656756736309624512e-08
4.661374335543140666e-08
4.666077232914263370e-08
4.670868451200671047e-08
4.675750325103586059e-08
4.680721748755221394e-08
4.685786077031684581e-08
4.690944981776021741e-08
4.696199583714271492e-08
4.701551526797537993e-08
4.707002694460056046e-08
4.712555103329578029e-08
4.718210731983572626e-08
4.723986305934495883e-08
4.729860451602316365e-08
4.735822328610325950e-08
4.741587126041595293e-08
4.748122509646495175e-08
4.754428119258712737e-08
4.760840364090167402e-08
4.767387788088203597e-08
4.774070170969307746e-08
4.780864037264448798e-08
4.787780382543307146e-08
4.794823461456379081e-08
4.801994404530063016e-08
4.809294513719305123e-08
4.816725708088865834e-08
4.824291303778598691e-08
4.831995686168661503e-08
4.839839916241023542e-08
4.847830284244838412e-08
4.855964036411144290e-08
4.864243203154819059e-08
4.872670711954042254e-08
4.881249531070395668e-08
4.889982216784439332e-08
4.898871408108949247e-08
4.907920006399633340e-08
4.917131768827189685e-08
4.926507863942845725e-08
4.936049608402605804e-08
4.945761009895271161e-08
4.955642047788265343e-08
4.965698082410074067e-08
4.975931947804853569e-08
4.986346433471124010e-08
4.996943306038832528e-08
5.007724769550148104e-08
5.018694282298089685e-08
5.029846648133987372e-08
5.041207472578073553e-08
5.052757753695211362e-08
5.064506809987375709e-08
5.076457905951122438e-08
5.088614313601651669e-08
5.100977284827989054e-08
5.113548202199163131e-08
5.126335961555360543e-08
5.139338562430842236e-08
5.152561166443817991e-08
5.166002814024928980e-08
5.179668631860108319e-08
5.193562009231982884e-08
5.207684715423369944e-08
5.222038737499494037e-08
5.236628633794639193e-08
5.251456825082111201e-08
5.266517428442895006e-08
5.281833330466887761e-08
5.297391653772158323e-08
5.313192014763592022e-08
5.329241392867980397e-08
5.345556898630285913e-08
5.362120193932997381e-08
5.378941081200784150e-08
5.396021197797377793e-08
5.413363691339815402e-08
5.430971050085052361e-08
5.448844767850837535e-08
5.466985683649128434e-08
5.485397450798688825e-08
5.504080900002572035e-08
5.523037842795670004e-08
5.542270276159752193e-08
5.561779597030133407e-08
5.581567216412478612e-08
5.601633521220653003e-08
5.621981412138431799e-08
5.642612035017590456e-08
5.663526454718736890e-08
5.684724639594441804e-08
5.706207743868155275e-08
5.727976656724570157e-08
5.750031587543741946e-08
5.772373503928770370e-08
5.795003282428306145e-08
5.817918798389395446e-08
5.841121309432426333e-08
5.864610054576448385e-08
5.888384905627343579e-08
5.912444728333469877e-08
5.936788891832468956e-08
5.961415868249139515e-08
5.986323045211994109e-08
6.011511402139231595e-08
6.036977546237484629e-08
6.062720175423509341e-08
6.088733173600993424e-08
6.115019029643832018e-08
6.141571596041309561e-08
6.168393393971684758e-08
6.195464602030295711e-08
6.222797181437348146e-08
6.250381360225765567e-08
6.278185093921931265e-08
6.306285811512529171e-08
6.334594116948799855e-08
6.363128824616486896e-08
6.391878345045133897e-08
6.420871009248739149e-08
6.450058171307351381e-08
6.479448084576484483e-08
6.509026259196556511e-08
6.538793870433742568e-08
6.568737690763297838e-08
6.598843567989733061e-08
6.629104288020540574e-08
6.659506911712276006e-08
6.690046341491953476e-08
6.720704324750737950e-08
6.751465009215712543e-08
6.782326053506960244e-08
6.813266541890196497e-08
6.844275611483522240e-08
6.875339548264121016e-08
6.906437971509636961e-08
6.937554970547509759e-08
6.968678173125772480e-08
6.999788071122291776e-08
7.030869623187338351e-08
7.061896224342232658e-08
7.092856857749796510e-08
7.123729227079823815e-08
7.154493242569471273e-08
7.185128248232397587e-08
7.215613211530544710e-08
7.245926357669277525e-08
7.276045787380400701e-08
7.305948711168591208e-08
7.335612417029171079e-08
7.365013621468034637e-08
7.394128982538732764e-08
7.422934800274336857e-08
7.451407227058702868e-08
7.479522136917386725e-08
7.507255372974501611e-08
7.534580154592398211e-08
7.561477126699833312e-08
7.587919860626682735e-08
7.613884474083245359e-08
7.639347244318957430e-08
7.664284671867123584e-08
7.688673490741990479e-08
7.712490798402261062e-08
7.735714190737579053e-08
7.758321769900228670e-08
7.780292174084982663e-08
7.801604605509190635e-08
7.822238916690367873e-08
7.842179504102275512e-08
7.861399925600925107e-08
7.879886026987525654e-08
7.897620583649247695e-08
7.914587112204305610e-08
7.930769907849955049e-08
7.946154049170993092e-08
7.960725450344504460e-08
7.974470759427205532e-08
7.987377244328221032e-08
7.999432774099482804e-08
8.010625848200853129e-08
8.020945610546110786e-08
8.030381671665705024e-08
8.038924041376424231e-08
8.046562975345588875e-08
8.053291502950798745e-08
8.059095972999114591e-08
8.063966128792576936e-08
8.067891097216069924e-08
8.070866797913777537e-08
8.072880292196087714e-08
8.073921070869393811e-08
8.073977976578714777e-08
8.073038945428259346e-08
8.071091628997413292e-08
8.068123232984987705e-08
8.064120545473290983e-08
8.059069965414238604e-08
8.052957143638291670e-08
8.045766754867313674e-08
8.037482699739766118e-08
8.028088296820286138e-08
8.017566493761919169e-08
8.005900216708035547e-08
7.993072229701987209e-08
7.979064505565476196e-08
7.963858035359361374e-08
7.947433127288007848e-08
7.929769461201203728e-08
7.910845996455851072e-08
7.890640917369929284e-08
7.869132354392094322e-08
7.846294948190706655e-08
7.822104788752139464e-08
7.796536474697530818e-08
7.769563728515203014e-08
7.741158803613506705e-08
7.711292300300620825e-08
7.679934333261339916e-08
7.647055949278523857e-08
7.612629514855762878e-08
7.576628857693182627e-08
7.539029479577507586e-08
7.499809076034847211e-08
7.458948075885163058e-08
7.416431756142235780e-08
7.372251716159458922e-08
7.326405976978796530e-08
7.278898874502781375e-08
7.229741032347990440e-08
7.178951735634218612e-08
7.126553452305392390e-08
7.072569214652868143e-08
7.017036235418407595e-08
6.959992348133322188e-08
6.901479580383192148e-08
6.841543987416534335e-08
6.780235575709973156e-08
6.717606304936326272e-08
6.653700419729338581e-08
6.588574821136596550e-08
6.522274487141236757e-08
6.454837855221463126e-08
6.386313236642528491e-08
6.316716980490600520e-08
6.246100544346137070e-08
6.174497227849309640e-08
6.101942802949065919e-08
6.028471930304182603e-08
5.954118015829328034e-08
5.878913364659575304e-08
5.802890710930145890e-08
5.726089276758965203e-08
5.648557736544316802e-08
5.570354051044281226e-08
5.491545134722282696e-08
5.412207021812982609e-08
5.332424677120213132e-08
5.252288048025966870e-08
5.171887067826052046e-08
5.091310962123089659e-08
5.010650500507707345e-08
4.929987542464314781e-08
4.849409883626217107e-08
4.769001040997768636e-08
4.688838609816261518e-08
4.609005552671849687e-08
4.529573468771806583e-08
4.450612349061075852e-08
4.372187764848758716e-08
4.294360425252358678e-08
4.217186783282152375e-08
4.140722082578232539e-08
4.065020882091684047e-08
3.990137878833769575e-08
3.916128223903548992e-08
3.843046976592380652e-08
3.770948251116116818e-08
3.699881750953232915e-08
3.629889432707973337e-08
3.561007881064534916e-08
3.493270521079733861e-08
3.426707512402675213e-08
3.361345234418724208e-08
3.297205600699564878e-08
3.234306982717939428e-08
3.172664639003837299e-08
3.112291183359739824e-08
3.053196747861931306e-08
2.995388497815000872e-08
2.938870179715713927e-08
2.883641564835603668e-08
2.829695634472401410e-08
2.777011745046213429e-08
2.725550049506545465e-08
2.675251861608504662e-08
2.626038853893529679e-08
2.577815645095384382e-08
2.530475776173013443e-08
2.483903224215402261e-08
2.437974053394649204e-08
2.392559417943117964e-08
2.347527470205197039e-08
2.302745385971209788e-08
2.258079323885177581e-08
2.213405672333720501e-08
2.168614465248057276e-08
2.123619128928104833e-08
2.078357821087973180e-08
2.032799612271428254e-08
1.986941718171902863e-08
1.940812151879481886e-08
1.894468118883374947e-08
1.847992697486001971e-08
1.801482938618529106e-08
1.755046311659699720e-08
1.708808348027379284e-08
1.662901315767273175e-08
1.617456884761135050e-08
1.572602938082553727e-08
1.528467193256083375e-08
1.485180140680063642e-08
1.442867227744202812e-08
1.401646642552133532e-08
1.361624979567638767e-08
1.322893468079209316e-08
1.285519640369096232e-08
1.249550294045070216e-08
1.215010918775386037e-08
1.181893113926914329e-08
1.150157924563084200e-08
1.119753104448843336e-08
1.090614648917593031e-08
1.062660624750050092e-08
1.035789394657110900e-08
1.009888215359482400e-08
9.848393878527489533e-09
9.605081555459364915e-09
9.367477321067097786e-09
9.134173539737187510e-09
8.903922323471987631e-09
8.675664541848316222e-09
8.448710383987747481e-09
8.222870009680776114e-09
7.998416012634396526e-09
7.775967658572198478e-09
7.556371189910341233e-09
7.340645357141546997e-09
7.129801211091134919e-09
6.924621602035023242e-09
6.725673194497425185e-09
6.533354361279426691e-09
6.347855546538809412e-09
6.169179582669133353e-09
5.997207274067452473e-09
5.831759902842355643e-09
5.672561217603266674e-09
5.519149104472219019e-09
5.370951377507815959e-09
5.227366038712936386e-09
5.087755127945827472e-09
4.951458269176263073e-09
4.817941145507502648e-09
4.686898720244282671e-09
4.558293918316405459e-09
4.432258515205267203e-09
4.309058171771168147e-09
4.189077042127609680e-09
4.072704253305318104e-09
3.960194773494261648e-09
3.851626697413255314e-09
3.746906067751198567e-09
3.645815318817664394e-09
3.548034997965831498e-09
3.453180137622995247e-09
3.360921123289532311e-09
3.271011912523146838e-09
3.183312457588034846e-09
3.097767701716769351e-09
3.014396507738823851e-09
2.933271688479472902e-09
2.854470315293653072e-09
2.778035545403014348e-09
2.703976697002398155e-09
2.632263284553072474e-09
2.562827868522754019e-09
2.495575349119712268e-09
2.430398260866622142e-09
2.367200266849544102e-09
2.305892923949025143e-09
2.246396033111544010e-09
2.188641467363108820e-09
2.132572629383680691e-09
2.078138694544836112e-09
2.025286974374083195e-09
1.973963518429613779e-09
1.924118154419779454e-09
1.875703088360947363e-09
1.828671638030751091e-09
1.782979651230180186e-09
1.738587593977115516e-09
1.695460998273684157e-09
1.653566708710289079e-09
1.612871794238925664e-09
1.573343432078892696e-09
1.534949396323347793e-09
1.497656177084426071e-09
1.461429286998205531e-09
1.426233632101309435e-09
1.392034399145011185e-09
1.358797336080333780e-09
1.326489025461598769e-09
1.295077124372105553e-09
1.264530501846465165e-09
1.234819242433940083e-09
1.205914631682634024e-09
1.177789033264646901e-09
1.150415791278425117e-09
1.123769242195892243e-09
1.097824621382936945e-09
1.072557960840278063e-09
1.047946046736073585e-09
1.023966414442201493e-09
1.000597352924449101e-09
9.778177448570470861e-10
9.556078294354027263e-10
9.339480377638551686e-10
9.128197179561463606e-10
8.922049069813332230e-10
8.720862947550729292e-10
8.524472104124399750e-10
8.332716523711930144e-10
8.145446600605958791e-10
7.962506498467781465e-10
7.783758105969024249e-10
7.609064707598311571e-10
7.438294448726737568e-10
7.271322363772174417e-10
7.108027523829451284e-10
6.948294614049893715e-10
6.792012965496958607e-10
6.639076500016056725e-10
6.489381810086465581e-10
6.342831610180694133e-10
6.199337442046200185e-10
6.058807239205246519e-10
5.921158979016747630e-10
5.786305271089847132e-10
5.654171349676216221e-10
5.524683809156457969e-10
5.397769539351755182e-10
5.273362090216878361e-10
5.151397145047571586e-10
5.031813258204247410e-10
4.914551837997536232e-10
4.799556935989633729e-10
4.686773687282107883e-10
4.576154355609946155e-10
4.467649231140015623e-10
4.361212897921939775e-10
4.256800824940290255e-10
4.154371844567583213e-10
4.053886296491772760e-10
3.955306392035131497e-10
3.858596263589537633e-10
3.763721897776595891e-10
3.670650861563720574e-10
3.579352222550496146e-10
3.489796448535538134e-10
3.401953902483578900e-10
3.315800334016419085e-10
3.231308585517896629e-10
3.148454031568527983e-10
3.067213037642180907e-10
2.987562694600408879e-10
2.909481529893304308e-10
2.832948168846890001e-10
2.757942158134198379e-10
2.684443691992089127e-10
2.612433634098897363e-10
2.541892344580942134e-10
2.472803724843688227e-10
2.405148849779843562e-10
2.338910198442243651e-10
2.274070537560680421e-10
2.210612913083706956e-10
2.148520588047149288e-10
2.087777030482064065e-10
2.028365809705964222e-10
1.970270541567467026e-10
1.913473750151797017e-10
1.857961317389499257e-10
1.803715813003255972e-10
1.750720927557622151e-10
1.698959329536861583e-10
1.648416603730850276e-10
1.599075223995955714e-10
1.550918529294228380e-10
1.503929814944871927e-10
1.458092294571808886e-10
1.413388118877538002e-10
1.369802214397149124e-10
1.327316489029554601e-10
1.285913675446394316e-10
1.245576419746931102e-10
1.206287276049983973e-10
1.168028701832397270e-10
1.130783101370173041e-10
1.094531916499187487e-10
1.059259795708475787e-10
1.024946751082901726e-10
9.915755598108214142e-11
9.591283564172331662e-11
9.275872619862401689e-11
8.969343733654061915e-11
8.671518411401792694e-11
8.382210264955912400e-11
8.101257514034425139e-11
7.828474482244261105e-11
7.563684606299547605e-11
7.306712082661213688e-11
7.057382133618001467e-11
6.815521205967639184e-11
6.580948290428321761e-11
6.353510514198076295e-11
6.133029459945972688e-11
5.919337384890849524e-11
5.712268414782469500e-11
5.511658383611834220e-11
5.317340100428242486e-11
5.129164165617763108e-11
4.946967367014929463e-11
4.770594013616793090e-11
4.599885441894069175e-11
4.434701147606585627e-11
4.274886953273296936e-11
4.120296674834801593e-11
3.970782870355069348e-11
3.826212443592218315e-11
3.686442791610339976e-11
3.551334193123098809e-11
3.420760998062279724e-11
3.294588586889183736e-11
3.172685454722362488e-11
3.054933879764267750e-11
2.941207502913602259e-11
2.831386354873726953e-11
2.725349761076136367e-11
2.622989753853644654e-11
2.524190841395876140e-11
2.428840622411002570e-11
2.336838897481056975e-11
2.248078226493509204e-11
2.162453984119676969e-11
2.079873057588093776e-11
2.000232712558949585e-11
1.923444803438245682e-11
1.849414694248068283e-11
1.778050463912352600e-11
1.709270789338059880e-11
1.642985582342560877e-11
1.579117873016793915e-11
1.517584836715384744e-11
1.458306346960637997e-11
1.401211885252399989e-11
1.346217928935016502e-11
1.293268707870388721e-11
1.242286920300645205e-11
1.193205248651654410e-11
1.145958421464108788e-11
1.100483184976243915e-11
1.056716107589686472e-11
1.014601879253335174e-11
9.740786640287924019e-12
9.350926294001351130e-12
8.975911939205992338e-12
8.615184177660962116e-12
8.268269773899224289e-12
7.934644821155659284e-12
7.613849692919410842e-12
7.305422933184710084e-12
7.008930552571900837e-12
6.723914069202106609e-12
6.449968601998084487e-12
6.186691623463989312e-12
5.933693017067239438e-12
5.690595471963315583e-12
5.457016319473824841e-12
5.232639462485839277e-12
5.017100083431421834e-12
4.810078241881626828e-12
4.611248168328640455e-12
4.420310935563196894e-12
4.236966293722259511e-12
4.060924816266030927e-12
3.891910086594602527e-12
3.729664519104953446e-12
3.573924840317008154e-12
3.424443784507366024e-12
3.280973763542449171e-12
3.143302302867247373e-12
3.011198102164500277e-12
2.884446347516625891e-12
2.762839865110735383e-12
2.646180672134926183e-12
2.534276382764554487e-12
2.426941436135940980e-12
2.323997045973628198e-12
2.225267256780846894e-12
2.130595813889803011e-12
2.039813941343550676e-12
1.952777755407361654e-12
1.869335534787756397e-12
1.789346616996679530e-12
1.712673121404954512e-12
1.639184630412124742e-12
1.568751562078269809e-12
1.501255461159339563e-12
1.436570917613817277e-12
1.374588116555848118e-12
1.315203063872139601e-12
1.258303463390236352e-12
1.203797253942760841e-12
1.151578050821414897e-12
1.101568520788565086e-12
1.053667239512351417e-12
1.007792995920222642e-12
9.638649675641018269e-13
9.218012506428411964e-13
8.815234547907371176e-13
8.429563833314962160e-13
8.060342335506104863e-13
7.706867023427503156e-13
7.368487896724328058e-13
7.044559910574868365e-13
6.734524679257904870e-13
6.437816588035907192e-13
6.153871975408106841e-13
5.882160613497155323e-13
5.622161818582303052e-13
5.373372344183055399e-13
5.135330788766435268e-13
4.907581184420203677e-13
4.689675095721004652e-13
4.481204692405505472e-13
4.281762845832735920e-13
4.091013709358869447e-13
3.908565721881014457e-13
3.734091279183335615e-13
3.567251336639145741e-13
3.407704144448373363e-13
3.255162263356689442e-13
3.109301096717995946e-13
2.969835378749587251e-13
2.836494228811466488e-13
2.709001576210582531e-13
2.587130719573298371e-13
2.470629673826514205e-13
2.359290165604877288e-13
2.252880567087785117e-13
2.151189742423632800e-13
2.054021409836565441e-13
1.961157557144529088e-13
1.872421261309295555e-13
1.787617140392972582e-13
1.706582980123086210e-13
1.629149037139467776e-13
1.555162637528179139e-13
1.484471545093845345e-13
1.416940747393571053e-13
1.352433242650443845e-13
1.290822535079230338e-13
1.231975293706045606e-13
1.175763054172398342e-13
1.122078162550075401e-13
1.070801429500463133e-13
1.021739317452589355e-13
9.748256025225483238e-14
9.300390609612725634e-14
8.873043101243669733e-14
8.465112443733957333e-14
8.075764110557031717e-14
7.704124722781717474e-14
7.349412992496035636e-14
7.010774457081470826e-14
6.687561694102411656e-14
6.379113074265200554e-14
6.084828766752777439e-14
5.804051561442023209e-14
5.536180579767432461e-14
5.280678206264595917e-14
5.036899174953891803e-14
4.804340674361346733e-14
4.582465976970858163e-14
4.370729497602270391e-14
4.168660215001035438e-14
3.975877656461204548e-14
3.792035490186765667e-14
3.616629248616580366e-14
3.449281835131162223e-14
3.289617100936048354e-14
3.137285409993515270e-14
2.991940137718520934e-14
2.853270965495887649e-14
2.720957897941993328e-14
2.594727945868681476e-14
2.474293805855426255e-14
2.359394371177625471e-14
2.249774251480105140e-14
2.145198792513385126e-14
2.045434223750378670e-14
1.949756368270754947e-14
1.858433942842924015e-14
1.771315175792937421e-14
1.688208635212380410e-14
1.608942340295583067e-14
1.533334344873139665e-14
1.461224680260909091e-14
1.392450740647666795e-14
1.326851123606348912e-14
1.264289729554330122e-14
1.204623443858427640e-14
1.147539047422078331e-14
1.093096919843266389e-14
1.041186284269087458e-14
9.916959535070949567e-15
9.445119736233279088e-15
8.995315415774063095e-15
8.566547388524066503e-15
8.157807056249324994e-15
7.764585237382262398e-15
7.372813586676438419e-15
6.999820754379052160e-15
6.645006643774968521e-15
6.307470693766424075e-15
5.986365853924438882e-15
5.680877673639416641e-15
5.390426956540919936e-15
5.119435337300493004e-15
4.862661557997369830e-15
