# bin_7_5
2.336370567184452602e-08
2.339740252829630219e-08
2.343173619653097947e-08
2.346671841686269604e-08
2.350236114117852517e-08
2.353867651467695445e-08
2.357567679912898711e-08
2.361337447432187825e-08
2.365178223528200170e-08
2.369091300026247656e-08
2.373077989887363497e-08
2.377139630967339139e-08
2.381277582473501730e-08
2.385493215910848764e-08
2.389787881978255811e-08
2.394163053966440217e-08
2.398620128401241210e-08
2.403160581396528347e-08
2.407785922401246131e-08
2.412497701313407493e-08
2.417297499685868842e-08
2.422189029997592562e-08
2.427169226798514576e-08
2.432240454836334715e-08
2.437407998838660533e-08
2.442671648234147558e-08
2.448033110044173711e-08
2.453494142352110126e-08
2.459054898279803153e-08
2.464721897980046379e-08
2.470492163430885779e-08
2.476369118571516994e-08
2.482354642602879188e-08
2.488450668590468758e-08
2.494659160970716681e-08
2.500982079810710576e-08
2.507421369461387666e-08
2.514050791380022166e-08
2.520656973952059075e-08
2.527457372305987090e-08
2.534382350371077539e-08
2.541434137623357710e-08
2.548614961532877717e-08
2.555929148031965208e-08
2.563374029593231755e-08
2.570954583446027557e-08
2.578672572121547025e-08
2.586531886309273077e-08
2.594533818296602548e-08
2.602680809862789804e-08
2.610975335628606327e-08
2.619419913309143826e-08
2.628017064358786137e-08
2.636769309287499844e-08
2.645679149357315205e-08
2.654749112509680417e-08
2.663981881020775697e-08
2.673381568586756184e-08
2.682947785037884791e-08
2.692685150546318465e-08
2.702596644894067280e-08
2.712684908900439584e-08
2.722952648430268542e-08
2.733402632663030746e-08
2.744037941761857784e-08
2.754861607883448541e-08
2.765876618710798116e-08
2.777085823672834993e-08
2.788492254441189420e-08
2.800099039618260182e-08
2.811909659176235599e-08
2.823926989022566392e-08
2.836154169223226180e-08
2.848595165705674373e-08
2.861252369765395190e-08
2.874122700757087840e-08
2.887226958111766887e-08
2.900551912475158554e-08
2.914106041074823474e-08
2.927893498431927886e-08
2.941917879122447166e-08
2.956182027416206486e-08
2.970690368210137657e-08
2.985445726819878232e-08
3.000451348859031907e-08
3.015710548172413476e-08
3.031226839846794892e-08
3.047004172254661012e-08
3.063045612260561376e-08
3.079359575092400079e-08
3.095944396884033337e-08
3.112804928092846097e-08
3.129944807178705318e-08
3.147367953857917755e-08
3.165078307330748250e-08
3.183079688057401939e-08
3.201375949453925710e-08
3.219972965335564790e-08
3.238869177830907845e-08
3.258073682525649873e-08
3.277588152962825504e-08
3.297416283716113562e-08
3.317562224228321050e-08
3.338030121227707605e-08
3.358823896178156520e-08
3.379947452966419676e-08
3.401404381574538969e-08
3.423198394251960960e-08
3.445333564487909969e-08
3.467811386741890694e-08
3.490642453347009631e-08
3.513824146714009393e-08
3.537362199128426416e-08
3.561260540306699309e-08
3.585523079862896458e-08
3.610153094191190389e-08
3.635152737853718941e-08
3.660529247488611979e-08
3.686285763781348790e-08
3.712423593453198761e-08
3.738947163616770758e-08
3.765860208147284882e-08
3.793166391504952771e-08
3.820868845717806722e-08
3.848976870797296226e-08
3.877475886339024244e-08
3.906386127682823125e-08
3.935707880914907909e-08
3.965441291075267946e-08
3.995590969082920397e-08
4.026159048405019454e-08
4.057146447533183694e-08
4.088559152785072797e-08
4.120400225101967328e-08
4.152673684807441440e-08
4.185372849297764018e-08
4.218508415545554375e-08
4.252080668443134614e-08
4.286091334382992792e-08
4.320542503950923168e-08
4.355437749074754181e-08
4.390776826186438874e-08
4.426559785092180923e-08
4.462791521179008363e-08
4.499468039964810837e-08
4.536597929676415455e-08
4.574177644929095992e-08
4.612208070024187283e-08
4.650690238402229456e-08
4.689626835846180011e-08
4.729014295485713211e-08
4.768854318104105117e-08
4.809145552529110174e-08
4.849889691313932556e-08
4.891085323299126482e-08
4.932732017254361404e-08
4.974829328780557672e-08
5.017374240709143305e-08
5.060368183588682276e-08
5.103802212905146216e-08
5.147682984877331547e-08
5.192004123694170511e-08
5.236763848088014537e-08
5.281959452021066002e-08
5.327587307275952397e-08
5.373645044619047698e-08
5.420129899731445171e-08
5.467035506560151379e-08
5.514361165437202684e-08
5.562100420805498909e-08
5.610248189021170856e-08
5.658798558999442225e-08
5.707748722659927501e-08
5.757093768286967993e-08
5.806819068585967216e-08
5.856945345342043122e-08
5.907437350278607836e-08
5.958298861109360167e-08
6.009520655122354103e-08
6.061107568986918011e-08
6.113036632781646414e-08
6.165308113756926025e-08
6.217912533762436214e-08
6.270844319755485784e-08
6.324092697617583866e-08
6.377650940870396669e-08
6.431509900437535430e-08
6.485660859989494209e-08
6.540094246523678283e-08
6.594807694487048084e-08
6.649782639374244008e-08
6.705012413811696211e-08
6.760488359867620479e-08
6.816203027170146292e-08
6.872140000401765481e-08
6.928293788627777919e-08
6.984652587167935690e-08
7.041206439098925968e-08
7.097944479301356573e-08
7.154854846772926661e-08
7.211926434031051171e-08
7.269147541562195592e-08
7.326506838519274232e-08
7.383991946659154215e-08
7.441591001723280644e-08
7.499290613556899143e-08
7.557078847959493257e-08
7.614942650931298278e-08
7.672868191494151682e-08
7.730842117729552180e-08
7.788851002717600604e-08
7.846880148356897100e-08
7.904916109482219881e-08
7.962944203742447638e-08
8.020949229800590928e-08
8.078916900470860382e-08
8.136831617089839901e-08
8.194677819677034737e-08
8.252440466028910354e-08
8.310103457160106174e-08
8.367650707751083403e-08
8.425066506571638310e-08
8.482333683737947736e-08
8.539435685544891892e-08
8.596355588930547821e-08
8.653075831430785865e-08
8.709578963851753975e-08
8.765847296493873716e-08
8.821862121891540613e-08
8.877604997782904136e-08
8.933056446925649198e-08
8.988196623828065771e-08
9.043005157450113821e-08
9.097460938704981609e-08
9.151542087831671696e-08
9.205226407761278271e-08
9.258490624514602040e-08
9.311311041976003805e-08
9.363662874478186337e-08
9.415519048256721613e-08
9.466855260317657062e-08
9.517642594631092404e-08
9.567852866914274158e-08
9.617457901383650230e-08
9.666436477031912680e-08
9.714745561225748917e-08
9.762361224444290554e-08
9.809253959700282267e-08
9.855393147762864219e-08
9.900748623770567220e-08
9.945290775105895673e-08
9.988990441411044964e-08
1.003181859906419387e-07
1.007374295548707483e-07
1.011474187134543890e-07
1.015478346678244235e-07
1.019383913773255947e-07
1.023188002735934886e-07
1.026887669695217585e-07
1.030479888023335166e-07
1.033961557755798564e-07
1.037328817828205160e-07
1.040579713698659280e-07
1.043709990518142875e-07
1.046715801246519470e-07
1.049592970552814456e-07
1.052336974900422566e-07
1.054942955389007472e-07
1.057405726617805183e-07
1.059719802691204705e-07
1.061879418891741288e-07
1.063878524476009475e-07
1.065710760313872356e-07
1.067369459068226841e-07
1.068847658936851944e-07
1.070138159954356725e-07
1.071233704527198846e-07
1.072126056485773017e-07
1.072810147167991872e-07
1.073278091009841434e-07
1.073523260134065451e-07
1.073540061207625774e-07
1.073320720886446922e-07
1.072859848324025245e-07
1.072151299069148040e-07
1.071189115172504657e-07
1.069967645686390845e-07
1.068481556949139675e-07
1.066725828653792019e-07
1.064695777049588279e-07
1.062386932441471230e-07
1.059795669337073280e-07
1.056918234143172566e-07
1.053751381067570680e-07
1.050292479067277031e-07
1.046538255915592002e-07
1.042487194901106365e-07
1.038137639973399691e-07
1.033488539256366690e-07
1.028539094545980993e-07
1.023288733686732527e-07
1.017737072648220497e-07
1.011883868751181674e-07
1.005728963434663047e-07
9.992722769586166189e-08
9.925139001145104344e-08
9.854542251813578008e-08
9.780939691494773766e-08
9.704341503767994379e-08
9.624761590264970863e-08
9.542218614972418293e-08
9.456737176517164478e-08
9.368352933253152209e-08
9.277108073024702537e-08
9.183084905619829849e-08
9.086355892866612833e-08
8.987016037062116671e-08
8.885173585104245583e-08
8.780947419220225898e-08
8.674471622400854577e-08
8.565871028634669402e-08
8.455299853698718655e-08
8.342915307142849970e-08
8.228882712918972747e-08
8.113374067738561544e-08
7.996567110212925113e-08
7.878644574308417833e-08
7.759793420881572696e-08
7.640204528737117654e-08
7.520067267057437262e-08
7.399582460335279794e-08
7.278938903257404075e-08
7.158328544545678559e-08
7.037940400321204903e-08
6.917960135221256178e-08
6.798569729291592786e-08
6.679945788699785915e-08
6.562258288980859796e-08
6.445668473047979552e-08
6.330326613627850211e-08
6.216372884951076278e-08
6.103938540094137978e-08
5.993145679487295835e-08
5.884106627955512297e-08
5.776924324914535860e-08
5.671693712038321497e-08
5.568500749456894327e-08
5.467422509570974607e-08
5.368527543712683620e-08
5.271875640794089969e-08
5.177517801883902114e-08
5.085495742445036447e-08
4.995837371440139785e-08
4.908549368186603642e-08
4.823612771928701163e-08
4.740983151895683881e-08
4.660589975597540141e-08
4.582338251397661003e-08
4.506110232212704845e-08
4.431766921882479833e-08
4.359134201467006094e-08
4.288024087678613880e-08
4.218224207217241951e-08
4.149504005469035133e-08
4.081619871865637230e-08
4.014320901276424519e-08
3.947355994612076229e-08
3.880479505287030092e-08
3.813453692256796531e-08
3.746058918171793383e-08
3.678100289829727141e-08
3.609406323776088010e-08
3.539839499446820045e-08
3.469303677877823489e-08
3.397737890817813334e-08
3.325117920781439044e-08
3.251465874720034756e-08
3.176846552158204693e-08
3.101360040762373392e-08
3.025148153555405278e-08
2.948397459856043411e-08
2.871341645573257836e-08
2.794248630679564360e-08
2.717404047636342684e-08
2.641122686347391628e-08
2.565729101568356230e-08
2.491538390042481354e-08
2.418853670290002107e-08
2.347983751199198670e-08
2.279193317915171511e-08
2.212703011352955623e-08
2.148695037442311208e-08
2.087300015657821362e-08
2.028583954915123140e-08
1.972546194302324815e-08
1.919124529611451432e-08
1.868203040576112228e-08
1.819617732380077371e-08
1.773144826026173455e-08
1.728527737214834704e-08
1.685491330114094167e-08
1.643738191928245476e-08
1.602977285399704574e-08
1.562967096958767181e-08
1.523511680224708042e-08
1.484466860645624906e-08
1.445744775970062462e-08
1.407330203868403772e-08
1.369237012307801150e-08
1.331515776304372202e-08
1.294232561341823827e-08
1.257473826517497431e-08
1.221330871349033877e-08
1.185890506946277153e-08
1.151248610987814312e-08
1.117509865330698205e-08
1.084759343196818481e-08
1.053051915227702462e-08
1.022416159393656229e-08
9.928610939273183024e-09
9.643641452802829594e-09
9.368576607559451496e-09
9.102626839213541504e-09
8.845007006425633005e-09
8.595062766782883694e-09
8.352214581719781472e-09
8.116063974264702421e-09
7.886339197833909317e-09
7.662933226001915404e-09
7.445733076144071685e-09
7.234608628918589974e-09
7.029400623310299485e-09
6.829844475423186678e-09
6.635646672664356391e-09
6.446551402629240588e-09
6.262383497232227116e-09
6.083028079232758509e-09
5.908409861893516167e-09
5.738557459396180011e-09
5.573603063114012250e-09
5.413646822578217036e-09
5.258695716345900287e-09
5.108676836676599404e-09
4.963478507268473932e-09
4.822939855834881012e-09
4.686798343267894093e-09
4.554761187088522998e-09
4.426588979150482739e-09
4.302120516759575649e-09
4.181233390442621502e-09
4.063830649726352748e-09
3.949865985852171736e-09
3.839345753381673858e-09
3.732270600261126197e-09
3.628601623561590158e-09
3.528264798177822289e-09
3.431171551798470904e-09
3.337215123617325707e-09
3.246260937363140492e-09
3.158162096017572884e-09
3.072781963852668000e-09
2.990005601834070288e-09
2.909732578932082487e-09
2.831873622029770176e-09
2.756354211996182278e-09
2.683114150699260369e-09
2.612100353450012978e-09
2.543261041902557021e-09
2.476541902473471033e-09
2.411887482378540455e-09
2.349240781429599095e-09
2.288542681910707377e-09
2.229732678843923544e-09
2.172749849016797327e-09
2.117534024432802945e-09
2.064026434831894872e-09
2.012167814127431964e-09
1.961905308503786500e-09
1.913182492244505305e-09
1.865947410115039311e-09
1.820145643243309196e-09
1.775727754781654775e-09
1.732644189646390397e-09
1.690846654651026455e-09
1.650288195159469688e-09
1.610923515847802949e-09
1.572708765856142294e-09
1.535603577913836407e-09
1.499563640982045390e-09
1.464551502143877340e-09
1.430529949890852077e-09
1.397461057163299086e-09
1.365310544228379208e-09
1.334044697492156017e-09
1.303630939062374671e-09
1.274037714402034995e-09
1.245234458252739222e-09
1.217191661663461001e-09
1.189880933094604926e-09
1.163274993024834017e-09
1.137347612262315514e-09
1.112073528642007740e-09
1.087428317814613223e-09
1.063388602673739480e-09
1.039931824165607725e-09
1.017036459737347391e-09
9.946819332113209374e-10
9.728485260266305582e-10
9.515172910653624750e-10
9.306700058068865369e-10
9.102892117480096130e-10
8.903582623661739422e-10
8.708613107451365726e-10
8.517832631231250145e-10
8.331096700612253332e-10
8.148267166244601089e-10
7.969211308400766094e-10
7.793804185127745060e-10
7.621926096247637593e-10
7.453464210932737506e-10
7.288311538176120378e-10
7.126366287524307039e-10
6.967531448227547861e-10
6.811714922432671428e-10
6.658829853333351137e-10
6.508794632681638241e-10
6.361532561222816842e-10
6.216971292987519166e-10
6.075044160877796689e-10
5.935682113026331065e-10
5.798826850292924664e-10
5.664420841793551927e-10
5.532410856003178704e-10
5.402747156704217700e-10
5.275382988881614090e-10
5.150274230030104685e-10
5.027379344691559799e-10
4.906659472344886852e-10
4.788078427181320550e-10
4.671602610732011749e-10
4.557200227835928769e-10
4.444842340667552341e-10
4.334500499902922112e-10
4.226148232349971012e-10
4.119760624429386972e-10
4.015314342210791107e-10
3.912787455064045829e-10
3.812159102070637096e-10
3.713409263846617440e-10
3.616518702669110146e-10
3.521468549385233882e-10
3.428241615161043277e-10
3.336820388387871248e-10
3.247188190859227279e-10
3.159328627459688205e-10
3.073225520893993587e-10
2.988862845482738586e-10
2.906223116625771733e-10
2.825293486414869055e-10
2.746056558487092560e-10
2.668496112704060948e-10
2.592596654310149164e-10
2.518341654895466230e-10
2.445714626820479928e-10
2.374698798962638387e-10
2.305277135226164809e-10
2.237432314470257788e-10
2.171146708437126780e-10
2.106402122119145500e-10
2.043180836942913429e-10
1.981463943954833563e-10
1.921232413584467838e-10
1.862466866886093417e-10
1.805147584198311503e-10
1.749254534517997846e-10
1.694767417970299746e-10
1.641666568592934656e-10
1.589929123996936325e-10
1.539534812484611536e-10
1.490462112469716082e-10
1.442689278291145002e-10
1.396194389126501644e-10
1.350955358760989544e-10
1.306949713482316870e-10
1.264155484644395059e-10
1.222549872797357919e-10
1.182110206022260457e-10
1.142813773948760866e-10
1.104637154819462548e-10
1.067558800800426890e-10
1.031555703845829668e-10
9.966056548334562465e-11
9.626826161869128222e-11
9.297685538914311136e-11
8.978390451748730994e-11
8.668715341372987156e-11
8.368442205156992473e-11
8.077343996817774588e-11
7.795211716539979153e-11
7.521823763114569289e-11
7.256965609607866605e-11
7.000423190220546462e-11
6.751990386654305417e-11
6.511458325911361393e-11
6.278622845133502695e-11
6.053282510409106958e-11
5.835237051537792652e-11
5.624294325195625197e-11
5.420259828865105768e-11
5.222944134051220527e-11
5.032161305521531502e-11
4.847727197653127592e-11
4.669465868453364200e-11
4.497199679247586497e-11
4.330755860573056158e-11
4.169964962087419367e-11
4.014659703194016904e-11
3.864681057349891449e-11
3.719868907977969350e-11
3.580068111655693510e-11
3.445126803016828803e-11
3.314894941111943767e-11
3.189230124541733665e-11
3.067989381043796700e-11
2.951034785760637379e-11
2.838230514061476119e-11
2.729447958412417575e-11
2.624557507393080011e-11
2.523435504356742178e-11
2.425955868569672499e-11
2.332004310712120984e-11
2.241464462960054768e-11
2.154223133938077602e-11
2.070173678704423960e-11
1.989208527370223885e-11
1.911224320261133648e-11
1.836119724434498599e-11
1.763799884400514090e-11
1.694169377485643372e-11
1.627135526379127007e-11
1.562610336277265714e-11
1.500508091605668623e-11
1.440743637111382084e-11
1.383234649385038685e-11
1.327904445380339350e-11
1.274675761944550919e-11
1.223473685470553024e-11
1.174228257516203511e-11
1.126867908667868143e-11
1.081327160075601657e-11
1.037539979635906223e-11
9.954425870508992567e-12
9.549757875351296778e-12
9.160795222332638149e-12
8.786955881075655325e-12
8.427701529007357860e-12
8.082481433288407619e-12
7.750796446150265909e-12
7.432141562634473767e-12
7.126029019460957817e-12
6.832007551226138835e-12
6.549611909423869077e-12
6.278420748995142212e-12
6.018000773822035887e-12
5.767960417010376599e-12
5.527895555224527031e-12
5.297441231721782742e-12
5.076216722407727113e-12
4.863882167353733980e-12
4.660087229100623690e-12
4.464512400687983745e-12
4.276849764104040292e-12
4.096786703476394210e-12
3.924035729751063981e-12
3.758317960819776173e-12
3.599350633612486967e-12
3.446874816050583301e-12
3.300639979332150396e-12
3.160398954513064649e-12
3.025912004422241569e-12
2.896955902105061834e-12
2.773312608668151968e-12
2.654773429466816065e-12
2.541136226050497221e-12
2.432213822752611648e-12
2.327816504034702351e-12
2.227765722172299095e-12
2.131888034237798982e-12
2.040012903773424245e-12
1.951979504366423156e-12
1.867630969951743325e-12
1.786819995278771389e-12
1.709403320993646495e-12
1.635241892757726264e-12
1.564206569569162347e-12
1.496171407780389630e-12
1.431016476738214721e-12
1.368624518772861832e-12
1.308884591624464701e-12
1.251678337121238343e-12
1.196909111894336062e-12
1.144467981933013811e-12
1.094260637935183223e-12
1.046195188356705037e-12
1.000180262694416964e-12
9.561363130447459872e-13
9.139833051599934503e-13
8.736412380783729327e-13
8.350381368691912565e-13
7.981014859694610609e-13
7.627599720292600533e-13
7.289481361868940694e-13
6.965985403454050225e-13
6.656483438233431617e-13
6.360410666145527672e-13
6.077138830497462567e-13
5.806184887407299628e-13
5.547021195999784256e-13
5.299186207422145616e-13
5.062174095524940134e-13
4.835611870451328463e-13
4.618946882645484834e-13
4.411794866023289997e-13
4.213756011884454366e-13
4.024416934544980748e-13
3.843382871833213211e-13
3.670320606107945363e-13
3.504888450539633907e-13
3.346741179698220995e-13
3.195592291626030741e-13
3.051141303660320160e-13
2.913109126448668906e-13
2.781197574243534663e-13
2.655145053571210043e-13
2.534682852260762555e-13
2.419569683955286495e-13
2.309512714189996404e-13
2.204320457681026350e-13
2.103845865799022063e-13
2.007888878693884074e-13
1.916248012586299871e-13
1.828729001776927897e-13
1.745146620901419485e-13
1.665332953370081359e-13
1.589091465665899078e-13
1.516279700397395869e-13
1.446752512451642858e-13
1.380379976873241936e-13
1.317034134358653345e-13
1.256584227089879541e-13
1.198910197583519625e-13
1.143903506277288637e-13
1.091425120963153015e-13
1.041350156028742176e-13
9.935705221822165148e-14
9.479543651564332179e-14
9.044148198925085721e-14
8.628987697203284330e-14
8.232874836160168349e-14
7.854986978314973718e-14
7.494482710875732711e-14
7.150503032289045083e-14
6.822191748157644749e-14
6.508926728610649929e-14
6.209961710558507648e-14
5.924686280465736849e-14
5.652442114431575482e-14
5.392662284082658040e-14
5.144783135693260922e-14
4.908249240153120121e-14
4.682557765607625511e-14
4.466780327469256749e-14
4.260826280370540406e-14
4.064315638186504447e-14
3.876800221051632529e-14
3.697871696104770318e-14
3.527157592108977453e-14
3.364267462648844761e-14
3.208839079089817161e-14
3.060106996098054158e-14
2.919043830728951632e-14
2.784035850022630813e-14
2.655598768372890986e-14
2.533065665679978015e-14
2.416150310141148248e-14
2.304590906277678563e-14
2.198158364670852388e-14
2.096407972877131966e-14
1.999708638298091047e-14
1.907267298057487076e-14
1.818876611770896554e-14
1.733685550127235363e-14
1.652407728166190252e-14
1.574894010499002235e-14
1.500953267964949911e-14
1.430426013245407155e-14
1.363156282752824049e-14
1.298988539383905804e-14
1.237943559339348936e-14
1.179744898678769472e-14
