# bin_3_5
9.623274356172873056e-07
9.633762146536676791e-07
9.644445991995678768e-07
9.655329438547010034e-07
9.666416094891577606e-07
9.677709622507659952e-07
9.689213696439570758e-07
9.700932055312879224e-07
9.712868499147157126e-07
9.725026892516796605e-07
9.737411157727647321e-07
9.750032866552729904e-07
9.762880954776092557e-07
9.775964951018775859e-07
9.789293096690264056e-07
9.802867445650727716e-07
9.816692201389964171e-07
9.830771741798231408e-07
9.845110556336376421e-07
9.859713280703875184e-07
9.874584477175891677e-07
9.889740021086560161e-07
9.905160733075452228e-07
9.920855092434002638e-07
9.936846674956179068e-07
9.953130409111146952e-07
9.969711471864308844e-07
9.986595054447990513e-07
1.000377824396094850e-06
1.002128995031591730e-06
1.003911144361650684e-06
1.005725598951140562e-06
1.007572904665937582e-06
1.009453627221124573e-06
1.011368340791808196e-06
1.013317609983183891e-06
1.015301984022379288e-06
1.017357974385972805e-06
1.019378272993815596e-06
1.021471345146936932e-06
1.023601857288645846e-06
1.025770461805514235e-06
1.027977801727803307e-06
1.030225562602018585e-06
1.032511918618715529e-06
1.034838739490311638e-06
1.037206774257653664e-06
1.039617081235888922e-06
1.042069906465100328e-06
1.044565937749838373e-06
1.047105869830135600e-06
1.049690409378413160e-06
1.052320255143688513e-06
1.054996095455923934e-06
1.057718519251853175e-06
1.060488356943875026e-06
1.063306267898285662e-06
1.066173643301763591e-06
1.069089768201262868e-06
1.072056265118076111e-06
1.075073978435214775e-06
1.078143624572471196e-06
1.081265722116111581e-06
1.084441138557030347e-06
1.087670665457868505e-06
1.090955112941508911e-06
1.094295256408494339e-06
1.097691789376548770e-06
1.101145483853870683e-06
1.104657147449574245e-06
1.108227607134272423e-06
1.111857688929491111e-06
1.115548512615719005e-06
1.119300618051928985e-06
1.123114634515883330e-06
1.126987908995271062e-06
1.130930804682084273e-06
1.134934749888600117e-06
1.139003911527847554e-06
1.143139197980532225e-06
1.147341490857804408e-06
1.151611561128641883e-06
1.155950114425215107e-06
1.160357877404342742e-06
1.164835492091348744e-06
1.169383618022309208e-06
1.174002998518998025e-06
1.178694576498534428e-06
1.183457745213862171e-06
1.188298108309765493e-06
1.193212084673962588e-06
1.198201283107727044e-06
1.203266397692151445e-06
1.208408243818276270e-06
1.213627626949198633e-06
1.218925273265637978e-06
1.224301905547526650e-06
1.229758935726229184e-06
1.235295243952825939e-06
1.240913209064123365e-06
1.246612681702267818e-06
1.252393890598018955e-06
1.258258195696619757e-06
1.264206007860268880e-06
1.270237909326260266e-06
1.276354450056960755e-06
1.282555999295703817e-06
1.288842964037046307e-06
1.295215117380143935e-06
1.301673279666206995e-06
1.308220451678141346e-06
1.314853773113052878e-06
1.321574539792240764e-06
1.328383118004637316e-06
1.335279836813884171e-06
1.342264680919003894e-06
1.349337054065420687e-06
1.356498696548934721e-06
1.363749765841284519e-06
1.371088997167084970e-06
1.378516816933731457e-06
1.386033276221276508e-06
1.393638362431627785e-06
1.401331766426801971e-06
1.409115469306451527e-06
1.416982536039066127e-06
1.424938207895564237e-06
1.432982458812123524e-06
1.441113872247684698e-06
1.449330925786770883e-06
1.457632571392950991e-06
1.466018803129745059e-06
1.474489835641073393e-06
1.483044661467112139e-06
1.491682048849426601e-06
1.500399863926503796e-06
1.509197923521147686e-06
1.518075095556755491e-06
1.527029912653648372e-06
1.536061060176503229e-06
1.545166766406322744e-06
1.554346865082048219e-06
1.563597662442748715e-06
1.572919180035951594e-06
1.582306860416152982e-06
1.591762543885194661e-06
1.601281835112024013e-06
1.610862942099067218e-06
1.620502622962342898e-06
1.630200759639777088e-06
1.639952397146014058e-06
1.649755719509324358e-06
1.659607931771115748e-06
1.669505193879530165e-06
1.679445960282227808e-06
1.689426522860336173e-06
1.699444386054502604e-06
1.709493990397880080e-06
1.719571862127810300e-06
1.729675793705713653e-06
1.739801212504754772e-06
1.749944418223551844e-06
1.760100641929578201e-06
1.770260787594333976e-06
1.780432827870633720e-06
1.790600960346813135e-06
1.801339548300788080e-06
1.811495120896738767e-06
1.821635123222074134e-06
1.831754594845019566e-06
1.841846782966979978e-06
1.851318199548912093e-06
1.861334277419776408e-06
1.871311357399886364e-06
1.881239038437108421e-06
1.891110774919867722e-06
1.900920526340797995e-06
1.910661569195082711e-06
1.920329774098001571e-06
1.929911287140850049e-06
1.939407367869591292e-06
1.948805419873637138e-06
1.958100614042763988e-06
1.967286810414136859e-06
1.976353361253833700e-06
1.985294821256788655e-06
1.994103003637022229e-06
2.002769266022566881e-06
2.011288468774694859e-06
2.019649774419295322e-06
2.027846193268312136e-06
2.035869412227532812e-06
2.043711608852870894e-06
2.051363720137378224e-06
2.058817823110879630e-06
2.066063922877988401e-06
2.073095645947370650e-06
2.079903427796344828e-06
2.086479264381944106e-06
2.092813319230565154e-06
2.098896116039217864e-06
2.104720773390056357e-06
2.110278729866598736e-06
2.115558671156071137e-06
2.120553109085675392e-06
2.125252740086233766e-06
2.129647929900365973e-06
2.133729597535222017e-06
2.137492629479868006e-06
2.140925788967383268e-06
2.144020590808459993e-06
2.146768907961890090e-06
2.149161275678261978e-06
2.151190076060568195e-06
2.152846967298400145e-06
2.154124337074436334e-06
2.155014219241489229e-06
2.155509034756596404e-06
2.155601867907359324e-06
2.155286244313965049e-06
2.154554433613775181e-06
2.153401006576558859e-06
2.151819681272633663e-06
2.149804950235071234e-06
2.147351655083871127e-06
2.144454900329246209e-06
2.141110447783548271e-06
2.137314544391472037e-06
2.133063563203327319e-06
2.128354654948355311e-06
2.123185111865290473e-06
2.117552486575196011e-06
2.111455658076755487e-06
2.104893393215554662e-06
2.097864102709681337e-06
2.090368431852565207e-06
2.082406239000524352e-06
2.073978235134277059e-06
2.065085421565797558e-06
2.055729218675947507e-06
2.045910683945278258e-06
2.035633771267392465e-06
2.024900680917464807e-06
2.013715145613807163e-06
2.002081428754267418e-06
1.990004327935657718e-06
1.977489165806425866e-06
1.964541981468255616e-06
1.951169523740007513e-06
1.937379512511885811e-06
1.923180384484531708e-06
1.908582091978126724e-06
1.893594628871165509e-06
1.878229110707206871e-06
1.862497613645106095e-06
1.846413172332755563e-06
1.829989655728896954e-06
1.813241686955469977e-06
1.796184384088296781e-06
1.778833265200765112e-06
1.761204480587103861e-06
1.743314498594581523e-06
1.725180397180546295e-06
1.706819204773430765e-06
1.688247785780228523e-06
1.669483300468769048e-06
1.650539638882882894e-06
1.631432619853213974e-06
1.612176532349650112e-06
1.592785043542831310e-06
1.573271227777507592e-06
1.553647426959187441e-06
1.533925077734855987e-06
1.514114630813581668e-06
1.494225415410532939e-06
1.474265719450068059e-06
1.454243277305795153e-06
1.434165523760697575e-06
1.414040112623530980e-06
1.392648893444178388e-06
1.372462554874568820e-06
1.353467493159740852e-06
1.333244144970311860e-06
1.313021616250222029e-06
1.292810031035428212e-06
1.272620465601326175e-06
1.252465643490152200e-06
1.232359753543047496e-06
1.212318270011545076e-06
1.192357939508699407e-06
1.172496800530029420e-06
1.152754070619468483e-06
1.133149642367884492e-06
1.113705275100479916e-06
1.094438179885339334e-06
1.075370057100594925e-06
1.056521304723305739e-06
1.037912664361950979e-06
1.019564183487478829e-06
1.001493032852143511e-06
9.837135626793541621e-07
9.662357158206229057e-07
9.490653375369235843e-07
9.322041865014335393e-07
9.156495620192748397e-07
8.993948764834443339e-07
8.834297154731631810e-07
8.677396378466459260e-07
8.523061844715033927e-07
8.371070562430587223e-07
8.221163427241262673e-07
8.073056213459973330e-07
7.926472552066432586e-07
7.781162473275715431e-07
7.636915693537023292e-07
7.493565194550430467e-07
7.350986025639181891e-07
7.209099826336802261e-07
7.067836505694982995e-07
6.927149068312403579e-07
6.787005328733051367e-07
6.647402074514143691e-07
6.508371616023466172e-07
6.369981083423289137e-07
6.232329670455519156e-07
6.095541895975554903e-07
5.959763436558857113e-07
5.825153073192134458e-07
5.691880394830560179e-07
5.560126181560026979e-07
5.430081823938848915e-07
5.301947807754884549e-07
5.175937973767836283e-07
5.052263331881992503e-07
4.931102699253079727e-07
4.812597499385646499e-07
4.696852157123420287e-07
4.583934339118163858e-07
4.473868132030526616e-07
4.366626741971935641e-07
4.262138087465270344e-07
4.160285143692952045e-07
4.060904674311730744e-07
3.963787815188960677e-07
3.868691400747773654e-07
3.775368519261607434e-07
3.683592262293441189e-07
3.593196329235989082e-07
3.504085042017915164e-07
3.416235686835542487e-07
3.329686117690339054e-07
3.244546024885894504e-07
3.160970216731077794e-07
3.079130597907608839e-07
2.999180223257081760e-07
2.921249515052933865e-07
2.845446700227034793e-07
2.771850588981103861e-07
2.700488164404118222e-07
2.631331284324389257e-07
2.564301163946771966e-07
2.499290886657131991e-07
2.436153990597798196e-07
2.374715107201266791e-07
2.314784017027894058e-07
2.256176296064618325e-07
2.198724544018595924e-07
2.142303847949039952e-07
2.086837221216436607e-07
2.032293586417135120e-07
1.978686837245709335e-07
1.926074497835654696e-07
1.874557547155156922e-07
1.824259350038799379e-07
1.775290109073409892e-07
1.727737149664296831e-07
1.681664625448825375e-07
1.637105048183255217e-07
1.594043683442259054e-07
1.552413746702555701e-07
1.512126573395514661e-07
1.473084821718097669e-07
1.435189861070007803e-07
1.398344097684606173e-07
1.362465275052264801e-07
1.327497265068102058e-07
1.293401513496789546e-07
1.260150636444803678e-07
1.227728562786241202e-07
1.196130576041432805e-07
1.165361360482382707e-07
1.135425842867858339e-07
1.106328022681743949e-07
1.078075793605983135e-07
1.050672395878409486e-07
1.024113183526359676e-07
9.983777713817019358e-08
9.734362022765801070e-08
9.492525434789818254e-08
9.257857440364428780e-08
9.029916408702789009e-08
8.808317157342393475e-08
8.592769985713584694e-08
8.383076906601405590e-08
8.179113139395244930e-08
7.980767073834454122e-08
7.787964782770791359e-08
7.600615086317290922e-08
7.418591157739456170e-08
7.241735321824048987e-08
7.069875332304820896e-08
6.902843546978324373e-08
6.740494789609543156e-08
6.582709945199875013e-08
6.429395924853670189e-08
6.280461321159155458e-08
6.135825966321328398e-08
5.995372363971560799e-08
5.858960579426448906e-08
5.726420036206539137e-08
5.597556993212633640e-08
5.472175509839097317e-08
5.350093569723883616e-08
5.231155036255746555e-08
5.115223495025808200e-08
5.002201174993297103e-08
4.892026477519990996e-08
4.784643242875190734e-08
4.679999358972335305e-08
4.578039334890005738e-08
4.478697932303151171e-08
4.381897089033741456e-08
4.287548855018801601e-08
4.195556654523281445e-08
4.105822985463400221e-08
4.018254754573497778e-08
3.932762792257204369e-08
3.849265579366591288e-08
3.767688387908673159e-08
3.687963007829182892e-08
3.610026829308568675e-08
3.533820293171795804e-08
3.459287549912526228e-08
3.386375933764173627e-08
3.315034271900345294e-08
3.245213604568708645e-08
3.176866576061751493e-08
3.109947127729182003e-08
3.044410400179631657e-08
2.980211794558282392e-08
2.917307674125014276e-08
2.855655747411230916e-08
2.795215228801049844e-08
2.735947090772991670e-08
2.677814721438418173e-08
2.620783994438992205e-08
2.564823321603397701e-08
2.509903060758188963e-08
2.455995334991651141e-08
2.403073835029711043e-08
2.351113492269259124e-08
2.300090338232526221e-08
2.249981341293820630e-08
2.200764461002663022e-08
2.152418411254087748e-08
2.104923683504831568e-08
2.058261075801936110e-08
2.012412672227918114e-08
1.967361564491231852e-08
1.923089856586275513e-08
1.879586529912370812e-08
1.836835344290276100e-08
1.794822918923932975e-08
1.753536600852644414e-08
1.712964412590822578e-08
1.673095032655754853e-08
1.633917767049320725e-08
1.595422492668793593e-08
1.557599651461384010e-08
1.520440168050745481e-08
1.483935389400979132e-08
1.448077058737758328e-08
1.412857305491115233e-08
1.378268626609339122e-08
1.344303596128088807e-08
1.310955929885587660e-08
1.278218725721342444e-08
1.246085562914170881e-08
1.214550194534969243e-08
1.183606547947736142e-08
1.153248725631703369e-08
1.123472024308192658e-08
1.094268703564633629e-08
1.065634217288415709e-08
1.037562989491411397e-08
1.010049461455652088e-08
9.830881101568174599e-09
9.566734584506687434e-09
9.308000452231092075e-09
9.054623713099978138e-09
8.806548679285065590e-09
8.563719059213904027e-09
8.326075457968333053e-09
8.093565655951505839e-09
7.866129455991611462e-09
7.643708628898597188e-09
7.426244069705344540e-09
7.213675677858811179e-09
7.005942237643121678e-09
6.802982408723538509e-09
6.604733611842335903e-09
6.411132914241657592e-09
6.222116673050384710e-09
6.037620448078595736e-09
5.857579087713875684e-09
5.681926643605203800e-09
5.510594430773373939e-09
5.343520014590883432e-09
5.180633728851962228e-09
5.021867855086512554e-09
4.867154335917835954e-09
4.716424696576008673e-09
4.569610141232272987e-09
4.426641674128691002e-09
4.287450117283709922e-09
4.151966353666992322e-09
4.020121285813319346e-09
3.891845861237456945e-09
3.767071066426507696e-09
3.645725931227624794e-09
3.527745816472097367e-09
3.413060092915167686e-09
3.301600605552376282e-09
3.193299753267983441e-09
3.088089846189765169e-09
2.985904136665993982e-09
2.886676112602029425e-09
2.790339731390943015e-09
2.696829484565475576e-09
2.606080621848207725e-09
2.518027276470714927e-09
2.432609708844440771e-09
2.349763270713900553e-09
2.269425912782430304e-09
2.191536321550589151e-09
2.116034014971665734e-09
2.042859340002138336e-09
1.971953580114639192e-09
1.903258865389029775e-09
1.836718140370818894e-09
1.772273523179143043e-09
1.709873084651728426e-09
1.649460808674261811e-09
1.590983339615984306e-09
1.534388312403012652e-09
1.479624325550535679e-09
1.426640868038571853e-09
1.375388340599953883e-09
1.325818206334732065e-09
1.277884401290944275e-09
1.231535880118116758e-09
1.186731539078186131e-09
1.143425278148153038e-09
1.101573369229938970e-09
1.061133102909880972e-09
1.022062725027479482e-09
9.843214083824704840e-10
9.478693442350395341e-10
9.126663070982344003e-10
8.786769381508759213e-10
8.458627581130922526e-10
8.141875325238831621e-10
7.836159584539505523e-10
7.541136241401250862e-10
7.256469724529036220e-10
6.981833400089140622e-10
6.716896551684506761e-10
6.461373367443228268e-10
6.214949811345302674e-10
5.977331508305649536e-10
5.748233118106592215e-10
5.527376825545592424e-10
5.314492384612934991e-10
5.109312220609195333e-10
4.911590516386465458e-10
4.721068761272505880e-10
4.537519927136626587e-10
4.360703145423742496e-10
4.190391600196158267e-10
4.026358335940245415e-10
3.868403149698382416e-10
3.716311712234679326e-10
3.569882804569736696e-10
3.428914982904437571e-10
3.293231798030188863e-10
3.162643157246539973e-10
3.036971155292640871e-10
2.916037691272362540e-10
2.799690321039742513e-10
2.687756650520090843e-10
2.580077057258808009e-10
2.476511829789507191e-10
2.376908085687804365e-10
2.281119226874084527e-10
2.189018948138478144e-10
2.100468749106798226e-10
2.015340175474985301e-10
1.933503982828491568e-10
1.854850232215423360e-10
1.779257450424251041e-10
1.706608626432056166e-10
1.636805048190947191e-10
1.569736936225604608e-10
1.505298569684298094e-10
1.443401351038308089e-10
1.383941721398606586e-10
1.326837535724149447e-10
1.271996229214547350e-10
1.219328721064567905e-10
1.168761312059953314e-10
1.120206511700289514e-10
1.073596058411645818e-10
1.028852034985692682e-10
9.858997138728569944e-11
9.446781336238813216e-11
9.051138823004428500e-11
8.671504683216179915e-11
8.307194447400936327e-11
7.957684059512323065e-11
7.622335401128763578e-11
7.300662692991532584e-11
6.992072427811923489e-11
6.696113842502168872e-11
6.412235043851173959e-11
6.139991157222043479e-11
5.878951862246937714e-11
5.628624568356347648e-11
5.388638423277628300e-11
5.158537225344482156e-11
4.937954375728207643e-11
4.726512588506199320e-11
4.523868143198823595e-11
4.329629337790039756e-11
4.143480113258223249e-11
3.965096124905140238e-11
3.794165248995484892e-11
3.630387272166611845e-11
3.473461561743193432e-11
3.323136528049150839e-11
3.179124337548557328e-11
3.041181855763697038e-11
2.909053954381433964e-11
2.782513711129921594e-11
2.661329929081281241e-11
2.545278946162103732e-11
2.434152228459651726e-11
2.327753549968339825e-11
2.225884106541565526e-11
2.128358259921969722e-11
2.035005544538943827e-11
1.945637161461987039e-11
1.860096622828585896e-11
1.778225189347638191e-11
1.699870450830015446e-11
1.624885978086032318e-11
1.553131088128279388e-11
1.484470760078318564e-11
1.418775555189530502e-11
1.355915167897303107e-11
1.295783973910895868e-11
1.238251810067685482e-11
1.183222850494081917e-11
1.130584439566399631e-11
1.080236954810023138e-11
1.032083794019738337e-11
9.860345961157866515e-12
9.419967972047084706e-12
8.998911751990112415e-12
8.596239870109606094e-12
8.211238461951902753e-12
7.843139136465278184e-12
7.491200550210187626e-12
7.154812116596785954e-12
6.833279833914592145e-12
6.525557557804753733e-12
6.231604383253869397e-12
5.950667133527850922e-12
5.682253390881290467e-12
5.425798186778078855e-12
5.180754070243907007e-12
4.946588759221809240e-12
4.722870664509491539e-12
4.509152240600196706e-12
4.304979509401599349e-12
4.109955661581516004e-12
3.923651557953960999e-12
3.745706276538116975e-12
3.575723426579060721e-12
3.413363125533308236e-12
3.258277154283973337e-12
3.110142452074498410e-12
2.968532329906676060e-12
2.833271837907122256e-12
2.704096903979591359e-12
2.580738338959522646e-12
2.462935927522870652e-12
2.350448325009470358e-12
2.243047279972689009e-12
2.140501176500874681e-12
2.042589098468828474e-12
1.949125278032409284e-12
1.859910559220921372e-12
1.774750364875927567e-12
1.693451726742547852e-12
1.615844042430612209e-12
1.541761969367844354e-12
1.471049080032390494e-12
1.403572129640891436e-12
1.339161162871096715e-12
1.277686386891819409e-12
1.219012849481363312e-12
1.163006772313487881e-12
1.109548258911432675e-12
1.058531155425506306e-12
1.009837733764702944e-12
9.633638174188454930e-13
9.190066320296108742e-13
8.766671760956743562e-13
8.362648007240322980e-13
7.977052459345587760e-13
7.609039102828379460e-13
7.257952668710405506e-13
6.922861953195391601e-13
6.603159126216185931e-13
6.298129849454744449e-13
6.006909437020493513e-13
5.724344989681242835e-13
5.451283816010372919e-13
5.190778458129982551e-13
4.942305084148589863e-13
4.705192776635944596e-13
4.478996248840818004e-13
4.263188539727111801e-13
4.057361645773809581e-13
3.860942809369445724e-13
3.673619972064132177e-13
3.494934419203460835e-13
3.324481349682537894e-13
3.161907628533761870e-13
3.006817340241162634e-13
2.858899568122312712e-13
2.717822840863543408e-13
2.583306695287516749e-13
2.454958417582789256e-13
2.332574196369645380e-13
2.215863567577066223e-13
2.104845552378407772e-13
2.000451670539257326e-13
1.900881395961279123e-13
1.805935818857315059e-13
1.715400475630624761e-13
1.629057053483161625e-13
1.546720259953712546e-13
1.468202641514329477e-13
1.393330933817581055e-13
1.321944509239316730e-13
1.253886997671124489e-13
1.189016135294778450e-13
1.127148582684316352e-13
1.068195533894805503e-13
1.012018989887132615e-13
9.487800779520681256e-14
8.874184506688718627e-14
8.290269913016406145e-14
7.734492656926589527e-14
7.205530270534220501e-14
6.702260942993894214e-14
6.223741911925157223e-14
5.769056032567572638e-14
5.336964702858642389e-14
4.926379335594989497e-14
4.536823284375926566e-14
4.226774359399764113e-14
3.934530772930964728e-14
3.656671036126211559e-14
3.392829892689986077e-14
3.142479192229697564e-14
2.904844250733157177e-14
2.679531599643256988e-14
2.465798233698808445e-14
2.263921041034286463e-14
2.076450649474407625e-14
1.898914131314754369e-14
1.730896999877788102e-14
1.571832223695322412e-14
1.421274901606384661e-14
1.278891777435096938e-14
1.144339662578420618e-14
1.045804608669941102e-14
9.579058629337935218e-15
