# bin_6_5
5.541380916547672492e-08
5.546127990384923966e-08
5.550965767750267638e-08
5.555895967735071962e-08
5.560920362560660396e-08
5.566040747144498342e-08
5.571258919134820570e-08
5.576576712254229436e-08
5.581995994970902022e-08
5.587518672738655447e-08
5.593146683633737224e-08
5.598882010447113935e-08
5.604726668510445862e-08
5.610682675151763251e-08
5.613176312984840036e-08
5.622936851290166848e-08
5.629239166129279746e-08
5.635661202869564494e-08
5.642205237541303311e-08
5.648873639592633315e-08
5.655668726221662239e-08
5.662600329056215676e-08
5.668010728076504456e-08
5.676837599443319021e-08
5.684163119923160408e-08
5.691627447680538717e-08
5.699233295051719748e-08
5.706983383159335365e-08
5.714876039293056455e-08
5.722926770942317878e-08
5.731125379253916934e-08
5.739478961441942355e-08
5.747990420525213542e-08
5.756664135942341284e-08
5.765500200663449450e-08
5.774503639885079825e-08
5.783677068173560231e-08
5.793261363936639481e-08
5.802546210738109988e-08
5.812247894648533826e-08
5.822132310975587843e-08
5.832203122024477673e-08
5.842463938076671031e-08
5.852924964323704265e-08
5.863574114492399869e-08
5.874423345027533428e-08
5.885475521896056914e-08
5.896738581502322958e-08
5.908213079675203356e-08
5.919903026130087216e-08
5.931812496503541199e-08
5.943945666943805077e-08
5.956306683604986468e-08
5.968899647590620062e-08
5.981728554613824420e-08
5.994797448435118741e-08
6.008110846412470399e-08
6.021673651643668711e-08
6.035492737220166922e-08
6.049566637171258107e-08
6.063904711630016772e-08
6.078511514434753490e-08
6.093390298259180574e-08
6.108546713836081430e-08
6.123985942784179692e-08
6.139713327383545164e-08
6.155734065559377595e-08
6.172052842994468178e-08
6.188674900691671846e-08
6.205605811654484667e-08
6.222851316774164148e-08
6.240417216637076651e-08
6.258311444030214067e-08
6.276537940991970712e-08
6.295101468977307845e-08
6.314006302144404046e-08
6.333258185871176226e-08
6.352865167933757997e-08
6.372833784680282381e-08
6.393171439725912839e-08
6.413885075776306097e-08
6.434980604497787454e-08
6.456464808071836510e-08
6.478343529682418887e-08
6.500622563794072230e-08
6.523307943282579708e-08
6.546406385334339564e-08
6.569926066892371800e-08
6.593870689489164347e-08
6.618266016769235549e-08
6.643101361759562596e-08
6.668386708105618002e-08
6.694129762521618995e-08
6.720338773238653220e-08
6.747022095748908625e-08
6.774187739041730054e-08
6.801843875527591418e-08
6.830000685561359423e-08
6.858662777079498008e-08
6.887841634635294013e-08
6.917543210446190103e-08
6.947775483388122831e-08
6.978548025865632692e-08
7.009870484770400531e-08
7.041751845897956022e-08
7.074201131938788046e-08
7.107226425578851243e-08
7.140836329117978462e-08
7.175040766145406160e-08
7.209841201730644527e-08
7.245269512083040042e-08
7.281313743785188314e-08
7.317989874087584131e-08
7.355302317958824409e-08
7.393272635355547272e-08
7.431903444055781986e-08
7.471204331370615427e-08
7.511186640944701301e-08
7.551863031990986254e-08
7.593239126737117443e-08
7.635326024850195599e-08
7.678134663236699413e-08
7.721678774439620888e-08
7.765962144946764096e-08
7.811011795674317273e-08
7.856796282561824734e-08
7.903369587372994036e-08
7.950719289021125262e-08
7.998875889414814718e-08
8.047834678427550742e-08
8.097603332632892959e-08
8.148196100846895847e-08
8.199630542400764332e-08
8.251917706583798447e-08
8.305067011121775634e-08
8.359076531876495964e-08
8.413966617429782465e-08
8.469747268662158192e-08
8.526427665538133735e-08
8.584018578698174156e-08
8.642531397375244295e-08
8.701975440035565670e-08
8.762361019521858750e-08
8.823699020165684089e-08
8.885998195753526431e-08
8.945534246596489365e-08
9.013522519820467903e-08
9.078767524478983941e-08
9.145013473458724365e-08
9.212269844293737752e-08
9.280546477972727769e-08
9.349852105090646027e-08
9.420199490957779736e-08
9.491589927732196706e-08
9.564031894523166413e-08
9.637545767921779160e-08
9.712127184936941184e-08
9.787788366056218801e-08
9.864538062323308782e-08
9.942379827975745873e-08
1.002132214108185561e-07
1.010137325301493333e-07
1.018253798160180272e-07
1.026482231464714208e-07
1.034823159215595821e-07
1.043277228421323623e-07
1.051844952760978335e-07
1.060526024138595062e-07
1.069321046472183657e-07
1.078230958318070528e-07
1.087256695870036997e-07
1.096395867507659337e-07
1.105650259946305385e-07
1.115020117057534384e-07
1.124502432792767012e-07
1.134105437662709287e-07
1.143820240585828955e-07
1.153649917418049935e-07
1.163592695073219924e-07
1.173652483005800493e-07
1.183825276931322754e-07
1.194109137363145560e-07
1.204506014412246830e-07
1.215015047005906377e-07
1.225634837488259510e-07
1.236364251750059166e-07
1.247202282197358059e-07
1.258148210241819481e-07
1.269200605860418272e-07
1.280357451582310193e-07
1.291618506623895459e-07
1.302982112566454948e-07
1.314445423655185955e-07
1.326006960699978959e-07
1.337664856591193436e-07
1.349417477021400210e-07
1.361262299125629309e-07
1.373196915079400148e-07
1.385218828986138358e-07
1.397325427262156658e-07
1.409513891400692436e-07
1.421781328241665716e-07
1.434124664690097764e-07
1.446542211852332682e-07
1.459026075591429491e-07
1.471577310308591078e-07
1.484190751748819770e-07
1.496862642038861104e-07
1.509589038445182529e-07
1.522367494452319149e-07
1.535190731345489469e-07
1.548054214263433211e-07
1.560956901768077622e-07
1.573892572006816266e-07
1.586858168556070282e-07
1.599845659786433085e-07
1.612849973431817186e-07
1.625869500546943493e-07
1.638899147219274245e-07
1.651930245665816057e-07
1.664959088893950713e-07
1.677980418099802003e-07
1.690988497877050449e-07
1.703977794748858527e-07
1.716942645844306646e-07
1.729877181142744025e-07
1.742775581395915379e-07
1.755631976394470840e-07
1.768440239426899621e-07
1.781194435064852308e-07
1.793888385251752376e-07
1.806515910577716644e-07
1.819070798847853225e-07
1.831546742486088650e-07
1.843937333902613919e-07
1.856236229151331260e-07
1.868436894326825734e-07
1.880532836376499669e-07
1.892517427860346603e-07
1.904383964143420562e-07
1.916125626206727981e-07
1.927735561871487602e-07
1.939206756622012183e-07
1.950532147329783480e-07
1.961704503181533639e-07
1.972716467416366716e-07
1.983560493582289991e-07
1.994228916851332668e-07
2.004713893107990503e-07
2.015006634597268879e-07
2.025100539615612368e-07
2.034986442262882866e-07
2.044655717062040102e-07
2.054099523613285544e-07
2.063308797484587809e-07
2.072274297019939880e-07
2.080986591125588434e-07
2.089436063909152822e-07
2.097612876412766571e-07
2.105506928721048429e-07
2.113107886375838585e-07
2.120405213798513913e-07
2.127388203186408962e-07
2.134046008573881656e-07
2.140367635541148060e-07
2.146341875318256549e-07
2.151957277705731682e-07
2.157202197781657564e-07
2.162064814312785198e-07
2.166533124761479988e-07
2.170594941926987021e-07
2.174237897476233383e-07
2.177449421671490845e-07
2.180216755902674335e-07
2.182527005602951282e-07
2.184367133376769408e-07
2.185723905169357823e-07
2.186583884593537523e-07
2.186933586014855205e-07
2.186759641844013695e-07
2.186048860811810946e-07
2.184788263629718403e-07
2.182965122712191184e-07
2.180567039040433597e-07
2.177582035938308230e-07
2.173998835569205367e-07
2.169807058537230429e-07
2.164997258739288057e-07
2.159560922223227174e-07
2.153490500650472608e-07
2.146779472708771707e-07
2.139422394782566042e-07
2.131414867095376676e-07
2.122755000204403878e-07
2.113437674222534597e-07
2.103463070836882564e-07
2.092831029391410650e-07
2.081542549207709709e-07
2.069599022114699381e-07
2.057004475721462738e-07
2.043761810026094682e-07
2.029875213711259245e-07
2.015349541847462797e-07
2.000189395653151389e-07
1.984403779868188606e-07
1.967999441561219338e-07
1.950985680266110357e-07
1.933373230108357085e-07
1.915174117869857383e-07
1.896401234623820963e-07
1.877070200196659818e-07
1.857196705796376081e-07
1.836799628514604237e-07
1.815900513053346515e-07
1.794522299613755871e-07
1.772691849650486745e-07
1.750438205766001007e-07
1.727792277761681503e-07
1.704861059740950023e-07
1.681457868931892485e-07
1.657839277647758810e-07
1.633968137144275576e-07
1.609881778157222872e-07
1.585618111028641741e-07
1.561215405054418698e-07
1.536712052073158427e-07
1.512146352941511637e-07
1.487556300630356029e-07
1.462980632684073448e-07
1.438453906370135240e-07
1.414013150256112467e-07
1.389692799624181160e-07
1.365527000874015601e-07
1.341548809667411101e-07
1.317789610249206580e-07
1.294279724608509764e-07
1.271049667431512993e-07
1.248127367252681917e-07
1.225538118922740385e-07
1.203306413768528615e-07
1.181452327244778657e-07
1.159995633207056223e-07
1.138953565991021646e-07
1.118341192563280010e-07
1.098171214850570027e-07
1.078453909261085774e-07
1.059196853569388042e-07
1.040404908525398008e-07
1.022080323859992218e-07
1.004222576572278887e-07
9.868277255316806576e-08
9.698901907591976018e-08
9.533992414681838564e-08
9.373406760318010495e-08
9.216939440011780672e-08
9.064335149310547373e-08
8.915284371947577144e-08
8.769418459739736578e-08
8.626342793445622033e-08
8.485611003017204575e-08
8.346758297956395318e-08
8.209289984267281558e-08
8.072687742204452493e-08
7.936420952759584449e-08
7.799957698406796982e-08
7.662783652513966539e-08
7.524425713839588063e-08
7.384462193968905958e-08
7.242527090724079201e-08
7.098348112254318689e-08
6.951746895958553717e-08
6.802636462849913511e-08
6.651042804586886774e-08
6.497104484454382914e-08
6.341054963859166797e-08
6.183216983920325097e-08
6.024020128159769479e-08
5.863994562803361106e-08
5.703724527582395608e-08
5.543847238622606130e-08
5.385051928199412852e-08
5.228069628190209311e-08
5.073643018858247893e-08
4.922494043367554836e-08
4.775314397518973373e-08
4.632736464103278623e-08
4.495328600240300346e-08
4.363419083529528068e-08
4.237437957517981180e-08
4.117512382484691695e-08
4.003632570966370119e-08
3.895662904469512305e-08
3.793341098225487971e-08
3.696275349532074252e-08
3.603952987155434183e-08
3.515779249602570612e-08
3.431114181655104119e-08
3.349261241605849703e-08
3.269484668326120460e-08
3.191086080152761297e-08
3.113429852557825452e-08
3.035954751628838557e-08
2.958257194971140592e-08
2.880155141030739639e-08
2.801679475843486850e-08
2.723040675260032441e-08
2.644596772126369210e-08
2.566830936918069098e-08
2.490280386952382412e-08
2.415421683124471150e-08
2.342659267829935947e-08
2.272317225169048308e-08
2.204613134086980443e-08
2.139655351824119654e-08
2.077462524220720712e-08
2.017990333854872750e-08
1.961117049367039324e-08
1.906630571217245568e-08
1.854257800215798897e-08
1.803701076698671034e-08
1.754640491530127179e-08
1.706746693308311987e-08
1.659749672258549578e-08
1.613487475609841967e-08
1.567908128230288314e-08
1.523050533285332628e-08
1.479029613649941617e-08
1.436028086274839534e-08
1.394243844343041909e-08
1.353824716724532154e-08
1.314851998175948959e-08
1.277335110043333581e-08
1.241219164359995764e-08
1.206390972574340818e-08
1.172698908375422361e-08
1.140000650972548334e-08
1.108179776229256113e-08
1.077154788845139919e-08
1.046882711653825588e-08
1.017356758190066958e-08
9.886001640413004506e-09
9.606447313208944887e-09
9.335158904850474524e-09
9.072321422222913556e-09
8.817984439035569561e-09
8.572044986078583424e-09
8.334260311631645666e-09
8.104307905586916678e-09
7.881878085056747206e-09
7.666648113111124147e-09
7.458292126787423725e-09
7.256512808230085060e-09
7.061051216336897441e-09
6.871669702276171936e-09
6.688123400354693090e-09
6.510172066660432798e-09
6.337606719318996538e-09
6.170240924313888703e-09
6.007902486630952542e-09
5.850436640501516955e-09
5.697712795177185712e-09
5.549620274092525996e-09
5.406063474054205528e-09
5.266931986246427367e-09
5.132116382333232758e-09
5.001504162017720646e-09
4.874975652071517002e-09
4.752403344948955263e-09
4.633654830595895773e-09
4.518597519046894585e-09
4.407100242655897496e-09
4.299034583972998034e-09
4.194275840492818279e-09
4.092703605160739776e-09
3.994202018791929623e-09
3.898659742873416106e-09
3.806175216205502902e-09
3.716029733170528151e-09
3.628735349023699598e-09
3.543992116067868140e-09
3.461706300346614000e-09
3.381787012478487350e-09
3.304146221275799665e-09
3.228698752428439160e-09
3.155362207942627562e-09
3.084057777527033372e-09
3.014708996609676509e-09
2.947242360469718664e-09
2.881586994029897598e-09
2.817674483601737070e-09
2.755438802373058527e-09
2.694816444978998908e-09
2.635746464790562411e-09
2.578169838803978840e-09
2.522029411679465623e-09
2.467271916992407454e-09
2.413844299601692823e-09
2.361696245292871511e-09
2.310779629199127414e-09
2.261048394704874519e-09
2.212458392228243513e-09
2.164967323315704552e-09
2.118533945270026721e-09
2.073120871958463342e-09
2.028690318242343076e-09
1.985206990628587415e-09
1.942637214082169414e-09
1.900948837891794488e-09
1.860111205345676909e-09
1.820095077369135058e-09
1.780872629111728588e-09
1.742416189892929795e-09
1.704703482365600180e-09
1.667709461023092857e-09
1.631412182269541492e-09
1.595789315736426157e-09
1.560821073045888709e-09
1.526488727217026410e-09
1.492774246773076113e-09
1.459660811149034720e-09
1.427132580442292779e-09
1.395174660748677583e-09
1.363773043712472237e-09
1.332914570737000752e-09
1.302587669499603611e-09
1.272779493009114764e-09
1.243480089766699621e-09
1.214679499645173673e-09
1.186368425590214898e-09
1.158537199572771294e-09
1.131179691759574133e-09
1.104287402159100752e-09
1.077853378540264568e-09
1.051871157595596276e-09
1.026334720654378702e-09
1.001238448374835428e-09
9.765770739025989725e-10
9.523456819220034869e-10
9.285396893405550155e-10
9.051548215562190248e-10
8.821869386056659445e-10
8.596324761962836163e-10
8.374876766706970632e-10
8.157490619713338898e-10
7.944132958587416327e-10
7.734771748407565960e-10
7.529376030304048643e-10
7.327915566438273996e-10
7.130360525591784590e-10
6.936681269381872277e-10
6.746854107053403190e-10
6.560837300450442679e-10
6.378607227725416090e-10
6.200133927877191405e-10
6.025386928832076383e-10
5.854335170739488570e-10
5.686943825027497126e-10
5.523186344337587131e-10
5.363026144551400235e-10
5.206429006857110838e-10
5.053358828194291782e-10
4.903781402798322056e-10
4.757658636866736443e-10
4.614952316958561285e-10
4.475623167042873932e-10
4.339630928913425000e-10
4.206934395677563496e-10
4.077491393458093834e-10
3.951257918804556615e-10
3.828191729164924305e-10
3.708247908270116136e-10
3.591378686581624850e-10
3.477538454658666000e-10
3.366679903236762668e-10
3.258755016644333157e-10
3.153715235157052352e-10
3.051510633210954102e-10
2.952093179252779203e-10
2.855411935306026948e-10
2.761416438035955098e-10
2.670055918465537367e-10
2.581278998680343136e-10
2.495035358238678540e-10
2.411272645365556635e-10
2.329941091082977445e-10
2.250988658226314431e-10
2.174364137299217676e-10
2.100016482198770856e-10
2.027894840573015841e-10
1.957947950060132012e-10
1.890126993478183218e-10
1.824381326369342413e-10
1.760661397665258039e-10
1.698918092001823335e-10
1.639102779824678276e-10
1.581166705962648172e-10
1.525063693042914063e-10
1.470746165312411012e-10
1.418167824280412532e-10
1.367282984016577241e-10
1.318046630672819243e-10
1.270413877949653536e-10
1.224342265408126563e-10
1.179788337146915272e-10
1.136710099620926987e-10
1.095066164313273494e-10
1.054815388737779096e-10
1.015919029569180829e-10
9.783374468595401416e-11
9.420323737509557862e-11
9.069663810965976558e-11
8.731016035085746705e-11
8.404046676553330907e-11
8.088391942368677264e-11
7.783708340085944319e-11
7.489660272067139992e-11
7.205920221439219890e-11
6.932168821647335179e-11
6.668094195722688832e-11
6.413392421719612793e-11
6.167765512537731387e-11
5.930919620619534488e-11
5.702581791333881269e-11
5.482472714677619398e-11
5.270325231393676198e-11
5.065870181930332875e-11
4.868872469098532676e-11
4.679076118654276737e-11
4.496241118429454299e-11
4.320134399709225058e-11
4.150529774794625470e-11
3.987207204216097668e-11
3.829949725165896096e-11
3.678558311309030387e-11
3.532826509247646202e-11
3.392559483043719892e-11
3.257564490120067399e-11
3.127662301777062138e-11
3.002678967982570156e-11
2.882438267798801986e-11
2.766773002515457988e-11
2.655520950628709975e-11
2.548524935126509834e-11
2.445630328053095102e-11
2.346696852068828680e-11
2.251578972503814600e-11
2.160136037015404252e-11
2.072237064318670783e-11
1.987758288795681317e-11
1.906570882670696684e-11
1.828554546692412944e-11
1.753592859851320463e-11
1.681571148963665730e-11
1.612384520675779889e-11
1.545922726100657406e-11
1.482089437552881112e-11
1.420781298385928563e-11
1.361909122815037409e-11
1.305379038190975558e-11
1.251100655731502963e-11
1.198993759009451209e-11
1.148971359586342806e-11
1.100958782186844899e-11
1.054875002879952800e-11
1.010650568452400030e-11
9.682098313078509388e-12
9.274881074635783623e-12
8.884149255538990643e-12
8.509303163073778506e-12
8.149691585134432165e-12
7.804744741679179019e-12
7.473912220655847836e-12
7.156612506630298073e-12
6.852334723623843330e-12
6.560582771887468683e-12
6.280832868356094256e-12
6.012625137831368249e-12
5.755501258423637163e-12
5.509031697212344563e-12
5.272767224682228927e-12
5.046312959985263729e-12
4.829278217372265035e-12
4.621289546163956911e-12
4.421981376128108850e-12
4.231025406710342944e-12
4.048074903295927139e-12
3.872812191904461693e-12
3.704928353646690256e-12
3.544118135545218917e-12
3.390091247518433587e-12
3.242566623916453231e-12
3.101277380511865897e-12
2.965976761548497533e-12
2.836414496315791876e-12
2.712349124558831368e-12
2.593574675994444466e-12
2.479868714507049226e-12
2.371024169280822874e-12
2.266839990224735013e-12
2.167120835236806619e-12
2.071677563421277779e-12
1.980329622943158952e-12
1.892900691544896772e-12
1.809231371215063393e-12
1.729159919232903870e-12
1.652542292517775189e-12
1.579237515747003207e-12
1.509107269890228748e-12
1.442022578043492137e-12
1.377855696911526191e-12
1.316481655329579419e-12
1.257782665666320804e-12
1.201641293984755369e-12
1.147946852628743606e-12
1.096597233597450337e-12
1.047487394679726293e-12
1.000530125430344198e-12
9.556300030676490196e-13
9.127051191628627517e-13
8.716765794859728445e-13
8.324602625240681277e-13
7.949735681979807704e-13
7.591432003853702035e-13
7.248972651708107037e-13
6.921643293490288171e-13
6.608766799507145446e-13
6.309736957866510433e-13
6.023972538422582526e-13
5.750893685156231044e-13
5.489943650124279866e-13
5.240653178925335216e-13
5.002481548590935381e-13
4.774953622923189838e-13
4.557579834139390304e-13
4.349908336130937266e-13
4.151521371117463662e-13
3.961920216027873075e-13
3.780773166661092957e-13
3.607825513779074188e-13
3.442743740857256169e-13
3.285156561446609061e-13
3.134704488063845188e-13
2.991089796263458279e-13
2.854011459942054532e-13
2.723111300326521407e-13
2.598153219887625001e-13
2.478897030903008206e-13
2.365115433645963391e-13
2.256565765932871207e-13
2.153010615371287321e-13
2.054224542174905642e-13
1.959998107374424408e-13
1.870093191084228659e-13
1.784298563419445490e-13
1.702433848200586867e-13
1.624297352160684709e-13
1.549723603735091538e-13
1.478572957645643949e-13
1.410679512745543621e-13
1.345898719334987560e-13
1.284053743042989088e-13
1.225109239529595404e-13
1.168826054082710432e-13
1.115122231943572969e-13
1.063875642679404166e-13
1.014979112780667926e-13
9.683188584588033694e-14
9.237963191021088926e-14
8.813148812320658959e-14
8.407784418439737570e-14
8.021016576690409950e-14
7.651339164006049176e-14
7.298516970342676949e-14
6.961880642887770926e-14
6.640664237884073400e-14
6.334161180766691220e-14
6.041736136476438364e-14
5.762720940454033666e-14
5.496491620148981594e-14
5.242477188097199472e-14
5.000122854273810270e-14
4.768878484133516379e-14
4.547995682275605019e-14
4.337250012654019984e-14
4.136180544476326513e-14
3.944332580381862428e-14
3.761323545769210048e-14
3.586713791545788451e-14
3.420137128148766663e-14
3.261213074656518832e-14
3.109068921948052137e-14
2.961441603526902409e-14
2.820622121230458220e-14
2.686356471797013207e-14
2.558319130548692799e-14
2.436211343517310956e-14
2.319784835325466572e-14
2.208763418043521809e-14
2.103742783266872783e-14
2.003744724702086317e-14
