# bin_3_1
7.257112119768627728e-07
7.261054490978162020e-07
7.265070240599058919e-07
7.269160708055241356e-07
7.273327259284324168e-07
7.277571276387713225e-07
7.294198560065104904e-07
7.286297169792732224e-07
7.290781839336090195e-07
7.295349561271432718e-07
7.300001788807437030e-07
7.304740011409976972e-07
7.309565735881843222e-07
7.314480439961419770e-07
7.319485575580601328e-07
7.324582604355232419e-07
7.340179935023682826e-07
7.345166023944808171e-07
7.340440566135749139e-07
7.345921187675806437e-07
7.351501985643069471e-07
7.357189614663488810e-07
7.362974496001262375e-07
7.368862148238946082e-07
7.374860444317705098e-07
7.380967519324315949e-07
7.387185397583054329e-07
7.393516072031506541e-07
7.399947057886293557e-07
7.406522961015488962e-07
7.413196256359719639e-07
7.457071647531693694e-07
7.426917974252425107e-07
7.433964155089516759e-07
7.441136819571246478e-07
7.448438035198289067e-07
7.455869668515776499e-07
7.463789952364368571e-07
7.471131703916708232e-07
7.478966179044737227e-07
7.486939423403654415e-07
7.495054083355954179e-07
7.503312662969259796e-07
7.511727966631853992e-07
7.520277887984029472e-07
7.528977708494875255e-07
7.537828550509332003e-07
7.546839027131813054e-07
7.556006659795291164e-07
7.565334050800577712e-07
7.574823821940784247e-07
7.584478664275145817e-07
7.594301141436040152e-07
7.604293664746234409e-07
7.614458400938587446e-07
7.624797499137912387e-07
7.635313724468877628e-07
7.646018754448105408e-07
7.656893390776793869e-07
7.667959033071336950e-07
7.679211698322967070e-07
7.690653775057981566e-07
7.702290603902090342e-07
7.714123385468179028e-07
7.726157656849442286e-07
7.738391302669642115e-07
7.750829598423750234e-07
7.763471717333956374e-07
7.776325543676508483e-07
7.789391327895917654e-07
7.802673716373990465e-07
7.816173670528577790e-07
7.829896399709358278e-07
7.843843130312853886e-07
7.858014816309122072e-07
7.872379807053896411e-07
7.887035633597513792e-07
7.901891834409296823e-07
7.916984387417987654e-07
7.932316899739217142e-07
7.947892694247683160e-07
7.963713979924971070e-07
7.979782304902705455e-07
7.996099416664734707e-07
8.012666212414886689e-07
8.029483756673016697e-07
8.046553943466776426e-07
8.063880651968781229e-07
8.081453664019703565e-07
8.099324353150730613e-07
8.117445507406199095e-07
8.135831365281760272e-07
8.154483396600479586e-07
8.173404301402942888e-07
8.192596709171383299e-07
8.212062491116002750e-07
8.231803521166803730e-07
8.251823790621966585e-07
8.272121293734744560e-07
8.292700125296667525e-07
8.313558519342694383e-07
8.334689235939695414e-07
8.356109639954168692e-07
8.377814529871248924e-07
8.399804872449231249e-07
8.422081401389234073e-07
8.444643150438954327e-07
8.467489629459709767e-07
8.490622017835019269e-07
8.514023553307838163e-07
8.537737508371506657e-07
8.561731613661609095e-07
8.586004634058590238e-07
8.610556254668863281e-07
8.635396529308068585e-07
8.660516676758973135e-07
8.685910819158428084e-07
8.711588081180799835e-07
8.737547303109892098e-07
8.763774756025320321e-07
8.790272159527267899e-07
8.817037730024153034e-07
8.844069279471084998e-07
8.871361913811795849e-07
8.898928500433463271e-07
8.926714591303372583e-07
8.954768556974436950e-07
8.983055431977405103e-07
9.011599898536237807e-07
9.040373622423330030e-07
9.069366374641455441e-07
9.098578595672031045e-07
9.128006186320515247e-07
9.157654450803352462e-07
9.187512963775584058e-07
9.217548246655321379e-07
9.247767874089989556e-07
9.278163470038214316e-07
9.308717970112749918e-07
9.339439156495762507e-07
9.370295107200099704e-07
9.401287284989577077e-07
9.432402283468000123e-07
9.463639071361726131e-07
9.494966828469957903e-07
9.526380165772482307e-07
9.557859497763880502e-07
9.589401301412485982e-07
9.620985191282074299e-07
9.652606769072213808e-07
9.684231827716291618e-07
9.715851776311348977e-07
9.747449723056508218e-07
9.779000032475374372e-07
9.810497646074951046e-07
9.841928909408167282e-07
9.873253433264272099e-07
9.904460507796362791e-07
9.935521422193084113e-07
9.966427702809992088e-07
9.997151621002443186e-07
1.002767377905858419e-06
1.005796047908015853e-06
1.008799221142918400e-06
1.011774369622311804e-06
1.014720600461006551e-06
1.017630208517868216e-06
1.020505280662136986e-06
1.023341942581964899e-06
1.026136801552137148e-06
1.028890260645509873e-06
1.031592430842862648e-06
1.034244294097606082e-06
1.036844051211057730e-06
1.039381687873981842e-06
1.041868078506727046e-06
1.044286326875618671e-06
1.046638614581107968e-06
1.048919371813928246e-06
1.051131135631113824e-06
1.053263851061840171e-06
1.055316447770161668e-06
1.057285204420729874e-06
1.059167068363086105e-06
1.060959197426827940e-06
1.062656518487326254e-06
1.064255234920617821e-06
1.065753765709277143e-06
1.067146927849875795e-06
1.068432310154112888e-06
1.069605083192348700e-06
1.070661650055847618e-06
1.071599415466260015e-06
1.072414322352883204e-06
1.073103217682680250e-06
1.073661593370468814e-06
1.074086829538673981e-06
1.074374605896082223e-06
1.074521846525244802e-06
1.074525376171691655e-06
1.074381266952580508e-06
1.074086146856407644e-06
1.073637067898001539e-06
1.073030681386902154e-06
1.072263714056361963e-06
1.071333060329111139e-06
1.070235644448305589e-06
1.068968497608943232e-06
1.067528643452054898e-06
1.065913265742476026e-06
1.064119639535571828e-06
1.062145210750374689e-06
1.059987549237616307e-06
1.057643746309730643e-06
1.055112868864653301e-06
1.052392265346428508e-06
1.049480041728084946e-06
1.046374552496881452e-06
1.043074381931408592e-06
1.039578356894943051e-06
1.035885532026946592e-06
1.031995168325645706e-06
1.027906720177956498e-06
1.023619876694943871e-06
1.019134616470839473e-06
1.014451215970342887e-06
1.009570364034843657e-06
1.004492699212643135e-06
9.992183154574976874e-07
9.937507733187373992e-07
9.880905200109534423e-07
9.822393547289380508e-07
9.761993196279352074e-07
9.699726893250412269e-07
9.635616637281291399e-07
9.569696896986104963e-07
9.501993780655884002e-07
9.432538732399680334e-07
9.361368819108923282e-07
9.288509563395339870e-07
9.213996595832593825e-07
9.137880298119678238e-07
9.060188302858114689e-07
8.980968872483315963e-07
8.900265513246478420e-07
8.818132056479768286e-07
8.734616215493328333e-07
8.649770960338073161e-07
8.563652403257791180e-07
8.476327128898243286e-07
8.387848678323003679e-07
8.298292491524977890e-07
8.207731152589112182e-07
8.116241253611761647e-07
8.023903313068147194e-07
7.930784303520941006e-07
7.837005937303051800e-07
7.742640267294979066e-07
7.647777276465222060e-07
7.552506888225123468e-07
7.456919538852307908e-07
7.361106269844041546e-07
7.265156482283777237e-07
7.172775273797422382e-07
7.073170028344513720e-07
6.977299068536996968e-07
6.881593075196805642e-07
6.786107474197466175e-07
6.690889417839828731e-07
6.595978253112761925e-07
6.501405865749629786e-07
6.407196084223418938e-07
6.313360835579464450e-07
6.219910787534394785e-07
6.126842477208606184e-07
6.034139558734510858e-07
5.941787107896200183e-07
5.849766684105459353e-07
5.758061678908561934e-07
5.666662093235117840e-07
5.575564636343065570e-07
5.484771935578177632e-07
5.394290418560819811e-07
5.304128171579414137e-07
5.214288455210069188e-07
5.124786513621519249e-07
5.035648345148766563e-07
4.946909446305560763e-07
4.858617718114002859e-07
4.770831185431917627e-07
4.683618684823989679e-07
4.597058762571304043e-07
4.511235834985777868e-07
4.426238235390801167e-07
4.342156828077324050e-07
4.259085133687161279e-07
4.177121737455901580e-07
4.096371405110412440e-07
4.016937483094080953e-07
3.938908433639905213e-07
3.862352356368963776e-07
3.787320592774864137e-07
3.713839032257326436e-07
3.641910621952472569e-07
3.571514053468522162e-07
3.502606634241497737e-07
3.435125126919680452e-07
3.368985023151787608e-07
3.304080754679414563e-07
3.240287396541836643e-07
3.177462401150135902e-07
3.115454184757364344e-07
3.054125365308043344e-07
2.993350723167504023e-07
2.933043778315810098e-07
2.873143280270466882e-07
2.813615475083206443e-07
2.754452615115303532e-07
2.695662061073149975e-07
2.637251132947668307e-07
2.579232095734600094e-07
2.521625940123625410e-07
2.464464190968140327e-07
2.407790330602228271e-07
2.351651546423244378e-07
2.296107266970654355e-07
2.241220152108850533e-07
2.187054039277840968e-07
2.133672436457080012e-07
2.081138475172177803e-07
2.029514643336527805e-07
1.978864354253662801e-07
1.929258525641375837e-07
1.880769486064362236e-07
1.833458389305065626e-07
1.787373220872235861e-07
1.742549083060605636e-07
1.699009347761282487e-07
1.656758031323783927e-07
1.615774159271907338e-07
1.576014384370036570e-07
1.537414300958125800e-07
1.499888595687208423e-07
1.463331605553732609e-07
1.427622371967764781e-07
1.392639613121010549e-07
1.358273474921409694e-07
1.324443446115073582e-07
1.290223290639708973e-07
1.258240323372067669e-07
1.225874328047231121e-07
1.194053017270953942e-07
1.162845221585063327e-07
1.132323485062012189e-07
1.102550615830370635e-07
1.073577426402355091e-07
1.045442962738484399e-07
1.018172417777429309e-07
9.917709864928180321e-08
9.662251609166840259e-08
9.415055385780551254e-08
9.175705082080642665e-08
8.943678856812304416e-08
8.718347243354247056e-08
8.499026182250904306e-08
8.285049282562656061e-08
8.075797271950928354e-08
7.870802370079727146e-08
7.669767203941960738e-08
7.472564366537261564e-08
7.279219017441434943e-08
7.089909933505618436e-08
6.904963648156288977e-08
6.724761919700189256e-08
6.549618690938682044e-08
6.375498798642673405e-08
6.215304851460573784e-08
6.056284397581731621e-08
5.902549647937621209e-08
5.753805626218042744e-08
5.609695713707094673e-08
5.469869930297036330e-08
5.333991487608057128e-08
5.201743673314088579e-08
5.072875672121831168e-08
4.947238225817730717e-08
4.824750512802395508e-08
4.705363425179870992e-08
4.586019113959261099e-08
4.475832190030428786e-08
4.365715601968120281e-08
4.258708966935029801e-08
4.154791832826956047e-08
4.053937342535490539e-08
3.953586731915270187e-08
3.861211830619591192e-08
3.769162460097520002e-08
3.679828336733347033e-08
3.593080499492196467e-08
3.508787351252478566e-08
3.426817652585176770e-08
3.347058653509562361e-08
3.269422661468745625e-08
3.193845664630872835e-08
3.118355909080646313e-08
3.046801534732581377e-08
2.977180368640089477e-08
2.909450367068833462e-08
2.843560859768832297e-08
2.779453608639667843e-08
2.718661713829049088e-08
2.657880169951630841e-08
2.598703431719877805e-08
2.541079594656230554e-08
2.484962820763832286e-08
2.430309829151743078e-08
2.377080364409578267e-08
2.323912609967689598e-08
2.273426379358836260e-08
2.225476008001203850e-08
2.177467458415119657e-08
2.130633609422865029e-08
2.084924193793043611e-08
2.040293221087209704e-08
1.996700578516610845e-08
1.954111937206562872e-08
1.912498318754092170e-08
1.871834358956972192e-08
1.832095357411903486e-08
1.793257697236054400e-08
1.755294003314814716e-08
1.718178358733770292e-08
1.681882784046685475e-08
1.646376388389038318e-08
1.611634959988321777e-08
1.577629247041700114e-08
1.544334504367436426e-08
1.511723700422414843e-08
1.479775237949714735e-08
1.448468194033986124e-08
1.417782714796011136e-08
1.387700138474422151e-08
1.358203006129974636e-08
1.329274914731272570e-08
1.300900760510587821e-08
1.273064397624715202e-08
1.245751616660182945e-08
1.218949853827620715e-08
1.192644520542626183e-08
1.166824310236355980e-08
1.141475944969828113e-08
1.116587425956641920e-08
1.092147231257101680e-08
1.068144455194497964e-08
1.044568844897261403e-08
1.021410874314843529e-08
9.986616715614116609e-09
9.763128578812141607e-09
9.543565271827452263e-09
9.327852355974891959e-09
9.115919003154704091e-09
8.907697514369459610e-09
8.703123095794238004e-09
8.502133954033975698e-09
8.304671887193360019e-09
8.110678449201734187e-09
7.920100658920397388e-09
7.732887338522399311e-09
7.548989913073672686e-09
7.368362327136715362e-09
7.190960367990135517e-09
7.016741684064418885e-09
6.845665778880779361e-09
6.677693762830518713e-09
6.512788150779293096e-09
6.350912845477063700e-09
6.192033020417963176e-09
6.036114827815910618e-09
5.883125523927704628e-09
5.733033120280835515e-09
5.585806311422326796e-09
5.441414441132551354e-09
5.299825321077287486e-09
5.161013715218153017e-09
5.024945622550065513e-09
4.891597867304018792e-09
4.760938996625203183e-09
4.632940532157072397e-09
4.507574044188744790e-09
4.384811169682409711e-09
4.264623625094444195e-09
4.146983185706829665e-09
4.031861483252313849e-09
3.919229814532462238e-09
3.809059326119501969e-09
3.701320427461497520e-09
3.595984734006919138e-09
3.493022336691479466e-09
3.392403596164848538e-09
3.294098508353724682e-09
3.198076610638364001e-09
3.104307168733803630e-09
3.012756648202797105e-09
2.923398775816784275e-09
2.836199503651466013e-09
2.751127090883197960e-09
2.668149458336013916e-09
2.587234182235154074e-09
2.508348630732191560e-09
2.431459924262003700e-09
2.356536709531628249e-09
2.283542610375352228e-09
2.212446059414139375e-09
2.143213645994858900e-09
2.075811926302224941e-09
2.010207319382003317e-09
1.946364059887230239e-09
1.884253072183927432e-09
1.823838574454608122e-09
1.765087242857380925e-09
1.707965593685241052e-09
1.652440497573594597e-09
1.598478847055071264e-09
1.546047708019516806e-09
1.495114306086871347e-09
1.445646184155935319e-09
1.397611201171580637e-09
1.350977171052657257e-09
1.305712464974188607e-09
1.261783598323552298e-09
1.219163534275359060e-09
1.177819386221965612e-09
1.137720720543505203e-09
1.097963183494475888e-09
1.060291841829294615e-09
1.023776256299810025e-09
9.883873536167422995e-10
9.548699781173496911e-10
9.216258086255425279e-10
8.894247261418457757e-10
8.582376153525243700e-10
8.280415862608115355e-10
7.988082628998067057e-10
7.705117495366136268e-10
7.431266045216663400e-10
7.166278616372343635e-10
6.909909937789074970e-10
6.661920048891486888e-10
6.422073525565083699e-10
6.190139377774394066e-10
5.965874629290750469e-10
5.749091083760991825e-10
5.539555192112949872e-10
5.337054936801024331e-10
5.141383166609579754e-10
4.952337541508321334e-10
4.769719994310171720e-10
4.593335712156145837e-10
4.422998248082753113e-10
4.258522481719785916e-10
4.099724084918824613e-10
3.946431494800141201e-10
3.798481130393588320e-10
3.655700188018910725e-10
3.517920617953376760e-10
3.384995342688874367e-10
3.256766012900341856e-10
3.133082134249085128e-10
3.013792640901261735e-10
2.898766238337933598e-10
2.787859178646530473e-10
2.680932083805295440e-10
2.577864617793662530e-10
2.478524650992905185e-10
2.382784159257902605e-10
2.290533004675847456e-10
2.201649701385741093e-10
2.116016647371347157e-10
2.033533266855123051e-10
1.954083987437219336e-10
1.877574526757599368e-10
1.803900041723368889e-10
1.732959159551508164e-10
1.664665927233697997e-10
1.598920692206299059e-10
1.535643092136767888e-10
1.474744510923419196e-10
1.416135688413606669e-10
1.359744961862081600e-10
1.305486981782624777e-10
1.253293349496035615e-10
1.203083934294420003e-10
1.154794763702651509e-10
1.108349888910499197e-10
1.063691030278926427e-10
1.020746903219624717e-10
9.794614423602623490e-11
9.397687178353087786e-11
9.016164203023570660e-11
8.649430159088862335e-11
8.296971462148510735e-11
7.958288878370319624e-11
7.632827074514414111e-11
7.320122043513431234e-11
7.019701679583263568e-11
6.731129838740635415e-11
6.453925375428942405e-11
6.187684001980877394e-11
5.931994820870019285e-11
5.686460770243532823e-11
5.450698757788394378e-11
5.224327352167076667e-11
5.007015449640030065e-11
4.798397599188421414e-11
4.598154264663859921e-11
4.405958301150018792e-11
4.221505963996921395e-11
4.044498027251965183e-11
3.874644952940467869e-11
3.711681564693851941e-11
3.555321491868758092e-11
3.405330963724885316e-11
3.261451639284699503e-11
3.123431752251230149e-11
2.991069307612679146e-11
2.864130343266818673e-11
2.742402458514120677e-11
2.625681055846945119e-11
2.513768854608687839e-11
2.406470509211894700e-11
2.303613326815017892e-11
2.205016871755986946e-11
2.110510017197318287e-11
2.019927316022510673e-11
1.933117215434287830e-11
1.849922515905902454e-11
1.770205783064425939e-11
1.693823306203865532e-11
1.620640219772315845e-11
1.550526250946458637e-11
1.483367370745317829e-11
1.419030431448900818e-11
1.357405915444768425e-11
1.298389601511262226e-11
1.241863071720463010e-11
1.187729422693758313e-11
1.135904257163140945e-11
1.086263119473079853e-11
1.038746809540552836e-11
9.932479315639587551e-12
9.496940791364783078e-12
9.079988366521501954e-12
8.680892038700723084e-12
8.298927317164152117e-12
7.933394536281145105e-12
7.583537937631572040e-12
7.248722721882248222e-12
6.928385605371677789e-12
6.621839788621782788e-12
6.328599153210602015e-12
6.048030955002302227e-12
5.779621531282911368e-12
5.522860082460921737e-12
5.277279714488886860e-12
5.042378151239752200e-12
4.817699914673558332e-12
4.602827939482407918e-12
4.397330413043844233e-12
4.200836483538876094e-12
4.012934188109214826e-12
3.833260124010928911e-12
3.661503789197601066e-12
3.497279983794443114e-12
3.340294556663257598e-12
3.190207417687410489e-12
3.046754436618769369e-12
2.909634928599809659e-12
2.778581121247151338e-12
2.653334455301928548e-12
2.533625020341619224e-12
2.419227512936092365e-12
2.309898769087340226e-12
2.205417337006482342e-12
2.105572685075976114e-12
2.010170179362425551e-12
1.919005969784490950e-12
1.831920941954649387e-12
1.748763988783444625e-12
1.669353552048618588e-12
1.593496773823810543e-12
1.521053825836526434e-12
1.451867152585103722e-12
1.385795264122905848e-12
1.322699240613183469e-12
1.262457915606116980e-12
1.204933497647934746e-12
1.149999328819562379e-12
1.097551272807730081e-12
1.047463240817578001e-12
9.996387788675668325e-13
9.539701901488352094e-13
9.102580926561365508e-13
8.685058020009214279e-13
8.286447637515407396e-13
7.905922652426341079e-13
7.542667523309297550e-13
7.195865604804723620e-13
6.864842516086316767e-13
6.548867145385131811e-13
6.247259754259969084e-13
5.959458018910822007e-13
5.684743829267757849e-13
5.422586821839507270e-13
5.172408651180642197e-13
4.933624884328324907e-13
4.705724793764027948e-13
4.488264357226874244e-13
4.280744205312556877e-13
4.082718540545521858e-13
3.893766616529007075e-13
3.713444662999946410e-13
3.541370807054922311e-13
3.377153088153859283e-13
3.220458042629581107e-13
3.070930024017031790e-13
2.928260051917695176e-13
2.792107339102934242e-13
2.662204732699918075e-13
2.538260348655880003e-13
2.419982847711679135e-13
2.307134136716694645e-13
2.199494790541357611e-13
2.096781015434990654e-13
1.998805516461260645e-13
1.905331940940631836e-13
1.816159030223061332e-13
1.727817332947931870e-13
1.641207564142482053e-13
1.558655006754848553e-13
1.479994753411369792e-13
1.405035133696065266e-13
1.333603041332172206e-13
1.265551671989982902e-13
1.200734314771241860e-13
1.138972220992556980e-13
1.080165274290218934e-13
1.024160417436753756e-13
9.708267024654936327e-14
9.200424527530268527e-14
8.716842756767460209e-14
8.256546940446594695e-14
7.818475373836831415e-14
7.401598629931101815e-14
7.004814423644046551e-14
6.627314116418236433e-14
6.268195266045279627e-14
5.928369625358495905e-14
5.613163710788983499e-14
5.313272546901845498e-14
5.028101291339505895e-14
4.756970277021570077e-14
4.499189075047573496e-14
4.254101642004939948e-14
4.021134622913118529e-14
3.799710538578142540e-14
3.589367784999091026e-14
3.389633761724986613e-14
3.200019988073125949e-14
3.019937538443355182e-14
2.849129958187028488e-14
2.687062261074799466e-14
2.492260698637775135e-14
2.303773630590875690e-14
2.126114717246299659e-14
1.958864281154557240e-14
1.801436332654643215e-14
1.653290107316934010e-14
1.514177837024275063e-14
1.383459738143524100e-14
1.260756417999115306e-14
1.145706481161112451e-14
1.037928681669760073e-14
9.566483206567354808e-15
8.809985371021011872e-15
8.099197597585239166e-15
7.432114160985990172e-15
6.806155218274690414e-15
6.219578047703053526e-15
5.670252652108545234e-15
5.155767279382012930e-15
4.676458623416074309e-15
4.238749640317655911e-15
3.829653992033156740e-15
3.447641350441738345e-15
3.091027581742607644e-15
2.758213365612777775e-15
2.447403993897376731e-15
2.157873010255301370e-15
1.953392501019229903e-15
1.774171752981524714e-15
