# bin_3_2
8.180934684460977061e-07
8.187329647071854039e-07
8.193843574582499579e-07
8.200478612381544941e-07
8.207236945081511713e-07
8.214120786291086964e-07
8.221132339217688571e-07
8.228273846219104397e-07
8.235547586308185104e-07
8.242955877982086667e-07
8.250501072082902826e-07
8.258185569416001214e-07
8.266011801885214719e-07
8.273982186066616249e-07
8.282099126624718013e-07
8.290365052045769774e-07
8.298782435629708625e-07
8.307353897143279666e-07
8.316082139870334606e-07
8.324969984825146338e-07
8.334020151462706673e-07
8.343246604724467999e-07
8.352628346130362175e-07
8.362171913211904806e-07
8.371898855782820464e-07
8.381802146952204901e-07
8.391884942560122428e-07
8.402150382270929632e-07
8.412593577988299439e-07
8.423241006634361584e-07
8.434072113952563319e-07
8.445097882376472248e-07
8.456321561713006294e-07
8.467746567674560614e-07
8.479376368072542771e-07
8.491214302679522771e-07
8.503263525285514377e-07
8.515884420764947288e-07
8.528008578374579264e-07
8.540711136776667355e-07
8.553638645138117659e-07
8.566795119025203734e-07
8.580188814371890349e-07
8.593820873197571711e-07
8.607683611856631449e-07
8.621781235990571986e-07
8.636140875072913586e-07
8.650748062788708475e-07
8.665609966700052435e-07
8.680730681761565178e-07
8.696114337449072168e-07
8.711765147624081654e-07
8.727687212748878855e-07
8.743884494897185258e-07
8.760360724810117400e-07
8.777119629470656980e-07
8.794165567903091856e-07
8.811500524309592485e-07
8.829140840847605763e-07
8.847064164542647835e-07
8.865297451158586616e-07
8.883850942219288467e-07
8.902719674768768284e-07
8.921887981531279177e-07
8.941387444725865561e-07
8.961213674057388293e-07
8.981371068760112726e-07
9.001863180956554310e-07
9.022698295139460888e-07
9.043869312797618518e-07
9.065391200398203430e-07
9.087268765561382835e-07
9.109506056568541573e-07
9.132106054069758595e-07
9.155071469426046743e-07
9.177909980162433212e-07
9.202108172037025879e-07
9.226190075360788773e-07
9.250655873985203632e-07
9.275510948977966530e-07
9.300760394452809908e-07
9.326408183307286942e-07
9.352457621333360547e-07
9.378912208949422636e-07
9.405774586773619903e-07
9.433047556104503188e-07
9.460734742043652832e-07
9.488841751005202732e-07
9.517366675562385466e-07
9.546342821895301741e-07
9.575744418169404943e-07
9.605580759397381871e-07
9.635854954358079585e-07
9.666571325673345425e-07
9.697734101536065823e-07
9.729346724598050836e-07
9.761412614050301114e-07
9.793920327271921812e-07
9.826920245039992185e-07
9.860366922623018291e-07
9.894277079540687223e-07
9.928652326303453343e-07
9.963496407489469183e-07
9.998812855089424264e-07
1.003460387824525576e-06
1.007087140369146278e-06
1.010761559990902681e-06
1.014483705963120780e-06
1.018253799540781481e-06
1.022068043098913690e-06
1.025935266416616775e-06
1.029849620667777772e-06
1.033812076530519318e-06
1.037822690174115857e-06
1.041881488694835428e-06
1.045988164273849426e-06
1.050142176165054121e-06
1.054344008375756081e-06
1.058594964422659553e-06
1.062892301145475519e-06
1.067236662293663710e-06
1.071627869473608116e-06
1.076065693479048503e-06
1.080549622777048415e-06
1.085080866111025734e-06
1.089654068728553108e-06
1.094271881165308444e-06
1.098936768364685318e-06
1.103645135911647844e-06
1.108396045256727427e-06
1.113188363422780635e-06
1.118021464059312918e-06
1.122896427840037447e-06
1.127812040367322058e-06
1.132767067054161880e-06
1.137759052257724221e-06
1.142788020153103159e-06
1.147852916279464056e-06
1.152952371281962586e-06
1.158085194840447953e-06
1.163250229325773240e-06
1.168445901825664918e-06
1.173670518668883787e-06
1.178923625921638225e-06
1.184202478814028856e-06
1.189504983768481839e-06
1.194831191503302681e-06
1.200177979329483341e-06
1.205543645657062272e-06
1.210927316332727151e-06
1.216325026094307427e-06
1.221735431794153715e-06
1.227156306349129596e-06
1.232583923310228867e-06
1.238018370190942171e-06
1.243456769533073645e-06
1.248896010942499012e-06
1.254332153435385586e-06
1.259761297133863915e-06
1.265185518445428325e-06
1.270597767088132304e-06
1.275996910703791158e-06
1.281377829684123170e-06
1.286737131715299857e-06
1.292073591073605368e-06
1.297382484703471079e-06
1.302660798502191146e-06
1.307903626556301200e-06
1.313108264862824275e-06
1.318271379046375250e-06
1.323386541251646811e-06
1.328450820942608940e-06
1.333460630484767054e-06
1.338411917032487417e-06
1.343296473857296375e-06
1.348119758599938137e-06
1.352868099811995856e-06
1.357539073540360742e-06
1.362127066376442597e-06
1.366631368225979326e-06
1.371044588544118554e-06
1.375360215116738492e-06
1.379574375088359936e-06
1.383683133680897912e-06
1.387681057596395122e-06
1.391562706445133149e-06
1.395322935986516281e-06
1.398956581457479544e-06
1.402458419284181839e-06
1.405823033740525716e-06
1.409045296591956774e-06
1.412119732342833411e-06
1.415040971972180450e-06
1.417804250924121166e-06
1.420402526417983487e-06
1.422831921879935330e-06
1.425086619317937604e-06
1.427161168157626298e-06
1.429050404711588023e-06
1.430747936519056444e-06
1.432249835294799296e-06
1.433550137951017243e-06
1.434643508287490242e-06
1.435525215706073904e-06
1.436189166333327996e-06
1.436629831435192654e-06
1.436843585734179123e-06
1.436824782899313998e-06
1.436568423597223081e-06
1.436069675281505371e-06
1.435323813300025772e-06
1.434326303216107952e-06
1.433072754192754568e-06
1.431558943454821348e-06
1.429785326515624086e-06
1.427738973795665831e-06
1.425415861493113977e-06
1.422821911262810952e-06
1.419953636873887823e-06
1.416800073952075708e-06
1.413361889496995756e-06
1.409637050704940584e-06
1.405624175416143965e-06
1.401321532494749618e-06
1.396727019949645033e-06
1.391839948474382732e-06
1.386659438905469357e-06
1.381186051546903039e-06
1.375419889855860551e-06
1.369360718413178633e-06
1.363009652850437155e-06
1.356367485197157028e-06
1.349436455370367430e-06
1.342218408958640450e-06
1.334714723435676318e-06
1.326928405300183363e-06
1.318862626475153020e-06
1.310520585201967187e-06
1.301905326051297190e-06
1.293020765061475947e-06
1.283870864580601783e-06
1.274459989883803764e-06
1.264793006424977589e-06
1.254874897981805990e-06
1.244711435747820823e-06
1.234308598619980302e-06
1.223672678990142153e-06
1.212810428699466450e-06
1.201729037185702923e-06
1.190436412757248532e-06
1.178940985625640313e-06
1.167932151421914229e-06
1.155379352402977664e-06
1.143332095283311329e-06
1.131121537273378134e-06
1.118758968660807257e-06
1.106256131337766566e-06
1.093624474843807497e-06
1.080877670919296498e-06
1.068027461797318006e-06
1.055086452075732422e-06
1.042067453063857535e-06
1.028983234779377645e-06
1.015846258571625861e-06
1.002668513133091928e-06
9.894611940955680382e-07
9.762346044285989087e-07
9.629981725972186520e-07
9.497614455098652390e-07
9.365300164182505634e-07
9.233120815812065912e-07
9.101132669753379283e-07
8.969394150838408883e-07
8.837934640283284020e-07
8.706785355518463505e-07
8.575963468402089683e-07
8.445480285915366509e-07
8.315343605294021785e-07
8.185562172508088718e-07
8.056151439250527753e-07
7.927133515549684583e-07
7.798535962300169385e-07
7.670389374256742108e-07
7.542723203985302610e-07
7.415556959376717511e-07
7.288945102252179203e-07
7.162928317866776836e-07
7.037568937477705877e-07
6.912940997985838649e-07
6.789130325146629589e-07
6.666234691485362340e-07
6.544362619499562036e-07
6.423628921372694694e-07
6.304152217034574531e-07
6.186052887263623161e-07
6.069453144992391152e-07
5.954479732293599064e-07
5.841265216444784741e-07
5.729937297503740722e-07
5.620609031267720712e-07
5.513363041164716877e-07
5.408255949523707698e-07
5.305315371980121529e-07
5.204537156511315458e-07
5.105885480926930340e-07
5.009296499849546043e-07
4.914679182948558327e-07
4.821914143418372976e-07
4.730853731113356588e-07
4.641323947429026506e-07
4.553126773852476195e-07
4.466049092082409411e-07
4.379877315264620997e-07
4.294461592383937840e-07
4.209649184008740437e-07
4.125336443193742350e-07
4.041448334371241372e-07
3.957963652886948018e-07
3.874862186451693023e-07
3.792134046115300265e-07
3.709778496655917499e-07
3.627817268098749198e-07
3.546286770763961894e-07
3.465246794385026450e-07
3.384774472299935865e-07
3.304961323090147179e-07
3.225910414756184725e-07
3.147729708530110206e-07
3.070532766599485803e-07
2.994433835044876648e-07
2.919550386636914233e-07
2.846002962713806833e-07
2.773921500572360691e-07
2.703435183585143452e-07
2.634652995453612199e-07
2.567660214193347327e-07
2.502517979002471185e-07
2.439266942988387422e-07
2.377915313844546580e-07
2.318434940705607683e-07
2.260764536359551900e-07
2.204810891425432631e-07
2.150450930940454039e-07
2.097529287871702064e-07
2.045869098083015369e-07
1.995287244010404982e-07
1.945618584641315511e-07
1.896737883399362455e-07
1.848571474576842237e-07
1.801092902988287584e-07
1.754324439243591651e-07
1.708331197660213530e-07
1.663210010031356377e-07
1.619068448874804233e-07
1.576001509885466060e-07
1.534088839729352031e-07
1.493394910263400172e-07
1.453964966812040262e-07
1.415814100312614258e-07
1.378927360580411307e-07
1.343264224227771496e-07
1.308763803034728886e-07
1.275346477177191273e-07
1.242915757634064223e-07
1.211365646359803035e-07
1.180591939442278311e-07
1.150498681054022377e-07
1.121012753064008782e-07
1.092087744841460558e-07
1.063702958417538313e-07
1.035862623915253853e-07
1.008594998247964269e-07
9.819516069324240102e-08
9.559929052393359378e-08
9.307693864311632343e-08
9.063176033776021450e-08
8.826602597261785283e-08
8.598025338679394010e-08
8.377240797510242109e-08
8.163796278870115049e-08
7.957153070386866454e-08
7.756768176875863694e-08
7.562114451993216166e-08
7.372689955548841543e-08
7.188094693917481541e-08
7.008091480945043591e-08
6.832563298352631229e-08
6.661449788682392773e-08
6.494741615605572835e-08
6.332480951660605785e-08
6.174739376569597305e-08
6.021555338044537216e-08
5.872920558381136274e-08
5.728804954377280728e-08
5.589141240325291069e-08
5.453809946453432552e-08
5.322639956773747915e-08
5.195429514366071327e-08
5.071976113831369092e-08
4.952077655558602142e-08
4.835538186653389322e-08
4.722193863250608169e-08
4.611919707611098342e-08
4.504626125347682530e-08
4.400245037339886133e-08
4.298719099537916170e-08
4.199999171289582968e-08
4.104032398631648675e-08
4.010752575908855541e-08
3.920080913711409040e-08
3.831930193563379183e-08
3.746208853307084464e-08
3.662831372169382857e-08
3.581710196078707471e-08
3.502766961712667031e-08
3.425929389897607147e-08
3.351129457228350640e-08
3.278300116195743111e-08
3.207373602275908221e-08
3.138280462495588465e-08
3.070950133981511113e-08
3.005312592354124585e-08
2.941300469909370775e-08
2.878850288590883526e-08
2.817904104382650401e-08
2.758409759011504151e-08
2.700320581414665104e-08
2.643593844583254531e-08
2.588188293268037454e-08
2.534064259743301070e-08
2.481179832960511936e-08
2.429494444172702903e-08
2.378966303734576707e-08
2.329553477664156388e-08
2.281215060853209116e-08
2.233911978136749286e-08
2.187606918294415023e-08
2.142264753923728369e-08
2.097852249340534602e-08
2.054338651016220484e-08
2.011694602551881644e-08
1.969892309965653166e-08
1.928905381895456132e-08
1.888708693728926087e-08
1.849278896508657690e-08
1.810591434888417815e-08
1.772625181737357243e-08
1.735359241994327182e-08
1.698773732386302276e-08
1.662849643396386504e-08
1.627568835641957209e-08
1.592914440201418109e-08
1.558869083192533571e-08
1.525417640262785234e-08
1.492545421638260535e-08
1.460238649086020161e-08
1.428487983050945171e-08
1.397273957596587869e-08
1.366588716426211677e-08
1.336421412989446468e-08
1.306761817303329397e-08
1.277600282491798112e-08
1.248927711856788122e-08
1.220735515898224304e-08
1.193015308752901559e-08
1.165759901714116798e-08
1.138961789205718548e-08
1.112614147417218397e-08
1.086712807560701128e-08
1.061247173531582028e-08
1.036213853586446510e-08
1.011607432987516795e-08
9.874227872630315187e-09
9.636550527982239167e-09
9.402996064887945196e-09
9.173520560771595721e-09
8.948082140884718468e-09
8.726640569062252867e-09
8.509157342012120303e-09
8.295595237763523310e-09
8.085918135833076131e-09
7.880090944600543936e-09
7.678079525539389872e-09
7.479850524827654165e-09
7.285347873267326297e-09
7.094586714973025175e-09
6.907511053042458168e-09
6.724088960363583526e-09
6.544288526919979979e-09
6.368066753560181335e-09
6.195414228074977251e-09
6.026287632080467467e-09
5.860654655748867471e-09
5.698482356983860142e-09
5.539737339976770577e-09
5.384385630172317880e-09
5.232392780590035313e-09
5.083723952034758340e-09
4.938343776909218149e-09
4.796214952685223742e-09
4.657302810919157660e-09
4.521568437884640069e-09
4.388970913470345387e-09
4.259476258899005798e-09
4.133042351368361825e-09
4.009628994698606102e-09
3.889195239648337050e-09
3.771699386513052476e-09
3.657099138021670604e-09
3.545351601434090119e-09
3.436413479496399125e-09
3.330241074578911096e-09
3.226790226181268353e-09
3.126018189052796647e-09
3.027874550032138047e-09
2.932319126699060197e-09
2.839302491713479446e-09
2.748783379336259374e-09
2.660713605648652535e-09
2.575047194429161140e-09
2.491738136367285697e-09
2.410740348086119542e-09
2.332007748710388410e-09
2.255494343640404021e-09
2.181153741994815710e-09
2.108941293878518904e-09
2.038811050234319006e-09
1.970717803837449387e-09
1.904616593602325549e-09
1.840460706070122740e-09
1.778209924605270219e-09
1.717818201622208109e-09
1.659242018730536722e-09
1.602438285999897591e-09
1.547364366175203647e-09
1.493978123071894587e-09
1.442237883041061323e-09
1.392102481293130485e-09
1.343531346915315105e-09
1.296484330983844804e-09
1.250920329772335163e-09
1.206804175335040922e-09
1.164095725163667842e-09
1.122757352713474328e-09
1.082752054129832220e-09
1.044043488437656705e-09
1.006595944296485627e-09
9.703744339723104321e-10
9.353446119916528667e-10
9.014727601927478491e-10
8.687240008955386197e-10
8.370695848842058785e-10
8.064759900071002229e-10
7.769122087426981658e-10
7.483479287781485500e-10
7.207535203787741534e-10
6.940999752663153520e-10
6.683588235931474410e-10
6.435026045500106696e-10
6.195042474134284460e-10
5.963368575280246119e-10
5.739753103993631214e-10
5.523951865297278860e-10
5.315714245744705772e-10
5.114799383225142350e-10
4.920981079226181380e-10
4.734030541609655799e-10
4.553728387828631675e-10
4.379852881152679012e-10
4.212211547226230713e-10
4.050593397318665111e-10
3.894796237749316757e-10
3.744638794908210471e-10
3.599929660899634222e-10
3.460482792313156348e-10
3.326133093372820865e-10
3.196704192466721951e-10
3.072025649649298528e-10
2.951945740381765125e-10
2.836299178239975225e-10
2.724943619421569966e-10
2.617727525812833944e-10
2.514504206376158949e-10
2.415143838945575027e-10
2.319504164913312400e-10
2.227463707689453830e-10
2.138892698228649872e-10
2.053665863413334603e-10
1.971672933992706569e-10
1.892792268736887362e-10
1.816920455488019530e-10
1.743943353974203791e-10
1.673764238638250799e-10
1.606276130088466229e-10
1.541388537280050698e-10
1.479001201082387990e-10
1.419029375007995235e-10
1.361379269761464699e-10
1.305971829821743378e-10
1.252719553119702843e-10
1.201546133810043407e-10
1.152377551332920493e-10
1.105134853703717642e-10
1.059749120542050958e-10
1.016151369796834597e-10
9.742770088189483299e-11
9.340575796293589557e-11
8.954331326306065188e-11
8.583436868950457161e-11
8.227312817294986940e-11
7.885400024338268272e-11
7.557147161678973747e-11
7.242060150714678422e-11
6.939615676009341330e-11
6.649342692167741054e-11
6.370767441907047516e-11
6.103450433137914879e-11
5.846945159345011203e-11
5.600836479160269043e-11
5.364733073056790759e-11
5.138226535378487341e-11
4.920966346110419062e-11
4.712584362376687114e-11
4.512712675936352371e-11
4.321048769747541152e-11
4.137257724754496815e-11
3.961030333224599156e-11
3.792068844132333255e-11
3.630086151280865564e-11
3.474805466245842833e-11
3.325960402034925785e-11
3.183294606947910269e-11
3.046561401174647579e-11
2.915523489070515721e-11
2.789952596103627085e-11
2.669614675116655977e-11
2.554328257238172018e-11
2.443875957848150033e-11
2.338063038118998369e-11
2.236702277668652487e-11
2.139613606508703998e-11
2.046611242045269626e-11
1.957552935862869692e-11
1.872263091672496623e-11
1.790585647882636887e-11
1.712376660050380904e-11
1.637493601750831832e-11
1.565787869719441741e-11
1.497153005152584829e-11
1.431441787893658514e-11
1.368545374066551171e-11
1.308338738443165365e-11
1.250716755585427921e-11
1.195573008801984347e-11
1.142805416967916227e-11
1.092307351767927936e-11
1.043985879603771684e-11
9.977566485484552078e-12
9.535235627291957907e-12
9.112124152393246491e-12
8.707347209111858171e-12
8.320152056763307192e-12
7.949797255673466971e-12
7.595595603061353797e-12
7.256831369915361845e-12
6.932845596335754851e-12
6.623037238434812279e-12
6.326744918160697601e-12
6.043473912373209664e-12
5.772653007902306565e-12
5.513670612656744488e-12
5.266129146614189620e-12
5.029472494175388536e-12
4.803244402469052697e-12
4.587027591489775544e-12
4.380355999974746596e-12
4.182834630597591087e-12
3.994069210799383015e-12
3.813672111742229709e-12
3.641295126643030564e-12
3.476569587648804221e-12
3.319158592039795967e-12
3.168740329884409703e-12
3.025009987888968601e-12
2.887685016456705506e-12
2.756476940964570298e-12
2.631155795811098679e-12
2.511496092382311705e-12
2.397242153218430942e-12
2.288117438274726016e-12
2.183915179364018604e-12
2.084409736582891214e-12
1.989397467536131775e-12
1.898678304759041858e-12
1.812076261180441090e-12
1.729384184387808113e-12
1.650432158598252970e-12
1.575062780995588188e-12
1.503089222136369752e-12
1.434377601673694776e-12
1.368771992649376593e-12
1.306023760915052954e-12
1.246105905091580493e-12
1.188906283341282936e-12
1.134306450823312908e-12
1.082192404841560249e-12
1.032440466936907601e-12
9.849580759967332259e-13
9.396416712008969536e-13
8.963878036235835427e-13
8.551130535299473432e-13
8.157285989081586473e-13
7.781460682845801679e-13
7.422758764147652965e-13
7.080470008226246387e-13
6.753810391305542250e-13
6.442132273118704355e-13
6.144715022342583176e-13
5.860916160833305623e-13
5.590134493961508124e-13
5.331716489621725558e-13
5.085126959360753474e-13
4.849807077229990719e-13
4.625271870125203530e-13
4.411008905364434772e-13
4.206568033993551895e-13
4.011473142142410192e-13
3.825330422334782729e-13
3.647714791628690426e-13
3.478225043447667788e-13
3.316510056645041855e-13
3.162240075208200620e-13
3.015031700562970522e-13
2.874598715132272738e-13
2.740589284306772472e-13
2.612747767812032796e-13
2.486803448413797506e-13
2.363774265148740839e-13
2.246435146031007733e-13
2.134582791619814866e-13
2.027923909449794052e-13
1.926240524887981781e-13
1.829306652414591495e-13
1.736901430797449980e-13
1.648811007368462738e-13
1.564860010428566591e-13
1.484838527541680674e-13
1.408581344894390807e-13
1.335891996944314411e-13
1.266619209905909101e-13
1.200623469279052401e-13
1.137751370109166048e-13
1.077861781003614285e-13
1.020798573794089501e-13
9.664495534311172155e-14
9.147001877612343682e-14
8.656531863708057184e-14
8.200399865184783604e-14
7.766004808692205700e-14
7.352440561228373884e-14
6.958727726624299263e-14
6.583888898028808709e-14
6.227098709124843856e-14
5.887463674579749727e-14
5.564300523461053244e-14
5.256813001658869656e-14
4.964390892586904339e-14
4.686355125196185743e-14
4.421858155958685429e-14
4.170572418349441047e-14
3.931737512947648114e-14
3.641909993129478629e-14
3.360436696606104509e-14
3.094059687642226185e-14
2.842459045239059464e-14
2.604845078787155835e-14
2.380547136861126837e-14
2.169384781449348117e-14
1.970409963733781306e-14
1.783165068441944258e-14
1.607354716111758552e-14
1.442397165340340436e-14
1.320404639880272403e-14
1.206973334933948833e-14
1.100535187661355040e-14
1.000703702661617162e-14
9.071187868386809600e-15
8.196122441312304732e-15
7.378791790462396157e-15
6.616195141966809894e-15
5.909525355132051028e-15
5.269696539742807137e-15
4.675272575446676977e-15
4.124098466324698995e-15
3.614158632452889415e-15
3.142774726645499876e-15
2.707062887122930133e-15
2.306159022337458134e-15
2.038016032606543807e-15
1.809048540588867259e-15
