# bin_6_1
3.900893489179992320e-08
3.900937939704941427e-08
3.900983641439911413e-08
3.901030663113823316e-08
3.901079079113968849e-08
3.901128962526181538e-08
3.901180358900791692e-08
3.901233318908736273e-08
3.901287896523582676e-08
3.901344150735920104e-08
3.901402140683769135e-08
3.901461937186034464e-08
3.901523610133871550e-08
3.901587197609971701e-08
3.901652708029594673e-08
3.901720143695705922e-08
3.901790785634371127e-08
3.901862181841858129e-08
3.901934434990961888e-08
3.902010276253442350e-08
3.902088513767872929e-08
3.902177950825837715e-08
3.902260337778618449e-08
3.902338202166029421e-08
3.902426615401812301e-08
3.902517795250299562e-08
3.902611980699889758e-08
3.902709377779325396e-08
3.902806159431318317e-08
3.902914026038221269e-08
3.903022694832888156e-08
3.903133473627609813e-08
3.903247877034933587e-08
3.903366161943604645e-08
3.903488598291799428e-08
3.903615350007517475e-08
3.903746436986740168e-08
3.904118675972998109e-08
3.904021678355339334e-08
3.904166048457591957e-08
3.904315322398611040e-08
3.904469990181048513e-08
3.904630438660390473e-08
3.904801409527384022e-08
3.904974364620206717e-08
3.905147556073608169e-08
3.905332375762280237e-08
3.905523761488294224e-08
3.905721903899579937e-08
3.905924633427404007e-08
3.906137494472982164e-08
3.906358384112394716e-08
3.906587669316042662e-08
3.906825613232870658e-08
3.907072314595926227e-08
3.907327859392428695e-08
3.907592742889929376e-08
3.907867781984454788e-08
3.908155001177949627e-08
3.908450937306150152e-08
3.908757561387991471e-08
3.909078166483990125e-08
3.909409444823737774e-08
3.909752545097310077e-08
3.910109519175877749e-08
3.910480408489323077e-08
3.910865711911188684e-08
3.911265373645219328e-08
3.911679843736127407e-08
3.912109797282510006e-08
3.912556028997563594e-08
3.913019286101786023e-08
3.913500187958690135e-08
3.914003798846332916e-08
3.914524050588496293e-08
3.915061080514145624e-08
3.915615232493002982e-08
3.916185280226643810e-08
3.916783611396117367e-08
3.917403679493501668e-08
3.918045735220668972e-08
3.918712720844527545e-08
3.919404421541812149e-08
3.920121150050710905e-08
3.920862698768494906e-08
3.921629018352288821e-08
3.922420661000386680e-08
3.923239551703144585e-08
3.924088670407340369e-08
3.924970518727468264e-08
3.925884348184682242e-08
3.926828844123559271e-08
3.927806929124191092e-08
3.928815573986416884e-08
3.929858594649388868e-08
3.930937116755866196e-08
3.932049965823775474e-08
3.933205767883457690e-08
3.934399854041366176e-08
3.935633883216413789e-08
3.936908237070280438e-08
3.938224456818430108e-08
3.939582840417283081e-08
3.940986436417031771e-08
3.942436647472346041e-08
3.943934839014017770e-08
3.945481369877935945e-08
3.947077042692414939e-08
3.948723900645877998e-08
3.950416992342956044e-08
3.952177077762370682e-08
3.953985742975778902e-08
3.955850762887762852e-08
3.957774042596319639e-08
3.959757507419289480e-08
3.961801085842192827e-08
3.963902157558636183e-08
3.966075137839808276e-08
3.968311130788121421e-08
3.970613850167041958e-08
3.972984420904134122e-08
3.975425105229867002e-08
3.977938104393025281e-08
3.980524036377378583e-08
3.983183995026048251e-08
3.985920984665354620e-08
3.988736595524761241e-08
3.991625472339200434e-08
3.994605077835778092e-08
3.997665821316102072e-08
4.000806487363628397e-08
4.004029878964579894e-08
4.007353172353787099e-08
4.010759169642660102e-08
4.014256740571574055e-08
4.017847676886748663e-08
4.021531603957528637e-08
4.025311908308981416e-08
4.029188844096740220e-08
4.033164296752106638e-08
4.037240800919631297e-08
4.041418882360776884e-08
4.045700111203210459e-08
4.050086490952662400e-08
4.054578766608104015e-08
4.059178864605806425e-08
4.063887797908823053e-08
4.068707797057257725e-08
4.073639463791057256e-08
4.078679934242941269e-08
4.083839367425313612e-08
4.089114485944080030e-08
4.094506719118629325e-08
4.100016911326022386e-08
4.105646756610782686e-08
4.111396788448886279e-08
4.117268147673924132e-08
4.123261978121438809e-08
4.129378616160511524e-08
4.135619351879232295e-08
4.141984398697637169e-08
4.148474665646193168e-08
4.155090300916239326e-08
4.161831868334802364e-08
4.168699578575998316e-08
4.175693504982073468e-08
4.182813562153576565e-08
4.190059031798354102e-08
4.197432785767384253e-08
4.204931162126721218e-08
4.212560226915119251e-08
4.220303177229691825e-08
4.228175368447457786e-08
4.236169852043771777e-08
4.244257815524780782e-08
4.252523937232534135e-08
4.260880018173889651e-08
4.269353196339730559e-08
4.277925263084800678e-08
4.286642649332362688e-08
4.295454861454462926e-08
4.304374212414295066e-08
4.313398345038972433e-08
4.322526665939514195e-08
4.331750444514919074e-08
4.341068481469737443e-08
4.350476689383535205e-08
4.359970683831421105e-08
4.369545769364807064e-08
4.379196918004875047e-08
4.388918787711131900e-08
4.398705706475426961e-08
4.408551671038848683e-08
4.418451910240765690e-08
4.428396638456356294e-08
4.438380406821458012e-08
4.448395875150479282e-08
4.458435367244321837e-08
4.468490885962228204e-08
4.478554084111895702e-08
4.488616294199933099e-08
4.498668138607431392e-08
4.508701169093254945e-08
4.518705479198705227e-08
4.528671306362213191e-08
4.538588638861309497e-08
4.548447199647303133e-08
4.558236483631831236e-08
4.567947541031031427e-08
4.577565937202015888e-08
4.587082921453297384e-08
4.596492185274871858e-08
4.605770203622231068e-08
4.614914702358832147e-08
4.623912697167671919e-08
4.632752999640137926e-08
4.641424320776421436e-08
4.649915683531927083e-08
4.658216248523794984e-08
4.666315411184178216e-08
4.674197357389326082e-08
4.681862677241473496e-08
4.689296144029851166e-08
4.696488228448101096e-08
4.703429857456285486e-08
4.710112418319455126e-08
4.716527773471386855e-08
4.722668259671231908e-08
4.728526750317419688e-08
4.734096650942428489e-08
4.739371944646763254e-08
4.744347205442106115e-08
4.749017582846305678e-08
4.753379160148982549e-08
4.757427460701352335e-08
4.761159702447128844e-08
4.764573338650425681e-08
4.767666337021910171e-08
4.770437084345182466e-08
4.772884362663502369e-08
4.775007344610458664e-08
4.776805580429228246e-08
4.778278835129363734e-08
4.779427029253316253e-08
4.780250415429967943e-08
4.780748223303453382e-08
4.780920384756172413e-08
4.780766390846957913e-08
4.780285520185804763e-08
4.779476636578080577e-08
4.778338114528879285e-08
4.776867648966936804e-08
4.775062087185939016e-08
4.772917473395718478e-08
4.770429058345914544e-08
4.767589281966788844e-08
4.764396258242415666e-08
4.760841165002361922e-08
4.756916346730508890e-08
4.752617534499381063e-08
4.747925859697555394e-08
4.742835059827054617e-08
4.737333604303344734e-08
4.731409538258196188e-08
4.725050382389988300e-08
4.718242655781083629e-08
4.710971707555978790e-08
4.703221852622292149e-08
4.694976397150449917e-08
4.686219643812945555e-08
4.676928608948429142e-08
4.667085324789524078e-08
4.656668458256185948e-08
4.645654320132576902e-08
4.634021299250941809e-08
4.621743288466248016e-08
4.608793477194258409e-08
4.595143243534175276e-08
4.580762618730903002e-08
4.565621993947884011e-08
4.549691908794122145e-08
4.532943223524066407e-08
4.515347359588515314e-08
4.496876660447880474e-08
4.477505374203019951e-08
4.457210393020515723e-08
4.435965792319112349e-08
4.413771114465445214e-08
4.390610672311941570e-08
4.366474746474904785e-08
4.341363163884293501e-08
4.315276294664126859e-08
4.288223229035641016e-08
4.260210732409619745e-08
4.231250277521110114e-08
4.201356107860994871e-08
4.170544610117084453e-08
4.138836180605226146e-08
4.106250678195290107e-08
4.072806702797600005e-08
4.038520614376409648e-08
4.003406330158769875e-08
3.967475494615121138e-08
3.930738144790077362e-08
3.893203078848079267e-08
3.854878523326618765e-08
3.815772837801814116e-08
3.775894489083878757e-08
3.735251838644691271e-08
3.693853033061145796e-08
3.651706097854055092e-08
3.608820189264484412e-08
3.565208184239201062e-08
3.520897006158245661e-08
3.475917458047293902e-08
3.430304223150473177e-08
3.384105805748393435e-08
3.337376383911191748e-08
3.290175864276630793e-08
3.242562436631660462e-08
3.194597679820233755e-08
3.146342821804830945e-08
3.097859371001913602e-08
3.049208696427081748e-08
3.000451709832471401e-08
2.951648680498874354e-08
2.902858953522161642e-08
2.854138799699100003e-08
2.805547857589776926e-08
2.757138746872743635e-08
2.708963205182076255e-08
2.661071065359922541e-08
2.613512406867563002e-08
2.566337751588193970e-08
2.519599538436936812e-08
2.473346242621121520e-08
2.427630725812902942e-08
2.382503683606445109e-08
2.338012251064132050e-08
2.294199383154080628e-08
2.251101550094678317e-08
2.208751196000246790e-08
2.167177944509803879e-08
2.126404916555556418e-08
2.086453159180633081e-08
2.047338184904236065e-08
2.009073303160209645e-08
1.971669269014678017e-08
1.935134467293325216e-08
1.899474623709530253e-08
1.864692472973138151e-08
1.830787287036287146e-08
1.797752956643124010e-08
1.765574942424991033e-08
1.734226274274812834e-08
1.703670089964968693e-08
1.673857638982730553e-08
1.644729789904355320e-08
1.616219914299750834e-08
1.588254661747789132e-08
1.560754604378205844e-08
1.533635589487277567e-08
1.506810289070020131e-08
1.480187721183712466e-08
1.453677290675782421e-08
1.427189904403236049e-08
1.400642289037090692e-08
1.373960958536099980e-08
1.347083244647337569e-08
1.319961174389274544e-08
1.292563566102240159e-08
1.264874708271859567e-08
1.236896804145381676e-08
1.208649413371498031e-08
1.180164817009752418e-08
1.151486880441805312e-08
1.122675495281301364e-08
1.093802734552914307e-08
1.064949092907436877e-08
1.036202156820821050e-08
1.007657910689312071e-08
9.794210730937369732e-09
9.515995928809030818e-09
9.242998041773108778e-09
8.976254280335710358e-09
8.716734067103970863e-09
8.465271584153977865e-09
8.222578492986074083e-09
7.989230162721861811e-09
7.765569946370115661e-09
7.551696771049665907e-09
7.347536238255826238e-09
7.152839245436159651e-09
6.967152894486256784e-09
6.789820391885336429e-09
6.620042343666903550e-09
6.456925792950511076e-09
6.299454682219011626e-09
6.146519239825162467e-09
5.997030559375556737e-09
5.849967566256142026e-09
5.704396115181363931e-09
5.559602490678982768e-09
5.415201510016984892e-09
5.271127161450698956e-09
5.127584473370306923e-09
4.985002128627331646e-09
4.843997382472156372e-09
4.705284971217568628e-09
4.569493152061967993e-09
4.437158517919695387e-09
4.308721801608799022e-09
4.184488732134255248e-09
4.064620141873347546e-09
3.949182699088677580e-09
3.838173269125179244e-09
3.731480999727489411e-09
3.628856692639555832e-09
3.529953630661133653e-09
3.434378709425807332e-09
3.341686132043202901e-09
3.251388317718469442e-09
3.163065778785660124e-09
3.076444947074620036e-09
2.991414183117644681e-09
2.907988575903162079e-09
2.826290980576269012e-09
2.746552622412523831e-09
2.669025693908412126e-09
2.593898485001955124e-09
2.521265167814313899e-09
2.451117613769270986e-09
2.383360271015226984e-09
2.317818354084029798e-09
2.254269455780155875e-09
2.192512782125216715e-09
2.132387475024150713e-09
2.073780144068023434e-09
2.016637165966550478e-09
1.960953856369571878e-09
1.906762231990718864e-09
1.854095332817867186e-09
1.802970594060498696e-09
1.753393407083836760e-09
1.705348706834840899e-09
1.658797844090931315e-09
1.613685402059624738e-09
1.569951868064782004e-09
1.527548404457398254e-09
1.486427827884410368e-09
1.446544882217894019e-09
1.407860533211467330e-09
1.370341909084616575e-09
1.333956366477447612e-09
1.298665248178003964e-09
1.264426781829260576e-09
1.231201913701325610e-09
1.198953291598182484e-09
1.167644627387165843e-09
1.137241787618648972e-09
1.107716810818377584e-09
1.079047276859308944e-09
1.051212748977161994e-09
1.024193557711081741e-09
9.979699362154571634e-10
9.725245028073073336e-10
9.478365580270916098e-10
9.238845444329705849e-10
9.006457526999553389e-10
8.780976234283171988e-10
8.562160560794368576e-10
8.349786719687076581e-10
8.143631773090654228e-10
7.943481674344109954e-10
7.749131130349983185e-10
7.560383504663839698e-10
7.377049838671679032e-10
7.198947901370124590e-10
7.025901986782211250e-10
6.857741713789154229e-10
6.694301247235066827e-10
6.535419151518516969e-10
6.380938375744299173e-10
6.230706331054082947e-10
6.084573328166130404e-10
5.942400210615374170e-10
5.804047255304230934e-10
5.669381546340380914e-10
5.538274751577829036e-10
5.410602834928112860e-10
5.286245959633930408e-10
5.165088725424654885e-10
5.047020054471032833e-10
4.931933751823992915e-10
4.819724458199661243e-10
4.710293408382219563e-10
4.603544352703690754e-10
4.499384625485810673e-10
4.397725270994539820e-10
4.298480865661741238e-10
4.201569234641739394e-10
4.106911401859014155e-10
4.014430589509988549e-10
3.924055334862818707e-10
3.835714773613276841e-10
3.749341912833940557e-10
3.664872571252841607e-10
3.582245191510757592e-10
3.501400801613472005e-10
3.422282833060858697e-10
3.344837149888675678e-10
3.269012153782804090e-10
3.194758644484047955e-10
3.122029617236767063e-10
3.050780231861843947e-10
2.980967625712137225e-10
2.912549411922875215e-10
2.845489611556353540e-10
2.779749749486929401e-10
2.715294739995573405e-10
2.652091251227653773e-10
2.590107579566223423e-10
2.529313568075373026e-10
2.469680559077887393e-10
2.411181433310321599e-10
2.353790628705629856e-10
2.297483942814449966e-10
2.242238446044081797e-10
2.188032389300753455e-10
2.134843767452173424e-10
2.082655721351536589e-10
2.031448454773980698e-10
1.981204532870500835e-10
1.931907461402018517e-10
1.883541584884298701e-10
1.836092034656996461e-10
1.789544627531100949e-10
1.743885882395167548e-10
1.699102965861597509e-10
1.655183730170533867e-10
1.612115376065928239e-10
1.569889161587006363e-10
1.528493068622116800e-10
1.487916719882168572e-10
1.448150094516891386e-10
1.409183515233316612e-10
1.371007585932758895e-10
1.333613174827130820e-10
1.296991321682507775e-10
1.261133203273130630e-10
1.226029009750183275e-10
1.191672359583071191e-10
1.158053643981688529e-10
1.125164436495555552e-10
1.092996336160867453e-10
1.061540958530390881e-10
1.030789886162942161e-10
1.000734639152143421e-10
9.713667479030418294e-11
9.426777011078744651e-11
9.146576076816217110e-11
8.873004749030440129e-11
8.605962320296669641e-11
8.345360400802651440e-11
8.091109979894384860e-11
7.843121162183539268e-11
7.601303055112619105e-11
7.365564208857371049e-11
7.135803506315261230e-11
6.911945252230627597e-11
6.693886438486286045e-11
6.481532031803145683e-11
6.274786558678789520e-11
6.073553929253064502e-11
5.877737320055652314e-11
5.687239796048041341e-11
5.501957550841840282e-11
5.321805510769797212e-11
5.146679085534359801e-11
4.976480057712452382e-11
4.811105198957103831e-11
4.650466472444971626e-11
4.494460685396760783e-11
4.342990096388416994e-11
4.195953771049324271e-11
4.053261796467288053e-11
3.914813890331306213e-11
3.780511598039048934e-11
3.650264546956064081e-11
3.523973282546060646e-11
3.401548827520921521e-11
3.282893640504688540e-11
3.167920223319398150e-11
3.056533121072570574e-11
2.948645028880252310e-11
2.844166211776763337e-11
2.743012117777609460e-11
2.645089067073383637e-11
2.550320460870832893e-11
2.458618418463432864e-11
2.369896687532187843e-11
2.284081601225221995e-11
2.201089474084217160e-11
2.120839048757799463e-11
2.043259451719488698e-11
1.968390252608579412e-11
1.895913454474175301e-11
1.825881959564763786e-11
1.758127385889202606e-11
1.692857307676834190e-11
1.629744326990265734e-11
1.568801044499061660e-11
1.509903065390774592e-11
1.453108928356828092e-11
1.398296625349366315e-11
1.345399385397711782e-11
1.294363621425317155e-11
1.245128458665955547e-11
1.197635770646047562e-11
1.151833819605278110e-11
1.107664559559816599e-11
1.065080789589645829e-11
1.024028768950659482e-11
9.844565046540333543e-12
9.463205097481672073e-12
9.095638318665634690e-12
8.741563355451950324e-12
8.400449954866301309e-12
8.071868110321291627e-12
7.755397071030748568e-12
7.450628511816691945e-12
7.157154754372752143e-12
6.874613642149797910e-12
6.602601594634830889e-12
6.340774470793623017e-12
6.088796770212091431e-12
5.846293445194007631e-12
5.612967024245427066e-12
5.388465979189892005e-12
5.172495759861588691e-12
4.964755072589291082e-12
4.764964185506208682e-12
4.572814201488150612e-12
4.388045004655929471e-12
4.210392174850148072e-12
4.039599765765241485e-12
3.875419980208779386e-12
3.717605276650828792e-12
3.565939405321534101e-12
3.420184361968303577e-12
3.280131164949534172e-12
3.145569200308126634e-12
3.016291533208756562e-12
2.892104655723212599e-12
2.772816440092819295e-12
2.658243916533941771e-12
2.548218811448873103e-12
2.442560873352344819e-12
2.341107125477562573e-12
2.243711708572408034e-12
2.150210436112145052e-12
2.060453336984982405e-12
1.974301661834583209e-12
1.891617947595122618e-12
1.812269522156852038e-12
1.736128261474867758e-12
1.663070470363781078e-12
1.592976825516962163e-12
1.525728659198607103e-12
1.461223778433237433e-12
1.399346535415388444e-12
1.340003048891983783e-12
1.283090597471893186e-12
1.228514973838641274e-12
1.176184514874975612e-12
1.126011834488238435e-12
1.077909448683831936e-12
1.031798956001295213e-12
9.875936934784548884e-13
9.452241430651502453e-13
9.046144544416659168e-13
8.656949473763552072e-13
8.283989490988133636e-13
7.926600031817592907e-13
7.584213363126986319e-13
7.256159531304237061e-13
6.941896472476320338e-13
6.640880622814477578e-13
6.352559934876500266e-13
6.076400872984026691e-13
5.811905924102575165e-13
5.558599830916739177e-13
5.316032237562215854e-13
5.083753142124825991e-13
4.861355208016019154e-13
4.648422774569602422e-13
4.444581466181833884e-13
4.249462300953257059e-13
4.062702132529061307e-13
3.883947005721094046e-13
3.712855798150934164e-13
3.549120885322554105e-13
3.392424310866447198e-13
3.242456185702520999e-13
3.098950003560472464e-13
2.961626825394570966e-13
2.830245228391162380e-13
2.704551989093747282e-13
2.584322982164408326e-13
2.469323617929481758e-13
2.359328631918354283e-13
2.254130358710182425e-13
2.153515010703266719e-13
2.057286379652288825e-13
1.965258762943457202e-13
1.877245736164082728e-13
1.793090667363706301e-13
1.712625462535436591e-13
1.635700961412366332e-13
1.562167691117983869e-13
1.491879387686701288e-13
1.424697934408026536e-13
1.360487020985057098e-13
1.299113264798979149e-13
1.240445992983018880e-13
1.184375606124792639e-13
1.130784994865553408e-13
1.079568362534019168e-13
1.030626326380313921e-13
9.838614846273613583e-14
9.391813930130145269e-14
8.964975603296150677e-14
8.557201565206271041e-14
8.167612775428657885e-14
7.795432809552311840e-14
7.439874384845819441e-14
7.099527148342614257e-14
6.773966731915018876e-14
6.463118480521243896e-14
6.166405913875691668e-14
5.883161237307414545e-14
5.612752128938006846e-14
5.354639248884794192e-14
5.108244780502949591e-14
4.872987058124149573e-14
4.648421117085588119e-14
4.434098369099264090e-14
4.229590212679062162e-14
4.034481122802610741e-14
3.848351575490276124e-14
3.670837188363925379e-14
3.501490180902471542e-14
3.339955799833002475e-14
3.185856789714477011e-14
3.038804095587160342e-14
2.898464818116857365e-14
2.764565880996224341e-14
2.636878405616876464e-14
2.515058087389001510e-14
2.398849235780408635e-14
2.287990044994509214e-14
2.182233614014676385e-14
2.081333049939419430e-14
1.985076222722514265e-14
1.893240029835201089e-14
1.805637241996549596e-14
1.722060837052252005e-14
1.642337923371704000e-14
1.566286099240316110e-14
1.493744035362580898e-14
1.424551714616988478e-14
1.358282176348199316e-14
1.295050576501405815e-14
1.234743284867343162e-14
1.177226713027302675e-14
1.122376133247698038e-14
1.070065201688262885e-14
1.020181665942772992e-14
9.726109967419384918e-15
9.272439665375355516e-15
8.839824250331163967e-15
8.427273468804126642e-15
8.033058730545154803e-15
7.657148716347677768e-15
7.298706649420782469e-15
6.956964473239589964e-15
6.631139804608327351e-15
6.320515354784236732e-15
6.024359537260004475e-15
5.742013721881969405e-15
5.471401138997645244e-15
5.206787762210013505e-15
4.954811707267333199e-15
4.714890969964305035e-15
4.486470325134908281e-15
4.268975794749345135e-15
4.061859085711275908e-15
3.864673562994534035e-15
3.678838564396294907e-15
3.502215847211941424e-15
