# bin_7_4
2.054681420371305060e-08
2.057170155324223086e-08
2.059706144831234605e-08
2.062289140288131548e-08
2.064920555907764911e-08
2.067601270420325714e-08
2.070332167917628574e-08
2.073114147932300850e-08
2.075948125040336257e-08
2.078835029545045842e-08
2.081775806163765499e-08
2.084771417680538978e-08
2.087822841266074383e-08
2.090931059258712688e-08
2.094097059974221340e-08
2.097321845007557081e-08
2.100606433570136863e-08
2.103951883043689871e-08
2.107359276447989823e-08
2.110829729461881619e-08
2.114364346424400079e-08
2.117966504000221039e-08
2.121632552027808032e-08
2.125364390672602418e-08
2.129166951883627091e-08
2.133039425584133164e-08
2.136983060897024539e-08
2.140999113612832420e-08
2.145088144592809498e-08
2.149253394799737799e-08
2.153494113868260837e-08
2.157812266292507752e-08
2.162209181479553424e-08
2.166687185943452865e-08
2.171245773023191097e-08
2.175887270836121503e-08
2.180613032832575157e-08
2.185495710865284593e-08
2.190322844967163761e-08
2.195309742926049778e-08
2.200386642379653713e-08
2.205555127276763929e-08
2.210816767831012396e-08
2.216175229952000924e-08
2.221627143360372174e-08
2.227176704683159902e-08
2.232825264827843709e-08
2.238575706231401169e-08
2.244428684082714797e-08
2.250385896090655976e-08
2.256449059655548457e-08
2.262619921938088233e-08
2.268900220149304405e-08
2.275291676630288392e-08
2.281795980280004939e-08
2.288414832488040923e-08
2.295150075059356974e-08
2.302006549715359511e-08
2.308978143877448505e-08
2.316075248467480188e-08
2.323294871804527479e-08
2.330638795261070192e-08
2.338111919266946685e-08
2.345714674059856212e-08
2.353449065585827432e-08
2.361317144896770206e-08
2.369320901423661835e-08
2.377462168601905912e-08
2.385742945474524589e-08
2.394165310871635996e-08
2.402731390996157050e-08
2.411445669619356470e-08
2.420306195397046112e-08
2.429316391996981306e-08
2.438478992714348232e-08
2.447789203874441978e-08
2.457266853655509281e-08
2.466897266710973743e-08
2.476687853400618114e-08
2.486641490086819622e-08
2.496760513034409555e-08
2.507046528844896530e-08
2.517502577244617082e-08
2.528130203145998175e-08
2.538931841627712657e-08
2.549908380744550809e-08
2.561062478519608723e-08
2.572396677813146079e-08
2.583912011051069373e-08
2.595616663828507638e-08
2.607506872733334354e-08
2.619585998273400115e-08
2.631856157121675984e-08
2.644319724514414685e-08
2.656979071849408773e-08
2.669836427932352266e-08
2.682894030613404457e-08
2.696155672618844502e-08
2.709619453694961272e-08
2.723291469214456418e-08
2.737172105103101755e-08
2.751263321914642386e-08
2.765567506547303152e-08
2.780087017352300101e-08
2.794823960756414001e-08
2.809780399663133832e-08
2.824958056071063498e-08
2.840358748961850608e-08
2.855984634496183029e-08
2.871835205713714265e-08
2.887919210780238782e-08
2.904231957842483889e-08
2.920777166876076406e-08
2.937556718572800982e-08
2.954572446480741409e-08
2.971825522275239397e-08
2.989316646513379806e-08
3.007049555902966792e-08
3.025025886572830021e-08
3.043244721404652711e-08
3.061708260666131723e-08
3.080417979191150718e-08
3.099375256046589856e-08
3.118580909968065120e-08
3.138039745394820806e-08
3.157741288234547068e-08
3.177694600485608282e-08
3.197904312529509399e-08
3.218368200338949837e-08
3.239083722064755609e-08
3.260050437068523797e-08
3.281271558114893045e-08
3.302748158218260558e-08
3.324482913390386454e-08
3.346470891451521028e-08
3.368711128743190370e-08
3.391205518195110159e-08
3.413953769163451056e-08
3.436954947727185250e-08
3.460208467360422985e-08
3.483713794603817842e-08
3.507468743471586805e-08
3.531473662773408314e-08
3.555728441624439458e-08
3.580227468470516424e-08
3.604972462929224237e-08
3.629960475791487739e-08
3.655189593594911746e-08
3.680657514246924781e-08
3.706363005835502604e-08
3.732301901775776668e-08
3.758471988335990253e-08
3.784870344202334770e-08
3.811493278327130370e-08
3.838337963730204281e-08
3.865402332672760755e-08
3.892679656625874011e-08
3.920167224101138380e-08
3.947857570590270568e-08
3.975752158932141999e-08
4.003843774842812920e-08
4.032129984962066622e-08
4.060599483742397176e-08
4.089250010565898288e-08
4.118072653826813838e-08
4.147067979361286377e-08
4.176227766479504541e-08
4.205542975854104901e-08
4.235008332732771194e-08
4.264621126666147112e-08
4.294366408890903436e-08
4.324240238636867256e-08
4.354236230414305164e-08
4.384347321344571121e-08
4.414556523173842784e-08
4.444880273160005119e-08
4.475285243377061768e-08
4.505771470958169518e-08
4.536326299205468049e-08
4.566953486871017640e-08
4.597633537288980254e-08
4.628355225588252779e-08
4.659114024679079331e-08
4.689901146874030596e-08
4.720704040361274120e-08
4.751515660406111858e-08
4.782325242878645297e-08
4.813123097199035438e-08
4.843899414867464999e-08
4.874646779876040577e-08
4.905350024341736689e-08
4.936003379972243207e-08
4.966594060305364023e-08
4.997112247279848875e-08
5.027548831924875790e-08
5.057890622752542653e-08
5.088131836748159755e-08
5.118260330414190846e-08
5.148266064620067046e-08
5.178137941550956114e-08
5.207866685866650679e-08
5.237441526868112027e-08
5.266852043159850386e-08
5.296088148442242271e-08
5.325137808795069289e-08
5.353994047514663476e-08
5.382643565188963036e-08
5.411076917579934208e-08
5.439283577225627625e-08
5.467254182409498919e-08
5.494978314564587204e-08
5.522439760633193498e-08
5.549636284505142520e-08
5.576554769636574653e-08
5.603187898075130155e-08
5.629520050600166012e-08
5.655543836708102401e-08
5.681246332045513419e-08
5.706626904675860691e-08
5.731667064599841591e-08
5.756360120478785746e-08
5.780697237472822332e-08
5.804668454833400674e-08
5.828264764881609694e-08
5.851477159746360436e-08
5.874296397698777623e-08
5.896714148053252099e-08
5.918721115317195592e-08
5.940308116230560318e-08
5.961467399260520725e-08
5.982189793327290683e-08
6.002465357637919445e-08
6.022285278678327052e-08
6.041640083932014146e-08
6.060519998125836698e-08
6.078915375523072404e-08
6.096815915518228721e-08
6.114211318995159076e-08
6.131090663757218345e-08
6.147442537183166626e-08
6.163254924457313879e-08
6.178515608106705223e-08
6.193212276934997489e-08
6.207333084122659795e-08
6.220866225500481701e-08
6.233799968544703461e-08
6.246122407988576625e-08
6.257821721665930108e-08
6.268886262003125612e-08
6.279305977901015405e-08
6.289068874474282353e-08
6.298168884116309585e-08
6.306596940938065553e-08
6.314345779107515996e-08
6.321408914749373266e-08
6.327780580160923045e-08
6.333455353734008358e-08
6.338430745719950201e-08
6.342696145646632684e-08
6.346248789771136110e-08
6.349083092397846703e-08
6.351193352840111086e-08
6.352572908547157231e-08
6.353213181279027862e-08
6.353103380489766604e-08
6.352230017069005048e-08
6.350576756216121024e-08
6.348124557313659824e-08
6.344851749924146674e-08
6.340734242861987668e-08
6.335745688175882574e-08
6.329857399752224971e-08
6.323038170718314576e-08
6.315254305196363796e-08
6.306469760019898538e-08
6.296646680675083214e-08
6.285747127045164407e-08
6.273733945222523933e-08
6.260571577642257021e-08
6.246227052380487724e-08
6.230667367156339688e-08
6.213870884677069558e-08
6.195809526358816152e-08
6.176458565727039675e-08
6.155793715179446911e-08
6.133792598385593515e-08
6.110435868632557549e-08
6.085707274750379337e-08
6.059598397472275375e-08
6.032089607352961450e-08
6.003178972597785061e-08
5.972863087159425528e-08
5.941141340547959958e-08
5.908015820949857893e-08
5.873491072530587610e-08
5.837574191832598285e-08
5.800275977831690898e-08
5.761611614152208795e-08
5.721599436306418782e-08
5.680258561544779919e-08
5.637608281115222236e-08
5.593667608418323221e-08
5.548454714611595087e-08
5.501986102503245505e-08
5.454276434057163086e-08
5.405335842517885783e-08
5.355183898493200549e-08
5.303828533945575568e-08
5.251282434719928015e-08
5.197555356164485094e-08
5.142658363864230560e-08
5.086604184684499544e-08
5.029411784177620236e-08
4.971109166887613702e-08
4.911727996706781456e-08
4.851325820104833426e-08
4.789951676382760053e-08
4.727668056960389961e-08
4.664542795699208994e-08
4.600646892908419385e-08
4.536055107084161128e-08
4.470846035462355189e-08
4.405101766152616463e-08
4.338907478207519760e-08
4.272350681733996969e-08
4.205520437379339025e-08
4.138506753860012820e-08
4.071399917173442078e-08
4.004290235861099098e-08
3.937267334929395058e-08
3.870419259751056905e-08
3.803833278016864235e-08
3.737592353977829880e-08
3.671779545764183210e-08
3.606473818553493871e-08
3.541751044646197004e-08
3.477683305830546398e-08
3.414338349166130960e-08
3.351777909352746738e-08
3.290056297845706125e-08
3.229221889653300899e-08
3.169318474368201414e-08
3.110385252904019977e-08
3.052456513912258145e-08
2.995562125530998625e-08
2.939729435853550683e-08
2.884983401262037760e-08
2.831347252859072716e-08
2.778843000679760666e-08
2.727491199454694031e-08
2.677310802847075492e-08
2.628318655813324700e-08
2.580526208570026831e-08
2.533933876601053478e-08
2.488527357621702415e-08
2.444277714555654804e-08
2.401140869929536652e-08
2.359058697133764913e-08
2.317960449024125509e-08
2.277762421164490294e-08
2.238368375203587486e-08
2.199669517871962117e-08
2.161551758117812874e-08
2.123888896342761557e-08
2.086551158361141416e-08
2.049409026570192411e-08
2.012338081299145044e-08
1.975224130566064139e-08
1.937964770248892428e-08
1.900474316166076224e-08
1.862686279047921856e-08
1.824551426323180432e-08
1.786043309496317801e-08
1.747160396078310118e-08
1.707919901990216159e-08
1.668357348511977226e-08
1.628530866291367889e-08
1.588516650145621981e-08
1.548402353612172410e-08
1.508289116994357703e-08
1.468291104479033589e-08
1.428536541404356064e-08
1.389161341882812010e-08
1.350303106521858407e-08
1.312101730702908080e-08
1.274693532068506816e-08
1.238201469227854296e-08
1.202737016562664330e-08
1.168399477668287762e-08
1.135262931149547797e-08
1.103375418295481104e-08
1.072766782064517259e-08
1.043445146815189965e-08
1.015386932425796233e-08
9.885446293756719165e-09
9.628464364313171224e-09
9.382045496097893431e-09
9.145085754666880425e-09
8.916296633535702457e-09
8.694371412266007427e-09
8.478011725837360621e-09
8.265930311043114610e-09
8.057053298944621167e-09
7.850616677911667590e-09
7.646168281160726785e-09
7.443547030783445309e-09
7.242872787050029971e-09
7.044506379229021047e-09
6.848971502463492591e-09
6.656779676581873053e-09
6.468419875545307077e-09
6.284388324448152588e-09
6.105063826309297857e-09
5.930724648934599852e-09
5.761596545613720299e-09
5.597877234096165280e-09
5.439640126613245472e-09
5.286798916849038812e-09
5.139144257630628043e-09
4.996415445517457592e-09
4.858236974390158854e-09
4.724137656432427614e-09
4.593665613259024204e-09
4.466480370355465835e-09
4.342365095464119395e-09
4.221213034111740082e-09
4.103022258593362721e-09
3.987900629372667842e-09
3.875991197179021229e-09
3.767396652764237228e-09
3.662151406910063191e-09
3.560216962385360211e-09
3.461455858436612844e-09
3.365668687141331401e-09
3.272622879981019745e-09
3.182116662142023672e-09
3.093989633240974486e-09
3.008120382567112211e-09
2.924456350079943414e-09
2.843018463331967193e-09
2.763847906608994296e-09
2.686981817209870164e-09
2.612427565172315425e-09
2.540177352575915901e-09
2.470200672807522030e-09
2.402419327777642154e-09
2.336723912344626507e-09
2.273014054702973258e-09
2.211204852771796899e-09
2.151220872109055676e-09
2.092992408160092661e-09
2.036467163536901322e-09
1.981615032439482201e-09
1.928408241531387571e-09
1.876810611627122047e-09
1.826778542418304172e-09
1.778267448283237216e-09
1.731230358043902290e-09
1.685613203071764901e-09
1.641359301594555850e-09
1.598416500893861987e-09
1.556739896418660649e-09
1.516288804112560825e-09
1.477025337596200049e-09
1.438915455216483867e-09
1.401929000959886262e-09
1.366037087773660993e-09
1.331210606967405147e-09
1.297419392200530618e-09
1.264632992782082701e-09
1.232820737872958901e-09
1.201951759801218524e-09
1.171995384648653280e-09
1.142921469338184737e-09
1.114700708339593476e-09
1.087304772250426033e-09
1.060706143196510975e-09
1.034878096626269076e-09
1.009794754805953634e-09
9.854309935709209646e-10
9.617623349733297902e-10
9.387649008174739411e-10
9.164154077129861756e-10
8.946912010420237253e-10
8.735702635790807813e-10
8.530314820861070874e-10
8.330543281883036330e-10
8.136190731070108617e-10
7.947066828256866457e-10
7.762987576785550977e-10
7.583775361908049718e-10
7.409259489692241782e-10
7.239275993580129891e-10
7.073666941131275215e-10
6.912279873624529750e-10
6.754967393715063600e-10
6.601586981705194925e-10
6.452001306606239346e-10
6.306078494979592647e-10
6.163691904416344409e-10
6.024719741551008662e-10
5.889044787852961317e-10
5.756553538832389061e-10
5.627138222912470470e-10
5.500694130129044673e-10
5.377121644183119363e-10
5.256325411007283277e-10
5.138213984932576561e-10
5.022698339078389569e-10
4.909699712165360593e-10
4.799129484263487101e-10
4.690913914289566474e-10
4.584979583024994756e-10
4.481256386742855403e-10
4.379677313351077745e-10
4.280178151240669309e-10
4.182696984762611418e-10
4.087176215775028671e-10
3.993559892298947752e-10
3.901795348383487329e-10
3.811832500618687391e-10
3.723623625437392664e-10
3.637123158775958771e-10
3.552289335170569479e-10
3.469077900629538968e-10
3.387451821686553712e-10
3.307374509308806283e-10
3.228811278025138914e-10
3.151729139083474811e-10
3.076096273107382126e-10
3.001883765136601019e-10
2.929063156331685521e-10
2.857608036144351700e-10
2.787493446785020606e-10
2.718695704766654754e-10
2.651192247198254186e-10
2.584961580217915089e-10
2.519983324802036802e-10
2.456238193632401730e-10
2.393707948293282343e-10
2.332372223372663249e-10
2.272220459485043072e-10
2.213233569592837764e-10
2.155396178944508092e-10
2.098693520101738390e-10
2.043111434603129415e-10
1.988635219245599160e-10
1.935253848998286552e-10
1.882953331365472008e-10
1.831721060419033026e-10
1.781544334763265467e-10
1.732411692104006626e-10
1.684310901796877750e-10
1.637230243092307368e-10
1.591158088829888074e-10
1.546082881126507713e-10
1.501993090033849692e-10
1.458877160386585182e-10
1.416723554797109977e-10
1.375520741325717725e-10
1.335256853192247538e-10
1.295920833385158420e-10
1.257500418738795042e-10
1.219984315674710753e-10
1.183360316407039540e-10
1.147616382643460005e-10
1.112740372612205789e-10
1.078720042548007140e-10
1.045542782389855114e-10
1.013196675353498841e-10
9.816688634852521721e-11
9.509466306862558059e-11
9.210171664533276703e-11
8.918675648730044098e-11
8.634848348561749851e-11
8.358559339469654586e-11
8.089674998435599614e-11
7.828068225457917302e-11
7.573603901631988201e-11
7.326148986907657478e-11
7.085570163339214557e-11
6.851734079759104588e-11
6.624507434948161530e-11
6.403754049875580855e-11
6.189346758042101360e-11
5.981149561452434365e-11
5.779029872519125837e-11
5.582855748959585184e-11
5.392495914553472516e-11
5.207817824708869536e-11
5.028696216487666323e-11
4.855000212810344932e-11
4.686602106627902842e-11
4.523375337291998440e-11
4.365197394570522949e-11
4.211936668328631025e-11
4.063477584318924876e-11
3.919697176473247702e-11
3.780476024729474569e-11
3.645696264151479955e-11
3.515241701706715503e-11
3.388996024791059353e-11
3.266850187800886045e-11
3.148691514463834181e-11
3.034411132999230278e-11
2.923901992029480554e-11
2.817057200553208249e-11
2.713776958882577014e-11
2.613958039679385745e-11
2.517501048566938272e-11
2.424308717781174627e-11
2.334284195335307460e-11
2.247337479577600295e-11
2.163375540282089942e-11
2.082308920105040167e-11
2.004050102575119982e-11
1.928512191634496653e-11
1.855614931140802128e-11
1.785275393451079433e-11
1.717414112281121468e-11
1.651953481815797592e-11
1.588816319546163384e-11
1.527931542967118197e-11
1.469225841803829988e-11
1.412629277966815538e-11
1.358072420487606605e-11
1.305491582725290181e-11
1.254820692256238370e-11
1.205996712759352092e-11
1.158957186541240451e-11
1.113645210067405877e-11
1.070001774924819763e-11
1.027969578789957014e-11
9.874965180688046008e-12
9.485282632707391925e-12
9.110132993126619230e-12
8.749006433430756931e-12
8.401442841785572082e-12
8.066962217558280385e-12
7.745099241348618703e-12
7.435434216695272217e-12
7.137527310112266669e-12
6.850962104842798086e-12
6.575327878712854300e-12
6.310256431633244302e-12
6.055361618554947827e-12
5.810269882306020626e-12
5.574646794308656144e-12
5.348131263533194300e-12
5.130411621600080358e-12
4.921159254982335392e-12
4.720057102663952859e-12
4.526824176744262871e-12
4.341162073228087079e-12
4.162782215884847931e-12
3.991430156609773864e-12
3.826829151495463057e-12
3.668743845228608744e-12
3.516923899447687458e-12
3.371128109042218751e-12
3.231144376141014072e-12
3.096739225975848503e-12
2.967715213149712671e-12
2.843855019996321383e-12
2.724975307324065231e-12
2.610873351906351294e-12
2.501378103564505138e-12
2.396300092057501681e-12
2.295480406342150931e-12
2.198743839228844006e-12
2.105938939009440236e-12
2.016919401681980000e-12
1.931528859160742246e-12
1.849631205122275909e-12
1.771094252253811814e-12
1.695777046704787679e-12
1.623557139732453405e-12
1.554312523921158079e-12
1.487928900871984351e-12
1.424285492160634054e-12
1.363276927230671918e-12
1.304798459742744258e-12
1.248749936452336848e-12
1.195033163370630027e-12
1.143560759145229542e-12
1.094239518741429629e-12
1.046984521859303696e-12
1.001712856845120113e-12
9.583432553710739445e-13
9.167979159164882692e-13
8.770010537359000456e-13
8.388837997468671103e-13
8.023771211959374404e-13
7.674135928663267615e-13
7.339325062983414131e-13
7.018732673204002525e-13
6.711790116108905087e-13
6.417930517813219162e-13
6.136618912197504469e-13
5.867331123148531535e-13
5.609555736134146027e-13
5.362760561545099735e-13
5.126535644889092119e-13
4.900434678354942605e-13
4.684042467173213527e-13
4.476942350135915659e-13
4.278794168286819418e-13
4.089193444003453245e-13
3.907811001908789499e-13
3.734298330441139638e-13
3.568306005574074478e-13
3.409543144575661786e-13
3.257674696325077946e-13
3.112410689911351196e-13
2.973472273256876148e-13
2.840575797352079040e-13
2.713489515398359384e-13
2.591956925545994979e-13
2.475766178564956564e-13
2.364679833327426830e-13
2.258483573788939354e-13
2.156969102237003471e-13
2.059933111781314361e-13
1.967175781202844387e-13
1.878501338883211165e-13
1.793743627943700895e-13
1.712726211783592420e-13
1.635291948194958120e-13
1.561283904678627872e-13
1.490563022329401188e-13
1.422986874357734282e-13
1.358424615800241646e-13
1.296738732299858664e-13
1.237795864835628895e-13
1.181484196239099835e-13
1.127678890336845659e-13
1.076216885392449926e-13
1.027014727057997656e-13
9.800267755893735037e-14
9.351707728134103626e-14
8.923367023572543164e-14
8.514392680713988898e-14
8.123882817090352095e-14
7.751023664837754905e-14
7.394936022987657149e-14
7.054960884487243488e-14
6.730412061427064274e-14
6.420653152414047667e-14
6.125046853999011575e-14
5.842998426990625939e-14
5.573938984825358061e-14
5.317253806043895649e-14
5.072382486109863697e-14
4.838751639925447130e-14
4.615780033822019479e-14
4.402953128530776416e-14
4.199890694720874554e-14
4.006438611404588704e-14
3.821869549790133811e-14
3.645783787016678056e-14
3.477580329813848960e-14
3.317494192955245464e-14
3.164537588091249971e-14
3.018581784388323790e-14
2.879306985127375548e-14
2.746410215853557471e-14
2.619598124075413752e-14
2.498604814847217142e-14
2.383154123716937270e-14
2.272999547846719493e-14
2.167897264650032513e-14
2.067222704444501820e-14
1.971123125379609925e-14
1.879434831502992791e-14
1.791953490745137443e-14
1.708492736422575215e-14
1.628866708548988756e-14
1.552902035342225451e-14
1.480433515764059548e-14
1.411294187642665236e-14
1.345336077684704407e-14
1.282418436360813309e-14
1.222745647944417249e-14
1.165836059854978599e-14
1.111534945067053054e-14
1.059735232721352447e-14
1.010328382435313609e-14
9.630171727244555929e-15
9.182301893108866698e-15
8.753397635133141022e-15
8.342597305151569376e-15
7.943009433854841161e-15
7.561946401069016572e-15
7.198724519803046211e-15
6.852452246591627792e-15
6.522352613472110822e-15
6.207690688533335187e-15
5.907756330912224795e-15
5.623245216534546751e-15
5.352359772271082531e-15
