# bin_7_2
1.652267431064590600e-08
1.653577357444298171e-08
1.654911516277476328e-08
1.656270339115498309e-08
1.657654265181584750e-08
1.659063739320569696e-08
1.660499204121565001e-08
1.661961109801112300e-08
1.663449913692815549e-08
1.664966080801217855e-08
1.666510082364217158e-08
1.668082399359424295e-08
1.669683518722702205e-08
1.671313222097353960e-08
1.672973391673151903e-08
1.674663813554283898e-08
1.676384981801378900e-08
1.678137419396263703e-08
1.679921665659173694e-08
1.681738283062566792e-08
1.683587813430676851e-08
1.685473795279493350e-08
1.687390533776736676e-08
1.689339322026895652e-08
1.691325973282427938e-08
1.693348326193253315e-08
1.695407007075088526e-08
1.697502638492369030e-08
1.699635015731238620e-08
1.701807091481775783e-08
1.704017867772216472e-08
1.706267191239274545e-08
1.708556483271180544e-08
1.710886417880593956e-08
1.713257678780634469e-08
1.715670923400233705e-08
1.718126771290577226e-08
1.720697165619443620e-08
1.723168776907634063e-08
1.725756253707437990e-08
1.728389013020933162e-08
1.731067842343221227e-08
1.733793502878648281e-08
1.736568924251273746e-08
1.739389634311186123e-08
1.742259369556058560e-08
1.745178212295437919e-08
1.748148467689893345e-08
1.751169912469583117e-08
1.754243132924967823e-08
1.757369034040236443e-08
1.760548432252836822e-08
1.763782120046511184e-08
1.767070860916538250e-08
1.770415370770819696e-08
1.773816363341341056e-08
1.777274677120550051e-08
1.780791248528157826e-08
1.784367585042053291e-08
1.787999994935112093e-08
1.791696025518924045e-08
1.795456539594289225e-08
1.799276404066627209e-08
1.803159381235558869e-08
1.807106349968405229e-08
1.811118218081242174e-08
1.815195816281423379e-08
1.819339804276440784e-08
1.823550990057717644e-08
1.827830244573786711e-08
1.832178469391212547e-08
1.836596545587170540e-08
1.841082635961759122e-08
1.845643665444069366e-08
1.850277165462607158e-08
1.854883709530859442e-08
1.859761104242492953e-08
1.864614234619161932e-08
1.869542746334648747e-08
1.874548452766522171e-08
1.879630750873832154e-08
1.884791602840714987e-08
1.890031222687843074e-08
1.895350226880609334e-08
1.900749057800858975e-08
1.906228187461618389e-08
1.911788250027535863e-08
1.917430273081862779e-08
1.923155580788555292e-08
1.928965330510658596e-08
1.934859675600554276e-08
1.940838322259324121e-08
1.946902290282615473e-08
1.953052090988055244e-08
1.959288463818453156e-08
1.965611989283572680e-08
1.972023241048595210e-08
1.978525666432652145e-08
1.985111681733529463e-08
1.991789627974129639e-08
1.998556883820781258e-08
2.005413653199758704e-08
2.012360565333058609e-08
2.019398206423832980e-08
2.026526898041865913e-08
2.033746904742567516e-08
2.041058139104372061e-08
2.048460597349912628e-08
2.055955810648156218e-08
2.063539085594559772e-08
2.071218338635818962e-08
2.078987131770574134e-08
2.086847279174264355e-08
2.094798770456652445e-08
2.102841538828157198e-08
2.110974850516186113e-08
2.119197508110055001e-08
2.127512265095986747e-08
2.135915896957497750e-08
2.144408523508481672e-08
2.152989413292980794e-08
2.161658099680618589e-08
2.170414017741091047e-08
2.179256256602038479e-08
2.188188195852732048e-08
2.197194797346538907e-08
2.206289714955923837e-08
2.215464340974795725e-08
2.224723375613412809e-08
2.234060883600233376e-08
2.243474532456828850e-08
2.252964108728860666e-08
2.262530051514878782e-08
2.272169929725674981e-08
2.281881221710550652e-08
2.291660066703917806e-08
2.301505960239911537e-08
2.311417343446187632e-08
2.321390369474223094e-08
2.331423219786799235e-08
2.341513600307952914e-08
2.351658487378978614e-08
2.361855046729649656e-08
2.372100401238391855e-08
2.382391348787692962e-08
2.392724638160891847e-08
2.403096794165434398e-08
2.413505262109008570e-08
2.423943927802646875e-08
2.434411158636796952e-08
2.444902397550262310e-08
2.455413386144870231e-08
2.465939897878559740e-08
2.476478142704019363e-08
2.487021805255841459e-08
2.497568794344526571e-08
2.508111325551860024e-08
2.518645651366094367e-08
2.529163872934388620e-08
2.539667824864994848e-08
2.550145237936594633e-08
2.560592904538440746e-08
2.571004001620508638e-08
2.581373022070684082e-08
2.591693363582921416e-08
2.601959576632740716e-08
2.612165762681297746e-08
2.622302913425058154e-08
2.632366474687110613e-08
2.642350128715212195e-08
2.652243756617611960e-08
2.662040856427753096e-08
2.671735390328804188e-08
2.681321692288967369e-08
2.690784724284779301e-08
2.700136359628571898e-08
2.709348394412665143e-08
2.718421262385708534e-08
2.727344079144404773e-08
2.736118677615831477e-08
2.744727081103282036e-08
2.753163927585819165e-08
2.761425179900673393e-08
2.769499964769042063e-08
2.777383344487038015e-08
2.785065062111430147e-08
2.792538354746695716e-08
2.799796204453078332e-08
2.806832998723957727e-08
2.813638977636460089e-08
2.820208482119740043e-08
2.826535281587779666e-08
2.832610683842302514e-08
2.838429712516919194e-08
2.843983655832409906e-08
2.849268559095797438e-08
2.854278421919943468e-08
2.859005498699905763e-08
2.863444945326893375e-08
2.867591465380127368e-08
2.871439236977676024e-08
2.874983315570147301e-08
2.878218684918751020e-08
2.881140613511280896e-08
2.883744602680548123e-08
2.886026441189655782e-08
2.887982071134354988e-08
2.889607722659818543e-08
2.890899676364484294e-08
2.891854672259340794e-08
2.892469407938633094e-08
2.892741211736436292e-08
2.892667609454583825e-08
2.892246448550826221e-08
2.891475797974157599e-08
2.890354000998457380e-08
2.888879657281672367e-08
2.887051810470897163e-08
2.884870115520703807e-08
2.882334015034013450e-08
2.879443969301591142e-08
2.876200527648683830e-08
2.872604492075879365e-08
2.868656982697175505e-08
2.864360321461455841e-08
2.859713950660178906e-08
2.854722666630372433e-08
2.849388262409446352e-08
2.843713573857846007e-08
2.837701548369070476e-08
2.831355264093275231e-08
2.824677925003309519e-08
2.817673145014552692e-08
2.810343688785731507e-08
2.802693319256344974e-08
2.794725496229824317e-08
2.786444130602659702e-08
2.777851662073118918e-08
2.768950334133468566e-08
2.759745940274140865e-08
2.750239919853525692e-08
2.740434798033044261e-08
2.730333669217613484e-08
2.719940035673852955e-08
2.709257796425258345e-08
2.698291081923806261e-08
2.687045629823916402e-08
2.675523257610806431e-08
2.663730412807252961e-08
2.651673261467357785e-08
2.639359138511170197e-08
2.626796491275543715e-08
2.613994687454357861e-08
2.600963836736418766e-08
2.587715826875257064e-08
2.574262567660204073e-08
2.560616733898453243e-08
2.546791391386042115e-08
2.532799757495374805e-08
2.518655075481826160e-08
2.504370677167125601e-08
2.489961153185654339e-08
2.475432758649833755e-08
2.460805513285734481e-08
2.446084524106374378e-08
2.431276472534022163e-08
2.416385591488267253e-08
2.401413733916775136e-08
2.386361684901702382e-08
2.371224271056466189e-08
2.355997071383720910e-08
2.340675360344343374e-08
2.325249116499270378e-08
2.309707119176593100e-08
2.294035998600971022e-08
2.278220704521493464e-08
2.262246103219222208e-08
2.246097753562483548e-08
2.229762567027407058e-08
2.213229651993349383e-08
2.196490479511877866e-08
2.179538848099760401e-08
2.162369792065573578e-08
2.144979367896394230e-08
2.127362600356901204e-08
2.109515895899822771e-08
2.091437613454285424e-08
2.073128097476073996e-08
2.054589641936731987e-08
2.035826537963757738e-08
2.016845126544987906e-08
1.997653328106618909e-08
1.978261224982454061e-08
1.958679039493987611e-08
1.938918178057361781e-08
1.918991090971149893e-08
1.898912212382475019e-08
1.878698479194556688e-08
1.858368089953031564e-08
1.837938177193947063e-08
1.817424128198752704e-08
1.796839394149534733e-08
1.776194876950592788e-08
1.755498535118959010e-08
1.734755067592735171e-08
1.713963816422992149e-08
1.693123333783899773e-08
1.672228074112593867e-08
1.651269162508282733e-08
1.630234988446546210e-08
1.609111934825052206e-08
1.587885554647483306e-08
1.566544315884047274e-08
1.545081456229468336e-08
1.523495273438813831e-08
1.501788894223997652e-08
1.479970502733728902e-08
1.458051987398710450e-08
1.436047774993469257e-08
1.413972320896717948e-08
1.391841447549878195e-08
1.369671063901410649e-08
1.347478247491451878e-08
1.325280988696516903e-08
1.303098042558790719e-08
1.280948680166732521e-08
1.258852173656668778e-08
1.236828551426752917e-08
1.214896814380127631e-08
1.193075885356869654e-08
1.171384088467258688e-08
1.149839435079532814e-08
1.128460496756888982e-08
1.107265685744457581e-08
1.086272858012167089e-08
1.065499237637407166e-08
1.044961243388094711e-08
1.024674305171574698e-08
1.004651580613893588e-08
9.849033356247062465e-09
9.654371790255649618e-09
9.462597071561896861e-09
9.273766888776614267e-09
9.087906845282930727e-09
8.905044168431039235e-09
8.725209338379386358e-09
8.548448599081031036e-09
8.374830541370223491e-09
8.204447747708148710e-09
8.037415966851315678e-09
7.873868799250711113e-09
7.713969066349017697e-09
7.557863911868622554e-09
7.405674520449160315e-09
7.257469148314800552e-09
7.113261691337928020e-09
6.973011798559882948e-09
6.836626637448841526e-09
6.703961526839893441e-09
6.574825440932656154e-09
6.448986866506847700e-09
6.326178611351300837e-09
6.206103490369883260e-09
6.088430333185990206e-09
5.972817727485423958e-09
5.858916162221438332e-09
5.746382981926772275e-09
5.634907441232328822e-09
5.524216322005881885e-09
5.414082672271366913e-09
5.304330031952786021e-09
5.194827990687995356e-09
5.085502266268303547e-09
4.976325723075716714e-09
4.867293027304178788e-09
4.758419749156821835e-09
4.649752394869914283e-09
4.541359639787818009e-09
4.433318462547754663e-09
4.325716783763749083e-09
4.218672012312213759e-09
4.112329377257639154e-09
4.006859077272974110e-09
3.902444161583578492e-09
3.799286564613112655e-09
3.697602447739612433e-09
3.597608511749540895e-09
3.499530882307025756e-09
3.403605701581940187e-09
3.310048435794334840e-09
3.219049139493156928e-09
3.130787428950010461e-09
3.045403116555080288e-09
2.962998023118549568e-09
2.883610546525473644e-09
2.807222532094034243e-09
2.733767207692554391e-09
2.663110846314659095e-09
2.595064701127179355e-09
2.529408326438291867e-09
2.465898631071403860e-09
2.404271058176037982e-09
2.344276118783316352e-09
2.285707922562631385e-09
2.228402192279954937e-09
2.172234275580096151e-09
2.117118860099494229e-09
2.063005803932028889e-09
2.009873069451779881e-09
1.957702503238957151e-09
1.906488526088322406e-09
1.856240565811210574e-09
1.806969189732618134e-09
1.758692638956883296e-09
1.711454776657644296e-09
1.665315637365730440e-09
1.620332281701616968e-09
1.576542385116980288e-09
1.533969912833466284e-09
1.492633031793673845e-09
1.452525048599017454e-09
1.413605637826816679e-09
1.375820823805591692e-09
1.339122261546594026e-09
1.303468520252941772e-09
1.268821437185858322e-09
1.235148205182657182e-09
1.202424834196112794e-09
1.170632818153381599e-09
1.139748120095212851e-09
1.109738837729501238e-09
1.080566170556105069e-09
1.052180075953911510e-09
1.024527749148546893e-09
9.975628123054594071e-10
9.712507084727278280e-10
9.455681282609532816e-10
9.205015290348621712e-10
8.960517247891235938e-10
8.722375657079768431e-10
8.490740176351974019e-10
8.265681985301083393e-10
8.047171713418134046e-10
7.835112817892591121e-10
7.629321911867636826e-10
7.429478371329281983e-10
7.235202937028404586e-10
7.046153370017176231e-10
6.862071810685990665e-10
6.682754138686066965e-10
6.508041807028491369e-10
6.337852292806005970e-10
6.172177638724835855e-10
6.011019389225882365e-10
5.854345801354589377e-10
5.702086107685459666e-10
5.554149390305283276e-10
5.410417453082217062e-10
5.270734287982623882e-10
5.134925653541771311e-10
5.002825068978386801e-10
4.874288883429332314e-10
4.749190913747799987e-10
4.627419113630097832e-10
4.508879593577206644e-10
4.393496155024027024e-10
4.281199167127493713e-10
4.171919173861011534e-10
4.065583400122165668e-10
3.962117372352822539e-10
3.861444736173750528e-10
3.763487263605902071e-10
3.668167017761426463e-10
3.575408091197903145e-10
3.485137345081723774e-10
3.397284666804130315e-10
3.311783309620592285e-10
3.228565627470202225e-10
3.147568933968538998e-10
3.068730728573868820e-10
2.991989405174249898e-10
2.917284214174700645e-10
2.844555332820405607e-10
2.773744038237227226e-10
2.704792368928270919e-10
2.637645573116178999e-10
2.572248962814760694e-10
2.508550237516705802e-10
2.446498788177346466e-10
2.386045043309113269e-10
2.327142601922911296e-10
2.269745185458294766e-10
2.213808723811674644e-10
2.159290639311468561e-10
2.106149660289841704e-10
2.054345654399358023e-10
2.003839597754545545e-10
1.954593636390193734e-10
1.906571129519374700e-10
1.859736627200584866e-10
1.814055788319910202e-10
1.769495316595620654e-10
1.726022370273207894e-10
1.683607423774124015e-10
1.642217967103362641e-10
1.601825619862488739e-10
1.562402161036877265e-10
1.523920282307515809e-10
1.486352774851983212e-10
1.449675452788241952e-10
1.413862714192144253e-10
1.378890600691215143e-10
1.344736011163501456e-10
1.311376636131465698e-10
1.278790902756951947e-10
1.246957885277579212e-10
1.215856881912882655e-10
1.185469717852622623e-10
1.155776134194116561e-10
1.126758499884669058e-10
1.098399337106706584e-10
1.070681737161886620e-10
1.043589327991637526e-10
1.017106297476645785e-10
9.912174198849541696e-11
9.659080750860926052e-11
9.411641927985005289e-11
9.169720139613145468e-11
8.933187895010470683e-11
8.701912225417122240e-11
8.475778972004632178e-11
8.254666259155012494e-11
8.038461030853932160e-11
7.827054436719964797e-11
7.620341333776944988e-11
7.418220025996895904e-11
7.220592155283599665e-11
7.027362859955650288e-11
6.838440704561432407e-11
6.653737851930538021e-11
6.473165868335259932e-11
6.296649762815009136e-11
6.124105875894248043e-11
5.955456838303526662e-11
5.790627723968643257e-11
5.629546104926807190e-11
5.472141805886767564e-11
5.318346720739323264e-11
5.168094449060414779e-11
5.021320230173502169e-11
4.877957573111827209e-11
4.737951605917588766e-11
4.601239047355538951e-11
4.467761298689260549e-11
4.337461052684260883e-11
4.210282113186477954e-11
4.086169268515941660e-11
3.965068173798066608e-11
3.846925595685579175e-11
3.731689210997360678e-11
3.619304598754213700e-11
3.509726735619124780e-11
3.402902524700709468e-11
3.298782314429030756e-11
3.197317099583464371e-11
3.098458427230552709e-11
3.002158310675302777e-11
2.908369347944839803e-11
2.817041935851113543e-11
2.728134812094086358e-11
2.641599079901196837e-11
2.557388854159242252e-11
2.475458696396647137e-11
2.395763539984683493e-11
2.318258654524015689e-11
2.242899796440054428e-11
2.169640995993946405e-11
2.098442713827316996e-11
2.029259578546802737e-11
1.962048691616656891e-11
1.896766873849115198e-11
1.833373349045545985e-11
1.771825759061904191e-11
1.712081844737437087e-11
1.654102693056527691e-11
1.597845426122782376e-11
1.543272815949825805e-11
1.490343841179010824e-11
1.439019404725645558e-11
1.389259563988031349e-11
1.341028861373964507e-11
1.294288251634391206e-11
1.249000544399930408e-11
1.205127829885340100e-11
1.162636506462378889e-11
1.121489679052139590e-11
1.081652303485847886e-11
1.043088748424749550e-11
1.005767469062446572e-11
9.696538982804299651e-12
9.347141397838867556e-12
9.009182999024417918e-12
8.682335844673908806e-12
8.366279036414148156e-12
8.060730794730778095e-12
7.765381648278718652e-12
7.479939393104729235e-12
7.204107751196606825e-12
6.937626378936603954e-12
6.680210301245292178e-12
6.431581718185408366e-12
6.191497528906105389e-12
5.959699821862547598e-12
5.735911985821707364e-12
5.519915724736703450e-12
5.311453651078198867e-12
5.110310146196745064e-12
4.916248695103428669e-12
4.729039379305598534e-12
4.548482275161876300e-12
4.374354339058890037e-12
4.206456994396261826e-12
4.044585955372697941e-12
3.888539064298182582e-12
3.738141555476828014e-12
3.593194682072411840e-12
3.453533129204958825e-12
3.318968370402580859e-12
3.189343709871054357e-12
3.064480855106025140e-12
2.944232222144255808e-12
2.828429957479595570e-12
2.716934967370886008e-12
2.609588862095992691e-12
2.506254768084193394e-12
2.406799358169258986e-12
2.311078085242936714e-12
2.218971268266106117e-12
2.130343585932699978e-12
2.045078051221847639e-12
1.963056271763698857e-12
1.884167192407682799e-12
1.808291488917848975e-12
1.735325665797100884e-12
1.665165743749063392e-12
1.597711111694249445e-12
1.532864269335514459e-12
1.470528337093159258e-12
1.410616511502295284e-12
1.353036746938038492e-12
1.297705889967534071e-12
1.244539921422108034e-12
1.193460668719925268e-12
1.144390364896462334e-12
1.097253410606279793e-12
1.051977627239389529e-12
1.008495970233713309e-12
9.667394305954703720e-13
9.266434647562962323e-13
8.881430512415403763e-13
8.511831367335239711e-13
8.157039072579121861e-13
7.816467841463779296e-13
7.489587343484880615e-13
7.175856551439795409e-13
6.874806929595812765e-13
6.585935050897195793e-13
6.308770037989368419e-13
6.042846369378902601e-13
5.787753706964467934e-13
5.543043186411924683e-13
5.308337869214579810e-13
5.083235589257500847e-13
4.867363079870754416e-13
4.660365281128255579e-13
4.461882714497203676e-13
4.271579117671205784e-13
4.089143011919585584e-13
3.914241151613163095e-13
3.746584943887276542e-13
3.585897435115304970e-13
3.431873917533633471e-13
3.284288955936813423e-13
3.142829532751210008e-13
3.007310477696665350e-13
2.877457548711991574e-13
2.753054942664509919e-13
2.633888254158429192e-13
2.519738694802802685e-13
2.410401848791077217e-13
2.305667204914489145e-13
2.205370417886012084e-13
2.109317322062204656e-13
2.017341907370744513e-13
1.929261835073812268e-13
1.844930790862334645e-13
1.764197663932169687e-13
1.686910783194208942e-13
1.612928852118241646e-13
1.542112881856220271e-13
1.474326576327869878e-13
1.409403027897825340e-13
1.347256731091269915e-13
1.287780361099512136e-13
1.230859619095930981e-13
1.176392312757884836e-13
1.124276422957287209e-13
1.074411136684116672e-13
1.026717949717327201e-13
9.810884242521158244e-14
9.374416702570347450e-14
8.956944426185954027e-14
8.557660316913373376e-14
8.175745593973878982e-14
7.810458001753473587e-14
7.461119754438022831e-14
7.127025880644061344e-14
6.807576142284044966e-14
6.502148910052996027e-14
6.210133154481137489e-14
5.930997881247044496e-14
5.664167589546422982e-14
5.409091314222252667e-14
5.165291182474573897e-14
4.932232929104853522e-14
4.709465816764592890e-14
4.496530533741872033e-14
4.293013523510046138e-14
4.098524447640331349e-14
3.912659016789564707e-14
3.735060017051606403e-14
3.565387043024350913e-14
3.403264417147107727e-14
3.248378703869662250e-14
3.100395011308893083e-14
2.958990509874578505e-14
2.823359900456362865e-14
2.693415462442127981e-14
2.569301360650225771e-14
2.450822019784520717e-14
2.337678593000293152e-14
2.229641278202312455e-14
2.126490725590470666e-14
2.028007768403935438e-14
1.933957868559055589e-14
1.844166479324025554e-14
1.758442715516486697e-14
1.676616314511878953e-14
1.598520236454423548e-14
1.524000911131719564e-14
1.452916327124971957e-14
1.385111013412020743e-14
1.320437422722416380e-14
1.258740505680550467e-14
1.199876620950324858e-14
1.143699028922280047e-14
1.090138954481181044e-14
1.039304113010541425e-14
9.908120802872357351e-15
9.445656412091602757e-15
9.004585075856161735e-15
8.583882593481903936e-15
8.182493991293646919e-15
7.799589095703706091e-15
7.434316158568172076e-15
7.085873044977640870e-15
6.753534596810845071e-15
6.436521462331762048e-15
6.134150846113459358e-15
5.845804063514240152e-15
5.570807256641288218e-15
5.305854020016249835e-15
5.052914040381045418e-15
4.811746409420501988e-15
4.581824124634340900e-15
4.362656118308844413e-15
4.153718254078994929e-15
3.954608515429661032e-15
3.764825899266028067e-15
3.583954249702686424e-15
3.411623683057855744e-15
3.247423497256913284e-15
3.093003509520003115e-15
2.945929515737579637e-15
2.805758499265915164e-15
2.672186144261234173e-15
2.544904049761598797e-15
2.423637476028064965e-15
2.308095691568778259e-15
2.198023573501855239e-15
2.092345061204744698e-15
1.987891467899411888e-15
1.888586083601489345e-15
1.794198417109334519e-15
1.704517659882532856e-15
1.619299164826844890e-15
1.538307681844426578e-15
1.461376035317882958e-15
1.388837855969151411e-15
1.320021953795658228e-15
