# bin_4_2
8.771529514006135564e-01
8.770475165040164667e-01
8.770173679869851524e-01
8.769077587595944800e-01
8.768689325294483083e-01
8.767544586666164985e-01
8.767064781062920975e-01
8.765864120698145801e-01
8.765287488723582099e-01
8.764023236853415444e-01
8.763343965968369842e-01
8.762008039720096120e-01
8.761219778702414862e-01
8.759803667801570048e-01
8.758899522103088531e-01
8.757394280298431699e-01
8.756366813428126950e-01
8.754763057165905193e-01
8.753604299771493569e-01
8.751892215894895299e-01
8.750593684479327505e-01
8.748763048979971702e-01
8.747315776416320077e-01
8.745355986514922186e-01
8.743750566794418200e-01
8.741650688854802898e-01
8.739877338683530450e-01
8.737626174657009415e-01
8.735674814690718160e-01
8.733260989884603642e-01
8.731121348422303807e-01
8.728533423388510348e-01
8.726195165266920073e-01
8.723421774402287943e-01
8.720874657514811057e-01
8.717904676520625840e-01
8.715138737792109680e-01
8.711961481371617300e-01
8.708967253007464659e-01
8.705572702935204799e-01
8.702341458288225251e-01
8.698720520195399875e-01
8.695244546452696177e-01
8.691389331184423694e-01
8.687662223198709954e-01
8.683566345283485477e-01
8.679583311095936393e-01
8.675242192635042038e-01
8.671000356516561647e-01
8.666411519562841059e-01
8.661910202682735482e-01
8.657073527007710378e-01
8.652314479233143008e-01
8.647232395423972706e-01
8.642219944546143395e-01
8.636897525055656777e-01
8.631638602493008072e-01
8.626083506303180437e-01
8.620587501936974872e-01
8.614809723034849709e-01
8.609088117718805000e-01
8.603099485302796445e-01
8.597165209691103316e-01
8.590978591158749955e-01
8.584845066403034020e-01
8.578473235620250881e-01
8.572153068278811627e-01
8.565607224643170259e-01
8.559110558252145395e-01
8.552398520039923291e-01
8.545731092312638388e-01
8.538855243390952587e-01
8.532016262907411441e-01
8.524971405888907006e-01
8.517951444562436025e-01
8.510722803022940930e-01
8.503501995108807554e-01
8.496063703730571959e-01
8.488610635877962274e-01
8.480925143069907302e-01
8.473196890592941122e-01
8.465215745409796488e-01
8.457159524108824877e-01
8.448825989433289552e-01
8.440382806685020611e-01
8.431636587324236043e-01
8.422747043822073065e-01
8.413531097223084787e-01
8.404143074850732864e-01
8.394411959992318373e-01
8.384489328729690660e-01
8.374217870953434284e-01
8.363748621697003616e-01
8.352938937863324531e-01
8.341940463615324930e-01
8.330624828867314591e-01
8.319143722428076204e-01
8.307380713653547133e-01
8.295484817131228983e-01
8.283347050453898630e-01
8.271108973985610291e-01
8.258662886187497776e-01
8.246136992294086365e-01
8.233418460330267363e-01
8.220617039438052887e-01
8.207610448998982067e-01
8.194488293967098214e-01
8.181119276103629989e-01
8.167576969975502976e-01
8.153727973153562791e-01
8.139640401234591316e-01
8.125191305931287467e-01
8.110457718912460479e-01
8.095340725341854116e-01
8.079937983763618714e-01
8.064181381176374064e-01
8.048189951782671603e-01
8.031918872002438148e-01
8.015493293643207728e-01
7.998868940940964123e-01
7.982150386688666721e-01
7.965266748141116571e-01
7.948280548301147608e-01
7.931083339414747302e-01
7.913700382879614859e-01
7.896007479954622044e-01
7.878030352669513903e-01
7.859675721425453121e-01
7.841015685409227221e-01
7.822019752769322487e-01
7.802813069466153495e-01
7.783401889553239750e-01
7.763908005429430714e-01
7.744299497546509592e-01
7.724623790394474776e-01
7.704769035061383997e-01
7.684717378478428396e-01
7.664342538948364369e-01
7.643667882692130044e-01
7.622662227309505711e-01
7.601455234379832504e-01
7.580092531257692778e-01
7.558702312612914920e-01
7.537247381161132909e-01
7.515718296157742895e-01
7.493961280385602608e-01
7.471936054369338054e-01
7.449579566965561783e-01
7.427015763585426145e-01
7.404324008785678757e-01
7.381640810308283118e-01
7.358906811807346404e-01
7.336049935871352679e-01
7.312893687622581407e-01
7.289443971036574377e-01
7.265756167432676493e-01
7.242024642456968975e-01
7.218268157814872188e-01
7.194424733581158415e-01
7.170278587676657267e-01
7.145805762111663295e-01
7.121089244263789642e-01
7.096337920818748257e-01
7.071510774741402994e-01
7.046453538649705139e-01
7.020981423116992026e-01
6.995232415371702706e-01
6.969370577105385989e-01
6.943419949488354170e-01
6.917105919988506546e-01
6.890371398020098681e-01
6.863384203832697539e-01
6.836319893604230202e-01
6.808934778838779955e-01
6.781083557944123097e-01
6.752927742458531002e-01
6.724678823414919071e-01
6.696062295020059896e-01
6.666977999156121770e-01
6.637673659973560847e-01
6.608230315682588341e-01
6.578302072364473618e-01
6.548062405632095739e-01
6.517720640772690643e-01
6.487025449175238823e-01
6.455938829045119176e-01
6.424824605297487778e-01
6.393354394749061198e-01
6.361581428481535294e-01
6.329761386791056266e-01
6.297593745194576265e-01
6.265203541938045850e-01
6.232757375784384601e-01
6.199872794672250942e-01
6.166991949170632648e-01
6.133743895332020024e-01
6.100324559785856859e-01
6.066693365721759212e-01
6.032731979542155232e-01
5.998625351726635246e-01
5.964130479400192586e-01
5.929477437783222671e-01
5.894443855778703778e-01
5.859220419250513734e-01
5.823651010605610523e-01
5.787876563791369833e-01
5.751800877144723767e-01
5.715527233130336393e-01
5.678998930264507194e-01
5.642291393412631750e-01
5.605367515917883958e-01
5.568278599551622632e-01
5.530992563292869146e-01
5.493538805659471391e-01
5.455883873999192168e-01
5.418041241458320112e-01
5.379978902538703478e-01
5.341705566340003708e-01
5.303199422732192136e-01
5.264476164603814068e-01
5.225530745249896691e-01
5.186389788837678649e-01
5.147061119590334854e-01
5.107573608518318764e-01
5.067933463225305912e-01
5.028156874875192583e-01
4.988235479548274731e-01
4.948167540028121092e-01
4.907933975136441473e-01
4.867529182208404914e-01
4.826943180444472348e-01
4.786186531094316354e-01
4.745270303142751778e-01
4.704219939273257545e-01
4.663051270835588680e-01
4.621778950323834345e-01
4.580398520990709987e-01
4.538901809569343970e-01
4.497272363114582783e-01
4.455506415412023302e-01
4.413609028989487482e-01
4.371602685365836294e-01
4.329509565352457900e-01
4.287347584206573359e-01
4.245115507584106274e-01
4.202802950210325905e-01
4.160396909639295093e-01
4.117901219366691956e-01
4.075334898784810922e-01
4.032725916490985663e-01
3.990089231286864657e-01
3.947421832718995272e-01
3.904708934273655174e-01
3.861947689990929411e-01
3.819155563115604890e-01
3.776360813450511666e-01
3.733576448301570982e-01
3.690793239832051986e-01
3.647997544073472986e-01
3.605197826988116305e-01
3.562421487052216951e-01
3.519685788246229574e-01
3.476981362740281800e-01
3.434296113157052632e-01
3.391645296394573683e-01
3.349058190582870354e-01
3.306541034392411205e-01
3.264079174351059986e-01
3.221679858875685643e-01
3.179373879715167717e-01
3.137171671473450441e-01
3.095058290144011015e-01
3.053044328554641584e-01
3.011158994987114257e-01
2.969401093624447485e-01
2.927758500188453183e-01
2.886256695914439785e-01
2.844909660265202422e-01
2.803702858184136670e-01
2.762651921995006310e-01
2.721780703378458566e-01
2.681074578760024862e-01
2.640551407551648966e-01
2.600231362710930250e-01
2.560102527628762559e-01
2.520186752638522987e-01
2.480494362677199138e-01
2.441015685092326748e-01
2.401781707769454766e-01
2.362778692742489584e-01
2.324027612409200194e-01
2.285533152137504964e-01
2.247299106009354452e-01
2.209343957946864889e-01
2.171663055052819036e-01
2.134277105224299531e-01
2.097180741475199728e-01
2.060391828812123405e-01
2.023908258227281043e-01
1.987745656730962041e-01
1.951905805151243622e-01
1.916402261234464721e-01
1.881238064305552626e-01
1.846423705433318518e-01
1.811962212400703709e-01
1.777862798745886708e-01
1.744129902102041496e-01
1.710772622905486207e-01
1.677795476214753445e-01
1.645205913116659924e-01
1.613007948109782264e-01
1.581209058490568309e-01
1.549814463373955231e-01
1.518831589898405610e-01
1.488264636997357615e-01
1.458119239009938728e-01
1.428399020780790618e-01
1.399109661776736790e-01
1.370254845586991177e-01
1.341839390510522478e-01
1.313866416900943690e-01
1.286340570264258021e-01
1.259264799235735866e-01
1.232642730709623546e-01
1.206476405657566781e-01
1.180768895417460690e-01
1.155521799277344219e-01
1.130737425438910898e-01
1.106416966510407468e-01
1.082562357578761847e-01
1.059174178232099861e-01
1.036253436952550844e-01
1.013799672205628055e-01
9.918129086019045193e-02
9.702923677247443646e-02
9.492373433754588974e-02
9.286459251924809866e-02
9.085170057382271902e-02
8.888483423619739088e-02
8.696378511363075936e-02
8.508825378973937370e-02
8.325793321348166909e-02
8.147243822303606997e-02
7.973137979643173112e-02
7.803427680117082377e-02
7.638068901887050399e-02
7.477008326255618620e-02
7.320193679894447525e-02
7.167562560557370899e-02
7.019056783530371046e-02
6.874610786516802130e-02
6.734158407211086883e-02
6.597623993054918534e-02
6.464934650971641827e-02
6.336012551756320388e-02
6.210779701087300320e-02
6.089150530092001662e-02
5.971040808525458071e-02
5.856361704556425907e-02
5.745023811559864246e-02
5.636932196068008410e-02
5.531993671947665892e-02
5.430111698503112955e-02
5.331189135466145312e-02
5.235124027917569672e-02
5.141817783305677875e-02
5.051171214775293516e-02
4.963084568055403656e-02
4.877453648069229875e-02
4.794177965290158383e-02
4.713158194500819548e-02
4.634296701606140101e-02
4.557492799567458563e-02
4.482649219424622578e-02
4.409671138470097618e-02
4.338466206131794817e-02
4.268940852766404948e-02
4.201006021847136090e-02
4.134575944082116011e-02
4.069567358783782174e-02
4.005896391392942818e-02
3.943484787514377199e-02
3.882259604209892245e-02
3.822150269329629979e-02
3.763084970207771635e-02
3.704997490305840524e-02
3.647828103257070437e-02
3.591520634190675104e-02
3.536017612488016881e-02
3.481266096273674671e-02
3.427219648304861283e-02
3.373835546460361712e-02
3.321070056520287334e-02
3.268883808823515313e-02
3.217243780372833900e-02
3.166119721694118927e-02
3.115479797243989046e-02
3.065296549700775516e-02
3.015549321712904934e-02
2.966219521238008111e-02
2.917285385664256797e-02
2.868728650849087375e-02
2.820538281179811937e-02
2.772705728490261826e-02
2.725218021271346575e-02
2.678064337867421332e-02
2.631240580981817831e-02
2.584745062544705624e-02
2.538571563327787772e-02
2.492715353801555969e-02
2.447177718390463816e-02
2.401961694825024279e-02
2.357065071797065370e-02
2.312487268852573413e-02
2.268233566812752344e-02
2.224310554784458133e-02
2.180718719382131882e-02
2.137459668736774177e-02
2.094540676163669443e-02
2.051970976805144245e-02
2.009753010204110013e-02
1.967889651772926352e-02
1.926388891097743916e-02
1.885261185653000146e-02
1.844510160158443005e-02
1.804139477909318459e-02
1.764157330819221547e-02
1.724574690906984301e-02
1.685395194390992835e-02
1.646622774872696579e-02
1.608265331375299464e-02
1.570334246441561568e-02
1.532832707345963170e-02
1.495764068151555874e-02
1.459135245671738107e-02
1.422957677388127923e-02
1.387234004171471191e-02
1.351966664370245555e-02
1.317161125643198476e-02
1.282828103138626032e-02
1.248969390073388988e-02
1.215586130774453863e-02
1.182682271121026155e-02
1.150267557761340542e-02
1.118342556515582870e-02
1.086906780585302976e-02
1.055962351681259161e-02
1.025518008324840212e-02
9.955733075930834133e-03
9.661261408562380956e-03
9.371767157931486930e-03
9.087326233769382061e-03
8.807924998691407312e-03
8.533529200659353484e-03
8.264125381154225139e-03
7.999780165971330168e-03
7.740472356192015096e-03
7.486154704474762452e-03
7.236801349499295127e-03
6.992475271112693659e-03
6.753153555718482970e-03
6.518779581026969312e-03
6.289315877161258742e-03
6.064823691750550506e-03
5.845283020349037288e-03
5.630632247519631525e-03
5.420823839155667657e-03
5.215914424879682099e-03
5.015883245925803653e-03
4.820660537964746584e-03
4.630185823176115149e-03
4.444505546501450501e-03
4.263591406788701417e-03
4.087357056188251764e-03
3.915720120604160477e-03
3.748707270188544709e-03
3.586276179877819891e-03
3.428321061694035096e-03
3.274737456844870748e-03
3.125533576066400095e-03
2.980662611656165195e-03
2.840019930709366397e-03
2.703508521509525100e-03
2.571150704688021822e-03
2.442931803399310802e-03
2.318787856657016696e-03
2.198668325004032777e-03
2.082639361954977553e-03
1.970737360434478020e-03
1.862942647846081061e-03
1.759233174036692413e-03
1.659674137678557012e-03
1.564286965992579782e-03
1.473013523722566413e-03
1.385764426045338815e-03
1.302495807573417295e-03
1.223111296032975076e-03
1.147434163636796081e-03
1.075265566700963227e-03
1.006454485068213837e-03
9.408417498891580256e-04
8.782445399655650206e-04
8.185219014100706151e-04
7.616204541912228966e-04
7.075381893183754984e-04
6.562907372544140054e-04
6.079500919007642390e-04
5.626302734140910082e-04
5.204458052381875661e-04
4.814464516727920613e-04
4.456344905202587253e-04
4.129198560774072408e-04
3.831298098005056886e-04
3.559908186741834969e-04
3.312110726645701455e-04
3.084858838539464646e-04
2.875984189307483475e-04
2.684342795103065679e-04
2.510526317036557826e-04
2.355974170537291040e-04
2.222763845492960091e-04
2.111993857901359433e-04
2.022815071699759213e-04
1.950281135665277946e-04
1.885297291798308523e-04
1.814494594480614142e-04
1.722309444142721237e-04
1.592748773911599090e-04
1.413415204882957610e-04
1.178229002345429824e-04
8.899981373690178795e-05
5.598481195667652044e-05
2.062666861800536479e-05
-1.484686046896920756e-05
-4.819093044751226828e-05
-7.760005109841631283e-05
-1.018998475314502889e-04
-1.206370709543652171e-04
-1.339482366179923156e-04
-1.424240094611321176e-04
-1.468404410627574942e-04
-1.479972260555187857e-04
-1.466139384367518375e-04
-1.433842003763754938e-04
-1.389730196145771057e-04
-1.340169655893999536e-04
-1.290570493685938699e-04
-1.244953541136258935e-04
-1.205038275394372391e-04
-1.170051094575094578e-04
-1.137294585366898140e-04
-1.103675258393291877e-04
-1.066902003338831190e-04
-1.026277544253952886e-04
-9.828207723278976253e-05
-9.388212189692509639e-05
-8.966316824087271567e-05
-8.574186205028204672e-05
-8.205939605395077912e-05
-7.842980547771621403e-05
-7.465608976280222397e-05
-7.064347074522161997e-05
-6.645268627526618199e-05
-6.226776289417956995e-05
-5.829903829719042978e-05
-5.466509167052993764e-05
-5.134535026613755004e-05
-4.823748090627695117e-05
-4.525224747495299870e-05
-4.235058925549491581e-05
-3.955190141556663502e-05
-3.692399464912762033e-05
-3.452484280820873819e-05
-3.235999802142616906e-05
-3.040770570272365326e-05
-2.861452872084846888e-05
-2.690121500998247665e-05
-2.523446734311190850e-05
-2.362849147650102847e-05
-2.212513085127149135e-05
-2.078919142409055477e-05
-1.960999758177347902e-05
-1.848675871567323029e-05
-1.738593335650158087e-05
-1.631456521716819784e-05
-1.526815769955192388e-05
-1.432194197298329201e-05
-1.349463468522464232e-05
-1.268669996385870166e-05
-1.190326692774094378e-05
-1.116382417401703931e-05
-1.045500352926405686e-05
-9.794941554699116204e-06
-9.178456038969974977e-06
-8.572404210810727525e-06
-8.011055869945127991e-06
-7.540298443201163554e-06
-7.068298420411632955e-06
-6.574525016096113268e-06
-6.137498466661599059e-06
-5.736096872769720546e-06
-5.356563527772984512e-06
-5.013532985658352179e-06
-4.705296521625429706e-06
-4.370609306405252547e-06
-4.054282649680990282e-06
-3.812496638606167065e-06
-3.558828641732119533e-06
-3.305318652045373266e-06
-3.087053373318665023e-06
-2.886137987195449079e-06
-2.679514890414540830e-06
-2.503064197388585099e-06
-2.344993703973645019e-06
-2.161274451032722712e-06
-2.019432754379769878e-06
-1.893555297859305511e-06
-1.770718105883121393e-06
-1.624768065698049783e-06
-1.515414551728895654e-06
-1.431124382514180425e-06
-1.322572456828504822e-06
-1.227177871409518792e-06
-1.138898995884361552e-06
-1.074050494119968669e-06
-9.884854607708879953e-07
-9.225488196702599404e-07
-8.585716317673832943e-07
-8.007690989131683799e-07
-7.415527422353258832e-07
-6.905739793160169317e-07
-6.468102933522576667e-07
-5.960921938538483335e-07
-5.571630346642590018e-07
-5.169382048212418183e-07
-4.852428395583048243e-07
-4.451597368797378876e-07
-4.169583454688588103e-07
-3.880040317029445346e-07
-3.621385022323030783e-07
-3.345050198689652038e-07
-3.108348370691981529e-07
-2.908563664745128845e-07
-2.694395759660744840e-07
-2.515029049778060941e-07
-2.323261327586978542e-07
-2.178036719353503003e-07
-2.006132340907783205e-07
-1.888152846200003091e-07
-1.741330767801351315e-07
-1.628181937155939822e-07
-1.497501517447660730e-07
-1.415964799133290877e-07
-1.308358889705522796e-07
-1.212856574935784777e-07
-1.115939187753735035e-07
-1.060133159649718715e-07
-9.862048160658189630e-08
-9.057876467687793557e-08
-8.324304464052607695e-08
-7.940242204770699406e-08
-7.430693752451845709e-08
-6.774762514524878145e-08
-6.205202736808396151e-08
-5.945229167453859717e-08
-5.587898592822933249e-08
-5.072109531562740083e-08
-4.633036491582928303e-08
-4.466949277924387395e-08
-4.207333302757855819e-08
-3.802828840537028226e-08
-3.452523448259474027e-08
-3.349351326145609070e-08
-3.165072682885942722e-08
-2.862338897801956371e-08
-2.584702346140571699e-08
-2.515227379520588990e-08
-2.376753621640597522e-08
-2.151248927861950516e-08
-1.937676460442784469e-08
-1.892353717966257941e-08
-1.790599836036351458e-08
-1.619336023131774007e-08
-1.454194252182614678e-08
-1.421595227098730281e-08
-1.351528941337501439e-08
-1.221651181311410922e-08
-1.096540669793689230e-08
-1.067830112104354237e-08
-1.021321657544840568e-08
-9.220669597190824374e-09
-8.309537518043870823e-09
-8.035072161270045825e-09
-7.742269458138059100e-09
-6.959463663160848244e-09
-6.324676491023972669e-09
-6.065835748354022357e-09
-5.886738744300025264e-09
-5.260438752002463330e-09
-4.842684925148567417e-09
-4.596874458879506192e-09
-4.483698440771131490e-09
-3.993578322744706184e-09
-3.737501497761848644e-09
-3.487456288969792545e-09
-3.433205203849512556e-09
-3.060502727260519973e-09
-2.884989457335012307e-09
-2.664477138114296586e-09
-2.658564297928327495e-09
-2.345540209025064306e-09
-2.250500810930957579e-09
-2.053810381763276924e-09
-2.064225849206960787e-09
-1.824264948738124800e-09
-1.763995499217907267e-09
-1.600161190234977311e-09
-1.619667397893887990e-09
-1.429509538641199897e-09
-1.399806174350995507e-09
-1.260471867495825620e-09
-1.285316213152516769e-09
-1.135210502763097787e-09
-1.121686039630384910e-09
-1.008619241287589862e-09
-1.031471179499553289e-09
-9.164712383114812640e-10
-9.098913696518812983e-10
-8.206057275483917876e-10
-8.389125484040600987e-10
-7.521859041144068109e-10
-7.490026041612502550e-10
-6.795612279105291351e-10
-6.931236128626079545e-10
-6.278114068840129083e-10
-6.262610414449131456e-10
-5.726812060055875711e-10
-5.824736753528453557e-10
-5.331941186892744648e-10
-5.322599473345065996e-10
-4.908245340111463214e-10
-4.976294269823502181e-10
-4.603005302473140124e-10
-4.597012259085849584e-10
-4.274946660856463652e-10
-4.318826490515892740e-10
-4.032520025510224188e-10
-4.026756076379509011e-10
-3.775195168170648243e-10
-3.800907266369892960e-10
-3.577778339505171328e-10
-3.569790666244879214e-10
-3.370233472320312862e-10
-3.381395904136366452e-10
-3.204259072252408103e-10
-3.193262669013836511e-10
-3.031809491544247252e-10
-3.030937006934590863e-10
-2.886051368728019845e-10
-2.870865262195786207e-10
-2.737109554932150153e-10
-2.726199413264629291e-10
-2.603886659483986744e-10
-2.583590485659758903e-10
-2.469017871082066747e-10
-2.449127432436799873e-10
-2.342119796772915016e-10
-2.316227044892518780e-10
-2.214674331504243680e-10
-2.186666355859193592e-10
-2.089411855326848080e-10
-2.057438684525235412e-10
-1.964211240276714223e-10
-1.928699321263551617e-10
-1.837473710883878413e-10
-1.799344921197617950e-10
-1.711120053573126387e-10
-1.668725333339359634e-10
-1.580943550523235492e-10
-1.536914708593648887e-10
-1.451637448933799374e-10
-1.403329291908857034e-10
-1.317621372875886285e-10
-1.268488999532338109e-10
-1.185247816744510266e-10
-1.132395931528451337e-10
-1.048583836231129880e-10
-9.958132431980806648e-11
-9.148413223434393594e-11
-8.594749697829220280e-11
-7.785242562630245565e-11
-7.244061098411622707e-11
-6.470968282338844113e-11
-5.920139625555255610e-11
-5.159866034635514372e-11
-4.636409050120942336e-11
-3.924745341834252035e-11
-3.412153035240474380e-11
-2.731149400383474497e-11
-2.263474907019818032e-11
-1.646424825653363031e-11
-1.212700937653329325e-11
-6.462575081971919762e-12
-2.753480798891137887e-12
2.111947978515027015e-12
5.266515253259292496e-12
9.450223259074182581e-12
1.183210021801714581e-11
1.510236261194899732e-11
1.678698011867573095e-11
1.928003766962586267e-11
2.014191141814036098e-11
2.171975813999452154e-11
2.187604214532889592e-11
2.272704465365376695e-11
2.217010903707487256e-11
2.227105276533516244e-11
2.118771716888840644e-11
2.079832135625754434e-11
1.929814721105091379e-11
1.850544871730312776e-11
1.683601700892484409e-11
1.594897010808838579e-11
1.429148756865636798e-11
1.344985923435835286e-11
1.204820713390312060e-11
1.152931962756388041e-11
1.053458244889439267e-11
1.041923991591909925e-11
9.958638883062337802e-12
1.037429320347349340e-11
1.044582639883315156e-11
1.130023366260261836e-11
1.182149688654557846e-11
1.302184813402774947e-11
1.379363418297880652e-11
1.507020070966073824e-11
1.584621464843424691e-11
1.698117597484730141e-11
1.750735501492953506e-11
1.824497253074935136e-11
1.834808572442590675e-11
1.861192354060392431e-11
1.825814302870538152e-11
1.807151325779898987e-11
1.739297547768982362e-11
1.699034950841821620e-11
1.625151437637358974e-11
1.590327770106052951e-11
1.538957494043532659e-11
1.536683151717700068e-11
1.525768538949711243e-11
1.562006561797344482e-11
1.587314155986682526e-11
1.648488215166296903e-11
1.685510460083565454e-11
1.739567187894088817e-11
1.756393689447144125e-11
1.778113417671709303e-11
1.758696669528613785e-11
1.744499219346967687e-11
1.700885140273367740e-11
1.677154587267762783e-11
1.642482061351919823e-11
1.640990076765374418e-11
1.638979739186687952e-11
1.669468092711115176e-11
1.691064112136054482e-11
1.727336476204014467e-11
1.737782692932902784e-11
1.748094872648396022e-11
1.728283688402319400e-11
1.713035710965900666e-11
1.684154523531534890e-11
1.678239684381437716e-11
1.674102186148949544e-11
1.695490187097871341e-11
1.710362318546084227e-11
1.732178666304600538e-11
1.730036273147105934e-11
1.725199230874088700e-11
1.703108847803007952e-11
1.695349880052975155e-11
1.689679232450782114e-11
1.705602365209662572e-11
1.716189923708376030e-11
1.728939782413748627e-11
1.720507670386924651e-11
1.712190522036828149e-11
1.698337433482391465e-11
1.703473367290789358e-11
1.710395337580712428e-11
1.723778892587625810e-11
1.719855599641650444e-11
1.714008899232899978e-11
1.703115168478408125e-11
1.708837234165406585e-11
1.714940175789572875e-11
1.722481967346262740e-11
1.714224266385844725e-11
1.709651042209893750e-11
1.707840088924415608e-11
1.717938435316717514e-11
1.718004368586482920e-11
1.714763663631628506e-11
1.708214272703728053e-11
1.714839565558496823e-11
1.717333536984160251e-11
1.716299021933156904e-11
1.709789582283475831e-11
1.714932484465641955e-11
1.716766792455906195e-11
1.715368475777232756e-11
1.710954817841036034e-11
1.716620290717407218e-11
1.715744560021550725e-11
1.713664560439336704e-11
1.713402893204355119e-11
1.717523710426636432e-11
1.713082952922542572e-11
1.714682813147931269e-11
1.715745301898390035e-11
1.714755293001091035e-11
1.713741735973824749e-11
1.716751043594375184e-11
1.713312843205966545e-11
1.715796393098699632e-11
1.714859719125040483e-11
1.714665999160183352e-11
1.715293854966264782e-11
1.714935291757197373e-11
1.714726045565031934e-11
1.715582627370523685e-11
1.714257052982787037e-11
1.715884915543586107e-11
1.714163059975211671e-11
1.715881125426737872e-11
1.714262202765141342e-11
1.715773728217442381e-11
1.714393521627374317e-11
1.715668180679001483e-11
1.714500046782008240e-11
1.715588961855965263e-11
1.714576906417393913e-11
1.715531903604173702e-11
1.714632118186432626e-11
1.715488872096076791e-11
1.714673159844091045e-11
1.715453969785342143e-11
1.714704833969616733e-11
1.715423686909519142e-11
1.714729931327121653e-11
1.715396032303667180e-11
1.714750053046494410e-11
1.715369857044540813e-11
1.714766138718135417e-11
1.715344461881021788e-11
1.714778757497086470e-11
1.715319387487338942e-11
1.714788262443497277e-11
1.715294303816385440e-11
1.714794872862530111e-11
1.715268950605964588e-11
1.714798719382193171e-11
1.715243104260697275e-11
1.714799869405287361e-11
1.715216558608564261e-11
1.714798341921834857e-11
1.715189113113757248e-11
1.714794116285138414e-11
1.715160565222762786e-11
1.714787137419406446e-11
1.715130705046037151e-11
1.714777318819801399e-11
1.715099311351633960e-11
1.714764544094507976e-11
1.715066148312464713e-11
1.714748667506384575e-11
1.715030962637893961e-11
1.714729513775786373e-11
1.714993480892176466e-11
1.714706877307070347e-11
1.714953406851051956e-11
1.714680520944126601e-11
1.714910418804444852e-11
1.714650174301251970e-11
1.714864166735058153e-11
1.714615531722812100e-11
1.714814269334788543e-11
1.714576249874232041e-11
1.714760310801068477e-11
1.714531944982457104e-11
1.714701837400101346e-11
1.714482189722148087e-11
1.714638353749635555e-11
1.714426509740899407e-11
1.714569318811885473e-11
1.714364379820657390e-11
1.714494141560218484e-11
1.714295219659826803e-11
1.714412176306990085e-11
1.714218389264524859e-11
1.714322717665348985e-11
1.714133183939741205e-11
1.714224995136053112e-11
1.714038828867201643e-11
1.714118167294457859e-11
1.713934473264308490e-11
1.714001315578321830e-11
1.713819184113927678e-11
1.713873437660951143e-11
1.713691939471219028e-11
1.713733440417187346e-11
1.713551621351640737e-11
1.713580132489952715e-11
1.713397008213786589e-11
1.713412216475501162e-11
1.713226767071063023e-11
1.713228280763424312e-11
1.713039445268580357e-11
1.713026791080639362e-11
1.712833461990446789e-11
1.712806081809145628e-11
1.712607099577617034e-11
