# bin_7_7
6.342916479653668560e-01
6.336399604232144656e-01
6.341523359860697928e-01
6.335290322540590990e-01
6.340023042518589946e-01
6.334049127011783797e-01
6.338404407049010869e-01
6.332665615598678244e-01
6.336655557514451198e-01
6.331128530336839200e-01
6.334763789479626039e-01
6.329425730738588163e-01
6.332715563062177866e-01
6.327544174146809697e-01
6.330496484248425704e-01
6.325469905359701883e-01
6.328091296984058589e-01
6.323188058223423447e-01
6.325483888926212162e-01
6.320682872340024350e-01
6.322657314231430181e-01
6.317937728480654824e-01
6.319593837176371576e-01
6.314935206756462360e-01
6.316275000883623258e-01
6.311657172022395734e-01
6.312681725797966159e-01
6.308084891349566847e-01
6.308794442889380516e-01
6.304199188632201301e-01
6.304593266678173435e-01
6.299980641440018347e-01
6.300058213108477023e-01
6.295409824955598976e-01
6.295169466814288795e-01
6.290467607163700015e-01
6.289907701398588236e-01
6.285135498189137193e-01
6.284254454712064897e-01
6.279396054677592875e-01
6.278192558660545819e-01
6.273233337110538654e-01
6.271706619498309543e-01
6.266633413766752314e-01
6.264783539693469239e-01
6.259584899407351077e-01
6.257413066019826831e-01
6.252079509503455368e-01
6.249588340397088659e-01
6.244112601779409077e-01
6.241306420060691584e-01
6.235683666055369390e-01
6.232568722044286025e-01
6.226796711060601508e-01
6.223381334108807339e-01
6.217460483711936270e-01
6.213755121021523609e-01
6.207688443447102467e-01
6.203705542974532472e-01
6.197498403448393756e-01
6.193252094238240746e-01
6.186911744779751698e-01
6.182417268168988178e-01
6.175952112413344297e-01
6.171224963803702002e-01
6.164643518761283580e-01
6.159698274908994575e-01
6.153007816484705739e-01
6.147856650567372627e-01
6.141061564122382022e-01
6.135712493080736074e-01
6.128812400787773118e-01
6.123267368324996074e-01
6.116255172237901050e-01
6.110508145683132275e-01
6.103368206710680921e-01
6.097403551700256719e-01
6.090110312040185603e-01
6.083901794056782997e-01
6.076419228418737939e-01
6.069930054369350181e-01
6.062212378229552279e-01
6.055396704094605509e-01
6.047390740119060748e-01
6.040196992992724612e-01
6.031846457613662116e-01
6.024222609570114573e-01
6.015474290386161327e-01
6.007374844104845790e-01
5.998186173915336372e-01
5.989580073050752018e-01
5.979926991124917546e-01
5.970805009420622200e-01
5.960688334936113941e-01
5.951067876852339511e-01
5.940515908332745232e-01
5.930440832348655711e-01
5.919505845006038935e-01
5.909039254042313116e-01
5.897786367719958234e-01
5.886995656370658248e-01
5.875484482457761226e-01
5.864420453165115621e-01
5.852682964342516003e-01
5.841358209449262207e-01
5.829379740516745789e-01
5.817754647909739729e-01
5.805467303188407424e-01
5.793453047457023386e-01
5.780749835694936056e-01
5.768234264729689142e-01
5.755005964792196949e-01
5.741899047654788202e-01
5.728084029856020942e-01
5.714366192232621655e-01
5.699990148074404184e-01
5.685735875360824476e-01
5.670912503374873070e-01
5.656263540365465969e-01
5.641139389023984707e-01
5.626225382091230021e-01
5.610886099397219828e-01
5.595731588310649540e-01
5.580128354193150120e-01
5.564617744713912240e-01
5.548585820458015183e-01
5.532541577329319615e-01
5.515930949209426615e-01
5.499274242310659977e-01
5.482104266770411183e-01
5.464960561372992354e-01
5.447437364718659136e-01
5.430044013886167198e-01
5.412366469788357781e-01
5.394821065504482593e-01
5.376945980365750444e-01
5.359074352612677172e-01
5.340754520602525313e-01
5.322334558145253025e-01
5.303470961894507507e-01
5.284587188371115962e-01
5.265429955353528868e-01
5.246401587038521663e-01
5.227192869499166505e-01
5.208062619439679519e-01
5.188613870115156290e-01
5.169060016125566204e-01
5.149103391552186659e-01
5.129090103262895495e-01
5.108867656871963758e-01
5.088778227750144767e-01
5.068558329073518109e-01
5.048346431499713960e-01
5.027786720785029084e-01
5.007074971111221684e-01
4.986078962379830726e-01
4.965152898001400916e-01
4.944143628388414924e-01
4.923160842925731195e-01
4.901850045177997273e-01
4.880344349496195666e-01
4.858571266061689209e-01
4.836864874372925893e-01
4.815050274516619599e-01
4.793122203550494453e-01
4.770784775043802606e-01
4.748288905888151112e-01
4.725664269210211321e-01
4.703049852935026753e-01
4.680085517118784399e-01
4.656828660355352700e-01
4.633328563841221381e-01
4.609846365999925033e-01
4.586065178452966018e-01
4.561947968385229313e-01
4.537552520686314317e-01
4.513159174019861219e-01
4.488436399962772438e-01
4.463375609822953782e-01
4.438125323750581330e-01
4.412835763852064330e-01
4.387122279559336757e-01
4.361213705150112641e-01
4.335234609946239104e-01
4.309023287889759968e-01
4.282484715390000862e-01
4.256010892014556179e-01
4.229247771431267622e-01
4.202301060276397160e-01
4.175351063481523850e-01
4.148178271863874889e-01
4.120848303842615801e-01
4.093561761083086004e-01
4.065927222829144316e-01
4.038391744834929908e-01
4.010577676976528338e-01
3.982705151560713142e-01
3.954699468225146286e-01
3.926492306194902526e-01
3.898216544161495767e-01
3.869687719684907767e-01
3.841082357527377256e-01
3.812231956161528657e-01
3.783279800131754689e-01
3.754114953682615163e-01
3.724837875575408019e-01
3.695389603491837649e-01
3.665838557239041728e-01
3.636159337084305943e-01
3.606397002082916692e-01
3.576541740205005371e-01
3.546618435104489375e-01
3.516619736862346413e-01
3.486552210028973087e-01
3.456405306059294746e-01
3.426172618764733446e-01
3.395843175899658228e-01
3.365407735768708442e-01
3.334863105418858220e-01
3.304207904122806738e-01
3.273452913547888476e-01
3.242608172355500029e-01
3.211695029832971060e-01
3.180726927485005850e-01
3.149722647848723911e-01
3.118685298086090185e-01
3.087619350048347311e-01
3.056512709958711382e-01
3.025359184727858253e-01
2.994144302739001340e-01
2.962869450165067642e-01
2.931536037089571556e-01
2.900164009640754936e-01
2.868769344475367578e-01
2.837375608049106379e-01
2.805989670015470727e-01
2.774615765544730661e-01
2.743240543941657394e-01
2.711856589431854703e-01
2.680455283955343604e-01
2.649048390468757841e-01
2.617652028562008071e-01
2.586293168406773035e-01
2.554984349086560358e-01
2.523730608251416596e-01
2.492519077570344577e-01
2.461343570289558913e-01
2.430204708872521491e-01
2.399125154938620552e-01
2.368127836693011967e-01
2.337230865740517194e-01
2.306428485848770193e-01
2.275710345924492062e-01
2.245070216579391487e-01
2.214525965691850617e-01
2.184099134250179763e-01
2.153802197352239212e-01
2.123621717735078851e-01
2.093544877279260585e-01
2.063574522647764753e-01
2.033735529545268039e-01
2.004039797710218951e-01
1.974479493217482506e-01
1.945041392381925971e-01
1.915741964376114215e-01
1.886608125986186379e-01
1.857649844021857510e-01
1.828855489482682228e-01
1.800236772258334006e-01
1.771823801669130116e-01
1.743629648308473445e-01
1.715639688071427249e-01
1.687862889172521141e-01
1.660320277944979661e-01
1.633004969441660403e-01
1.605896326693335430e-01
1.579010211114262874e-01
1.552350973358128383e-01
1.525901280121509385e-01
1.499672926969103370e-01
1.473691198066647001e-01
1.447947811630783954e-01
1.422468640451143296e-01
1.397279897684625127e-01
1.372376980225727960e-01
1.347777918898072635e-01
1.323483762996748025e-01
1.299468088460578041e-01
1.275740529670246204e-01
1.252270868393744185e-01
1.229071310447770460e-01
1.206148743538124068e-01
1.183521075585081267e-01
1.161221865792221308e-01
1.139260880029367984e-01
1.117656059922865486e-01
1.096386307250560299e-01
1.075436820787778053e-01
1.054776477441065619e-01
1.034403328124623017e-01
1.014328651172066859e-01
9.945903405284323151e-02
9.752188153614375909e-02
9.562272443884654860e-02
9.375930176843086383e-02
9.192768826173358665e-02
9.012481548178434554e-02
8.835147839781185009e-02
8.661196693033222649e-02
8.491074380718548198e-02
8.324827343824962866e-02
8.162003058308889281e-02
8.002059542229959799e-02
7.844908259735138001e-02
7.691069695515623250e-02
7.541095666165367750e-02
7.394913104072980969e-02
7.251795485958122123e-02
7.111257150534797122e-02
6.973665288567205967e-02
6.839802155843095754e-02
6.709660443288367748e-02
6.582376394003716658e-02
6.457435013017095993e-02
6.335541562017439621e-02
6.217374397331732611e-02
6.102343324677195896e-02
5.989458164308499033e-02
5.879178516977486002e-02
5.772425084921246202e-02
5.668647233895041104e-02
5.566754161106991089e-02
5.467444882606588979e-02
5.371482759663299272e-02
5.277807648741141000e-02
5.185867298634169037e-02
5.096922248355137408e-02
5.010570482460342812e-02
4.925698491215107361e-02
4.843300812010069983e-02
4.763527238001178526e-02
4.685007924678677438e-02
4.608810341125453569e-02
4.534850937450689984e-02
4.462050082138789564e-02
4.391528971391760877e-02
4.322685106409910466e-02
4.255027144542488510e-02
4.189625379984161097e-02
4.125066686917160108e-02
4.062387374418234554e-02
4.000916497987667270e-02
3.940670515919029310e-02
3.881924001398921048e-02
3.824023348679592843e-02
3.767618349682370915e-02
3.711934014749805610e-02
3.657577642277964891e-02
3.603916536921426828e-02
3.551392429835027037e-02
3.499542103266972681e-02
3.448660424429655924e-02
3.398417344695200265e-02
3.349009491059888599e-02
3.300190674418138070e-02
3.252096798682799911e-02
3.204540107017955081e-02
3.157619299340783114e-02
3.111180708735196421e-02
3.065300230469150330e-02
3.019854529738182081e-02
2.974905980156709873e-02
2.930346566239672504e-02
2.886227921883742498e-02
2.842461501793121584e-02
2.799094406280292630e-02
2.756047071742473778e-02
2.713360371367561780e-02
2.670968239673575731e-02
2.628910332566375407e-02
2.587126145465372395e-02
2.545651852266872170e-02
2.504437904008622456e-02
2.463520196861087100e-02
2.422851759971438035e-02
2.382465876671608848e-02
2.342325494100280098e-02
2.302464766606160049e-02
2.262847059006313846e-02
2.223503231379982820e-02
2.184405223521812892e-02
2.145585842724846704e-02
2.107016312003424582e-02
2.068725076469485682e-02
2.030690623658243724e-02
1.992944295960019999e-02
1.955462313768950577e-02
1.918270241854510769e-02
1.881351535939225147e-02
1.844734870783146588e-02
1.808399032349554056e-02
1.772366723721449655e-02
1.736623723186700094e-02
1.701195709126772718e-02
1.666063705460249511e-02
1.631246156895836338e-02
1.596730643468754346e-02
1.562540390103596064e-02
1.528657725279787723e-02
1.495099328140175703e-02
1.461854835594021337e-02
1.428947018734440765e-02
1.396361520303266747e-02
1.364115669506957285e-02
1.332203708671925516e-02
1.300650500874065384e-02
1.269447334419804285e-02
1.238613659992421692e-02
1.208148628059927884e-02
1.178078774119229073e-02
1.148398543856639191e-02
1.119125991537758477e-02
1.090259220808873809e-02
1.061819383190430385e-02
1.033795415999588622e-02
1.006195175838281268e-02
9.790068849606967105e-03
9.522395382181430071e-03
9.258720000961666308e-03
8.999019537786786052e-03
8.743121977816336113e-03
8.491099450100431101e-03
8.242790944900168365e-03
7.998261008762549279e-03
7.757484734652261155e-03
7.520700441143663220e-03
7.287927320262848827e-03
7.059356228073025881e-03
6.835027061572204396e-03
6.615134627756383279e-03
6.399562041961975693e-03
6.188255886534426743e-03
5.980973670623461816e-03
5.777639524773445397e-03
5.577980286393001072e-03
5.381938331151372990e-03
5.189477645985997832e-03
5.000899782441399488e-03
4.816414338372420993e-03
4.636381929706694625e-03
4.460981230201947929e-03
4.290393560946408232e-03
4.124374965902427581e-03
3.962585717135703491e-03
3.804507795195651021e-03
3.649897332043020720e-03
3.498589228516657285e-03
3.350819376038035886e-03
3.206929162939946981e-03
3.067394774515170078e-03
2.932247278755765671e-03
2.801209448871730835e-03
2.673654863568915730e-03
2.549204924242874735e-03
2.427778291741011785e-03
2.309914238079089147e-03
2.196298019949044326e-03
2.087439081782062854e-03
1.982985354201632477e-03
1.882061511080970057e-03
1.783775893074642698e-03
1.688132123250214679e-03
1.595822409593226953e-03
1.507666734589824904e-03
1.423579133972088318e-03
1.342748920996704844e-03
1.264419776203161557e-03
1.189034500229435836e-03
1.117708647031872551e-03
1.050898984785158131e-03
9.874003159301035157e-04
9.257353798840992336e-04
8.658391029287878637e-04
8.090282059790829044e-04
7.556962687589464499e-04
7.047564740076884193e-04
6.555901012295790300e-04
6.095381302541982328e-04
5.674970301261601704e-04
5.280383658132042609e-04
4.896486568298146847e-04
4.534496316265800605e-04
4.205663605638943728e-04
3.899200202929862386e-04
3.610973242001617274e-04
3.356212571200914711e-04
3.127430113430531623e-04
2.904269015144265195e-04
2.696344812796778274e-04
2.514338071107055975e-04
2.346462307062845642e-04
2.201027130525652230e-04
2.079108834889071482e-04
1.958693506728352162e-04
1.845706865416174233e-04
1.743472434773994455e-04
1.639486315166317635e-04
1.536463155823966805e-04
1.412331341357338189e-04
1.265362607522555990e-04
1.102426041990518937e-04
9.219052861223841035e-05
7.268480140305014691e-05
5.108178822967407114e-05
2.898334604177381840e-05
7.362292764000523697e-06
-1.323371020973875345e-05
-3.308749670790617323e-05
-5.112131829811423903e-05
-6.653092566399727782e-05
-7.954741430474017579e-05
-9.060635796352106805e-05
-9.896475517571926353e-05
-1.047679242156548485e-04
-1.088406736989696796e-04
-1.112019468799665462e-04
-1.117336060016476079e-04
-1.114085066647354231e-04
-1.102059787750316787e-04
-1.081488833681549735e-04
-1.058045488028576831e-04
-1.030370416535498140e-04
-9.991696498568637978e-05
-9.682424752797301947e-05
-9.335318769343970097e-05
-9.008155053768172047e-05
-8.659679168953133752e-05
-8.325281941134327068e-05
-7.989362567087413501e-05
-7.647967952173613212e-05
-7.319712494738209575e-05
-6.972910660493116387e-05
-6.646163355421446143e-05
-6.301568503834289732e-05
-5.979902328704690684e-05
-5.648054220165624808e-05
-5.338469111987629656e-05
-5.027194908854968789e-05
-4.738206663696906286e-05
-4.453536627521644176e-05
-4.189063879651798835e-05
-3.931378377951096683e-05
-3.691172671492013981e-05
-3.458660627369800381e-05
-3.244602600711176841e-05
-3.041675210283196337e-05
-2.855034572578067872e-05
-2.677717525451567054e-05
-2.514970805916508128e-05
-2.359675190337935777e-05
-2.216034537379221592e-05
-2.079843400751381274e-05
-1.954167011957071571e-05
-1.834360930015619740e-05
-1.724215557940239377e-05
-1.620022339443996445e-05
-1.524083028058589988e-05
-1.431039784038101408e-05
-1.342915470616909903e-05
-1.258918734660402443e-05
-1.182750203337141115e-05
-1.109913940451140754e-05
-1.041694656616384316e-05
-9.755985692077668304e-06
-9.137638156917962114e-06
-8.548565431207314966e-06
-8.014664733619756616e-06
-7.499475827083496723e-06
-7.016805523090067676e-06
-6.561488166052643354e-06
-6.149231574767300788e-06
-5.750837833432319242e-06
-5.386106709805395845e-06
-5.039644054401131858e-06
-4.716086563234455443e-06
-4.412723429045712973e-06
-4.149822384665830945e-06
-3.884176978425204756e-06
-3.624908902870627168e-06
-3.382003085531507718e-06
-3.172996149174032928e-06
-2.959683543561260897e-06
-2.755915449546647303e-06
-2.558146007110003998e-06
-2.374939496002605508e-06
-2.202927246241130013e-06
-2.051597621635117718e-06
-1.900671069667389805e-06
-1.755107153281135046e-06
-1.635936168080376431e-06
-1.543496151794665808e-06
-1.439594439362370433e-06
-1.341702914288972476e-06
-1.264642973851064889e-06
-1.204394947476203245e-06
-1.119745427544712263e-06
-1.041537711586378677e-06
-9.660475566199885980e-07
-8.983489789425717447e-07
-8.155091843105695330e-07
-7.467214818436644870e-07
-6.847412842140768056e-07
-6.349713563410317927e-07
-5.919055034509416569e-07
-5.633256034861568766e-07
-5.397103244320698826e-07
-5.132213130141072650e-07
-4.848360611987394967e-07
-4.505538725700529464e-07
-4.091223465160536453e-07
-3.631198728081344917e-07
-3.240451930341997224e-07
-2.977312842083461818e-07
-2.805730592127432396e-07
-2.756181912209915624e-07
-2.703872181693544914e-07
-2.640593760664172395e-07
-2.395076998822970693e-07
-2.117586951743410486e-07
-1.768142587763620177e-07
-1.590347708088056957e-07
-1.498369805968228827e-07
-1.598064484491927742e-07
-1.605941680471757540e-07
-1.543338506992449639e-07
-1.271772624509400904e-07
-1.042141531003810227e-07
-8.680108917098731448e-08
-9.315038221289631126e-08
-1.029706705701081612e-07
-1.075055308615145362e-07
-8.601877655964379263e-08
-6.161234551231061012e-08
-5.035690505884550142e-08
-6.587412508301215533e-08
-7.669722398665471179e-08
-6.800604139780219129e-08
-4.110878987351109457e-08
-3.280115831755381770e-08
-4.512308465942201845e-08
-5.889664484279528138e-08
-4.328109552910784841e-08
-2.277822478739619217e-08
-2.372128788626527994e-08
-4.423691902823132191e-08
-3.823121592867508383e-08
-1.628875121294696270e-08
-1.467682193767561767e-08
-3.668779579453716866e-08
-2.748246272605578342e-08
-6.999000397522826140e-09
-1.621220885881801111e-08
-3.294986457337994527e-08
-9.024996200813237850e-09
-5.561302767543641211e-09
-2.612689772251707564e-08
-1.434526171798121191e-08
1.926113020499166991e-09
-2.402118182233765399e-08
-9.704353732353778999e-09
6.066851945971204930e-11
-2.028616461360921549e-08
-3.989363104377684771e-09
-2.599659113382038426e-09
-1.982913887200952298e-08
7.762961142605997730e-09
-1.775867406121338932e-08
1.180201824316678943e-11
-5.950797152348296779e-09
-8.669691522592542673e-09
1.543471879150953225e-09
-1.188079904692292149e-08
3.267538986726361090e-09
-1.040270850688663128e-08
2.246263453212120906e-09
-8.279723339962046486e-09
9.723327043132091485e-10
-6.091426029892493219e-09
5.014228356285701276e-11
-4.809511151329719537e-09
-4.248985805537586803e-10
-3.684230991773914745e-09
-6.543011052755663966e-10
-3.096040493862196756e-09
-7.211884788081426694e-10
-2.484115576157768861e-09
-7.197481093186222525e-10
-2.169333114424215617e-09
-6.759935779367493185e-10
-1.787329319886921660e-09
-6.211729517559125820e-10
-1.589072222701077783e-09
-5.583422125869752904e-10
-1.332103857391450381e-09
-4.966576165449897956e-10
-1.194218982415127964e-09
-4.418749010677049402e-10
-1.014078137406573365e-09
-3.878805724081786869e-10
-9.130663003023742091e-10
-3.442568708891890939e-10
-7.841094255114969721e-10
-3.006497757461076290e-10
-7.091323066174961027e-10
-2.667606861718530925e-10
-6.153963299110941658e-10
-2.325858564015822873e-10
-5.587435856653792470e-10
-2.081605020865492781e-10
-4.895837025493863846e-10
-1.824812803495116891e-10
-4.455433144243260577e-10
-1.648801311349700863e-10
-3.942084726370134682e-10
-1.461262155819707875e-10
-3.599102480098934311e-10
-1.334313806523067665e-10
-3.217317291306537398e-10
-1.195309181448471316e-10
-2.949823978961307755e-10
-1.106072981784632324e-10
-2.661076087258318474e-10
-1.004205952929920662e-10
-2.452190502553612680e-10
-9.384616789859307459e-11
-2.234708076154726130e-10
-8.649750770253975885e-11
-2.068590915904758708e-10
-8.157249973735978145e-11
-1.902814881324156611e-10
-7.628456540153461322e-11
-1.769829180491226734e-10
-7.270937846542249336e-11
-1.640243112320902652e-10
-6.875317614339406603e-11
-1.533807907527206782e-10
-6.593271750975821774e-11
-1.431347293513329038e-10
-6.290977208787751306e-11
-1.343548081265135685e-10
-6.059004285808393092e-11
-1.260126159947071015e-10
-5.815378111304889296e-11
-1.186395892676985540e-10
-5.610002382875532454e-11
-1.117031908533641803e-10
-5.399023192945459677e-11
-1.053790603814482026e-10
-5.202128979499867846e-11
-9.937885417292232138e-11
-5.004677455421352093e-11
-9.374943709032131553e-11
-4.799599275365473367e-11
-8.839796616321311514e-11
-4.597990277957597485e-11
-8.323998501883064967e-11
-4.379668118632153159e-11
-7.827241691305974808e-11
-4.161644260656701497e-11
-7.338601463237848386e-11
-3.919200131948929062e-11
-6.861582074392614602e-11
-3.679264314901353424e-11
-6.388490316817841674e-11
-3.411273796730598635e-11
-5.920594986716008929e-11
-3.142580741891333433e-11
-5.449655154750880397e-11
-2.843475923577061117e-11
-4.982165493777677419e-11
-2.547121138190197489e-11
-4.512324925535340466e-11
-2.221812355574895643e-11
-4.042889703125571032e-11
-1.899516611702683790e-11
-3.572750345760708952e-11
-1.553509706858584750e-11
-3.104278982250981229e-11
-1.213396091965320535e-11
-2.639641961433966231e-11
-8.583625383790764222e-12
-2.182957004533879149e-11
-5.151822413631538178e-12
-1.735845884796930317e-11
-1.661479005619179197e-12
-1.304286995538361627e-11
1.615606798970282710e-12
-8.932263031432495997e-12
4.818465113028927649e-12
-5.073852584722550972e-12
7.716613830463453185e-12
-1.534247171489622019e-12
1.039092116272753018e-11
1.634442060723236673e-12
1.265403068348503529e-11
4.376106080099981033e-12
1.457236755267663311e-11
6.651676497191374656e-12
1.599251739277094582e-11
8.421043489943091092e-12
1.699054803115927066e-11
9.684770468502510033e-12
1.747534653342599964e-11
1.043947783981705995e-11
1.754458948196548656e-11
1.074237874056834913e-11
1.717985499036346482e-11
1.064057927539723478e-11
1.652302129675385000e-11
1.024885391930733670e-11
1.562966088573102779e-11
9.670482828387924007e-12
1.466993709174965082e-11
9.057220720201731726e-12
1.374005908420349926e-11
8.526199484019258583e-12
1.299833982862607791e-11
8.207175900692991388e-12
1.251288319339832416e-11
8.165608332046829006e-12
1.236229317088666148e-11
8.439309807164039427e-12
1.251741261694952202e-11
8.975915695300927827e-12
1.292355490573478927e-11
9.686941056717424824e-12
1.343641087446309293e-11
1.041612926627197827e-11
1.391514589044318151e-11
1.101982211576357466e-11
1.420383025208747370e-11
1.136740955592619421e-11
1.422488026351616192e-11
1.142440421738372127e-11
1.397436611413910618e-11
1.123931383202172810e-11
1.356432449804528323e-11
1.096541456801243746e-11
1.315825234000311895e-11
1.077296174555528793e-11
1.292589399325159788e-11
1.079998058607940911e-11
1.293953550668523599e-11
1.105048105744581114e-11
1.314231279967703764e-11
1.140719431551846571e-11
1.336172066472536679e-11
1.167661659442695507e-11
1.342468660047107600e-11
1.173400304551513014e-11
1.327181809918708098e-11
1.160627109578488653e-11
1.301995072296489061e-11
1.147319264589278312e-11
1.286570984324192796e-11
1.150560829562260272e-11
1.291176572469029798e-11
1.170435631727330662e-11
1.304926660479150938e-11
1.188292292643707454e-11
1.307417738257099677e-11
1.188794899522640438e-11
1.293373216570700639e-11
1.178784369739946987e-11
1.279707722063317041e-11
1.178855636574291022e-11
1.281849182213626203e-11
1.192703388831191669e-11
1.290142175582022734e-11
1.201411160624653286e-11
1.285368718407483322e-11
1.195787804662544199e-11
1.273868224418532710e-11
1.194196938329947618e-11
1.274604186559626178e-11
1.204371269228067189e-11
1.279408080849961563e-11
1.207912182434713455e-11
1.272388773062977360e-11
1.203169280772747201e-11
1.267697814029382282e-11
1.208667325808681584e-11
1.272025400716059917e-11
1.213326533241576929e-11
1.267441972052322852e-11
1.209944142624748894e-11
1.264108779315494851e-11
1.215018924816075656e-11
1.266862846321184327e-11
1.216341013480890787e-11
1.261478010531047909e-11
1.215725300744153715e-11
1.262618149125864638e-11
1.220204277229531767e-11
1.260451996918415903e-11
1.218319826989544001e-11
1.259274294572074307e-11
1.222334478412274256e-11
1.258601310954018842e-11
1.221058935434579207e-11
1.257115427325105407e-11
1.224291897916961261e-11
1.256214287671377128e-11
1.223431117869526063e-11
1.255726133475228949e-11
1.225792433454187532e-11
1.253895408152911826e-11
1.225965584290187745e-11
1.254260404471980263e-11
1.226616227260530769e-11
1.252658571292421985e-11
1.228173232093510456e-11
1.251922784358590191e-11
1.228304837274653840e-11
1.251818001164971476e-11
1.228843828604768321e-11
1.250890245154864886e-11
1.229921465194338766e-11
1.249954725555862384e-11
1.230627746787442841e-11
1.249470623017675035e-11
1.231005313203481389e-11
1.249126146325470160e-11
1.231386128670360009e-11
1.248704915127669482e-11
1.231851493968554871e-11
1.248220037812813503e-11
1.232346070686682539e-11
1.247732158379696655e-11
1.232822341742781147e-11
1.247271596252486094e-11
1.233264769127204037e-11
1.246843971729948162e-11
1.233673575607104260e-11
1.246446338599973501e-11
1.234052734954480207e-11
1.246074704463537800e-11
1.234405905480949634e-11
1.245725887386763975e-11
1.234735810382862780e-11
1.245397534945334060e-11
1.235044461357923227e-11
1.245087841557721916e-11
1.235333422717889657e-11
1.244795330725361219e-11
1.235603981163063421e-11
1.244518727230580918e-11
1.235857240715586162e-11
1.244256886922513884e-11
1.236094174484222418e-11
1.244008757789362396e-11
1.236315653578341607e-11
1.243773357245942521e-11
1.236522464067388711e-11
1.243549757885366715e-11
1.236715317508678013e-11
1.243337077738675615e-11
1.236894857878317970e-11
1.243134473018180279e-11
1.237061666349668493e-11
1.242941132280280433e-11
1.237216264716117226e-11
1.242756271422056875e-11
1.237359117871661565e-11
1.242579129169213685e-11
1.237490635610097253e-11
1.242408962866651887e-11
1.237611173871407501e-11
1.242245044434475851e-11
1.237721035534345643e-11
1.242086656409150984e-11
1.237820470796545626e-11
1.241933088006655219e-11
1.237909677177411495e-11
1.241783631163386780e-11
1.237988799158362804e-11
1.241637576511308499e-11
1.238057927470445189e-11
1.241494209264636800e-11
1.238117098029278623e-11
1.241352804974075643e-11
1.238166290515102375e-11
1.241212625138625474e-11
1.238205426592238847e-11
1.241072912631973503e-11
1.238234367764063842e-11
1.240932886933197603e-11
1.238252912845110783e-11
1.240791739126993462e-11
1.238260795050347987e-11
1.240648626661154106e-11
1.238257678683943660e-11
1.240502667828751605e-11
1.238243155421502792e-11
1.240352935970375168e-11
1.238216740174527440e-11
1.240198453364036660e-11
1.238177866533991361e-11
1.240038184806815802e-11
1.238125881786490707e-11
1.239871030865045528e-11
1.238060041508240194e-11
1.239695820803141069e-11
1.237979503742245846e-11
1.239511305189060714e-11
1.237883322775984885e-11
1.239316148196964342e-11
1.237770442548308538e-11
1.239108919631720673e-11
1.237639689722733530e-11
1.238888086721769872e-11
1.237489766486259703e-11
1.238652005738629761e-11
1.237319243151102001e-11
