# bin_6_1
8.746143179491007447e-02
8.742562440701560911e-02
8.745194211723815447e-02
8.741773834485194739e-02
8.744169886044400597e-02
8.740894145174256391e-02
8.743062480218861954e-02
8.739916085716085969e-02
8.741863723657418428e-02
8.738831766577188909e-02
8.740564772924096226e-02
8.737632675527043369e-02
8.739156191211208680e-02
8.736309661905136692e-02
8.737627933178174211e-02
8.734852926903216574e-02
8.735969336808316332e-02
8.733252021681782440e-02
8.734169124240115378e-02
8.731495855420684515e-02
8.732215413815069827e-02
8.729572715708179553e-02
8.730095745903226900e-02
8.727470303993309364e-02
8.727797125342534601e-02
8.725175789083300382e-02
8.725306083637310306e-02
8.722675881947047904e-02
8.722608764215861177e-02
8.719956935196405967e-02
8.719691034187203316e-02
8.717005070676306366e-02
8.716538625932050699e-02
8.713806338394863849e-02
8.713137311570412491e-02
8.710346909551520966e-02
8.709473112695755026e-02
8.706613305581656359e-02
8.705532546671601590e-02
8.702592663757319214e-02
8.701302909088769189e-02
8.698273037832497667e-02
8.696772589587162261e-02
8.693643729422337318e-02
8.691931414912945630e-02
8.688695641929197744e-02
8.686771008739871403e-02
8.683421643949346125e-02
8.681285152238082947e-02
8.677816922925576937e-02
8.675470122655301597e-02
8.671879302512311427e-02
8.669324979301093470e-02
8.665609488752160083e-02
8.662851757602924030e-02
8.659011201247401868e-02
8.656055522932222523e-02
8.652091136728992660e-02
8.648944227696360454e-02
8.644858705163843693e-02
8.641528309268192709e-02
8.637325474564143402e-02
8.633819965010483544e-02
8.629504262686728266e-02
8.625832046791140351e-02
8.621407825060779795e-02
8.617576534787534104e-02
8.613047113295185797e-02
8.609062583024845727e-02
8.604429119478849974e-02
8.600294181091204526e-02
8.595554385309399359e-02
8.591267550572379008e-02
8.586414340022339997e-02
8.581968490998026500e-02
8.576988736998662766e-02
8.572370003287096973e-02
8.567243576249390646e-02
8.562430635575228599e-02
8.557130010390065489e-02
8.552094092518093549e-02
8.546584804295814797e-02
8.541290686999181148e-02
8.535532909031937066e-02
8.529941142201866167e-02
8.523892563747108297e-02
8.517963014862958704e-02
8.511582998976865988e-02
8.505279557368629340e-02
8.498534244041378027e-02
8.491830150789456133e-02
8.484697753774406159e-02
8.477580577560420161e-02
8.470055672260162760e-02
8.462530530579105703e-02
8.454625784065637750e-02
8.446715191346781948e-02
8.438458957289701745e-02
8.430197907461550733e-02
8.421626651552983900e-02
8.413052454377960288e-02
8.404198287785817623e-02
8.395336387904342446e-02
8.386212043597783550e-02
8.377061345280817362e-02
8.367647280104224816e-02
8.358170643031213876e-02
8.348410552980783939e-02
8.338536805251636763e-02
8.328347194901716821e-02
8.317988670544178287e-02
8.307283836624805573e-02
8.296367180702429733e-02
8.285092988191378183e-02
8.273591933028032197e-02
8.261752768190441798e-02
8.249704166432796082e-02
8.237363449745632726e-02
8.224849170987084956e-02
8.212092049199666566e-02
8.199185284187406053e-02
8.186055195321548239e-02
8.172757538762549789e-02
8.159206486271321224e-02
8.145424346483204348e-02
8.131325636659372802e-02
8.116923412923598979e-02
8.102160399978623750e-02
8.087069583546269147e-02
8.071640729716327012e-02
8.055931746696440299e-02
8.039962727977212342e-02
8.023782658660678913e-02
8.007395250531873510e-02
7.990797691296033789e-02
7.973951068065086856e-02
7.956807134329514641e-02
7.939324145120511822e-02
7.921474665874839172e-02
7.903281058269338855e-02
7.884777435806490653e-02
7.866038634362244875e-02
7.847094703554582940e-02
7.827974423038151774e-02
7.808620656339357313e-02
7.788995061066920911e-02
7.769019600598409125e-02
7.748716048220684327e-02
7.728105997039533270e-02
7.707302861717645059e-02
7.686335056517462627e-02
7.665234426833886228e-02
7.643900577087273107e-02
7.622296744680649716e-02
7.600370293977137814e-02
7.578230166730229311e-02
7.555939624118743203e-02
7.533587703193851681e-02
7.511079988041995115e-02
7.488363297418290654e-02
7.465366468944087397e-02
7.442221447476327079e-02
7.418999840150124203e-02
7.395757812566657041e-02
7.372342619390021001e-02
7.348721478612536828e-02
7.324919741440917564e-02
7.301117556447721257e-02
7.277267668552173108e-02
7.253277515915297624e-02
7.229046496722647819e-02
7.204750094273978944e-02
7.180426481070381617e-02
7.155992829626879603e-02
7.131284918404787176e-02
7.106463193239806464e-02
7.081577552090091709e-02
7.056514006470018807e-02
7.031125687556032122e-02
7.005614058981661507e-02
6.979939723064179646e-02
6.953934588587822041e-02
6.927614150467648058e-02
6.901149764604001813e-02
6.874296613208273621e-02
6.847075057007875887e-02
6.819623319410894613e-02
6.791788008946765542e-02
6.763524820330077403e-02
6.735048060467581366e-02
6.706107602665468959e-02
6.676848301713221578e-02
6.647320747383296535e-02
6.617368837820593319e-02
6.587224962376232729e-02
6.556748523372434023e-02
6.526028339684319945e-02
6.495129307407640495e-02
6.463947278478399117e-02
6.432679474347127724e-02
6.401136248209075841e-02
6.369527208730267620e-02
6.337658758159027406e-02
6.305695111278293574e-02
6.273464027971992207e-02
6.241078999470071192e-02
6.208390667228613075e-02
6.175479110853263759e-02
6.142219195074703070e-02
6.108680426593220136e-02
6.074767653157484015e-02
6.040558982660260839e-02
6.005993401550963756e-02
5.971165719582457315e-02
5.936043338680747905e-02
5.900730013403342883e-02
5.865202559888001849e-02
5.829552704099609517e-02
5.793741126578575568e-02
5.757826276344670674e-02
5.721736858524292119e-02
5.685494784253256051e-02
5.649006305809112227e-02
5.612280961522298633e-02
5.575236242726294700e-02
5.537907152658792104e-02
5.500254235092323640e-02
5.462355575864589335e-02
5.424210660808269358e-02
5.385914118808642070e-02
5.347460128530710788e-02
5.308910446940295902e-02
5.270214520843538586e-02
5.231386692842231179e-02
5.192348880321449173e-02
5.153113170836252227e-02
5.113630608306383302e-02
5.073956422034346658e-02
5.034084001584576695e-02
4.994085382896724240e-02
4.953941512765375893e-02
4.913685639067562339e-02
4.873260156455692937e-02
4.832679238278181355e-02
4.791901638120384804e-02
4.750978806981325658e-02
4.709905856993293338e-02
4.668740505579591082e-02
4.627453936453835431e-02
4.586066568265147886e-02
4.544533187873600610e-02
4.502887681843008305e-02
4.461114756803745418e-02
4.419259190321373626e-02
4.377289089929695814e-02
4.335225081784725015e-02
4.293042140532694895e-02
4.250796502951546124e-02
4.208487862413280711e-02
4.166144161339683377e-02
4.123710422336372000e-02
4.081199485571294222e-02
4.038610095480982265e-02
3.996009175478169861e-02
3.953376667241809833e-02
3.910711893073093998e-02
3.867982218140276346e-02
3.825246418804097159e-02
3.782506971520076255e-02
3.739774614417472332e-02
3.697006995056650869e-02
3.654244571417082643e-02
3.611489392050672848e-02
3.568770664485473865e-02
3.526067313399299658e-02
3.483405966670800880e-02
3.440763000472300132e-02
3.398174738116548771e-02
3.355638058099127963e-02
3.313169536707656626e-02
3.270757476148410114e-02
3.228443042905121407e-02
3.186183676019622990e-02
3.144016068556346188e-02
3.101962222504917738e-02
3.060010583167840914e-02
3.018148164841535225e-02
2.976431394294466390e-02
2.934820713579678123e-02
2.893364285926555354e-02
2.852035268866038795e-02
2.810866251619550255e-02
2.769848987425638578e-02
2.729001528953180905e-02
2.688326440518912230e-02
2.647830436438180363e-02
2.607522338614368107e-02
2.567414296430169801e-02
2.527509662886370106e-02
2.487813521533737901e-02
2.448343002685222231e-02
2.409098721143194261e-02
2.370083962473073028e-02
2.331321705638310371e-02
2.292800073861768137e-02
2.254544230142953298e-02
2.216549531465113881e-02
2.178832025007049894e-02
2.141392414403034752e-02
2.104244348930077446e-02
2.067389359776428820e-02
2.030839771932587204e-02
1.994598505299401831e-02
1.958675802105758201e-02
1.923075658678786298e-02
1.887808207948687977e-02
1.852877011891655712e-02
1.818292931263449513e-02
1.784057808638841655e-02
1.750183252845407406e-02
1.716669998112345039e-02
1.683530325614968418e-02
1.650764091695061664e-02
1.618383598539207754e-02
1.586388112074159709e-02
1.554789731211648519e-02
1.523587105629437173e-02
1.492791932630891522e-02
1.462402655321397293e-02
1.432430654415059630e-02
1.402874006584813732e-02
1.373743658072151645e-02
1.345037482955812290e-02
1.316765751172675400e-02
1.288925849223525495e-02
1.261527383062062413e-02
1.234567218375232089e-02
1.208054254166801567e-02
1.181985243335250367e-02
1.156368347703303108e-02
1.131199636444752202e-02
1.106486690511301885e-02
1.082225422858523571e-02
1.058422528267401012e-02
1.035073173745760730e-02
1.012183223733350602e-02
9.897475080565721825e-03
9.677710508723109603e-03
9.462481189352842451e-03
9.251829383788818043e-03
9.045692649658872847e-03
8.844103641534824256e-03
8.646992991208119969e-03
8.454385925334992682e-03
8.266209614991349569e-03
8.082479938901749802e-03
7.903116226101515943e-03
7.728126697746723339e-03
7.557428233919729656e-03
7.391020890673465418e-03
7.228813302469662763e-03
7.070796921089248128e-03
6.916877637600046640e-03
6.767039114132602541e-03
6.621180101566378519e-03
6.479276542326471884e-03
6.341224429216640868e-03
6.206992408569944955e-03
6.076469809007750689e-03
5.949618576754656454e-03
5.826326662172995850e-03
5.706549871190394127e-03
5.590169576982698466e-03
5.477135846261672013e-03
5.367331242463759498e-03
5.260702247331036641e-03
5.157125680192554441e-03
5.056543099980202217e-03
4.958833800377725198e-03
4.863937898805146230e-03
4.771731312949752460e-03
4.682150774792034724e-03
4.595075807034211708e-03
4.510443678869086211e-03
4.428132611657367539e-03
4.348078367845947291e-03
4.270164708668080719e-03
4.194329858457713882e-03
4.120456833057327753e-03
4.048483680363170606e-03
3.978301723412065553e-03
3.909853852666481284e-03
3.843031555077055725e-03
3.777778106867928001e-03
3.713994416445315274e-03
3.651630915645638631e-03
3.590589899026387991e-03
3.530822464615324379e-03
3.472241026074916141e-03
3.414804944940186878e-03
3.358428773903533379e-03
3.303073068384744168e-03
3.248663116294830261e-03
3.195168181297403705e-03
3.142515282890322951e-03
3.090674714844181964e-03
3.039584762315337280e-03
2.989225146372807840e-03
2.939535216404250487e-03
2.890494615342327836e-03
2.842053616459598413e-03
2.794201656710662909e-03
2.746889875426394758e-03
2.700106696418981371e-03
2.653813054504196387e-03
2.608006573846160213e-03
2.562648661056916074e-03
2.517735488107721454e-03
2.473237275714686417e-03
2.429158574016375503e-03
2.385469284411343739e-03
2.342171538814513503e-03
2.299243213553238321e-03
2.256694573258008398e-03
2.214502389175735178e-03
2.172673200786848485e-03
2.131190665482707389e-03
2.090069315639650222e-03
2.049291395623038196e-03
2.008866643119730424e-03
1.968782869602069691e-03
1.929057461466746407e-03
1.889676640827063362e-03
1.850652313859152583e-03
1.811975337535570848e-03
1.773664855501636646e-03
1.735709896851417560e-03
1.698123295862869310e-03
1.660898012367440467e-03
1.624054190973563561e-03
1.587582902673139069e-03
1.551497057578777022e-03
1.515790726473012755e-03
1.480484289492739469e-03
1.445570261223400954e-03
1.411061065404041253e-03
1.376951317448189003e-03
1.343261026537469378e-03
1.309983497564941530e-03
1.277130177131269523e-03
1.244695707963103378e-03
1.212699389187458327e-03
1.181134857826785650e-03
1.150012027661347991e-03
1.119324893529429583e-03
1.089091526162618831e-03
1.059305460731333045e-03
1.029974676061385166e-03
1.001091918302432320e-03
9.726734702071800119e-04
9.447122104572784531e-04
9.172137930581310489e-04
8.901695114908109770e-04
8.635938268594587882e-04
8.374790502923923439e-04
8.118288116654923114e-04
7.866334066490975486e-04
7.619064102526460023e-04
7.376406858484901071e-04
7.138390169584777744e-04
6.904917856438090151e-04
6.676127458728598309e-04
6.451962924906836988e-04
6.232450571105102501e-04
6.017495489898988439e-04
5.807230104433912720e-04
5.601599144284147855e-04
5.400606835561983822e-04
5.204134074654601962e-04
5.012280981610597310e-04
4.824967717349103072e-04
4.642157569845791051e-04
4.463698525469909657e-04
4.289664143964269215e-04
4.119973750816124090e-04
3.954590514937965547e-04
3.793379195652254424e-04
3.636434274763153331e-04
3.483709732348890279e-04
3.335183835421078914e-04
3.190726212956184111e-04
3.050412110361032879e-04
2.914174158298643352e-04
2.781953616094763192e-04
2.653597608414037193e-04
2.529177577304044270e-04
2.408673275064235884e-04
2.292098560267999212e-04
2.179389208722828464e-04
2.070671995809175356e-04
1.965940676354432752e-04
1.865140860454125860e-04
1.768072441558226921e-04
1.674673353910310838e-04
1.584785653623467917e-04
1.498288323632785248e-04
1.415033416315188272e-04
1.335068474613423451e-04
1.258365817503296236e-04
1.184875994618533722e-04
1.114449815296011254e-04
1.047077758429742014e-04
9.827520443107149405e-05
9.215754250240520030e-05
8.636359624338203235e-05
8.090543460829184498e-05
7.577239947155947467e-05
7.093876237386725989e-05
6.636933547625381970e-05
6.204643669344580387e-05
5.796033741001683105e-05
5.410607378426464782e-05
5.047051908713284541e-05
4.705177165696625152e-05
4.386936329164599601e-05
4.097068388205924778e-05
3.839639737811536093e-05
3.615062722853349357e-05
3.419137455464254897e-05
3.245840845518844093e-05
3.087574128637098932e-05
2.933306715722502423e-05
2.768690231321188552e-05
2.582633183878531817e-05
2.371661973552140995e-05
2.137431040213298830e-05
1.883111708543283388e-05
1.616785290781772242e-05
1.351204869145700826e-05
1.096044672287911008e-05
8.551076772826773806e-06
6.335446230363877445e-06
4.358267011650634944e-06
2.604191443808395931e-06
1.054874746062315505e-06
-2.870598147225673761e-07
-1.479838780616719888e-06
-2.571259921117846041e-06
-3.563464352386759610e-06
-4.483481384064037975e-06
-5.332512581002433508e-06
-6.097275719226821616e-06
-6.814570744263759826e-06
-7.456272982224034829e-06
-7.998461588458709580e-06
-8.410516186436566965e-06
-8.681400934419218425e-06
-8.852750899183584277e-06
-8.939754244827200497e-06
-8.956340285153758962e-06
-8.907532164168518950e-06
-8.830189534120271171e-06
-8.749222614749327799e-06
-8.648554280891102209e-06
-8.505361913744193122e-06
-8.335083440708416111e-06
-8.162996201392368222e-06
-7.971965484531338492e-06
-7.751239709197298061e-06
-7.526178582740920534e-06
-7.298701816102863594e-06
-7.033950599741806851e-06
-6.748538360191959773e-06
-6.468259923410446719e-06
-6.172315867295567309e-06
-5.869181833484390318e-06
-5.590241487206927293e-06
-5.306435400620937207e-06
-5.027012235832175058e-06
-4.769124336354680625e-06
-4.503012203730585641e-06
-4.248842771486781491e-06
-4.013397569373395365e-06
-3.777726451613928822e-06
-3.571248790616283343e-06
-3.368467378732681863e-06
-3.179517148732943707e-06
-2.995175718006345907e-06
-2.816404648461523867e-06
-2.652545927847027297e-06
-2.494012640730738577e-06
-2.353434024111558008e-06
-2.213350108501169197e-06
-2.084470212475479462e-06
-1.959488403488303915e-06
-1.843783415685816859e-06
-1.729885757488963799e-06
-1.624871701241106493e-06
-1.523614929180064761e-06
-1.428148178896561923e-06
-1.338827561288221938e-06
-1.255020273979206730e-06
-1.172889455715092105e-06
-1.097671685464236927e-06
-1.027901432932629907e-06
-9.627636839797727436e-07
-9.012607375083444261e-07
-8.467163603551966278e-07
-7.935927485602551896e-07
-7.437846216608431289e-07
-6.988910834292301786e-07
-6.555453467310664829e-07
-6.131042527258875122e-07
-5.731898431016302678e-07
-5.363993137913193634e-07
-5.006406210877613924e-07
-4.674015262566271005e-07
-4.371687947519383673e-07
-4.078852261729007345e-07
-3.816541623234288796e-07
-3.562511305033761692e-07
-3.323958183311770799e-07
-3.083875326587216592e-07
-2.876888069613996142e-07
-2.692629452900754915e-07
-2.524026858600519057e-07
-2.373863748849977174e-07
-2.238036862518552241e-07
-2.114058870787788759e-07
-1.966559585172181078e-07
-1.808192233021392076e-07
-1.651975680468436377e-07
-1.519094974045745043e-07
-1.404666959135175577e-07
-1.314816747081136091e-07
-1.246425737293044461e-07
-1.181866340701620094e-07
-1.109937430163441644e-07
-1.034992091521703521e-07
-9.693359135637618038e-08
-9.038471143832537123e-08
-8.310040576166839414e-08
-7.484147004577146270e-08
-6.748674182842391223e-08
-6.280135243080561636e-08
-6.115394602082673579e-08
-5.992936047200350068e-08
-5.631568987873236415e-08
-5.036459269250724801e-08
-4.497387939239279133e-08
-4.198421523995923230e-08
-3.995643203375593317e-08
-3.746993386415806003e-08
-3.501445525098064786e-08
-3.338369489896731468e-08
-3.062461205585564218e-08
-2.665141920039838293e-08
-2.446047633863138927e-08
-2.551160938057574613e-08
-2.506558488407104510e-08
-2.110910875369830604e-08
-1.744332149815472648e-08
-1.671726408035182990e-08
-1.674145836082816531e-08
-1.723797983260503321e-08
-1.648148960650085979e-08
-1.249131435718456582e-08
-1.006587627981203764e-08
-1.235614620088510498e-08
-1.278927011555531470e-08
-1.047310713277653540e-08
-8.744193390879808509e-09
-8.266714610080475105e-09
-9.147900585336301278e-09
-7.861021013196899174e-09
-6.053420113319758945e-09
-7.335305998838287635e-09
-6.545507272335398163e-09
-4.742833604052312077e-09
-4.916637750386896979e-09
-6.350522496503558916e-09
-4.587132622752208307e-09
-3.132974997371047266e-09
-4.914332339589359014e-09
-4.298542115612050310e-09
-2.649970652636967318e-09
-3.424673543840834064e-09
-3.153989186563858745e-09
-2.506838353805580780e-09
-2.923251393299500214e-09
-2.145649246519951175e-09
-2.650683349715446172e-09
-2.254315338462179476e-09
-1.536409853889611716e-09
-2.482007441918882795e-09
-1.202343527548257359e-09
-1.562113144835498328e-09
-1.827122018181184822e-09
-1.223990454386209124e-09
-1.437977324248745062e-09
-1.333439220336385547e-09
-9.723299957312503781e-10
-1.152264304814657525e-09
-8.917038788360696603e-10
-9.514780155391993928e-10
-1.080930219908159436e-09
-7.016188747628598873e-10
-8.695391917759128190e-10
-5.052983541942601315e-10
-8.365778307282186587e-10
-5.794224940003550215e-10
-7.308757194980793397e-10
-4.418474761423852305e-10
-5.536095389175419712e-10
-4.384886656703682625e-10
-5.733142297425520102e-10
-4.125188136526217677e-10
-4.142384700518355490e-10
-3.210826815699934947e-10
-4.434135240136601791e-10
-3.534784135161661680e-10
-3.230991421998897816e-10
-2.507383025210071215e-10
-3.628622732775039363e-10
-2.805446963032091197e-10
-2.414704483499940186e-10
-2.255716508282806969e-10
-3.101832996906495216e-10
-1.875330125600744071e-10
-2.004656994019731868e-10
-2.370737993187901001e-10
-2.143302843158755192e-10
-1.274593073341334942e-10
-2.392145063791178616e-10
-1.601522691895872328e-10
-1.404581085115867735e-10
-1.903213333231402863e-10
-1.472697083784930702e-10
-1.205377211695842273e-10
-1.939118483134183847e-10
-7.768101183317244293e-11
-1.804108141987310908e-10
-9.995242334737697740e-11
-1.308404802440828814e-10
-1.261356510494339615e-10
-9.908001070444694075e-11
-1.332201464314331092e-10
-8.708518780162466105e-11
-1.240750291387891381e-10
-8.644715872837647032e-11
-1.128572088197596158e-10
-8.622701419290621311e-11
-1.017630601560316492e-10
-8.581912267454293009e-11
-9.398848262987210238e-11
-8.349091491133357207e-11
-8.703892348763048942e-11
-8.097768202604135889e-11
-8.202293481415841686e-11
-7.766530059152567337e-11
-7.709476202627330936e-11
-7.452866880714746799e-11
-7.317510812008463322e-11
-7.109235823446269134e-11
-6.912711063033381552e-11
-6.783866642371170186e-11
-6.563417211943253894e-11
-6.444642134169394174e-11
-6.198527662344055803e-11
-6.115582158491480121e-11
-5.863113975983748694e-11
-5.777897864031892032e-11
-5.514217331483706168e-11
-5.443053476249758735e-11
-5.178195340395902641e-11
-5.100931598873289483e-11
-4.831638776235021830e-11
-4.756908368462977052e-11
-4.487666299857777003e-11
-4.406396662060224154e-11
-4.136566422125362356e-11
-4.051987139977899040e-11
-3.782445354542965796e-11
-3.692441305425490067e-11
-3.425272182948652558e-11
-3.329958828607766708e-11
-3.063813741125986791e-11
-2.965271230228895829e-11
-2.704471974906139573e-11
-2.601361897318122551e-11
-2.343477255939757690e-11
-2.240396981343683071e-11
-1.991334936447809560e-11
-1.886604109449356941e-11
-1.643750173453356188e-11
-1.543345993153425338e-11
-1.313462778330837259e-11
-1.215972780477022566e-11
-9.968109167824195616e-12
-9.086929552790115020e-12
-7.071657365773817965e-12
-6.275041929478065625e-12
-4.417785432003663611e-12
-3.766322330158914828e-12
-2.130973342687808276e-12
-1.618089755647258454e-12
-1.855183798678199207e-13
1.407580297978763289e-13
1.319400433733837242e-12
1.470623418096054961e-12
2.423145262553811089e-12
2.372190653466166853e-12
3.069545155875992197e-12
2.841984643548706353e-12
3.328686173854326417e-12
2.926065672185251998e-12
3.201775047297796914e-12
2.670148724075131254e-12
2.800296446063152684e-12
2.170901547486216349e-12
2.183017176720051914e-12
1.519466285479732386e-12
1.493385136479304543e-12
8.450558603174286911e-13
8.212619789364383388e-13
2.516135726583201656e-13
3.023853738573336841e-13
-1.478586272171173050e-13
1.415193693339357225e-15
-2.965903147003496342e-13
-1.591880844622517899e-14
-1.622083600632119064e-13
2.270242103143402073e-13
2.096483525689890526e-13
6.819697494760621927e-13
7.401238648284103185e-13
1.224895516834449629e-12
1.292233663237026339e-12
1.730916075559779551e-12
1.739303985936332939e-12
2.064688791582004114e-12
1.967423674289219424e-12
2.158926921877342107e-12
1.946633207230265763e-12
2.011327675437831731e-12
1.718919966185954058e-12
1.719363782451537615e-12
1.417094705975808876e-12
1.426153254259915324e-12
1.189920011256049454e-12
1.280013858011493151e-12
1.157372201395451071e-12
1.344965729987789667e-12
1.324341224342177034e-12
1.573276049686344743e-12
1.588909926642005719e-12
1.814053591716178337e-12
1.780510854966997980e-12
1.914654129642282681e-12
1.788796235917949487e-12
1.822756022310938749e-12
1.636536046679260362e-12
1.640897000690817476e-12
1.482527556029844898e-12
1.542430324740145035e-12
1.475050712945050097e-12
1.616646062121004192e-12
1.615836373199178164e-12
1.769444757556911340e-12
1.742234231989981880e-12
1.823243953818969773e-12
1.718406324848647197e-12
1.728114498903497950e-12
1.602064168025118693e-12
1.633771626087225259e-12
1.576600186511057791e-12
1.678478052464904338e-12
1.674731462434657083e-12
1.775153598939760666e-12
1.728482499094793144e-12
1.755312187367935617e-12
1.657757910677858842e-12
1.674478578463537435e-12
1.622994157236454189e-12
1.700782413273395625e-12
1.694818366149377788e-12
1.762081065760665506e-12
1.707317586278740790e-12
1.716408372487126096e-12
1.649049623275739501e-12
1.692237137898586783e-12
1.682110186467342246e-12
1.745606259129979684e-12
1.708190363389141632e-12
1.718723000588973686e-12
1.664264715056916564e-12
1.704164298044737629e-12
1.696568055643933488e-12
1.739887378249696237e-12
1.695341791384604286e-12
1.704962266884050108e-12
1.678945800928350929e-12
1.726461612282962851e-12
1.706693884092672707e-12
1.717393007891178574e-12
1.681131516599348578e-12
1.717038757147093541e-12
1.706022248689617997e-12
1.720410455818627530e-12
1.686392710154153342e-12
1.716267813730225644e-12
1.705504289394801792e-12
1.716966637027048359e-12
1.690442174068699702e-12
1.719870934356749374e-12
1.703660024489525000e-12
1.711567149545507185e-12
1.697813022882076280e-12
1.721482998406700665e-12
1.697340990376181791e-12
1.713533070509260717e-12
1.704809855049989739e-12
1.713383461312455705e-12
1.699800642031704797e-12
1.718389371832210824e-12
1.698976663223376704e-12
1.715537244210434864e-12
1.703409926421014570e-12
1.712234275006336645e-12
1.704855347885325294e-12
1.712685786591356271e-12
1.703609817055889015e-12
1.714163094320742917e-12
1.702613321118991404e-12
1.714734720874346632e-12
1.702604192113865862e-12
1.714503920146637369e-12
1.703097753494399453e-12
1.714010541088210332e-12
1.703665105573268467e-12
1.713535457555917844e-12
1.704154962566562594e-12
1.713143386300632384e-12
1.704555104333533755e-12
1.712822606914872323e-12
1.704887693713427449e-12
1.712550859260367428e-12
1.705173423688920800e-12
1.712311901143400580e-12
1.705425819477533161e-12
1.712095911614061501e-12
1.705653012810472660e-12
1.711897169366840243e-12
1.705859940249050480e-12
1.711712246187531696e-12
1.706049756259518884e-12
1.711538958372660561e-12
1.706224613579441630e-12
1.711375806524900155e-12
1.706386078439273521e-12
1.711221680163029557e-12
1.706535353638316623e-12
1.711075699167689047e-12
1.706673402162557265e-12
1.710937125934701101e-12
1.706801018553343403e-12
1.710805314792172385e-12
1.706918871955800375e-12
1.710679681660836694e-12
1.707027533215554040e-12
1.710559685020543436e-12
1.707127492621202986e-12
1.710444813427274396e-12
1.707219171922727368e-12
1.710334576882933139e-12
1.707302932707870571e-12
1.710228500554564033e-12
1.707379082343651935e-12
1.710126119909418115e-12
1.707447878228087229e-12
1.710026976746419607e-12
1.707509530823760852e-12
1.709930615754286166e-12
1.707564205761800518e-12
1.709836581386794952e-12
1.707612025225115496e-12
1.709744414904496371e-12
1.707653068722407037e-12
1.709653651478088125e-12
1.707687373361744630e-12
1.709563817288928650e-12
1.707714933673839346e-12
1.709474426578087453e-12
1.707735701024823963e-12
1.709384978584805669e-12
1.707749582652776977e-12
1.709294954364895080e-12
1.707756440341424725e-12
1.709203813453718655e-12
1.707756088745338536e-12
1.709110990350589134e-12
1.707748293372730408e-12
1.709015890805743480e-12
1.707732768231121494e-12
1.708917887902429573e-12
1.707709173139363769e-12
1.708816317911784199e-12
1.707677110703056141e-12
1.708710475912503372e-12
1.707636122965338012e-12
1.708599611172490418e-12
1.707585687729777821e-12
1.708482922287389700e-12
1.707525214568585607e-12
1.708359552081418405e-12
1.707454040524993712e-12
1.708228582273394146e-12
1.707371425537297468e-12
1.708089027937222720e-12
1.707276547599851441e-12
1.707939831773430636e-12
1.707168497712636213e-12
1.707779858242106316e-12
1.707046274661452658e-12
