# bin_5_5
9.019180721007842294e-01
9.018000886909873781e-01
9.017825630115294810e-01
9.016612951925536690e-01
9.016342631204866676e-01
9.015089624153385106e-01
9.014720079088934801e-01
9.013418930471809309e-01
9.012945441003501479e-01
9.011587984526968631e-01
9.011005261900733032e-01
9.009582955645213387e-01
9.008885136334555677e-01
9.007389045403884076e-01
9.006569689243932864e-01
9.004990474339336082e-01
9.004042568348351594e-01
9.002370481770251009e-01
9.001286451363167407e-01
8.999511342169443928e-01
8.998283071687770418e-01
8.996394402001965940e-01
8.995013266763575155e-01
8.993000141467424324e-01
8.991457053746241268e-01
8.989308266045474838e-01
8.987593737609358424e-01
8.985297833109970878e-01
8.983402057097861215e-01
8.980947419176251723e-01
8.978860374133857958e-01
8.976235333345763401e-01
8.973946912147969801e-01
8.971139882251751851e-01
8.968640048332147119e-01
8.965639691043799653e-01
8.962918663750545356e-01
8.959714083583871780e-01
8.956762553489121537e-01
8.953343522803007826e-01
8.950152896309200301e-01
8.946510108909045966e-01
8.943072779372923664e-01
8.939198128525523979e-01
8.935507768254846717e-01
8.931394641700920456e-01
8.927446505434771806e-01
8.923090085747127365e-01
8.918881311521708044e-01
8.914278864985203388e-01
8.909808752607363269e-01
8.904959883634027129e-01
8.900230124420032141e-01
8.895136965605470181e-01
8.890151789881443056e-01
8.884819090537923181e-01
8.879585292177485378e-01
8.874020361252165090e-01
8.868547152186453397e-01
8.862759606046191063e-01
8.857058249581191145e-01
8.851059512869846602e-01
8.845142684752873574e-01
8.838945195653553633e-01
8.832826028686412423e-01
8.826442111291945558e-01
8.820132895989811761e-01
8.813573285364434406e-01
8.807083829080060156e-01
8.800355872343962327e-01
8.793691565524219822e-01
8.786797177556072702e-01
8.779956880300752164e-01
8.772890406220411608e-01
8.765864350258146809e-01
8.758610575848716495e-01
8.751378570960891556e-01
8.743911217885619314e-01
8.736441545000889208e-01
8.728722672836931595e-01
8.720972116273738584e-01
8.712952900404035139e-01
8.704868385827195798e-01
8.696491710546757625e-01
8.688013930107433280e-01
8.679219083918897626e-01
8.670288259106450068e-01
8.661017700150624998e-01
8.651581219468752471e-01
8.641788869943807239e-01
8.631809939522354647e-01
8.621469794179965618e-01
8.610935517741307166e-01
8.600048622528384534e-01
8.588975246757316606e-01
8.577572543907087121e-01
8.566005253038556644e-01
8.554143742978630449e-01
8.542148751408785712e-01
8.529899298835741384e-01
8.517547463816247388e-01
8.504974695186946487e-01
8.492318634196984739e-01
8.479456698305092299e-01
8.466507102703570986e-01
8.453338860222525675e-01
8.440049158530381623e-01
8.426498959128280175e-01
8.412768583299086167e-01
8.398717743775518940e-01
8.384420471549963727e-01
8.369747649790180155e-01
8.354781372584960675e-01
8.339417132886502992e-01
8.323756789649462418e-01
8.307727119664081172e-01
8.291450548843523061e-01
8.274877620906433418e-01
8.258136216554056164e-01
8.241177995480981622e-01
8.224109807979278486e-01
8.206857396092543944e-01
8.189485287002377101e-01
8.171882376113028812e-01
8.154075675855378957e-01
8.135938887693583421e-01
8.117499055067221025e-01
8.098661051720770221e-01
8.079497643707951315e-01
8.059976535577263457e-01
8.040222894961903677e-01
8.020241355241074510e-01
8.000153470119968357e-01
7.979926317169132588e-01
7.959607292833502656e-01
7.939084403861597083e-01
7.918339973400667642e-01
7.897248040359737820e-01
7.875831766374388199e-01
7.854060104539993814e-01
7.832061794858735659e-01
7.809882531024290309e-01
7.787649561944690602e-01
7.765326646032382207e-01
7.742904230421999712e-01
7.720230589938960053e-01
7.697265573251936832e-01
7.673948048951301226e-01
7.650401210029706967e-01
7.626705906652119227e-01
7.602997951895593687e-01
7.579220712907069890e-01
7.555302812099065068e-01
7.531071569968528223e-01
7.506533281653549050e-01
7.481746128289249453e-01
7.456903890388492107e-01
7.432028668310709518e-01
7.407059534043741733e-01
7.381785685988566659e-01
7.356184032819695906e-01
7.330340906198763440e-01
7.304464621933998147e-01
7.278518263058685323e-01
7.252348976118430102e-01
7.225776779890187296e-01
7.198938995549291064e-01
7.172002083719206667e-01
7.144989585536737353e-01
7.117631369509964667e-01
7.089869622671467475e-01
7.061873278992070180e-01
7.033814911057965080e-01
7.005453499198245337e-01
6.976641660059418326e-01
6.947540150954650828e-01
6.918355197286030212e-01
6.888813125875734578e-01
6.858809377029565502e-01
6.828588513815455618e-01
6.798225329123565031e-01
6.767373730141462707e-01
6.736200031709477232e-01
6.704909962305078963e-01
6.673247781393125688e-01
6.641173915216467272e-01
6.609045029023395967e-01
6.576534176234721807e-01
6.543690920109140885e-01
6.510770843607666114e-01
6.477474088285996023e-01
6.443928750531899841e-01
6.410301773367516054e-01
6.376219148439375983e-01
6.342123882226745613e-01
6.307655130299502089e-01
6.273012325639670816e-01
6.238163444813848990e-01
6.202995137419008431e-01
6.167698198961516498e-01
6.132033085038877118e-01
6.096232270296997324e-01
6.060072881877787143e-01
6.023743925144841027e-01
5.987084036739419579e-01
5.950228724635022726e-01
5.913073003354052393e-01
5.875712993455831645e-01
5.838082702351834463e-01
5.800252113181293412e-01
5.762178211746133982e-01
5.723912118495338985e-01
5.685422134966086061e-01
5.646744263536591646e-01
5.607851574854315624e-01
5.568768730061983696e-01
5.529472271802928773e-01
5.489980986202922519e-01
5.450277208404118445e-01
5.410379495494658242e-01
5.370278060092319450e-01
5.329993450106573771e-01
5.289521688371113806e-01
5.248882084413876159e-01
5.208070310055793462e-01
5.167099045869154583e-01
5.125959140304726658e-01
5.084656429513789710e-01
5.043180576559707085e-01
5.001538636481097644e-01
4.959728331249734778e-01
4.917765710135832968e-01
4.875658479953153823e-01
4.833426274813201751e-01
4.791074226585079199e-01
4.748610590989086888e-01
4.706026723043989501e-01
4.663318834266893531e-01
4.620476605953118265e-01
4.577505701477200262e-01
4.534414917719096216e-01
4.491227869353670576e-01
4.447961188060610693e-01
4.404628900306066241e-01
4.361226038194412902e-01
4.317744828046363170e-01
4.274174531583663783e-01
4.230522531726523261e-01
4.186806051664632156e-01
4.143052044354788577e-01
4.099273557284173752e-01
4.055470828340388967e-01
4.011630239612891113e-01
3.967748591048194107e-01
3.923836393776513609e-01
3.879918481058856061e-01
3.836009850462694382e-01
3.792112240895152975e-01
3.748217566749352248e-01
3.704330652135163215e-01
3.660466600855027952e-01
3.616640874084943169e-01
3.572853949706173982e-01
3.529106283115212572e-01
3.485408506860818156e-01
3.441778261235632907e-01
3.398218769376892823e-01
3.354728161308986323e-01
3.311317901434735478e-01
3.268009864131854458e-01
3.224805881856452339e-01
3.181698571756541027e-01
3.138702971463716573e-01
3.095844836137665035e-01
3.053119766212081254e-01
3.010520175370814955e-01
2.968070429144873401e-01
2.925787221868147991e-01
2.883658381655281877e-01
2.841696198100826520e-01
2.799923666859988614e-01
2.758334121328548938e-01
2.716935523531291974e-01
2.675747088984025135e-01
2.634766692153475143e-01
2.594008031189349861e-01
2.553479539411727672e-01
2.513182744921865774e-01
2.473138203278359981e-01
2.433339664067147856e-01
2.393805303443317656e-01
2.354539079308881899e-01
2.315545234246584316e-01
2.276841769657681758e-01
2.238424566472048405e-01
2.200312906255067757e-01
2.162505009604605566e-01
2.125014940594516510e-01
2.087844391953657119e-01
2.051004623337024102e-01
2.014500993567475695e-01
1.978343294641280725e-01
1.942536710170461867e-01
1.907090223695317721e-01
1.872008024140563442e-01
1.837298247924133709e-01
1.802966125477240000e-01
1.769019449040926950e-01
1.735463073066510209e-01
1.702304097044294862e-01
1.669546779742204501e-01
1.637198281812469458e-01
1.605263265362893155e-01
1.573748142631677394e-01
1.542656738478521417e-01
1.511994320644437784e-01
1.481764670454924770e-01
1.451972834836458004e-01
1.422622215441738391e-01
1.393717091055886592e-01
1.365260432637703247e-01
1.337256280303438238e-01
1.309706883440623082e-01
1.282615442892195701e-01
1.255983550968098605e-01
1.229813707186863253e-01
1.204107027608636166e-01
1.178865436296540753e-01
1.154089515034856378e-01
1.129780502048491481e-01
1.105938471237927490e-01
1.082563893324280380e-01
1.059655837154007962e-01
1.037213972175823756e-01
1.015236952082215066e-01
9.937235785253108189e-02
9.726716098198096017e-02
9.520794007281510596e-02
9.319442433581158480e-02
9.122636771377391762e-02
8.930340505720529842e-02
8.742521298048823442e-02
8.559136742481818216e-02
8.380146852726085005e-02
8.205500403003151977e-02
8.035151049014624403e-02
7.869042930397594782e-02
7.707122096394174171e-02
7.549324565293519251e-02
7.395590988755551543e-02
7.245853918024744433e-02
7.100046559859615747e-02
6.958092524217278363e-02
6.819920028708260917e-02
6.685451145522790239e-02
6.554608583168329561e-02
6.427307206769641845e-02
6.303465677278956292e-02
6.182997365030023368e-02
6.065816762845328836e-02
5.951831938967239166e-02
5.840954879133451044e-02
5.733092930387678060e-02
5.628155754826037055e-02
5.526047582782413203e-02
5.426676203492336592e-02
5.329948112022983575e-02
5.235772000970489309e-02
5.144051112183181673e-02
5.054693632554899119e-02
4.967607119598341919e-02
4.882702937926780562e-02
4.799887612333559456e-02
4.719073033686017882e-02
4.640172219418038646e-02
4.563101433243253735e-02
4.487774022750994768e-02
4.414108779026849200e-02
4.342027031804197856e-02
4.271453178167090164e-02
4.202309511254288810e-02
4.134524417629237975e-02
4.068029103662771512e-02
4.002759062206139029e-02
3.938646429803214360e-02
3.875629480963551504e-02
3.813652439882528333e-02
3.752660154702148337e-02
3.692598406107155951e-02
3.633416605978842528e-02
3.575068202314136967e-02
3.517511835493878497e-02
3.460703857045194926e-02
3.404604568273160436e-02
3.349179387553361670e-02
3.294397103768789692e-02
3.240224919593585884e-02
3.186633228349550206e-02
3.133597661333378109e-02
3.081097347163754344e-02
3.029107499893584840e-02
2.977607553676686267e-02
2.926582607463578886e-02
2.876020346175386586e-02
2.825903375794254144e-02
2.776217509125908714e-02
2.726954880874821532e-02
2.678111055316461514e-02
2.629674860189728722e-02
2.581638128111148414e-02
2.533997945719890232e-02
2.486754419328220111e-02
2.439900797912685632e-02
2.393433425003959128e-02
2.347354022073762717e-02
2.301666286595588709e-02
2.256367277684586184e-02
2.211455756360629007e-02
2.166935976184439575e-02
2.122814624972311701e-02
2.079091144040512429e-02
2.035766329488357049e-02
1.992846350227808067e-02
1.950339325949151589e-02
1.908246587113385587e-02
1.866569598377243802e-02
1.825315076469963271e-02
1.784492265067174829e-02
1.744103175754407875e-02
1.704149915336517288e-02
1.664638698960694760e-02
1.625579959843795330e-02
1.586974948603455185e-02
1.548825816664153865e-02
1.511138296937629411e-02
1.473922974755374586e-02
1.437180913872762762e-02
1.400913774839665851e-02
1.365125886402957130e-02
1.329826743748008938e-02
1.295017285822239704e-02
1.260697878552028382e-02
1.226871745972748541e-02
1.193548064985103414e-02
1.160726476016518162e-02
1.128406219068003868e-02
1.096588461172012460e-02
1.065281592150851310e-02
1.034484607924712751e-02
1.004195594851042123e-02
9.744146858698976912e-03
9.451496523792096704e-03
9.163990033015885495e-03
8.881594163861269639e-03
8.604294115435956111e-03
8.332161322742722559e-03
8.065177322679421140e-03
7.803302115063889648e-03
7.546511325728569655e-03
7.294870617243516889e-03
7.048363272978099524e-03
6.806936596565709569e-03
6.570556845207551483e-03
6.339288400759887296e-03
6.113107496250236653e-03
5.891956295817400366e-03
5.675787737877404857e-03
5.464653746091738609e-03
5.258523005295758813e-03
5.057323704921986088e-03
4.860991726766570806e-03
4.669566998610989901e-03
4.483011485505572664e-03
4.301236107500383543e-03
4.124159122951124613e-03
3.951809687705546727e-03
3.784148968941603366e-03
3.621091171279837862e-03
3.462551993027533376e-03
3.308559629241342170e-03
3.159088771638558606e-03
3.014074199109894204e-03
2.873445345464422773e-03
2.737239902086198960e-03
2.605452207014435830e-03
2.478022853079400820e-03
2.354882358071453113e-03
2.236058658112137238e-03
2.121532508398531365e-03
2.011223628472913819e-03
1.905036603375205627e-03
1.802953187470868841e-03
1.704922527572384642e-03
1.610831138136119365e-03
1.520561594532704669e-03
1.434073593811275226e-03
1.351304640864616803e-03
1.272155660378461407e-03
1.196530008085877356e-03
1.124394122229440025e-03
1.055702580137333080e-03
9.903708915810279390e-04
9.283094647266908238e-04
8.694630394493154573e-04
8.137597757314529766e-04
7.610970964481926070e-04
7.113853356828915651e-04
6.645653088760354165e-04
6.206048242718341336e-04
5.794667850692330905e-04
5.411467049828344242e-04
5.056427196735301284e-04
4.729412483499519830e-04
4.429528679574892304e-04
4.155328580142302812e-04
3.904162873874588119e-04
3.672586425545230709e-04
3.456146548029426636e-04
3.250261399444117055e-04
3.050198923242572512e-04
2.852011622002256991e-04
2.652645372667863715e-04
2.450456848602085790e-04
2.244406737654292851e-04
2.034202250389265945e-04
1.819540142273205882e-04
1.600244878784478578e-04
1.375562524120058430e-04
1.145120556768642190e-04
9.092814813553262959e-05
6.701818560280906967e-05
4.313512452379434482e-05
1.981769359751189713e-05
-2.301681911670343619e-06
-2.256380398232176845e-05
-4.046917846082347250e-05
-5.570947021873922869e-05
-6.821240268401989443e-05
-7.808134400725346943e-05
-8.558381228630390386e-05
-9.103286216366007723e-05
-9.473457097424049474e-05
-9.694517584822007379e-05
-9.793087199867569234e-05
-9.796263127884183102e-05
-9.732391065799955992e-05
-9.628378125380950188e-05
-9.509180140822308294e-05
-9.391251267674153224e-05
-9.278691982035826996e-05
-9.162967303673891640e-05
-9.030042717955564418e-05
-8.866274406479767594e-05
-8.663735564985536807e-05
-8.423031165088436451e-05
-8.153675626456308525e-05
-7.868678653088638552e-05
-7.577628380195372678e-05
-7.282933531514884683e-05
-6.981885250252742097e-05
-6.670899185048900077e-05
-6.348716961328333577e-05
-6.019292887770218159e-05
-5.691512463727977186e-05
-5.375494483852688278e-05
-5.077730610206438247e-05
-4.799657260951317636e-05
-4.537550618788593719e-05
-4.286146069020051457e-05
-4.042235791769492614e-05
-3.805660351982205199e-05
-3.578609845804264853e-05
-3.364835250220827721e-05
-3.165759347137519797e-05
-2.979796498955068231e-05
-2.804579907542602643e-05
-2.637565906666059179e-05
-2.477243317515492481e-05
-2.324519192819351416e-05
-2.180216251293214683e-05
-2.044999279969129038e-05
-1.919625643657355509e-05
-1.801553757523928359e-05
-1.688611906914193352e-05
-1.580788253971339419e-05
-1.478178968208640427e-05
-1.382301011246543178e-05
-1.294190697332558370e-05
-1.211437519479582644e-05
-1.132259405723964485e-05
-1.056796970824759461e-05
-9.862673924487195873e-06
-9.207678246145946342e-06
-8.593011578191029649e-06
-8.008317106882473709e-06
-7.465867178657612779e-06
-6.966536052908945169e-06
-6.487307720128805516e-06
-6.031192778332002837e-06
-5.604910272970138493e-06
-5.202332432207283420e-06
-4.829304935256352279e-06
-4.488590871278288569e-06
-4.167723285238806121e-06
-3.851337951142818226e-06
-3.555127549957347072e-06
-3.293242075043457373e-06
-3.046675863262834525e-06
-2.809900918687413535e-06
-2.594389418631440655e-06
-2.386910930084989608e-06
-2.195361974380061672e-06
-2.027917813305456834e-06
-1.866148790337755204e-06
-1.701090059812379714e-06
-1.562921774484150161e-06
-1.443022389831173312e-06
-1.319741049398150779e-06
-1.194966406585819526e-06
-1.092339540957206918e-06
-1.006673671035106474e-06
-9.106356517018954998e-07
-8.245716597086860110e-07
-7.487112002444821876e-07
-6.833867783390620930e-07
-6.133416484640975120e-07
-5.528599612416751820e-07
-4.991989674535304326e-07
-4.485198509953974721e-07
-4.014137597690608344e-07
-3.579350369289075558e-07
-3.218047524294527608e-07
-2.834004604285051115e-07
-2.521628765791363906e-07
-2.215327009991920925e-07
-1.962873184938285774e-07
-1.695176637590060191e-07
-1.479721224609066410e-07
-1.278245413029731212e-07
-1.093670508312173981e-07
-9.246010670341342501e-08
-7.652564758539260578e-08
-6.391957133051880549e-08
-5.061607894761775881e-08
-4.076932681144262526e-08
-2.946862376148862124e-08
-2.148902181873528524e-08
-1.231756792152168717e-08
-7.022553950248921320e-09
2.572022717811136578e-10
5.626705521479184017e-09
1.147126966707957702e-08
1.392650319168410848e-08
1.810114505698918500e-08
2.188624920166745873e-08
2.540473525005592137e-08
2.592246153450171194e-08
2.784177791337086417e-08
3.047656359130082147e-08
3.252772632820289068e-08
3.182832772211370663e-08
3.229462302427444351e-08
3.403400542271110791e-08
3.514327526077080312e-08
3.367616608690705929e-08
3.326808364044702499e-08
3.430114647612632273e-08
3.478339174405071800e-08
3.298016372564976147e-08
3.209703895270437552e-08
3.251789588491825940e-08
3.265740065382444842e-08
3.071358627721749883e-08
2.959902718328453729e-08
2.963133343770878466e-08
2.950560106840308021e-08
2.762022880083166589e-08
2.641951924559480410e-08
2.618962075834227758e-08
2.590075706229492569e-08
2.416089109639577269e-08
2.296855390986375208e-08
2.257934953014474500e-08
2.220514717217568559e-08
2.067118089825883779e-08
1.951498982727907303e-08
1.905752697075359255e-08
1.862116697953642059e-08
1.731787180690595437e-08
1.624944472299530001e-08
1.577146372250317062e-08
1.528959027510582413e-08
1.422472951142023896e-08
1.324558720154592518e-08
1.279959966799966956e-08
1.229618489946760416e-08
1.143945669353361554e-08
1.056340874711730083e-08
1.017556196807133354e-08
9.661586710048495485e-09
8.986726444346745929e-09
8.233634685540595530e-09
7.885497817398924280e-09
7.401886217778793905e-09
6.876035356470491647e-09
6.231538919773028172e-09
5.936883868003011827e-09
5.486775998488924155e-09
5.090535482308642279e-09
4.536383507881722517e-09
4.292493221275509407e-09
3.891737304743900678e-09
3.589399417084948864e-09
3.121225292911212011e-09
2.925041635348052380e-09
2.573847101232706389e-09
2.348816092791026828e-09
1.957135853059729967e-09
1.804107625340539459e-09
1.503208496657805438e-09
1.336053703271163791e-09
1.015203516500666738e-09
8.926440846173517599e-10
6.416419298599525156e-10
5.127349204419897363e-10
2.556273927405786997e-10
1.553093461955583715e-10
-4.778960867184198438e-11
-1.482035613628406528e-10
-3.490479983667310354e-10
-4.302434142095946670e-10
-5.917082643447243125e-10
-6.702695509179156708e-10
-8.259134706097779480e-10
-8.913036773250786047e-10
-1.017950578196153056e-09
-1.077617012287632675e-09
-1.194513385082119107e-09
-1.243626608068889961e-09
-1.339656212064449016e-09
-1.382931831397375838e-09
-1.468886849751796506e-09
-1.503883800519553748e-09
-1.573956293835485982e-09
-1.601775553866434970e-09
-1.660837095139997847e-09
-1.682044761217775320e-09
-1.731060167627831859e-09
-1.747292391441262096e-09
-1.786001904584114828e-09
-1.796012239030713827e-09
-1.827879328205262516e-09
-1.834527312436304450e-09
-1.857836421284527164e-09
-1.859543899258936720e-09
-1.877798288888448239e-09
-1.875570764773831411e-09
-1.885095633988512513e-09
-1.877704763425124491e-09
-1.883011886570180828e-09
-1.871071838199004632e-09
-1.866973877956459532e-09
-1.849523947033233040e-09
-1.842267925193329117e-09
-1.821294881236529601e-09
-1.806117910927080207e-09
-1.780886813844768673e-09
-1.764293132747942591e-09
-1.736991807069536091e-09
-1.713861251381452317e-09
-1.682124253306338607e-09
-1.656724879476806264e-09
-1.622051845670434484e-09
-1.589560234621512294e-09
-1.549166482706606486e-09
-1.514193217304722129e-09
-1.472064027844086852e-09
-1.431664176999765672e-09
-1.385603016539449855e-09
-1.344871346116467204e-09
-1.297834225988969651e-09
-1.252004496305885837e-09
-1.200601186195894691e-09
-1.152731974602476248e-09
-1.099802498956350189e-09
-1.048002094382111205e-09
-9.924485684240508023e-10
-9.412428812463435895e-10
-8.862785130570192942e-10
-8.327817590993905389e-10
-7.755167573550493221e-10
-7.218835916378628595e-10
-6.653414973525351017e-10
-6.113213877193142650e-10
-5.555987663705999183e-10
-5.042505380281677010e-10
-4.509986441787833142e-10
-4.001733779957641611e-10
-3.482466553262495986e-10
-3.012922615032074486e-10
-2.545168761527125305e-10
-2.116127279172381802e-10
-1.686051576528009769e-10
-1.304213413868322468e-10
-9.325376281389882045e-11
-6.113005082829486646e-11
-3.046511230928886199e-11
-4.967221293297401799e-12
1.907693204804025560e-11
3.775828947558829622e-11
5.411618028102928303e-11
6.514920535432332185e-11
7.471814925937156640e-11
7.931013482533907114e-11
8.166347875406449955e-11
7.940799639632716990e-11
7.622502652504196205e-11
6.897162043537250515e-11
6.060319706838606499e-11
4.959432668511978989e-11
3.887666365158565732e-11
2.562759394153600536e-11
1.354726655495090691e-11
1.092276499162302385e-12
-1.002050986121512315e-11
-2.103651807206436490e-11
-2.859436092385376140e-11
-3.591443559424561798e-11
-4.001906975420432853e-11
-4.186719948154102083e-11
-4.110732022230362456e-11
-3.860987703008761855e-11
-3.279353453419421722e-11
-2.681925053068410118e-11
-1.760433279961411658e-11
-9.237682459021693894e-12
5.973310756037946467e-13
9.426382099746503542e-12
1.765855216633107181e-11
2.428242046780834122e-11
2.897527129931868785e-11
3.169663878424204398e-11
3.213160375576583648e-11
3.048845059905727921e-11
2.709067384775525469e-11
2.226740132440984800e-11
1.692047362065379855e-11
1.145714486121507768e-11
6.863975382492186133e-12
3.319285679923413754e-12
1.751077161181659315e-12
1.824192253976772386e-12
3.979708917435260833e-12
7.331273215613166895e-12
1.178261307476831246e-11
1.615070085745778883e-11
2.011493522723378548e-11
2.257614606664362783e-11
2.358978159411323931e-11
2.263614663367093683e-11
2.046668233092610439e-11
1.725529460797792589e-11
1.422826477412079559e-11
1.175989938013535136e-11
1.087310455024105770e-11
1.137522126649023122e-11
1.343169884155490999e-11
1.606345842888784843e-11
1.873411869068466252e-11
2.030233203043968667e-11
2.062987541981396442e-11
1.936285188078195119e-11
1.739952480427569306e-11
1.528026759538217104e-11
1.416791515501869673e-11
1.429385949350042345e-11
1.574889849372667962e-11
1.759637548814753016e-11
1.910891716510322514e-11
1.935261674645198944e-11
1.847169411682912928e-11
1.686162673776082650e-11
1.572612974067920326e-11
1.558162082579473041e-11
1.665828206082374470e-11
1.800491560860779642e-11
1.880753663939880696e-11
1.836644201238116972e-11
1.726740513217916783e-11
1.632088963659456533e-11
1.646569445280287569e-11
1.739863364287602071e-11
1.833077931634279191e-11
1.826250388241052572e-11
1.743724861814166203e-11
1.669835032256110766e-11
1.696525385227113023e-11
1.777651613815841765e-11
1.821944467645339151e-11
1.769643233374044482e-11
1.704447527016207847e-11
1.709805308036711858e-11
1.781000444957023967e-11
1.802067253660230915e-11
1.751901363613680087e-11
1.711593962164914229e-11
1.752744059409061749e-11
1.794331314864801167e-11
1.766658019879292270e-11
1.724201107902558610e-11
1.754465357356517486e-11
1.787414795063912037e-11
1.758917654393869392e-11
1.733393860334566967e-11
1.770612639393216749e-11
1.776839565793880455e-11
1.743799285088757421e-11
1.754754888719432046e-11
1.779495015124024132e-11
1.751399028373591900e-11
1.753634405555259475e-11
1.775386745622748569e-11
1.754615366849136854e-11
1.756541021471744352e-11
1.773203588650108660e-11
1.752253529536124977e-11
1.764659118456545774e-11
1.766129712262826178e-11
1.754529907635754378e-11
1.769780019465815898e-11
1.757268398791887740e-11
1.764252303011877615e-11
1.763463464360042976e-11
1.759669688672971810e-11
1.766471332686730820e-11
1.758562550828312724e-11
1.766657371867435361e-11
1.759252614014775239e-11
1.765886249596924861e-11
1.760257607548220516e-11
1.765128226359627117e-11
1.761052972414258764e-11
1.764608443656242350e-11
1.761593501509600306e-11
1.764288757986556075e-11
1.761952507680445344e-11
1.764094778071702185e-11
1.762198337488835155e-11
1.763972845574584525e-11
1.762374783202135528e-11
1.763891379328974586e-11
1.762507216464436858e-11
1.763832853351560184e-11
1.762610167359009402e-11
1.763787562529305848e-11
1.762692190366660253e-11
1.763750006516620421e-11
1.762758546911561264e-11
1.763716959951690495e-11
1.762812628642419770e-11
1.763686456948133232e-11
1.762856718363470482e-11
1.763657248212836106e-11
1.762892408607340052e-11
1.763628502388134821e-11
1.762920840632405433e-11
1.763599636236773380e-11
1.762942846387919186e-11
1.763570214793711384e-11
1.762959036149817484e-11
1.763539890731901354e-11
1.762969854537504282e-11
1.763508366374228807e-11
1.762975617436115202e-11
1.763475369138463187e-11
1.762976536931034082e-11
1.763440635133437207e-11
1.762972738467274630e-11
1.763403897786156112e-11
1.762964272757924725e-11
1.763364879607513887e-11
1.762951124040326580e-11
1.763323285912227544e-11
1.762933215697637222e-11
1.763278799742242291e-11
1.762910413919823254e-11
1.763231077506727796e-11
1.762882529844015570e-11
1.763179745004880062e-11
1.762849320485963841e-11
1.763124393616488461e-11
1.762810488671633520e-11
1.763064576492299516e-11
1.762765682117451446e-11
1.762999804650245286e-11
1.762714491760825949e-11
1.762929542873970072e-11
1.762656449413593462e-11
1.762853205371681873e-11
1.762591024791663022e-11
1.762770151131037914e-11
1.762517621952578461e-11
1.762679678945601006e-11
1.762435575169812931e-11
1.762581022074352782e-11
1.762344144260099292e-11
1.762473342514039546e-11
1.762242509377316576e-11
1.762355724871320394e-11
1.762129765291198343e-11
1.762227169820329178e-11
1.762004915161409811e-11
1.762086587151515216e-11
1.761866863826740764e-11
1.761932788411952428e-11
1.761714410637773593e-11
1.761764479160043363e-11
1.761546241868088935e-11
1.761580250869526439e-11
1.761360922752314933e-11
1.761378572528236401e-11
1.761156889215495003e-11
1.761157782005079091e-11
1.760932439385281581e-11
