# bin_7_4
1.268024542788466491e-01
1.267871709296727878e-01
1.267820104223399691e-01
1.267660614165674604e-01
1.267596246410223892e-01
1.267429073274303486e-01
1.267351208008794805e-01
1.267175268646621999e-01
1.267083093121825765e-01
1.266897244343843376e-01
1.266789866032914103e-01
1.266592901713612940e-01
1.266469346944523455e-01
1.266259995800327887e-01
1.266119209060845019e-01
1.265896133294909520e-01
1.265736977429642585e-01
1.265498772471212452e-01
1.265320030026667875e-01
1.265065225631041845e-01
1.264865601636491477e-01
1.264592664648333531e-01
1.264370791164241281e-01
1.264078130286371004e-01
1.263832573082903088e-01
1.263518546025789446e-01
1.263247813788022089e-01
1.262910737204898104e-01
1.262613293682650351e-01
1.262251456309713138e-01
1.261925735839075913e-01
1.261537415259636752e-01
1.261181842066300962e-01
1.260765325488857058e-01
1.260378337139494709e-01
1.259931946512007073e-01
1.259512021786703406e-01
1.259034143452167354e-01
1.258579834763851324e-01
1.258068953677058122e-01
1.257578923935278870e-01
1.257033662190537304e-01
1.256506725689652826e-01
1.255925884733946341e-01
1.255361051209160639e-01
1.254743656617506586e-01
1.254140177046563498e-01
1.253485524097211756e-01
1.252842936112393002e-01
1.252150633613362263e-01
1.251468803528721085e-01
1.250738812416967993e-01
1.250017969881766500e-01
1.249250632069173611e-01
1.248491392273473749e-01
1.247687444112321742e-01
1.246890811379383207e-01
1.246051375072466383e-01
1.245218720710796895e-01
1.244345266168729314e-01
1.243478272836459342e-01
1.242572542140965020e-01
1.241673106992286779e-01
1.240736994096864471e-01
1.239807084017163497e-01
1.238842464038635433e-01
1.237883918804671274e-01
1.236892424723132627e-01
1.235906708454119624e-01
1.234889458754736408e-01
1.233877367023094307e-01
1.232834656179647714e-01
1.231795995915891395e-01
1.230726970754774524e-01
1.229660242488361671e-01
1.228562600947175065e-01
1.227464727144398637e-01
1.226334490426742724e-01
1.225200647796360759e-01
1.224032069820686353e-01
1.222855694095197343e-01
1.221641379252790954e-01
1.220414413085429417e-01
1.219145708828669461e-01
1.217859150562611292e-01
1.216526858272441169e-01
1.215171634370973558e-01
1.213767033649038457e-01
1.212335154982599750e-01
1.210851259433085997e-01
1.209337130926033260e-01
1.207769991481259658e-01
1.206171635352539101e-01
1.204521396818044737e-01
1.202841246640043160e-01
1.201112578385496732e-01
1.199357447857277159e-01
1.197558962628641893e-01
1.195738848225879059e-01
1.193881255839296246e-01
1.192006855569385931e-01
1.190099919219410746e-01
1.188179167980206036e-01
1.186228034237895995e-01
1.184262517547012006e-01
1.182264565592264227e-01
1.180247197582089402e-01
1.178190945764338582e-01
1.176106463877399089e-01
1.173973913442074579e-01
1.171803169888153834e-01
1.169575918158512473e-01
1.167303415390514715e-01
1.164970917648935622e-01
1.162592823203255077e-01
1.160158981775010756e-01
1.157687042732643973e-01
1.155170322589144927e-01
1.152627423043619398e-01
1.150051708422951124e-01
1.147458712813234361e-01
1.144837765182025457e-01
1.142198099010523632e-01
1.139523362534693302e-01
1.136817208266496515e-01
1.134060890916539777e-01
1.131258159011131192e-01
1.128394902214499285e-01
1.125481875964419454e-01
1.122514405956019923e-01
1.119511259145697241e-01
1.116473282752184493e-01
1.113418767990526637e-01
1.110342812957992448e-01
1.107252546886094008e-01
1.104131039738342202e-01
1.100975629358579289e-01
1.097767221111776853e-01
1.094509393020541843e-01
1.091197377467477275e-01
1.087850790754436026e-01
1.084476446216128542e-01
1.081093783575233641e-01
1.077697177670996487e-01
1.074285401428260039e-01
1.070835317047925395e-01
1.067341108121444421e-01
1.063793331029220246e-01
1.060210942002584311e-01
1.056605976499665756e-01
1.052999339911771803e-01
1.049382237571645504e-01
1.045744240706816819e-01
1.042058974167465041e-01
1.038327803682932565e-01
1.034559301482764898e-01
1.030783251671625322e-01
1.027002758910336849e-01
1.023209070993082725e-01
1.019370026643609956e-01
1.015482628339301613e-01
1.011559701651573023e-01
1.007633307900003550e-01
1.003697609665288315e-01
9.997300015813317953e-02
9.957029822381552320e-02
9.916378937162842466e-02
9.875596836527159028e-02
9.834724731152053034e-02
9.793350976859863111e-02
9.751393610644171206e-02
9.709105653975177996e-02
9.666753902025090883e-02
9.623970512538647382e-02
9.580537715829740009e-02
9.536695806201732351e-02
9.492762230928307454e-02
9.448319306201498347e-02
9.403213717650708847e-02
9.357812227417902640e-02
9.312232863788495740e-02
9.265947905165418386e-02
9.219213774586601517e-02
9.172338143492120288e-02
9.124938295319949544e-02
9.076950484137728814e-02
9.028919223197344468e-02
8.980345776420904647e-02
8.931309795089036052e-02
8.882194797314078849e-02
8.832551610154072697e-02
8.782571090027299632e-02
8.732511147077301472e-02
8.681802817331105149e-02
8.631122294654644533e-02
8.579920907013836862e-02
8.528506242855238284e-02
8.476827693927746488e-02
8.424719233966329601e-02
8.372467570108547974e-02
8.319715292862844835e-02
8.266811888281620779e-02
8.213424623074717934e-02
8.159836652843251159e-02
8.105807707666869144e-02
8.051539448370892416e-02
7.996876447309950176e-02
7.941960522558585978e-02
7.886695171606168675e-02
7.831182922674566338e-02
7.775362463841874183e-02
7.719308510938761858e-02
7.662977606301682454e-02
7.606422424547688854e-02
7.549607263122060097e-02
7.492567974190672553e-02
7.435273857395011121e-02
7.377751232561979844e-02
7.319976882766585091e-02
7.261975268431321295e-02
7.203733310675604351e-02
7.145277031636748655e-02
7.086601087755470263e-02
7.027729541644173183e-02
6.968657278934037302e-02
6.909400178514608915e-02
6.849948200984080915e-02
6.790309577820805020e-02
6.730474659717268493e-02
6.670454939049046128e-02
6.610253018294948157e-02
6.549893014818959636e-02
6.489390731815138091e-02
6.428773818653389649e-02
6.368052708706870013e-02
6.307237490295047877e-02
6.246318234527558494e-02
6.185287898370752518e-02
6.124134708323523274e-02
6.062865890859463203e-02
6.001497508648540036e-02
5.940062648123418942e-02
5.878588358062179775e-02
5.817093710855252703e-02
5.755574519602265487e-02
5.694018501817531969e-02
5.632412982217452346e-02
5.570767128507942562e-02
5.509107883064424949e-02
5.447472163445302856e-02
5.385880743296388162e-02
5.324332272366400637e-02
5.262809140378611750e-02
5.201304892047853290e-02
5.139836572425054984e-02
5.078438982359350512e-02
5.017137420584560220e-02
4.955935196011534982e-02
4.894824302303926733e-02
4.833810474923409817e-02
4.772916769297916306e-02
4.712164024652938654e-02
4.651555831846500288e-02
4.591092371467288963e-02
4.530790294875092217e-02
4.470672626409553235e-02
4.410745851384107602e-02
4.351006919516696436e-02
4.291473459306878457e-02
4.232173100102339103e-02
4.173108370088851604e-02
4.114268730022880433e-02
4.055679816653727510e-02
3.997377886607991759e-02
3.939356335372336954e-02
3.881601173656532011e-02
3.824148595945765783e-02
3.767022819101598086e-02
3.710208544804872999e-02
3.653721134904849843e-02
3.597593611918557116e-02
3.541814212014215285e-02
3.486393600326692654e-02
3.431357874434988464e-02
3.376706039517255592e-02
3.322455019299785928e-02
3.268616503710207455e-02
3.215190900906785693e-02
3.162206759054955046e-02
3.109653574667609749e-02
3.057556585245106706e-02
3.005918271257830912e-02
2.954745550632554077e-02
2.904061943833805351e-02
2.853858884715319150e-02
2.804161068067315479e-02
2.754966209189135470e-02
2.706290488592468305e-02
2.658134760220368098e-02
2.610512089626697632e-02
2.563429332959481222e-02
2.516896002236010052e-02
2.470917582727006137e-02
2.425503376974254971e-02
2.380657309766630661e-02
2.336387036166812092e-02
2.292698406958168511e-02
2.249597421109842538e-02
2.207088716943578569e-02
2.165178536883663810e-02
2.123869931338369724e-02
2.083169276271357520e-02
2.043079449967905373e-02
2.003604697462948309e-02
1.964747260753120506e-02
1.926509743589767398e-02
1.888894591743029566e-02
1.851903685611187150e-02
1.815538491688585554e-02
1.779799982082441376e-02
1.744688757958567232e-02
1.710205218682436454e-02
1.676348745527492246e-02
1.643118303150510606e-02
1.610512660982863636e-02
1.578529846614398768e-02
1.547167638212189854e-02
1.516423628165754559e-02
1.486294720982187130e-02
1.456777375278046384e-02
1.427867693505796565e-02
1.399561333715179136e-02
1.371852950839977554e-02
1.344737479409469430e-02
1.318209232742403522e-02
1.292261871663925518e-02
1.266888816510502135e-02
1.242083243380315456e-02
1.217837947150066102e-02
1.194145332196643733e-02
1.170997130198350375e-02
1.148384920250274631e-02
1.126300117474549577e-02
1.104733702182941237e-02
1.083676133160921089e-02
1.063117833664565214e-02
1.043049228514513968e-02
1.023460061266593529e-02
1.004339955268322530e-02
9.856784702182914623e-03
9.674651600706718133e-03
9.496890696373229065e-03
9.323390956769334742e-03
9.154041357369465531e-03
8.988735125294886746e-03
8.827359257181107907e-03
8.669801182781947113e-03
8.515948247453644995e-03
8.365692110302306445e-03
8.218920983988672879e-03
8.075522768788121614e-03
7.935386735938038810e-03
7.798406738614093413e-03
7.664474592006086627e-03
7.533482391210506030e-03
7.405325509999685640e-03
7.279904603358379987e-03
7.157118266426002427e-03
7.036865830262911160e-03
6.919049249992060939e-03
6.803578454457115399e-03
6.690361738151466738e-03
6.579308176207453000e-03
6.470329665093334064e-03
6.363346788398615249e-03
6.258278514650382138e-03
6.155044767386347315e-03
6.053567944312088743e-03
5.953779978911257799e-03
5.855612131667726691e-03
5.758996336492672868e-03
5.663866521874355402e-03
5.570167088388287141e-03
5.477840508869720113e-03
5.386829591724163688e-03
5.297079749765782990e-03
5.208546464587800184e-03
5.121184061071737924e-03
5.034945904046350673e-03
4.949787502323593075e-03
4.865675733260838194e-03
4.782575522643940993e-03
4.700449871449160003e-03
4.619263767614812180e-03
4.538992940426805379e-03
4.459612378933785343e-03
4.381094177972524178e-03
4.303411437166084624e-03
4.226548697505062499e-03
4.150488604814907279e-03
4.075210025127034251e-03
4.000692671676079476e-03
3.926928144003495429e-03
3.853906580779501139e-03
3.781612757903121940e-03
3.710031390904389072e-03
3.639159187618670483e-03
3.568993283996479450e-03
3.499523835167807784e-03
3.430739699346219748e-03
3.362642589287261237e-03
3.295233554769430757e-03
3.228506476537990836e-03
3.162454101217626167e-03
3.097080278128425124e-03
3.032389999221337534e-03
2.968379161414746309e-03
2.905043316762720169e-03
2.842388533845150323e-03
2.780421694888017287e-03
2.719141439916641315e-03
2.658544021660331613e-03
2.598636754552651786e-03
2.539428578438399000e-03
2.480918511537106869e-03
2.423104238804323681e-03
2.365993132518844685e-03
2.309593876006976569e-03
2.253905452395664390e-03
2.198925881816875174e-03
2.144661379151292357e-03
2.091122644153095827e-03
2.038308901889424214e-03
1.986216630135556431e-03
1.934850943004489711e-03
1.884221599451517881e-03
1.834327360277639716e-03
1.785165003511635659e-03
1.736737761860250584e-03
1.689056078217039810e-03
1.642117488703880111e-03
1.595918297386375714e-03
1.550460035361633142e-03
1.505752761614095100e-03
1.461793839822411343e-03
1.418579230122378075e-03
1.376109574306480119e-03
1.334394332901747433e-03
1.293430341653540238e-03
1.253212591828137355e-03
1.213740736641175186e-03
1.175024123348293592e-03
1.137059546365818416e-03
1.099840905148626990e-03
1.063365520864188946e-03
1.027641842758325510e-03
9.926666055638992767e-04
9.584320979151673492e-04
9.249330029844184467e-04
8.921769836041488176e-04
8.601601834219904912e-04
8.288731461370753588e-04
7.983097865242596517e-04
7.684761213226439132e-04
7.393676092196758975e-04
7.109749990018881171e-04
6.832904223769039860e-04
6.563190156172177400e-04
6.300554845593481831e-04
6.044898008122735278e-04
5.796138396096422096e-04
5.554303527950623558e-04
5.319337893706573310e-04
5.091142773428550261e-04
4.869621262166753126e-04
4.654782478261948052e-04
4.446577706234943741e-04
4.244897377558509927e-04
4.049637191076689113e-04
3.860805710502838994e-04
3.678343955124651612e-04
3.502158967909688170e-04
3.332145715047522935e-04
3.168293555694937417e-04
3.010539303965089329e-04
2.858759840273325417e-04
2.712827851834579882e-04
2.572676312037012200e-04
2.438203511503003859e-04
2.309251112289699523e-04
2.185660631000981252e-04
2.067332886160307202e-04
1.954158540919827378e-04
1.846003974501660009e-04
1.742766017072950831e-04
1.644407039728180183e-04
1.550897541686528127e-04
1.462180466468723339e-04
1.378196723933899253e-04
1.298882729332612651e-04
1.224118961857184672e-04
1.153680663550186585e-04
1.087270379464840399e-04
1.024526564012569446e-04
9.650517066529062753e-05
9.084230059061840429e-05
8.542773970015787670e-05
8.023305376849100481e-05
7.524219719433011496e-05
7.044708840528703607e-05
6.584736192814979853e-05
6.144022778155832590e-05
5.721822504727315495e-05
5.316092466578666698e-05
4.923719336562130174e-05
4.540297124687170930e-05
4.161321219437726587e-05
3.782726579775105971e-05
3.402288612956429838e-05
3.019571853099315935e-05
2.636639315996175842e-05
2.257679143379351670e-05
1.888712658420206125e-05
1.535809563060296887e-05
1.204836827965650680e-05
9.003410639659642373e-06
6.253600162415925463e-06
3.807084644495381005e-06
1.655835597924050423e-06
-2.201354590876664836e-07
-1.844683552522656749e-06
-3.246855245910480752e-06
-4.451271921958549230e-06
-5.478448917784742383e-06
-6.341412040292641856e-06
-7.054522155309023848e-06
-7.630684997281097362e-06
-8.084252423825732332e-06
-8.428641251851507716e-06
-8.680498513636846115e-06
-8.854425829444514289e-06
-8.962116169094971687e-06
-9.012295820145715678e-06
-9.016104911618939345e-06
-8.985572464896051647e-06
-8.933423592730401505e-06
-8.871085302290644017e-06
-8.808541517174959067e-06
-8.750763290401102036e-06
-8.694857133707863529e-06
-8.631532955780872552e-06
-8.548678418277246008e-06
-8.434845474945216462e-06
-8.283644403834302899e-06
-8.095361310347307302e-06
-7.875497743612436364e-06
-7.633038454983327709e-06
-7.376083506734314544e-06
-7.108379710811897891e-06
-6.831611310671736621e-06
-6.548714301256944664e-06
-6.263807716760622561e-06
-5.982247185309849353e-06
-5.709674765750372499e-06
-5.450399896281513930e-06
-5.206950436051071497e-06
-4.978537049391721285e-06
-4.760970582038834808e-06
-4.551273901767472022e-06
-4.347347483400312274e-06
-4.146077896089722247e-06
-3.946710589766492000e-06
-3.751750181408877451e-06
-3.562275968519576612e-06
-3.378935952030237310e-06
-3.201900821266962032e-06
-3.029676209081786928e-06
-2.862835081711687275e-06
-2.703147215399251803e-06
-2.550348353477469850e-06
-2.403835016793625545e-06
-2.264807694052665612e-06
-2.132671260728427016e-06
-2.007274456224281531e-06
-1.889769572903228127e-06
-1.778719120947556825e-06
-1.673103168169967720e-06
-1.574016682589750544e-06
-1.480969037253811841e-06
-1.392775105189828170e-06
-1.310031362429226749e-06
-1.232901126956669865e-06
-1.159422544591616838e-06
-1.090936591686139749e-06
-1.027832104877503391e-06
-9.679487123300620266e-07
-9.100327675395509169e-07
-8.551015477490697495e-07
-8.033232657079399809e-07
-7.538966453126562723e-07
-7.072817667355530533e-07
-6.628311346804388225e-07
-6.198677250040204524e-07
-5.805305202724869568e-07
-5.435096075761595182e-07
-5.070401088478714974e-07
-4.719013110080678579e-07
-4.410657707709759794e-07
-4.125953125819029162e-07
-3.843879610990984391e-07
-3.572268705053063503e-07
-3.329627570446691100e-07
-3.112900127921340626e-07
-2.894108400948879380e-07
-2.688328803502630236e-07
-2.504012385368469506e-07
-2.334008961791738653e-07
-2.166161294479284962e-07
-2.009103771566891919e-07
-1.869930090781147467e-07
-1.736351790636875803e-07
-1.610425981452627283e-07
-1.493853409718950797e-07
-1.389336746764560764e-07
-1.284748198712011754e-07
-1.190187120153959118e-07
-1.101961732189863611e-07
-1.020835842977413479e-07
-9.425720896320745503e-08
-8.713224635521132114e-08
-8.043263221687398972e-08
-7.417099816334882381e-08
-6.850055178144987107e-08
-6.307493702312750383e-08
-5.803828216046631273e-08
-5.326019376019004113e-08
-4.923606454346010314e-08
-4.510143648746289644e-08
-4.145801304741851299e-08
-3.788651688234110367e-08
-3.506391605550990901e-08
-3.194208281874896412e-08
-2.926519254942559123e-08
-2.664055236724029904e-08
-2.465126524275695793e-08
-2.241159310082027211e-08
-2.038108640666033594e-08
-1.847961616737578236e-08
-1.706141822223546257e-08
-1.549394302666443638e-08
-1.395065630833411097e-08
-1.258431614923260411e-08
-1.161243945148954083e-08
-1.051836677686779300e-08
-9.352159659859912237e-09
-8.363315297682593725e-09
-7.717879675651374259e-09
-6.952596325059199897e-09
-6.107719550227338120e-09
-5.390544246618346265e-09
-4.976598111464282996e-09
-4.458729824724063212e-09
-3.843740481073246034e-09
-3.327924708687020260e-09
-3.082610177547721686e-09
-2.732872930273542753e-09
-2.302987101413157873e-09
-1.931372636797069292e-09
-1.798942814567184591e-09
-1.574250878689077970e-09
-1.272674734489608273e-09
-1.003403426368010451e-09
-9.441409048194186221e-10
-8.134286252654579010e-10
-6.050355921379077589e-10
-4.126984151732387653e-10
-4.001015903607979790e-10
-3.318171499669724557e-10
-1.894261260487553550e-10
-5.486728888976945192e-11
-6.885239455464579631e-11
-4.297470095751785279e-11
5.329743861044045472e-11
1.433703296146515412e-10
1.162016042289409804e-10
1.146235880756731618e-10
1.778416542224591767e-10
2.350309784119013560e-10
2.047784181414266566e-10
1.881649620318450912e-10
2.276786569677810593e-10
2.603062224720838217e-10
2.311135161042700496e-10
2.068904023753473767e-10
2.312536092239867697e-10
2.473023431880685372e-10
2.213311693965666669e-10
1.939431379046421989e-10
2.082504493443311187e-10
2.118961109273969332e-10
1.909285788772008187e-10
1.624399059228358822e-10
1.697472520193983923e-10
1.638719915206276497e-10
1.475250407278470644e-10
1.192505112425775061e-10
1.217383145183108358e-10
1.103510557753573147e-10
9.806825715789055419e-11
7.076348631898010758e-11
7.147992956196441922e-11
5.843934952275428775e-11
4.987914120142266194e-11
2.611780676169067436e-11
2.688830121051750973e-11
1.378647407325518957e-11
9.066687521059737064e-12
-1.222539436418976153e-11
-1.167382408680731820e-11
-2.510692658008281966e-11
-2.915504236059835043e-11
-4.864849762350794954e-11
-4.944873487800779860e-11
-6.233554729974253977e-11
-6.572642293464613867e-11
-8.100226883627969824e-11
-8.133246785099864596e-11
-9.085622542835048686e-11
-9.192641249609191381e-11
-1.034678813839139131e-10
-1.037483711329084084e-10
-1.122184216525231849e-10
-1.143936735134998812e-10
-1.245309089826731608e-10
-1.260348826832195114e-10
-1.325785543131147725e-10
-1.332441539754392020e-10
-1.391988920663886386e-10
-1.388385458123578356e-10
-1.431289034962211463e-10
-1.439900854245014413e-10
-1.498700392104878926e-10
-1.511559824612442252e-10
-1.551421959084747864e-10
-1.550201232637931170e-10
-1.575643857460249804e-10
-1.567476668985075809e-10
-1.591541532144105665e-10
-1.598289893204714409e-10
-1.630702895864828587e-10
-1.629916288395481586e-10
-1.636276077853052431e-10
-1.617887146048519755e-10
-1.622836599312159000e-10
-1.619911033672211699e-10
-1.634010544546934023e-10
-1.623817195989506792e-10
-1.613613694230550693e-10
-1.589695896569582259e-10
-1.588995622306535569e-10
-1.585872874572352339e-10
-1.583233226390466741e-10
-1.555882839622875634e-10
-1.536087893130433933e-10
-1.521965012589043698e-10
-1.517430475851038205e-10
-1.489931273176723516e-10
-1.457537205068396331e-10
-1.431780715008726417e-10
-1.420875025950558090e-10
-1.391142118991278833e-10
-1.354095181685077224e-10
-1.328342033503464787e-10
-1.312749234066700950e-10
-1.273096303249417775e-10
-1.232522179362706598e-10
-1.208292453890118056e-10
-1.174651770950050380e-10
-1.122263356631194909e-10
-1.092874085309142645e-10
-1.062259309748066906e-10
-1.010131162133727748e-10
-9.760912312058393776e-11
-9.415931532793424150e-11
-8.849179811058091670e-11
-8.503120910956161922e-11
-8.044249832461059426e-11
-7.522359122235881318e-11
-7.233042212818149284e-11
-6.653838312444657098e-11
-6.281798539758989576e-11
-5.794682421923510253e-11
-5.308284439916779788e-11
-4.927617525054262791e-11
-4.406137309111464100e-11
-4.074219038941331350e-11
-3.552697696025349863e-11
-3.197580619204928684e-11
-2.715555602338456714e-11
-2.396599343969114986e-11
-1.982558825337148351e-11
-1.656956331611636116e-11
-1.265763859540044138e-11
-9.823397620269580833e-12
-6.776691612334643039e-12
-4.339755487071299409e-12
-1.540168271128863096e-12
4.674674687678598909e-13
2.363898320361601979e-12
3.731426916960859653e-12
5.310679624750386467e-12
6.199866012966808591e-12
6.881843480814914183e-12
7.183891723830525531e-12
7.596875524944969951e-12
7.333217857891774895e-12
7.004920512036521874e-12
6.491167646965590869e-12
5.907942974597097275e-12
4.873547332446312226e-12
4.105309174875553677e-12
3.053068672073902784e-12
2.033730829752321176e-12
1.066531435160697404e-12
1.872589122834919421e-13
-7.578703256019344109e-13
-1.271702945496248154e-12
-1.945767166461454464e-12
-2.199200881815090438e-12
-2.387011909542898212e-12
-2.315284542005317158e-12
-2.084142237400334957e-12
-1.657787379618037931e-12
-1.125833624512841038e-12
-4.164260400264952552e-13
2.895746152422762793e-13
1.072441547381780610e-12
1.785037744166464785e-12
2.459618419364733399e-12
2.985461400906346486e-12
3.378409959876450799e-12
3.585441898897541519e-12
3.636355699427826093e-12
3.491766091939503326e-12
3.227159087996379486e-12
2.831905422636735681e-12
2.411436698986132019e-12
1.963131186510216819e-12
1.600037522785415055e-12
1.307914864890741002e-12
1.188861772618520420e-12
1.191506129017733995e-12
1.369349424794187414e-12
1.636827445436972601e-12
2.001392889808163759e-12
2.350501943251156617e-12
2.674701153978102367e-12
2.868751478622275109e-12
2.955351107125486624e-12
2.875662511946063360e-12
2.704810482543267543e-12
2.441162056888335689e-12
2.201207993160590517e-12
2.000268533282326702e-12
1.930701869925109329e-12
1.968919740130641047e-12
2.139158272415755045e-12
2.347739848596101395e-12
2.566191018528916166e-12
2.691612575517859442e-12
2.718946676048843954e-12
2.616091967897550533e-12
2.458915952573692375e-12
2.285963834653042119e-12
2.199564261183265797e-12
2.206785937028060955e-12
2.326850850426734331e-12
2.473900586815564716e-12
2.597950014952367423e-12
2.616169357884895400e-12
2.546341477845535917e-12
2.415542896410230095e-12
2.324806059931809191e-12
2.312520510820565891e-12
2.400448390139457618e-12
2.508019066033450938e-12
2.573771480738537117e-12
2.537618430037206959e-12
2.449602440366612362e-12
2.372435954064001379e-12
2.385097343082331037e-12
2.459589824142346106e-12
2.535747274257974175e-12
2.529267598017470633e-12
2.463542903443996248e-12
2.403373574227665875e-12
2.425488770159258374e-12
2.490388018932241178e-12
2.526708155753595293e-12
2.484035563814357933e-12
2.431923346675109477e-12
2.435813072281595374e-12
2.493719123288821302e-12
2.510288752101260783e-12
2.470323737562114131e-12
2.437266457185335637e-12
2.471032700953262413e-12
2.504115999152447389e-12
2.482225213918975106e-12
2.447581010144226912e-12
2.472390030808289539e-12
2.498645021758323625e-12
2.475967128145958869e-12
2.455083981611824221e-12
2.485428484903155504e-12
2.490153484803553409e-12
2.463796058155921883e-12
2.472359449374792684e-12
2.492606890282005541e-12
2.469661316146232083e-12
2.471748001521405978e-12
2.489036596586226138e-12
2.472533920270674427e-12
2.473849788531128984e-12
2.487533424945934338e-12
2.470398980317651605e-12
2.480643401617207733e-12
2.481603943994421271e-12
2.472469388848286541e-12
2.484560777176627747e-12
2.474674895326113285e-12
2.480111125008141210e-12
2.479669772843592999e-12
2.476421425026250543e-12
2.482093686676309951e-12
2.475534028779017397e-12
2.482240655830165357e-12
2.476095598350199381e-12
2.481614754959501798e-12
2.476910472381507735e-12
2.480998774050223516e-12
2.477555453992294730e-12
2.480574431846836797e-12
2.477994040595009287e-12
2.480311018242751222e-12
2.478285357240455362e-12
2.480148548314034720e-12
2.478484532050805494e-12
2.480043739048663193e-12
2.478626886527417486e-12
2.479971100889452825e-12
2.478732878881309880e-12
2.479916470388273996e-12
2.478814215588949311e-12
2.479871983090782761e-12
2.478877775437292144e-12
2.479833157496360801e-12
2.478927772752718042e-12
2.479797338773680907e-12
2.478966905025873182e-12
2.479762879680841382e-12
2.478996966280573355e-12
2.479728702494846232e-12
2.479019184279083507e-12
2.479694057773533027e-12
2.479034412803781184e-12
2.479658386916409776e-12
2.479043245613630207e-12
2.479621241023323916e-12
2.479046086469237018e-12
2.479582231272356998e-12
2.479043193569614378e-12
2.479540997440842051e-12
2.479034708468076614e-12
2.479497187142685520e-12
2.479020675222430865e-12
2.479450441523977359e-12
2.479001053131553973e-12
2.479400384881057261e-12
2.478975725118133711e-12
2.479346616672656454e-12
2.478944503022362165e-12
2.479288704974455477e-12
2.478907130627604494e-12
2.479226180752990211e-12
2.478863284937909916e-12
2.479158532544891341e-12
2.478812576069617121e-12
2.479085201279896549e-12
2.478754545975458062e-12
2.479005575056496906e-12
2.478688666180662363e-12
2.478918983718668154e-12
2.478614334621471000e-12
2.478824693143982176e-12
2.478530871662869512e-12
2.478721899155695022e-12
2.478437515333919029e-12
2.478609720999716107e-12
2.478333415824389560e-12
2.478487194337128265e-12
2.478217629240066991e-12
2.478353263698955991e-12
2.478089110638954581e-12
2.478206774383556124e-12
2.477946706344397419e-12
2.478046463754285614e-12
2.477789145546483009e-12
2.477870951929979548e-12
2.477615031189715838e-12
2.477678731846652762e-12
2.477422830163468355e-12
2.477468158697168495e-12
2.477210862812125170e-12
2.477237438759861291e-12
2.476977291794096369e-12
2.476984617647380617e-12
2.476720110342686342e-12
2.476707568018750796e-12
2.476437129992045351e-12
2.476403976839678866e-12
2.476125967865456520e-12
2.476071332291450816e-12
2.475784033654349774e-12
