# bin_1_1
2.735731829700681850e+00
2.735333121090165687e+00
2.735436367742601238e+00
2.735039906150914746e+00
2.735113745255042250e+00
2.734717362028025622e+00
2.734761439719409104e+00
2.734362927435205037e+00
2.734376737759173892e+00
2.733973842791134867e+00
2.733956727284823529e+00
2.733547143195761642e+00
2.733498290991778656e+00
2.733079652977342011e+00
2.732998101689976700e+00
2.732567982332636092e+00
2.732452620038615887e+00
2.732008526677955906e+00
2.731858095354791072e+00
2.731397469437657044e+00
2.731210570260886428e+00
2.730730789084648169e+00
2.730505890054406581e+00
2.730004271369343538e+00
2.729739717768864260e+00
2.729213527755367075e+00
2.728907556001783252e+00
2.728354021178598821e+00
2.728004776646757445e+00
2.727421100282440225e+00
2.727026659699764988e+00
2.726410043307234687e+00
2.725968442289143479e+00
2.725316112732920626e+00
2.724825378971814871e+00
2.724134621630657005e+00
2.723592814115383565e+00
2.722861012374461431e+00
2.722266266814015623e+00
2.721490947905863322e+00
2.720841528210311111e+00
2.720020415041519701e+00
2.719314770271926918e+00
2.718445838354368149e+00
2.717682663939803955e+00
2.716764201845510485e+00
2.715942503078107251e+00
2.714973173949076113e+00
2.714092328770369988e+00
2.713071229311875499e+00
2.712131046206944784e+00
2.711057758300714049e+00
2.710058523721935231e+00
2.708933152328873106e+00
2.707875660566142262e+00
2.706698850053909755e+00
2.705584406934624209e+00
2.704357326503080916e+00
2.703187716970749221e+00
2.701912004698153069e+00
2.700689413447940446e+00
2.699367068002846537e+00
2.698093942376329490e+00
2.696727152099295921e+00
2.695405997887398097e+00
2.693996899345523666e+00
2.692630003678422757e+00
2.691180366633971310e+00
2.689769448453435796e+00
2.688280292158284013e+00
2.686826090541909906e+00
2.685297247945179766e+00
2.683799072173187472e+00
2.682228734169468165e+00
2.680684016742328257e+00
2.679068307392190817e+00
2.677472221040066991e+00
2.675804874907130593e+00
2.674150094326066096e+00
2.672422325071450278e+00
2.670699028962071786e+00
2.668899688270784942e+00
2.667095900236009065e+00
2.665212019885090378e+00
2.663314368771889651e+00
2.661332146466550252e+00
2.659327077961275432e+00
2.657233300181226721e+00
2.655108684144539488e+00
2.652892471713007794e+00
2.650639423222512114e+00
2.648294042997989095e+00
2.645908622629143725e+00
2.643432954738846874e+00
2.640917269915642240e+00
2.638316401730642635e+00
2.635678556597393030e+00
2.632962964972675568e+00
2.630215383372459748e+00
2.627398351968547097e+00
2.624554309363781091e+00
2.621647675714751546e+00
2.618716459489505155e+00
2.615725488783674724e+00
2.612707389484643983e+00
2.609626373560343993e+00
2.606509440943854727e+00
2.603320168741061202e+00
2.600080898903567750e+00
2.596755923875844640e+00
2.593365245247859718e+00
2.589876413788825715e+00
2.586310201299879985e+00
2.582640181454409767e+00
2.578890442234966773e+00
2.575041921614376061e+00
2.571122263304886246e+00
2.567118119074845772e+00
2.563057562741796414e+00
2.558928118206709623e+00
2.554752758454739148e+00
2.550514117841593098e+00
2.546225632159573316e+00
2.541862692325388640e+00
2.537430272444716639e+00
2.532901054533373220e+00
2.528279540726075858e+00
2.523545465003752764e+00
2.518712567120566348e+00
2.513774292801790544e+00
2.508755087491214120e+00
2.503656615117652251e+00
2.498502251282959552e+00
2.493286127895699256e+00
2.488015706897916512e+00
2.482668808585910547e+00
2.477238958907023836e+00
2.471701414921786633e+00
2.466058199024736997e+00
2.460305006460869137e+00
2.454466091446672049e+00
2.448553753588840198e+00
2.442591920634310299e+00
2.436575986253587178e+00
2.430501026850491186e+00
2.424338454458626391e+00
2.418076984888612557e+00
2.411707591829715724e+00
2.405253650401857346e+00
2.398736558865851798e+00
2.392182555143790967e+00
2.385584428590633799e+00
2.378924878601284654e+00
2.372172605416154045e+00
2.365326961988724719e+00
2.358405816951479661e+00
2.351448369394274707e+00
2.344465221508488462e+00
2.337441978047946289e+00
2.330340327128232136e+00
2.323154017019208428e+00
2.315907686381936781e+00
2.308644021246405664e+00
2.301361671467583303e+00
2.294026950402220155e+00
2.286608162732955751e+00
2.279132673055915159e+00
2.271641642862251231e+00
2.264137956846606237e+00
2.256569997967151853e+00
2.248922807233466159e+00
2.241236736122289575e+00
2.233544624974091342e+00
2.225799233850290992e+00
2.217964772336330270e+00
2.210077726627876160e+00
2.202175859369649213e+00
2.194202678362024539e+00
2.186129164266505054e+00
2.178007168194323828e+00
2.169844595831295297e+00
2.161567645126796666e+00
2.153202946715967236e+00
2.144792826189215518e+00
2.136274687468957101e+00
2.127639209553130240e+00
2.118953777216131318e+00
2.110149254220625270e+00
2.101229501153392576e+00
2.092250028911083692e+00
2.083142866955531858e+00
2.073938693182628690e+00
2.064670464934658778e+00
2.055265001187469576e+00
2.045815742713722241e+00
2.036254043000241154e+00
2.026623294174575207e+00
2.016924997827137300e+00
2.007136549501478129e+00
1.997305684265633596e+00
1.987381609290103990e+00
1.977418467864770157e+00
1.967366108516285017e+00
1.957266125715135585e+00
1.947078059163505070e+00
1.936829096201236888e+00
1.926488408558353571e+00
1.916073544571488929e+00
1.905562082612389796e+00
1.894967616607886596e+00
1.884275739717079956e+00
1.873500301090377684e+00
1.862634332923007729e+00
1.851693394605365972e+00
1.840675689450309793e+00
1.829596736106924526e+00
1.818455593832607242e+00
1.807263868287857012e+00
1.796016770520422634e+00
1.784718864836631003e+00
1.773359580486524090e+00
1.761937348557789162e+00
1.750439007027454252e+00
1.738862651561237316e+00
1.727199404279290418e+00
1.715453907270082512e+00
1.703626284949995018e+00
1.691729035969642858e+00
1.679768079073351794e+00
1.667756654961560114e+00
1.655696967419593157e+00
1.643594076175578955e+00
1.631441056060715544e+00
1.619235284946824560e+00
1.606967332853633579e+00
1.594637623751568922e+00
1.582244755098023647e+00
1.569797887857799168e+00
1.557301332094121804e+00
1.544763247455964938e+00
1.532180992284791987e+00
1.519553093644603781e+00
1.506870921715748768e+00
1.494134557934342578e+00
1.481344806647987289e+00
1.468513166302958695e+00
1.455646494392786039e+00
1.442751768724847228e+00
1.429823569552752360e+00
1.416857321368410583e+00
1.403846148281775008e+00
1.390795209916333208e+00
1.377710561278986612e+00
1.364601675283784177e+00
1.351466852302005250e+00
1.338303979946697142e+00
1.325109035434693938e+00
1.311889527108651254e+00
1.298651887826929086e+00
1.285401561465908449e+00
1.272132537930922958e+00
1.258843080419799643e+00
1.245534847492320907e+00
1.232217646150865820e+00
1.218892650323777804e+00
1.205559480246631399e+00
1.192216499525986961e+00
1.178870956504323164e+00
1.165524302417033198e+00
1.152177094772815158e+00
1.138828442950749587e+00
1.125484650987127022e+00
1.112145478421327605e+00
1.098813743699980972e+00
1.085493924767619855e+00
1.072190475437845958e+00
1.058896901685675518e+00
1.045618403983903155e+00
1.032362894324451608e+00
1.019130689992992611e+00
1.005919449137971267e+00
9.927380791639119906e-01
9.795820108376349644e-01
9.664550023487573638e-01
9.533654061519047929e-01
9.403100910805439749e-01
9.272900226429784398e-01
9.143130923543805189e-01
9.013747096025204186e-01
8.884873831653703480e-01
8.756436460796052090e-01
8.628500840221546841e-01
8.501103231276221361e-01
8.374237211706125894e-01
8.247959911818443235e-01
8.122249121924028925e-01
7.997182585082068806e-01
7.872751165834732667e-01
7.748994919762994815e-01
7.625926404749615584e-01
7.503586375968633870e-01
7.381980843485833610e-01
7.261135613160680791e-01
7.141083993418673170e-01
7.021839299414687208e-01
6.903431658363404777e-01
6.785887583802616696e-01
6.669227175892522563e-01
6.553473445045031598e-01
6.438652642168832818e-01
6.324782204134334895e-01
6.211887974358399900e-01
6.099991435586799016e-01
5.989110834746665946e-01
5.879272957513300701e-01
5.770493665051874554e-01
5.662800286135143413e-01
5.556208648236826697e-01
5.450741741879678859e-01
5.346416622322601730e-01
5.243254115670570314e-01
5.141273119677609582e-01
5.040491811057815630e-01
4.940928773814093344e-01
4.842600325911455283e-01
4.745524526532366449e-01
4.649715101715846677e-01
4.555188824395787206e-01
4.461958575592623322e-01
4.370040709537672541e-01
4.279446409815760854e-01
4.190191143740557567e-01
4.102285160560300015e-01
4.015741979757790348e-01
3.930569416463167154e-01
3.846779452734815363e-01
3.764377795943245064e-01
3.683374477721853557e-01
3.603774400167213954e-01
3.525585859946769318e-01
3.448811024924456348e-01
3.373456827550628812e-01
3.299524334540843151e-01
3.227018136727212161e-01
3.155936476593540485e-01
3.086281542404202272e-01
3.018049964319286516e-01
2.951241868161560977e-01
2.885851585659194307e-01
2.821877152882697470e-01
2.759310866982139787e-01
2.698148180457317635e-01
2.638378832124124163e-01
2.579996370305410736e-01
2.522988911685972169e-01
2.467347493973739148e-01
2.413057427622160023e-01
2.360107904709277948e-01
2.308483274290155096e-01
2.258170564781021572e-01
2.209151044221014104e-01
2.161409447572869014e-01
2.114925952970352629e-01
2.069683390207612550e-01
2.025659364926299388e-01
1.982834607572789565e-01
1.941185520344370363e-01
1.900691103512989755e-01
1.861325565160582285e-01
1.823066225586360001e-01
1.785886553188917591e-01
1.749762396946427656e-01
1.714665054704639091e-01
1.680569107808585483e-01
1.647446084479193829e-01
1.615269951604650922e-01
1.584010316693618969e-01
1.553640035450844503e-01
1.524129426373286023e-01
1.495451506868979152e-01
1.467575486054243095e-01
1.440473694846365338e-01
1.414116407426147526e-01
1.388476748987296505e-01
1.363524552382562316e-01
1.339232938002825335e-01
1.315573479185317696e-01
1.292520447524324878e-01
1.270045137890345177e-01
1.248122320999087986e-01
1.226725841324064342e-01
1.205832389372433894e-01
1.185415716337793329e-01
1.165452946139539786e-01
1.145920772932057796e-01
1.126798912399159525e-01
1.108064331170749567e-01
1.089697174237167776e-01
1.071677415911987119e-01
1.053988083787464891e-01
1.036609655827852861e-01
1.019525700314855843e-01
1.002719805461732422e-01
9.861784075123199156e-02
9.698854067114003052e-02
9.538277187552089698e-02
9.379925471649284974e-02
9.223698366893830214e-02
9.069467919219392771e-02
8.917133854163458717e-02
8.766600248266617768e-02
8.617798408899551843e-02
8.470631914679348229e-02
8.325028757984304084e-02
8.180920547959663613e-02
8.038264937913876251e-02
7.896992366328002555e-02
7.757055901796355846e-02
7.618410859624327736e-02
7.481036910958617503e-02
7.344885907090732691e-02
7.209930307230941193e-02
7.076144737468691159e-02
6.943527631247385645e-02
6.812047640727129927e-02
6.681691816335477707e-02
6.552448710337469007e-02
6.424331221068076136e-02
6.297321328291050069e-02
6.171417190711983580e-02
6.046616720722245569e-02
5.922943082879634363e-02
5.800387481188858801e-02
5.678956276533590058e-02
5.558653809306407512e-02
5.439510071126844176e-02
5.321522212984382966e-02
5.204700879177037720e-02
5.089054264545324335e-02
4.974616920330918179e-02
4.861389688289222827e-02
4.749384699724486236e-02
4.638610919037432917e-02
4.529104760785802181e-02
4.420868978439537050e-02
4.313915172958601718e-02
4.208251366472758048e-02
4.103913669142602444e-02
4.000904589959753538e-02
3.899233427996995349e-02
3.798905840383827448e-02
3.699956727155897379e-02
3.602387521123499858e-02
3.506203772139458025e-02
3.411407311905888945e-02
3.318030824710142129e-02
3.226074395571477266e-02
3.135539768107820091e-02
3.046424366704583026e-02
2.958757798899369282e-02
2.872538275317195952e-02
2.787763492316747832e-02
2.704426908768243348e-02
2.622555499790189815e-02
2.542145813119650599e-02
2.463191430467606691e-02
2.385681984604173800e-02
2.309642741647004172e-02
2.235069856111033051e-02
2.161953469471412925e-02
2.090279399884116193e-02
2.020071028403016070e-02
1.951324361049107739e-02
1.884026554806235779e-02
1.818159866305014624e-02
1.753745435324164867e-02
1.690778480494003685e-02
1.629242048764397571e-02
1.569113459530726423e-02
1.510409763032977484e-02
1.453123428407917736e-02
1.397231253835330353e-02
1.342703239568979016e-02
1.289549850328423376e-02
1.237759831742705693e-02
1.187304755966268194e-02
1.138150161306792502e-02
1.090303824043081619e-02
1.043756418698700214e-02
9.984822782188077298e-03
9.544524735081834355e-03
9.116822823385641039e-03
8.701744888138714454e-03
8.299150779408600090e-03
7.908866716242088715e-03
7.531133701134972748e-03
7.166068297904331676e-03
6.813563738041174961e-03
6.473414325080535658e-03
6.145723914294518204e-03
5.830429957114280880e-03
5.527185600053421445e-03
5.235502573270304875e-03
4.955134560022654913e-03
4.685718240134848812e-03
4.426691766271130708e-03
4.177491611714115316e-03
3.937897439365690630e-03
3.707774465799554362e-03
3.486986450383201298e-03
3.275557422337186612e-03
3.073837788613702389e-03
2.882226410406799142e-03
2.700950140740358742e-03
2.530094583591358491e-03
2.369602231259961434e-03
2.219104028330740920e-03
2.077784922385633205e-03
1.944631638345818096e-03
1.818639568263638552e-03
1.699043387036988954e-03
1.585415303555548928e-03
1.478004335584301226e-03
1.377690976527503166e-03
1.285881773286460476e-03
1.203946975102457772e-03
1.132887792274098714e-03
1.072628719086455261e-03
1.021765126907693121e-03
9.772651611777709475e-04
9.349783710362057120e-04
8.900936910765395310e-04
8.382443107105922711e-04
7.762519193573470247e-04
7.030188168760712585e-04
6.195365311288142818e-04
5.288055235897782267e-04
4.349749159519416533e-04
3.425979569893982486e-04
2.555251296701216901e-04
1.764920175560963237e-04
1.068199578993334569e-04
4.675273309555828019e-05
-4.356293643995774507e-06
-4.746875223894784259e-05
-8.364612976814964095e-05
-1.138325417463918775e-04
-1.390917149290099954e-04
-1.605421410318236795e-04
-1.793361105591744918e-04
-1.963782727114461268e-04
-2.122632371556583354e-04
-2.270567155477003587e-04
-2.403450535032356319e-04
-2.513948102835427897e-04
-2.596130540765659344e-04
-2.647748135082859185e-04
-2.671299509469940653e-04
-2.672958717650205989e-04
-2.661421959736099264e-04
-2.644515369791287712e-04
-2.626193349465882746e-04
-2.605514891918716690e-04
-2.578933504626675457e-04
-2.542833785102803067e-04
-2.495571032734942175e-04
-2.438393576553629075e-04
-2.374753310988586292e-04
-2.307731371425713956e-04
-2.238087289557422947e-04
-2.164568646923454112e-04
-2.085680051156715712e-04
-2.001265487649285600e-04
-1.912697993147795001e-04
-1.822435252518266350e-04
-1.733119575240371320e-04
-1.646168653337252454e-04
-1.561911114752192152e-04
-1.481033067424200806e-04
-1.403180575804345684e-04
-1.327004002197659110e-04
-1.253230180857238562e-04
-1.183275938539422520e-04
-1.117031967212395968e-04
-1.055089338855817477e-04
-9.976085928422741126e-05
-9.421070321619952597e-05
-8.876617298136788752e-05
-8.355955837887658758e-05
-7.861235482115281833e-05
-7.403692911035388697e-05
-6.981365460560935970e-05
-6.569102761387715953e-05
-6.173683665693801854e-05
-5.802856637564050011e-05
-5.449108824153546792e-05
-5.111812904156655662e-05
-4.798233564814729927e-05
-4.502143734741550677e-05
-4.218931308211914795e-05
-3.960431888582808505e-05
-3.714762810797648699e-05
-3.475134325111158213e-05
-3.255140603696966557e-05
-3.051773806058871887e-05
-2.859063698425476360e-05
-2.676789229685574720e-05
-2.511414674389833400e-05
-2.347676786052366640e-05
-2.192866159482943840e-05
-2.058820695497529587e-05
-1.928048604790272302e-05
-1.801489655038215974e-05
-1.684076779650688595e-05
-1.578308982598112034e-05
-1.474462697841445117e-05
-1.378458382273331887e-05
-1.290619478935739691e-05
-1.203265302469511067e-05
-1.125981609609386746e-05
-1.052625755039026776e-05
-9.847668488866674586e-06
-9.151212152984938993e-06
-8.554240858899676855e-06
-8.017261036361727106e-06
-7.473140903972318763e-06
-6.956325723426181270e-06
-6.478759818645847642e-06
-6.078539279950165335e-06
-5.653347169495781986e-06
-5.265021199672497488e-06
-4.904716813057350617e-06
-4.589376392356448795e-06
-4.269591623711061669e-06
-3.971649523096559621e-06
-3.706717008848671837e-06
-3.455481432308243524e-06
-3.217841576278869047e-06
-2.991030530538211332e-06
-2.793962629523165791e-06
-2.597602071425599660e-06
-2.420980726987484937e-06
-2.250827883693127632e-06
-2.099478620021757233e-06
-1.951922227785139565e-06
-1.817894924752415770e-06
-1.691816821611651571e-06
-1.574828331512640335e-06
-1.466430340216666156e-06
-1.363757901982114201e-06
-1.270044709027323369e-06
-1.179917000970318556e-06
-1.100952613939035202e-06
-1.022544190170433142e-06
-9.527529549339052023e-07
-8.841456471528688251e-07
-8.262759445423877163e-07
-7.669400141504096605e-07
-7.140058215388891443e-07
-6.624598997465904254e-07
-6.201217594265019985e-07
-5.760932659922376919e-07
-5.348404889084583607e-07
-4.957368543571296713e-07
-4.650262220819550260e-07
-4.330200904630985925e-07
-4.007071699450127360e-07
-3.704784075062610158e-07
-3.485865596284125639e-07
-3.255443625495984226e-07
-3.001943475308154138e-07
-2.766769648765926087e-07
-2.614639403743749691e-07
-2.450499349745693873e-07
-2.252547529393510563e-07
-2.068681101818194059e-07
-1.964577146405868704e-07
-1.847981127189762505e-07
-1.693070483643593591e-07
-1.547961875592665219e-07
-1.477230885360586248e-07
-1.394212930098700702e-07
-1.273537185733756597e-07
-1.158502837225360473e-07
-1.110909360960110172e-07
-1.052751963974113592e-07
-9.605413309463543143e-08
-8.698259272051043921e-08
-8.374512948286018878e-08
-7.966115777173694753e-08
-7.261040538865016205e-08
-6.550143978410932104e-08
-6.318051457506629732e-08
-6.031525601599060229e-08
-5.495487938280811905e-08
-4.957039071248706921e-08
-4.783388607565188090e-08
-4.584102391990729855e-08
-4.169379724878711008e-08
-3.773264694694479542e-08
-3.631281161236295059e-08
-3.495555011738152238e-08
-3.177950169858686350e-08
-2.900739454888112124e-08
-2.772425039519954438e-08
-2.677927991228229140e-08
-2.427310196011447695e-08
-2.233288127911837377e-08
-2.117142852018130515e-08
-2.070097710080097440e-08
-1.876820059111259362e-08
-1.744882899655734512e-08
-1.636201817095930373e-08
-1.608792327156403051e-08
-1.452903162123381806e-08
-1.373364011502849383e-08
-1.273736690246999737e-08
-1.268332823500758605e-08
-1.137374871153711394e-08
-1.092349915455423219e-08
-1.003582542698113796e-08
-1.010428521025841497e-08
-9.051235568952827992e-09
-8.793987896286933778e-09
-8.029163659996233206e-09
-8.117589629488929449e-09
-7.297024415254896550e-09
-7.172393566103757489e-09
-6.558055442371077192e-09
-6.633650712340415105e-09
-5.990648504398778709e-09
-5.923182608216452661e-09
-5.427700190233802188e-09
-5.500461914859104877e-09
-5.026298414674836516e-09
-4.978156396394473764e-09
-4.571944143771770784e-09
-4.642688283238760353e-09
-4.276637911621217157e-09
-4.242466445241419193e-09
-3.943630963384006737e-09
-3.976995112081372279e-09
-3.695093207703289536e-09
-3.690528505759107714e-09
-3.430527824198205427e-09
-3.472051742404189403e-09
-3.254957196083669998e-09
-3.231126119220351121e-09
-3.048805938087314043e-09
-3.064781286447577316e-09
-2.894967694977502499e-09
-2.876790060487045400e-09
-2.734730240610711954e-09
-2.729765334956738222e-09
-2.606625469483016674e-09
-2.583282904477772147e-09
-2.465314724420790243e-09
-2.459262536052264177e-09
-2.353187982470714369e-09
-2.336376561801804236e-09
-2.228570802282922677e-09
-2.224698362473799959e-09
-2.130573584884301587e-09
-2.109099837586043571e-09
-2.021542960245646155e-09
-2.006484174816366287e-09
-1.923280413387346347e-09
-1.902203027097400029e-09
-1.820314203655353301e-09
-1.800631709608811588e-09
-1.725646449945495660e-09
-1.697443752520948969e-09
-1.625836327030065531e-09
-1.596498668414428860e-09
-1.528369340150669008e-09
-1.494498600089905565e-09
-1.427142084186012689e-09
-1.392459961747224445e-09
-1.326184268866397424e-09
-1.288804986350022776e-09
-1.223010265244591662e-09
-1.184153464853602182e-09
-1.118729429498588411e-09
-1.078118144898394617e-09
-1.013513211528900857e-09
-9.712990594327705071e-10
-9.068953870791962850e-10
-8.639071769723412366e-10
-8.008892947488272014e-10
-7.567944976380328242e-10
-6.943102521148802082e-10
-6.505911441093103803e-10
-5.903404074634399156e-10
-5.465275298824296475e-10
-4.876623698311524399e-10
-4.455888299386415187e-10
-3.900908466534688882e-10
-3.493436992213481570e-10
-2.965102463274267716e-10
-2.590276008575721009e-10
-2.109003223484100849e-10
-1.764032773006528600e-10
-1.324266715807587253e-10
-1.027130862266615348e-10
-6.478353013782186454e-11
-3.964472403705219664e-11
-7.197458385725674349e-12
1.195274990349772421e-11
3.739235312362545209e-11
5.091267004308350691e-11
7.015682332419387436e-11
7.725736939175898057e-11
8.943015118026033478e-11
9.088393424925400758e-11
9.728502661397741281e-11
9.315146330330273597e-11
9.375050113860301453e-11
8.540635296982529177e-11
8.211713228970569730e-11
7.049884172388829340e-11
6.411292656597333257e-11
5.111410810161527846e-11
4.396898293869326862e-11
3.106129339740824034e-11
2.433133268780848730e-11
1.340285842048923226e-11
9.202821210754455897e-12
1.469884571114652498e-12
4.877333232628915156e-13
-3.065407074919582019e-12
1.248859801932470694e-13
7.514943270826862256e-13
7.425052200146889798e-12
1.157464103815581795e-11
2.096657684889245636e-11
2.708012003382241028e-11
3.709380705783985322e-11
4.322989490612345297e-11
5.212686209040118280e-11
5.629061153321276315e-11
6.207667959205433868e-11
6.290435535675363819e-11
6.496076979018640632e-11
6.218812505505037290e-11
6.071128160378616671e-11
5.537887041305539253e-11
5.220150738293708866e-11
4.639082668100025895e-11
4.364963667433208749e-11
3.960798373923658407e-11
3.942741475649727292e-11
3.856627807800960622e-11
4.142184681822555217e-11
4.340944516666730787e-11
4.822645059794593353e-11
5.113357951700011621e-11
5.539421287420296477e-11
5.671124781423256035e-11
5.842656222881152615e-11
5.689005697738629480e-11
5.578160555600351987e-11
5.234081099235243733e-11
5.048165518877454723e-11
4.774356996535690763e-11
4.763608624552839478e-11
4.746831039079015727e-11
4.987673611002029747e-11
5.156591370033422545e-11
5.443039691180314297e-11
5.524240768061135674e-11
5.606339964137277217e-11
5.449413827259461946e-11
5.330434147800594111e-11
5.102183556769762299e-11
5.056590633915750078e-11
5.023046405547392458e-11
5.192322175964723337e-11
5.308412660465454204e-11
5.480993444237559380e-11
5.463200458679056871e-11
5.426041559758359482e-11
5.251331998045495506e-11
5.191125690901387449e-11
5.145647724977274798e-11
5.271782209107813294e-11
5.354293186586948044e-11
5.455397828775880047e-11
5.388267162961832302e-11
5.323568854947473637e-11
5.213835309169779140e-11
5.254950125783315171e-11
5.308730147981826389e-11
5.414713148984651649e-11
5.383198503198092724e-11
5.337807449391421649e-11
5.251478825347992100e-11
5.297091130999604317e-11
5.344557515701952594e-11
5.404442516986934865e-11
5.338938318906064815e-11
5.303454546398135107e-11
5.288725489463025330e-11
5.368652531938768372e-11
5.368726927188457820e-11
5.343652170284911089e-11
5.291710511533540761e-11
5.344235381394064949e-11
5.363490533176424385e-11
5.355705766996277609e-11
5.304148328535504369e-11
5.344940448524415346e-11
5.359073191417687896e-11
5.348360566599931252e-11
5.313359841575005320e-11
5.358201937504149228e-11
5.351071955726859897e-11
5.334935615400502130e-11
5.332666729962457982e-11
5.365297571851533840e-11
5.330170964720249706e-11
5.342938077595554741e-11
5.351143240342923645e-11
5.343506074935197380e-11
5.335399442112801588e-11
5.359210192124654853e-11
5.332047503240506480e-11
5.351699224660454660e-11
5.344243641517229802e-11
5.342807426359262743e-11
5.347684196538307146e-11
5.344932053508617651e-11
5.343241259381544198e-11
5.350033737856848413e-11
5.339577034859984231e-11
5.352422538402664739e-11
5.338864995060673726e-11
5.352405278959961897e-11
5.339674213569057609e-11
5.351575404872654531e-11
5.340738293589279923e-11
5.350762952246697142e-11
5.341609175450253375e-11
5.350160752188991000e-11
5.342248788603280302e-11
5.349736231617761903e-11
5.342720515359227145e-11
5.349425638260918904e-11
5.343083515752655737e-11
5.349182847174609504e-11
5.343375927580578003e-11
5.348980555477105510e-11
5.343620089601226502e-11
5.348803445631880239e-11
5.343829014672534884e-11
5.348642866418695444e-11
5.344010548983808416e-11
5.348493747497395053e-11
5.344169666717869355e-11
5.348352953016720355e-11
5.344309688907423594e-11
5.348218415408138163e-11
5.344432936126325145e-11
5.348088672233438428e-11
5.344541088363419026e-11
5.347962611080156977e-11
5.344635391109587080e-11
5.347839324071202889e-11
5.344716778151135684e-11
5.347718021758827659e-11
5.344785947564317141e-11
5.347597980111550313e-11
5.344843410291716010e-11
5.347478506569733394e-11
5.344889522028520445e-11
5.347358917238637309e-11
5.344924504501029371e-11
5.347238520773822714e-11
5.344948459690099368e-11
5.347116606250214024e-11
5.344961379214073431e-11
5.346992433452524133e-11
5.344963150198545720e-11
5.346865224526205774e-11
5.344953558520815954e-11
5.346734156361621596e-11
5.344932289966650439e-11
5.346598353274291254e-11
5.344898929709485933e-11
5.346456879708600059e-11
5.344852960316899802e-11
5.346308732702142890e-11
5.344793758497045662e-11
5.346152834030510128e-11
5.344720590657015956e-11
5.345988021854657590e-11
5.344632607362811437e-11
5.345813041820056040e-11
5.344528836739628947e-11
5.345626537510005870e-11
5.344408176844087135e-11
5.345427040190321013e-11
5.344269387003532352e-11
5.345212957809096646e-11
5.344111078139706984e-11
5.344982563181407373e-11
5.343931702070082654e-11
5.344733981335957054e-11
5.343729539795252874e-11
5.344465175992213835e-11
5.343502688757608989e-11
5.344173935158788554e-11
5.343249049100999081e-11
5.343857855834472106e-11
5.342966308936668948e-11
5.343514327847371299e-11
5.342651928678206783e-11
5.343140516851382242e-11
5.342303124480898760e-11
5.342733346564536547e-11
5.341916850895571931e-11
5.342289480339682235e-11
5.341489782863235573e-11
5.341805302206829530e-11
5.341018297218937540e-11
