# bin_7_5
5.698267388394764792e-06
6.101351416594677783e-06
6.263755950503946216e-06
6.687728757042502805e-06
6.882307132510349404e-06
7.329647856229482450e-06
7.558489815957739874e-06
8.031816732278988978e-06
8.297177514939468285e-06
8.799249552659781635e-06
9.103548373685669135e-06
9.637264010677751435e-06
9.983079759130456760e-06
1.055147262154630089e-05
1.094153605314231551e-05
1.154776647175754797e-05
1.198494804730958094e-05
1.263228967131300034e-05
1.311958210008405913e-05
1.381140258661914750e-05
1.435189699482439395e-05
1.509163165366624309e-05
1.568848621602162029e-05
1.647960340734751805e-05
1.713600317490716868e-05
1.798196016617565566e-05
1.870106677849506615e-05
1.960525475691664882e-05
2.039014471920562989e-05
2.135582166450755270e-05
2.220941195422445301e-05
2.323962223292945983e-05
2.416458219295900101e-05
2.526206197359745379e-05
2.626071078741493798e-05
2.742777884062378270e-05
2.850196845225428727e-05
2.974040256392674974e-05
3.089138671829717544e-05
3.220228693209630893e-05
3.343057816791927876e-05
3.481421941788846974e-05
3.611943740855207775e-05
3.757511589364492620e-05
3.895583256292278052e-05
4.048171250434075914e-05
4.193530190744934849e-05
4.352827217056757147e-05
4.505077623556558186e-05
4.670632966391038347e-05
4.829235451649085481e-05
5.000450667184979146e-05
5.164716826553751220e-05
5.340843636940350978e-05
5.509937827709735837e-05
5.690084518391359282e-05
5.863035518139925851e-05
6.046184656195676186e-05
6.221910136029634481e-05
6.406950611331790760e-05
6.584297421787566648e-05
6.770073718503987847e-05
6.947876698903849852e-05
7.133257779695241474e-05
7.310418987219630431e-05
7.494388019070043986e-05
7.669976730453446380e-05
7.851740893307228059e-05
8.025112249143012688e-05
8.204228848268123645e-05
8.375155421139713013e-05
8.551666351769495616e-05
8.720472171620277885e-05
8.895033501934762523e-05
9.062714338171891728e-05
9.236701724634331537e-05
9.405009247633717116e-05
9.580573862477102809e-05
9.752035767073050467e-05
9.932080810854377706e-05
1.010992584211712101e-04
1.029797266412415532e-04
1.048593124021846538e-04
1.068584942128338370e-04
1.088781026074340478e-04
1.110340089414704696e-04
1.132292480354509120e-04
1.155737334312792914e-04
1.179709906348721447e-04
1.205235425586528424e-04
1.231337703328311490e-04
1.258956230427067007e-04
1.287091735164785466e-04
1.316593069200490353e-04
1.346435696236905199e-04
1.377384647668885101e-04
1.408401845555836925e-04
1.440190682597938994e-04
1.471727443212563424e-04
1.503691736881967967e-04
1.535116018558286308e-04
1.566704233860462497e-04
1.597591767258312208e-04
1.628552652204185152e-04
1.658860831374643781e-04
1.689385020318723870e-04
1.719542039300228664e-04
1.750279131203678819e-04
1.781112574554708449e-04
1.813001027719253716e-04
1.845468313241603402e-04
1.879378117194235832e-04
1.914147631000321596e-04
1.950441254385885102e-04
1.987487828334990898e-04
2.025713664464398654e-04
2.064174286024780250e-04
2.103138967556525678e-04
2.141633299801322106e-04
2.179966461087660490e-04
2.217356230994048675e-04
2.254365343600175258e-04
2.290561589825242995e-04
2.326822633762444580e-04
2.362995394699288611e-04
2.400062075601102317e-04
2.437817659693959724e-04
2.476958016351565634e-04
2.516861660184515790e-04
2.557706547297026361e-04
2.598444831782293209e-04
2.638997679112936915e-04
2.678392718110114376e-04
2.716924645824988008e-04
2.754265038228512251e-04
2.791379037194411262e-04
2.828443379884571320e-04
2.866492189810581530e-04
2.905295567871997160e-04
2.945063121385372283e-04
2.984678415724909624e-04
3.023761494953140566e-04
3.061276548465703120e-04
3.097603692417279209e-04
3.132876967882427567e-04
3.168421208743639711e-04
3.204549759426735369e-04
3.241755664397922665e-04
3.278945452639656674e-04
3.315462500258016575e-04
3.350192737565555498e-04
3.383720617237626353e-04
3.416685048864767519e-04
3.450581413291370077e-04
3.485290291468269163e-04
3.520315498810942627e-04
3.554003537260624576e-04
3.586273201625760098e-04
3.617682526960332569e-04
3.650070389539714338e-04
3.683552602417056870e-04
3.717391441578877208e-04
3.749804958816350346e-04
3.781217445476878604e-04
3.812925528113613382e-04
3.846453073743204688e-04
3.880524529600687627e-04
3.913765365783018930e-04
3.945988792434972558e-04
3.979537976293119812e-04
4.014777359590357029e-04
4.050242490234298915e-04
4.084439497901745479e-04
4.119477631534698529e-04
4.156478800156893343e-04
4.194019276406856390e-04
4.230296735549658759e-04
4.267682585252406072e-04
4.306909859760019187e-04
4.345854100403164530e-04
4.383845319955172420e-04
4.423825891915183898e-04
4.464213158899109227e-04
4.503293272263687408e-04
4.543195961355894720e-04
4.584201455018359133e-04
4.623216989034323820e-04
4.663104078806617537e-04
4.703316900883282715e-04
4.741756458864948608e-04
4.780970324604359506e-04
4.819872738840578130e-04
4.857081784890576325e-04
4.895847344500455335e-04
4.932370561550182379e-04
4.969870608062020370e-04
5.006584262108714628e-04
5.042933912625666756e-04
5.079830469501514945e-04
5.115751263629122201e-04
5.152694234732442665e-04
5.188728149861143767e-04
5.225701408760444243e-04
5.262010989554119110e-04
5.298962804006267322e-04
5.335384437585759601e-04
5.372089627424852989e-04
5.408238467665094041e-04
5.444320745536454509e-04
5.479741409720370040e-04
5.514826164174606435e-04
5.549182862609496796e-04
5.583086001509170084e-04
5.616317734555149573e-04
5.649149391619869140e-04
5.681484773563819438e-04
5.713572421091914037e-04
5.745352859511377013e-04
5.776992464494842871e-04
5.808385654842331946e-04
5.839576857958213556e-04
5.870391537654474521e-04
5.900787483625053852e-04
5.930586420475922153e-04
5.959763862968292828e-04
5.988238737078137352e-04
6.016087429498526845e-04
6.043349888512425253e-04
6.070163049433101223e-04
6.096577871891749496e-04
6.122649202327120309e-04
6.148304145602500811e-04
6.173447869145354087e-04
6.197914826667424732e-04
6.221597039112522617e-04
6.244429636930571128e-04
6.266465681674163440e-04
6.287807056692066698e-04
6.308580909097530158e-04
6.328837024331042957e-04
6.348528833969041161e-04
6.367511313630395487e-04
6.385626710617438957e-04
6.402789292528166063e-04
6.419038232487627631e-04
6.434507508630287094e-04
6.449316930040724849e-04
6.463478631451373109e-04
6.476862574525852571e-04
6.489303339181588933e-04
6.500716272677715827e-04
6.511182685128180008e-04
6.520844548269514240e-04
6.529772198811523544e-04
6.537852445774138118e-04
6.544915199171160792e-04
6.550883096051801028e-04
6.555871913227345749e-04
6.560006191059270138e-04
6.563268684113719373e-04
6.565478668825302242e-04
6.566555356006182394e-04
6.566591596876361365e-04
6.565722747502352732e-04
6.563865656520281606e-04
6.560867188137247492e-04
6.556725255515806006e-04
6.551602801975480068e-04
6.545474246396665351e-04
6.538178586147066823e-04
6.529701991244641008e-04
6.520224384290710827e-04
6.509689730163918837e-04
6.497931027717613337e-04
6.485011900130763490e-04
6.471089266097053861e-04
6.455996800301309034e-04
6.439676915491580628e-04
6.422281928480864628e-04
6.403756882509163218e-04
6.383970233249491432e-04
6.363107752235583727e-04
6.341096697455452609e-04
6.317856490131163036e-04
6.293524246363459574e-04
6.268006797778033316e-04
6.241281184107332026e-04
6.213476170176328002e-04
6.184413383631583031e-04
6.154274695021478680e-04
6.122951347533742627e-04
6.090481485892809081e-04
6.056898194090020978e-04
6.022135812580634798e-04
5.986289276341479103e-04
5.949279042220169010e-04
5.911204881581470349e-04
5.871997264130030458e-04
5.831739301276404712e-04
5.790391068283364841e-04
5.747998751224158006e-04
5.704546463915313075e-04
5.660075286176250321e-04
5.614578668064535609e-04
5.568101220972133383e-04
5.520642440455682644e-04
5.472235971225514932e-04
5.422896137572815953e-04
5.372650704705996113e-04
5.321520336471566043e-04
5.269528838996548770e-04
5.216702064821454122e-04
5.163065182004710450e-04
5.108648802458580626e-04
5.053482064433927360e-04
4.997598784174541288e-04
4.941027678044567937e-04
4.883802596534508227e-04
4.825954207930290528e-04
4.767518728706938861e-04
4.708529959024501991e-04
4.649024056799874890e-04
4.589037653255776316e-04
4.528612036693904211e-04
4.467783618045646039e-04
4.406595463514441586e-04
4.345085672205270121e-04
4.283296135192494808e-04
4.221266346203182544e-04
4.159040298349838023e-04
4.096657856444966455e-04
4.034163690063242232e-04
3.971601905156354117e-04
3.909016275362959072e-04
3.846448836900453593e-04
3.783945664211726023e-04
3.721549242281467886e-04
3.659304087506650306e-04
3.597251246803901737e-04
3.535435803027304558e-04
3.473899563998184220e-04
3.412686776745930224e-04
3.351836513230768721e-04
3.291392358259701825e-04
3.231393812508133196e-04
3.171882152884871646e-04
3.112892194699291219e-04
3.054464624116748307e-04
2.996634014792002882e-04
2.939437882097187000e-04
2.882906381407695216e-04
2.827073975130668855e-04
2.771971571801910860e-04
2.717629613752466002e-04
2.664072455209799293e-04
2.611328177132023459e-04
2.559419864490071494e-04
2.508372000133782124e-04
2.458201189237069835e-04
2.408928528825267661e-04
2.360569226999914495e-04
2.313140222278279104e-04
2.266650699297617416e-04
2.221113284664946058e-04
2.176536079376590878e-04
2.132927657760823196e-04
2.090289264588053619e-04
2.048625511097020002e-04
2.007937213773621150e-04
1.968225490708018803e-04
1.929484216901040017e-04
1.891710525886300875e-04
1.854898109801388095e-04
1.819041856516523208e-04
1.784128645582621383e-04
1.750149671709477425e-04
1.717092433284583537e-04
1.684946315323919094e-04
1.653693133398642363e-04
1.623318600785742395e-04
1.593805995637374254e-04
1.565140705004451215e-04
1.537300397792091221e-04
1.510267160538588261e-04
1.484021704294480131e-04
1.458546322220775633e-04
1.433816520262214144e-04
1.409811813482635926e-04
1.386511400581972697e-04
1.363896694460192064e-04
1.341941824483237520e-04
1.320625320629588331e-04
1.299926008047733075e-04
1.279824948039207729e-04
1.260296840587423991e-04
1.241319916357355019e-04
1.222873728333237063e-04
1.204940492331977209e-04
1.187495355174376292e-04
1.170517466849097454e-04
1.153987851828160182e-04
1.137890379896781937e-04
1.122201536692764203e-04
1.106901649418304024e-04
1.091973849783191530e-04
1.077403817450993395e-04
1.063170156948029660e-04
1.049254811953185791e-04
1.035642848030630774e-04
1.022322166729095470e-04
1.009273524367879560e-04
9.964806381480700046e-05
9.839307809816465883e-05
9.716141829835121162e-05
9.595137924441526694e-05
9.476152399253273673e-05
9.359082709960307082e-05
9.243848489980655806e-05
9.130305876007753605e-05
9.018328004082664209e-05
8.907832564335314721e-05
8.798762690430282564e-05
8.690998005820041135e-05
8.584428079112806054e-05
8.478992596230602136e-05
8.374654442919631295e-05
8.271317278657865698e-05
8.168885989209476563e-05
8.067318554321282478e-05
7.966596762586813409e-05
7.866646655218120191e-05
7.767386885467334801e-05
7.668791571015365197e-05
7.570857796590037324e-05
7.473532228178193153e-05
7.376743922596720217e-05
7.280480012083725061e-05
7.184749435672513026e-05
7.089515483041779220e-05
6.994713291807510560e-05
6.900338787386395777e-05
6.806410849589890127e-05
6.712904753230942848e-05
6.619757787364862151e-05
6.526971164192084905e-05
6.434569614019738871e-05
6.342534990683824188e-05
6.250806944007152315e-05
6.159389942835711499e-05
6.068309291785408337e-05
5.977554221086137673e-05
5.887068952599337432e-05
5.796856479545232108e-05
5.706945582167898440e-05
5.617337972450759428e-05
5.527979620501433794e-05
5.438879886488591281e-05
5.350074597211048482e-05
5.261575484661111074e-05
5.173342492565660613e-05
5.085388332920344571e-05
4.997758858273968185e-05
4.910477408909469306e-05
4.823514075455833983e-05
4.736884383811023832e-05
4.650634825459596273e-05
4.564792928235291011e-05
4.479328348539218677e-05
4.394250743122128249e-05
4.309595677794925351e-05
4.225383867014758797e-05
4.141578373317169963e-05
4.058177009988908054e-05
3.975205566531185266e-05
3.892680121260302424e-05
3.810567820349613165e-05
3.728869212732872251e-05
3.647615363244253002e-05
3.566836092259724044e-05
3.486523478844131256e-05
3.406698779367232666e-05
3.327412194465782233e-05
3.248714523103855573e-05
3.170622080423147066e-05
3.093169602505472946e-05
3.016409164696353824e-05
2.940384340873989803e-05
2.865105429965680240e-05
2.790586524163791781e-05
2.716852169951361457e-05
2.643916537853972223e-05
2.571774411083341391e-05
2.500425392937908673e-05
2.429885162370007436e-05
2.360166353655912262e-05
2.291278461645825110e-05
2.223231670797531554e-05
2.156044927734431486e-05
2.089725142476355001e-05
2.024279261561167423e-05
1.959708992418497276e-05
1.896029392048019011e-05
1.833261253065969124e-05
1.771468776442657687e-05
1.710750666637757546e-05
1.651259463772238021e-05
1.593183247212986596e-05
1.536769547107624020e-05
1.482276140315977799e-05
1.429959198119104647e-05
1.380028843302863279e-05
1.332667133282621246e-05
1.287973993678864584e-05
1.245972995971159179e-05
1.206593446516858067e-05
1.169720224013255396e-05
1.135159607970946521e-05
1.102658201046684833e-05
1.071890224263724350e-05
1.042509644477327560e-05
1.014121973992494232e-05
9.863161420016789980e-06
9.586781473061777796e-06
9.308706397940419745e-06
9.026300662382221446e-06
8.737994427751819912e-06
8.443236430526898664e-06
8.142804378709589771e-06
7.838253707138990358e-06
7.531618068326542979e-06
7.224977715579268909e-06
6.920513526208799763e-06
6.620111516475006970e-06
6.325329939178593190e-06
6.037388536603080598e-06
5.757436434188108182e-06
5.486394668053737710e-06
5.224884575621696981e-06
4.973171170579997670e-06
4.731326426277694519e-06
4.499171955387940313e-06
4.276338691508926080e-06
4.062412744990938677e-06
3.857145486051275910e-06
3.660451928722813491e-06
3.472286256067778620e-06
3.292597311691987506e-06
3.121279859616503163e-06
2.958110214772636871e-06
2.802668473813268264e-06
2.654474356186847737e-06
2.513110511690862766e-06
2.378291229288198310e-06
2.249808215817302816e-06
2.127566448480771260e-06
2.011440713657323517e-06
1.901250192368035038e-06
1.796776771433370444e-06
1.697811405831008614e-06
1.604071580873815762e-06
1.515336924523193221e-06
1.431440130393779536e-06
1.352214626507960850e-06
1.277469310828597383e-06
1.207007660488918523e-06
1.140553528845631232e-06
1.077808153743501074e-06
1.018500856707290937e-06
9.624315608539583056e-07
9.094489787672828160e-07
8.593616884227243083e-07
8.119132018237265581e-07
7.669236708227186677e-07
7.243209080152572092e-07
6.840352417303774235e-07
6.459334016745114635e-07
6.098473572664947957e-07
5.756681945794536304e-07
5.433568854670596244e-07
5.128707870337657065e-07
4.841005056856562096e-07
4.568835665727140918e-07
4.311113008754026792e-07
4.068397837353833267e-07
3.840148157321076280e-07
3.624431686495976792e-07
3.420406772696875926e-07
3.227978742097866312e-07
3.046119141571781143e-07
2.874751567068146715e-07
2.713813345640415761e-07
2.561578351326098572e-07
2.416854281607316228e-07
2.280792140129142836e-07
2.153283554105496151e-07
2.032240940708459588e-07
1.917132753165257924e-07
1.808648109321702116e-07
1.705951039697302519e-07
1.608917692905653003e-07
1.517428504721591367e-07
1.430478168462043298e-07
1.347360177263431981e-07
1.270092396163490986e-07
1.197664420045919282e-07
1.128083641994700224e-07
1.061757558795479963e-07
1.000576611496546508e-07
9.435210590660303452e-08
8.883383308429561011e-08
8.363177365049059969e-08
7.880301463955947172e-08
7.429457070373860327e-08
6.994515689351348856e-08
6.587339030052647795e-08
6.207022076243132618e-08
5.848092179676803751e-08
5.507384265278318251e-08
5.187414079119914607e-08
4.889281661386650265e-08
4.603627885457425235e-08
4.338410969608272752e-08
4.087028578657913665e-08
3.852835071625194531e-08
3.627085117687474973e-08
3.418422861447667351e-08
3.220581237479450021e-08
3.034439733364639151e-08
2.857275273260794554e-08
2.691428325736431996e-08
2.535899900360284668e-08
2.387796164839970891e-08
2.249718313574383086e-08
2.117931637427541305e-08
1.995692139139349614e-08
1.878459380593660777e-08
1.771146135240548049e-08
1.667152557520557843e-08
1.571171663919537198e-08
1.479166495960119384e-08
1.395665011627716395e-08
1.314041824331895552e-08
1.238221588069206492e-08
1.166159389834186854e-08
1.100903408344503598e-08
1.037144967592930733e-08
9.769585128324938154e-09
9.204706354651824116e-09
8.692865486272956555e-09
8.194704575757784763e-09
7.717372954097605744e-09
7.274131749962738124e-09
6.873027159371309605e-09
6.483130799214296264e-09
6.105169290607557814e-09
5.755782673257296067e-09
5.441169135424830152e-09
5.135232073699100597e-09
4.837137229701016367e-09
4.561668831807090598e-09
4.315009045716542473e-09
4.074267811057824829e-09
3.839462878196953373e-09
3.621726908729502434e-09
3.427785082487207831e-09
3.238095083138245715e-09
3.053337506014035001e-09
2.880929774899044083e-09
2.728142015635160592e-09
2.578480857839331528e-09
2.432766718509958136e-09
2.295799581388879741e-09
2.175144102482031179e-09
2.056963447468351864e-09
1.941937997321822234e-09
1.833243785743750118e-09
1.737513283435793379e-09
1.643996901504552771e-09
1.552772444498831159e-09
1.466516019761379974e-09
1.390322808453790075e-09
1.316312525512852761e-09
1.243788331680022961e-09
1.175381367392286061e-09
1.114434803833176183e-09
1.055737268084792285e-09
9.979853071436179363e-10
9.437135005142148842e-10
8.948302617058305955e-10
8.481912277354487750e-10
8.021059550523344839e-10
7.590037414588256319e-10
7.197347105380621157e-10
6.825786411513196850e-10
6.457447356525781761e-10
6.114680642667629330e-10
5.798428698676375572e-10
5.502019823402984246e-10
5.206825962239353998e-10
4.934153923025912144e-10
4.678668749710183779e-10
4.441951406859219848e-10
4.204969705225543860e-10
3.987345682782596058e-10
3.780969400140982946e-10
3.591491887562668500e-10
3.400840004676893777e-10
3.226889811951611154e-10
3.059728431268360987e-10
2.908049647485727758e-10
2.754303099678668091e-10
2.614888194142075542e-10
2.479588530616618357e-10
2.357621820455691228e-10
2.233632111911548645e-10
2.121656390015365386e-10
2.011975080481529718e-10
1.913822109605090849e-10
1.813558641804933927e-10
1.723450814557955188e-10
1.634551827636727299e-10
1.555167407525509834e-10
1.474215224929961098e-10
1.401366086999787686e-10
1.329363740439392097e-10
1.264952664207649835e-10
1.199639999838664890e-10
1.140549824244366506e-10
1.082197671165212527e-10
1.029919687680374022e-10
9.770120416780348074e-11
9.290336428599814951e-11
8.816984057906674320e-11
8.391125533855620198e-11
7.962697041834463946e-11
7.572572676376378459e-11
7.187823666287031295e-11
6.841076425693135957e-11
6.492965304589686816e-11
6.175364264999007475e-11
5.862199872900234216e-11
5.579072021677335935e-11
5.296056973252805021e-11
5.036825426585667268e-11
4.781770270645850147e-11
4.550181863221177750e-11
4.319770429013847518e-11
4.107868195225159726e-11
3.899720356915802392e-11
3.709883848053662579e-11
3.521783276370361683e-11
3.348257015257738095e-11
3.178118102054468070e-11
3.022310413825832984e-11
2.868409521658464188e-11
2.725982209368394819e-11
2.586497673417063929e-11
2.458282705123695418e-11
2.332034474072231022e-11
2.214911138950111016e-11
2.100320439276203729e-11
1.994521424012001382e-11
1.890612364309998155e-11
1.794009706638446498e-11
1.699618949989133583e-11
1.612000431249111633e-11
1.526169285998130471e-11
1.446257409907872172e-11
1.368193661941531497e-11
1.295426414143862144e-11
1.224315199295559251e-11
1.157902050030787795e-11
1.093077298772415180e-11
1.032485145461719980e-11
9.733006384980238903e-12
9.179938656217487916e-12
8.639744689086070739e-12
8.132524389637386916e-12
7.639494724419733301e-12
7.176342865603212225e-12
6.725402484811548930e-12
6.301773945343737298e-12
5.888596187723279383e-12
5.501544432983352061e-12
5.125643420625809060e-12
4.770500408624289825e-12
4.426370198123875575e-12
4.104082995848832600e-12
3.791075733015752926e-12
3.497098311498335924e-12
3.211907550513303529e-12
2.946470456515735130e-12
2.690144656736074580e-12
2.449710544431234307e-12
2.218587954427207326e-12
2.004707458535829403e-12
1.800313991673723260e-12
1.610046797160712000e-12
1.429337515293585045e-12
1.264376258995701209e-12
1.108824104734762701e-12
9.669138504007514047e-13
8.342615965728465676e-13
7.163601585243105551e-13
6.078740965361047048e-13
5.122236894660549570e-13
4.254990522107195137e-13
3.522407126524448621e-13
2.879458378676835697e-13
2.350489419266353242e-13
1.901782966283432936e-13
1.568311370515140209e-13
1.307808584222757114e-13
1.140609618968310660e-13
1.030717620641014688e-13
1.007486715025426462e-13
1.027690133213746829e-13
1.107716596915516203e-13
1.210955810532892486e-13
1.359508211447349620e-13
1.514448909880578759e-13
1.685159954983369323e-13
1.840107268669451329e-13
1.995929653355342245e-13
2.118482811260505328e-13
2.219575775316180302e-13
2.271683097790536104e-13
2.293806047542273067e-13
2.261809160799712735e-13
2.190879288979444376e-13
2.065848494614720361e-13
1.910237411247155816e-13
1.712208107907489152e-13
1.494960124744045958e-13
1.252090134459952970e-13
1.013268046560871742e-13
7.742617425301730192e-14
5.597452059977660774e-14
3.666753820254584797e-14
2.191018663280364102e-14
1.101611059488329329e-14
5.404731033095692513e-15
3.820392134559187042e-15
7.066914463850978607e-15
1.324566159119195509e-14
2.212528535778395669e-14
3.140053128439051860e-14
4.069729287546865769e-14
4.779188772004714080e-14
5.235833734608456936e-14
5.290484482380269684e-14
5.005866276843527495e-14
4.345481566033805011e-14
3.459919937733952671e-14
2.409261191031441124e-14
1.416647807904044315e-14
5.706047873348971009e-15
4.513343187993969817e-16
-1.528802265384018770e-15
3.039346999718891214e-16
4.676300111971928088e-15
1.068797848648058942e-14
1.619937169834400985e-14
2.015971214294637731e-14
2.104521763807184296e-14
1.892661899290051776e-14
1.398256795880215328e-14
7.993810522318799367e-15
2.380781984641408723e-15
-9.323027323202368266e-16
-1.427936960537101116e-15
1.040906389978281916e-15
4.960385439391752112e-15
8.811478194592012661e-15
1.062024424926779509e-14
9.802839425347487569e-15
6.496423974476130130e-15
2.450273006309286375e-15
-6.188961609549721939e-16
-1.119620912726774704e-15
7.493024365617794472e-16
3.821677997427581952e-15
5.935966095692703503e-15
5.859938805182894777e-15
3.490670095276187266e-15
5.978985775259342681e-16
-9.516907599688348173e-16
-9.472716340962559345e-17
2.130438187698568807e-15
3.856025633344497748e-15
3.423444796822519346e-15
1.334003945672067152e-15
-5.160410626408915494e-16
-3.772740443079482790e-16
1.293095511325363894e-15
2.649452069505512907e-15
2.035086988321443870e-15
2.739749217612813066e-16
-5.572470189916106192e-16
4.548826379814302993e-16
1.768158870143197313e-15
1.524602755752937225e-15
7.848975757032595248e-17
-3.704965570023347068e-16
6.671152849432508672e-16
1.410277061905542079e-15
5.350226485103681970e-16
-3.264271824533030095e-16
2.602996731766648861e-16
1.062458323176991967e-15
4.295596796971661406e-16
-2.657906451772352118e-16
3.417593447581662836e-16
7.982104844243947416e-16
4.541383853865405637e-17
-9.936330638840209365e-17
5.824424542292681100e-16
3.086254257267519960e-16
-1.704834813053950707e-16
3.746803135676968076e-16
3.266804939788281616e-16
-1.364232668375909188e-16
3.017782857958495306e-16
2.260970747699896564e-16
-9.418118957482700110e-17
3.084735343443931986e-16
6.045440914418856437e-17
1.716780045464308890e-17
2.575570312607986482e-16
-7.036856230361342038e-17
1.957708797261246646e-16
3.187310855685419459e-17
6.202476632622897258e-17
1.186030990188903182e-16
-7.391163367976318742e-18
1.362736761006316995e-16
-1.844749901926143681e-17
1.179073438086203643e-16
-8.773624253108640605e-18
9.347696014798993357e-17
1.671625201048964111e-18
7.372279995458289294e-17
8.055078603700819722e-18
5.960571945693252626e-17
1.098094983125452968e-17
4.962178398744672448e-17
1.185350624324443997e-17
4.234163460781480225e-17
1.168922763421954679e-17
3.682875625932544622e-17
1.107337626482349566e-17
3.252329028817618459e-17
1.031594171030227589e-17
2.909061663169994632e-17
9.575261975538867263e-18
2.632283642196514717e-17
8.929991860585050091e-18
2.408390429381701245e-17
8.417403105524086400e-18
2.228017695296330875e-17
8.053360227298759051e-18
2.084442324741876508e-17
7.842826514515479518e-18
1.972684409371531560e-17
7.785493101242192341e-18
1.888980428587687248e-17
7.878857305880647980e-18
1.830459544300821573e-17
8.119934109694539907e-18
1.794935636542909779e-17
8.506218450352621067e-18
1.780768281537522353e-17
9.036229385827655786e-18
1.786766644910455663e-17
9.709817869503083241e-18
1.812121342056425588e-17
1.052834166205451576e-17
1.856355255682876736e-17
1.149476694403503712e-17
1.919287841399332533e-17
1.261373179994883485e-17
2.001009292083879721e-17
1.389159334120855539e-17
2.101862345611561554e-17
1.533647099538783104e-17
2.222429994605570958e-17
1.695829448777045628e-17
2.363528158735213486e-17
1.876886058102936741e-17
2.526202394055612058e-17
2.078190253319885824e-17
2.711728207785242011e-17
2.301317422999197836e-17
2.921614433496946388e-17
2.548054921895459820e-17
3.157609464395525441e-17
2.820413631383495921e-17
3.421710025287464745e-17
3.120641226823952995e-17
3.716172367427717428e-17
3.451237063001042893e-17
4.043525668407554589e-17
3.814968811977781660e-17
4.406587576260467813e-17
4.214890719572140764e-17
4.808481683890836109e-17
4.654363505841683793e-17
5.252656928874648013e-17
5.137075794802023535e-17
5.742908649164200655e-17
5.667067027326211475e-17
6.283401237094135232e-17
6.248751611055773844e-17
6.878692098107973744e-17
6.886944211915032990e-17
7.533756720969411021e-17
7.586885842086060295e-17
8.254014487455517091e-17
8.354270424834627774e-17
9.045354826292224436e-17
9.195271370056748558e-17
9.914163162531781658e-17
1.011656759339313556e-16
1.086734602950174169e-16
