# bin_3_4
-5.269027085633881944e-06
1.303744712760083293e-05
-4.380804814931695947e-06
1.286871906271184568e-05
-3.486201269246468396e-06
1.277071868883363755e-05
-2.580734430479281183e-06
1.274435865812359150e-05
-1.659756051316742362e-06
1.279093872835714010e-05
-7.184489118974050948e-07
1.291213367888924652e-05
2.481737790561386190e-07
1.310997953254264374e-05
1.245265905489248826e-06
1.338685722597352784e-05
2.278141931712513110e-06
1.374547244893726646e-05
3.352265242845859792e-06
1.418883055874707511e-05
4.473230097887034947e-06
1.472020510360360551e-05
5.646735880876152460e-06
1.534309860301936383e-05
6.878552205759382653e-06
1.606119401986233806e-05
8.174473359605220993e-06
1.687829535905300440e-05
9.540260592755955030e-06
1.779825590950892742e-05
1.098157084486713106e-05
1.882489274204674870e-05
1.250387063338759077e-05
1.996188629493242815e-05
1.411233430285182937e-05
2.121266455157858792e-05
1.581172632857423196e-05
2.258027177764069322e-05
1.760626831367914004e-05
2.406722313497905913e-05
1.949949259161880855e-05
2.567534771671466153e-05
2.149408601139363986e-05
2.740562474545886327e-05
2.359172977204746752e-05
2.925802003073393805e-05
2.579294403178203349e-05
3.123133313221070686e-05
2.809694949307982962e-05
3.332306931465190428e-05
3.050156227791184427e-05
3.552935495571070304e-05
3.300314304744831928e-05
3.784491964749787642e-05
3.559662610026819780e-05
4.026317318007978445e-05
3.827565886130632851e-05
4.277640968966018594e-05
4.103288565447319033e-05
4.537617402397096114e-05
4.386041118809133783e-05
4.805382511270839165e-05
4.675047691568019043e-05
5.080132651051955301e-05
4.969637563194454860e-05
5.361228264396402748e-05
5.269361387427947844e-05
5.648321872727938593e-05
5.574130549524060265e-05
5.941507000279184532e-05
5.884374110902800665e-05
6.241480053525957146e-05
6.201202578605729198e-05
6.549701301026226031e-05
6.526561286584260831e-05
6.868534188347755285e-05
6.863349001520387420e-05
7.201335063109759178e-05
7.215470580718389858e-05
7.552459431844270278e-05
7.587787952236336520e-05
7.927148394421008458e-05
7.985934085027283371e-05
8.331263033989419074e-05
8.415963400546687878e-05
8.770848917433079735e-05
8.883832923467456294e-05
9.251540879650207918e-05
9.394744090745639205e-05
9.777861514132013597e-05
9.952425439499107992e-05
1.035252277719277657e-04
1.055849573561649219e-04
1.097589936069913908e-04
1.121210153647375104e-04
1.164588605656885901e-04
1.191004861544838655e-04
1.235835040791020262e-04
1.264761067424751697e-04
1.310831244559273806e-04
1.342006875141345810e-04
1.389179856715627465e-04
1.422479559406452136e-04
1.470802979310291121e-04
1.506337973681258512e-04
1.556127720616237936e-04
1.594298409019869801e-04
1.646149043957683647e-04
1.687603325135855715e-04
1.742288734748894362e-04
1.787764104848147697e-04
1.846028280551275779e-04
1.896106223689319667e-04
1.958405842332479839e-04
2.013274239045810120e-04
2.079598395758154377e-04
2.138965858965861976e-04
2.208877167047925880e-04
2.272159074295135685e-04
2.345122643641661176e-04
2.411883701324698756e-04
2.487765530316949063e-04
2.558189939356628282e-04
2.637600177476516375e-04
2.712611405503174413e-04
2.796730880474509258e-04
2.877506161397143641e-04
2.967342456927282560e-04
3.054442841321795745e-04
3.150033425670563793e-04
3.242906953171576108e-04
3.343317850644221025e-04
3.440885541131510233e-04
3.545312655943301094e-04
3.647324474030868451e-04
3.756293105487783614e-04
3.863917721780981904e-04
3.978931880262270957e-04
4.093426667981644117e-04
4.215014710917786120e-04
4.335852131296142752e-04
4.462605720922411200e-04
4.588019246316515183e-04
4.718638737821688445e-04
4.848392283650265798e-04
4.983846046847544616e-04
5.119494033183221403e-04
5.260913063257548162e-04
5.402198017282335918e-04
5.547778595637089518e-04
5.692127859397791163e-04
5.839955086724039164e-04
5.987118828608286409e-04
6.138441462677880290e-04
6.289669123968894947e-04
6.444064276926794862e-04
6.596781520780270599e-04
6.750958306938607172e-04
6.903329590404152149e-04
7.057816826583373539e-04
7.211165976283433502e-04
7.365479512003404380e-04
7.516650406436121675e-04
7.667181738775167687e-04
7.815020264469435931e-04
7.963067822799012188e-04
8.108016290745190301e-04
8.250862426748440271e-04
8.389189394842978863e-04
8.526000848248416111e-04
8.659464849141836019e-04
8.790227215248067267e-04
8.915639872563577758e-04
9.038350503121754011e-04
9.157524092618462381e-04
9.273686273393434796e-04
9.384577946981618405e-04
9.492920105855138201e-04
9.598224268956112408e-04
9.700570644813951305e-04
9.798921881265948170e-04
9.896315697558051832e-04
9.991423724133297306e-04
1.008453173382840287e-03
1.017667917258271602e-03
1.026925512269825881e-03
1.036037141373874699e-03
1.045280907093304110e-03
1.054622229564128192e-03
1.064030590067135441e-03
1.073649611225382678e-03
1.083483872630854397e-03
1.093437475431567434e-03
1.103740713862270267e-03
1.114143198246221253e-03
1.124845374871788093e-03
1.135704128641148915e-03
1.146733195570500590e-03
1.157940461266375237e-03
1.169212657627332567e-03
1.180626189791991743e-03
1.192043178369486117e-03
1.203547388397059430e-03
1.215030317998698744e-03
1.226567232128655512e-03
1.238089157388589084e-03
1.249664114874790392e-03
1.261250735094568117e-03
1.272907393861598055e-03
1.284599607010936291e-03
1.296366800021192490e-03
1.308161474779348174e-03
1.319996230179453119e-03
1.331802203002923051e-03
1.343570579636434864e-03
1.355222972251034783e-03
1.366753725961372895e-03
1.378105112176846283e-03
1.389309368277118033e-03
1.400359697261665832e-03
1.411346426302666733e-03
1.422315582534162785e-03
1.433395461257628949e-03
1.444641779145646419e-03
1.456160057174293041e-03
1.467947872074521799e-03
1.480028001722198975e-03
1.492303823493444388e-03
1.504715717183234677e-03
1.517114460232581608e-03
1.529434017669108236e-03
1.541565065214878585e-03
1.553518058292150446e-03
1.565271509935709350e-03
1.576909053980700155e-03
1.588444456745715088e-03
1.599953502960693805e-03
1.611410123123091119e-03
1.622845294456863987e-03
1.634208981606169236e-03
1.645541713569254830e-03
1.656824476610331814e-03
1.668120580986788776e-03
1.679395709117803299e-03
1.690654097083417028e-03
1.701788218214309555e-03
1.712766476184168383e-03
1.723521797655472917e-03
1.734129103962945510e-03
1.744631232391096127e-03
1.755138126534192466e-03
1.765623337870537773e-03
1.776073597847450556e-03
1.786385578784194976e-03
1.796576228278651223e-03
1.806641969413567105e-03
1.816658979092773945e-03
1.826574887796077618e-03
1.836359058848370486e-03
1.845918062865475190e-03
1.855297873846461013e-03
1.864517619664995095e-03
1.873649808624636235e-03
1.882645998141770256e-03
1.891511501491959955e-03
1.900187762396900182e-03
1.908681941145530829e-03
1.916930993783574379e-03
1.924995502654840368e-03
1.932926083236093323e-03
1.940804344168661202e-03
1.948531575227771323e-03
1.956038705717062266e-03
1.963259021116649846e-03
1.970264788325049553e-03
1.977076215215421793e-03
1.983748508538368122e-03
1.990202087775310835e-03
1.996408321763296426e-03
2.002359139215905727e-03
2.008139569728154775e-03
2.013705871807990565e-03
2.019072505496476502e-03
2.024191664805490443e-03
2.029069709318102616e-03
2.033682430180904551e-03
2.038053473174283783e-03
2.042167284776727921e-03
2.046054737691791608e-03
2.049616359016729738e-03
2.052962789741770867e-03
2.056074487105658943e-03
2.058918023407589094e-03
2.061435415537988050e-03
2.063691205587137468e-03
2.065691346677400037e-03
2.067381692572574890e-03
2.068793462567705254e-03
2.069945108864525585e-03
2.070799503757078924e-03
2.071350858862157189e-03
2.071597789633706620e-03
2.071551650131339423e-03
2.071185780393522066e-03
2.070531329910473093e-03
2.069577407498121146e-03
2.068291138448038070e-03
2.066688589046657490e-03
2.064781532884336392e-03
2.062543067605920877e-03
2.060011268509044473e-03
2.057135757950017286e-03
2.053946113123994183e-03
2.050419671694824267e-03
2.046576962451196035e-03
2.042406207996119109e-03
2.037902061645566979e-03
2.033062200718497355e-03
2.027897865673450317e-03
2.022400363741071270e-03
2.016572022101617307e-03
2.010401353855090830e-03
2.003904654741242488e-03
1.997071899843548635e-03
1.989906594294437499e-03
1.982401908346303945e-03
1.974574576950419071e-03
1.966408835931935436e-03
1.957914824305565481e-03
1.949086057727584479e-03
1.939933874566440990e-03
1.930444377308411855e-03
1.920636999009383335e-03
1.910500163769353636e-03
1.900045016271926677e-03
1.889266325536619918e-03
1.878175277896491999e-03
1.866762572517057959e-03
1.855044915771242612e-03
1.843011323797257755e-03
1.830679082669039786e-03
1.818040495122692562e-03
1.805109441750673855e-03
1.791880639438745695e-03
1.778366382357228969e-03
1.764563202193085651e-03
1.750485019920290869e-03
1.736129299060916974e-03
1.721508573683050783e-03
1.706619273332202072e-03
1.691476552371652675e-03
1.676079335354426977e-03
1.660441857594482755e-03
1.644561543524250460e-03
1.628453415544328740e-03
1.612117280623953696e-03
1.595568716262265544e-03
1.578806944718574292e-03
1.561846624865644885e-03
1.544689260428833795e-03
1.527351547952186155e-03
1.509833452723801078e-03
1.492150663095074105e-03
1.474305975319834417e-03
1.456315722956547619e-03
1.438181173156155828e-03
1.419919579032600902e-03
1.401534254356090296e-03
1.383040488497960709e-03
1.364443019507649959e-03
1.345758515453178037e-03
1.326990107724042908e-03
1.308155140567741773e-03
1.289258892243830843e-03
1.270316422441603466e-03
1.251333638881791527e-03
1.232327117534905278e-03
1.213302266682641552e-03
1.194275511171919097e-03
1.175252014364134125e-03
1.156248745638408567e-03
1.137271519869712845e-03
1.118336311761999186e-03
1.099448587823917195e-03
1.080624678540793729e-03
1.061870821514478537e-03
1.043201918027634274e-03
1.024623940872033392e-03
1.006152461079680253e-03
9.877935202313324527e-04
9.695611158958415037e-04
9.514607808891637711e-04
9.335070046067006329e-04
9.157053932710633405e-04
8.980687530368225901e-04
8.806018572173733181e-04
8.633175278371141336e-04
8.462207297259284047e-04
8.293229594234339955e-04
8.126275691307624938e-04
7.961460537644865325e-04
7.798822887028995570e-04
7.638458377649912524e-04
7.480388075414605908e-04
7.324709681980732948e-04
7.171448808563671935e-04
7.020678091831641715e-04
6.872407262998570486e-04
6.726712754511659023e-04
6.583604412804289511e-04
6.443136613398041911e-04
6.305302642492038130e-04
6.170156995578817295e-04
6.037695687028806716e-04
5.907953453135634126e-04
5.780907125680059735e-04
5.656590842148707943e-04
5.534987710322286560e-04
5.416114095386834583e-04
5.299933441411811344e-04
5.186463943112569258e-04
5.075677904564890016e-04
4.967573415766595498e-04
4.862106236964457758e-04
4.759279241171593812e-04
4.659052195258330236e-04
4.561416862435974519e-04
4.466315869081505653e-04
4.373741697358325166e-04
4.283644370979973709e-04
4.196002287917005450e-04
4.110749807435955358e-04
4.027863893484277683e-04
3.947287382120915592e-04
3.868983485047577074e-04
3.792871443985285237e-04
3.718913372958883301e-04
3.647038073163521373e-04
3.577193969051630819e-04
3.509292024139231748e-04
3.443282555013389180e-04
3.379087838149500019e-04
3.316655618898540657e-04
3.255895063665254678e-04
3.196765388681218571e-04
3.139204248513710192e-04
3.083172904091176615e-04
3.028608421641394884e-04
2.975487780052925866e-04
2.923771112633172676e-04
2.873439251489899311e-04
2.824438018769625147e-04
2.776744405352777972e-04
2.730311441355813681e-04
2.685097710764021103e-04
2.641022171425979020e-04
2.598025345625597487e-04
2.556030381130270832e-04
2.514973384685505447e-04
2.474767244343731125e-04
2.435367108005094148e-04
2.396739210624595183e-04
2.358879404579932197e-04
2.321772682471481505e-04
2.285440284493161578e-04
2.249894091764248494e-04
2.215138357077693762e-04
2.181124703464986346e-04
2.147796243384228780e-04
2.115068740479455968e-04
2.082855170591684055e-04
2.051054443287685981e-04
2.019619895677487206e-04
1.988552184127515140e-04
1.957897406810691363e-04
1.927693182344788862e-04
1.897978097152470674e-04
1.868746838175972598e-04
1.839937879832921402e-04
1.811425214917829652e-04
1.783105809484995038e-04
1.754944557733984303e-04
1.726996079673643128e-04
1.699354514798134060e-04
1.672124577682774919e-04
1.645346367747476302e-04
1.618949533601561110e-04
1.592772553518025688e-04
1.566692897100891303e-04
1.540720145371802954e-04
1.514973201177572293e-04
1.489554620371096754e-04
1.464455054495457820e-04
1.439543847995212783e-04
1.414664251916979891e-04
1.389782828105653816e-04
1.365047464130633216e-04
1.340656753918724182e-04
1.316636816852851950e-04
1.292819992990664531e-04
1.269065764155354005e-04
1.245460830603713079e-04
1.222174343761977839e-04
1.199194660838064796e-04
1.176302992417820531e-04
1.153389236068888855e-04
1.130591640885905100e-04
1.108088901936818979e-04
1.085830239376981104e-04
1.063704763322364713e-04
1.041769270959344730e-04
1.020155095052940392e-04
9.987682924673711791e-05
9.774551427683344661e-05
9.562378199828007073e-05
9.352421271003373093e-05
9.144522374590879346e-05
8.938862953597955809e-05
8.736143068835903319e-05
8.536549674987955929e-05
8.338962835092952636e-05
8.142816171665347613e-05
7.948305794081094681e-05
7.756457241927610074e-05
7.566741322004161816e-05
7.379916660396450018e-05
7.196283047826317113e-05
7.014009377191539264e-05
6.833649516399958347e-05
6.656405816195011809e-05
6.480947677994487949e-05
6.310125847485095643e-05
6.140796812561684077e-05
5.974190695988330381e-05
5.809958720623940344e-05
5.647954793742470737e-05
5.489595651958865529e-05
5.332697067006920180e-05
5.178981818988482319e-05
5.026806119071850154e-05
4.878133046185969212e-05
4.731506903755952007e-05
4.588184273483575582e-05
4.447369752670960911e-05
4.310131193435557642e-05
4.175931555977904281e-05
4.045756636766376216e-05
3.919234567662979024e-05
3.796517900327530315e-05
3.677243194926818951e-05
3.561916517641009876e-05
3.449490550117356659e-05
3.339657902066675750e-05
3.232523267905107499e-05
3.127833058104441914e-05
3.024746175997875458e-05
2.924289804256975363e-05
2.826212066289477743e-05
2.730352666624016639e-05
2.637640000906015282e-05
2.547993164101410192e-05
2.461228604208235850e-05
2.378178242652561643e-05
2.297888338093741621e-05
2.220678806008411887e-05
2.146019268704154210e-05
2.073269073157085201e-05
2.002233467148240709e-05
1.932194345932936180e-05
1.863023531876342015e-05
1.794444877245942642e-05
1.726396430260816256e-05
1.659106105206193592e-05
1.592637258353864335e-05
1.527372257933480739e-05
1.463398403720554991e-05
1.401115445788065768e-05
1.340599529356283373e-05
1.282124344985016667e-05
1.225676449201832265e-05
1.171433412144961040e-05
1.119305170003262956e-05
1.069312438344641960e-05
1.021273324719144943e-05
9.751899378982418286e-06
9.308929730388606848e-06
8.883606256433812783e-06
8.474546898546637375e-06
8.082323826830135834e-06
7.706298498566873065e-06
7.346992266049523291e-06
7.003416102394714716e-06
6.675715101661613122e-06
6.362443969883322379e-06
6.062954469268137725e-06
5.775282779804765049e-06
5.498797414249204632e-06
5.231910728182414259e-06
4.974341386328546244e-06
4.725209861933346633e-06
4.485354707811971283e-06
4.254791075410010778e-06
4.034331235729520230e-06
3.823695549961057314e-06
3.623344769864253742e-06
3.432547370827772957e-06
3.251346802537158067e-06
3.078816794011989964e-06
2.914917155288060561e-06
2.759000273117794973e-06
2.611279212083019255e-06
2.471081212322668279e-06
2.338455000097604412e-06
2.212342460279406788e-06
2.092596931708770987e-06
1.978900066807949834e-06
1.872006136379069960e-06
1.771526864629250124e-06
1.677204177143010100e-06
1.587435443322581876e-06
1.500918626759151070e-06
1.416943928394216587e-06
1.337187028475306864e-06
1.262947626752363020e-06
1.194825277439424896e-06
1.130961211420941767e-06
1.069606227248995002e-06
1.009732579992477783e-06
9.530863054421108684e-07
9.004310833814403052e-07
8.514964561198559859e-07
8.046930968637396617e-07
7.600616050830242537e-07
7.177004792992345767e-07
6.774956143273789189e-07
6.385253746580087988e-07
6.022414726728819320e-07
5.701173270923261850e-07
5.409419736251249087e-07
5.107358460004740725e-07
4.805900298772067392e-07
4.537930520656619370e-07
4.299690454279286763e-07
4.055081923810110787e-07
3.823917100567244009e-07
3.619113289670043010e-07
3.424839555289237752e-07
3.238948246298268060e-07
3.067151753463896273e-07
2.880714166105739718e-07
2.716701139969527328e-07
2.584221574745834514e-07
2.439064873698616813e-07
2.303801233620602613e-07
2.188367459799852413e-07
2.053620034947256009e-07
1.944328101485962377e-07
1.835311663808699504e-07
1.746506619951490007e-07
1.651026473596284671e-07
1.553278439734044786e-07
1.471912324121006454e-07
1.386845891771349367e-07
1.323771589636657698e-07
1.248027105720430287e-07
1.178335703748474263e-07
1.111381408470601886e-07
1.057638261026039041e-07
1.003601981696467203e-07
9.449853343027151312e-08
8.916790577137599844e-08
8.497581460036839630e-08
8.048223160563814909e-08
7.596621964307033227e-08
7.160088491045531653e-08
6.858132050506609916e-08
6.450661951329052199e-08
6.101855508057058036e-08
5.794737887004880847e-08
5.514996361166181974e-08
5.168103570146263844e-08
4.944861598329469541e-08
4.679502345463754328e-08
4.408597972094620197e-08
4.202063436438590959e-08
3.988996372725791583e-08
3.749942340224483231e-08
3.593838905994942076e-08
3.374868323614491906e-08
3.221822638314909056e-08
3.048475067263898584e-08
2.883723578002074052e-08
2.748068641453841957e-08
2.596029880799102941e-08
2.471682186626952019e-08
2.335422359455899819e-08
2.223020281070053050e-08
2.107014781722516958e-08
2.000459803862123853e-08
1.895794169795485850e-08
1.801379589409882518e-08
1.710920297641896313e-08
1.623192953486706743e-08
1.539958315066530556e-08
1.462918343584881535e-08
1.390693516543972324e-08
1.319396756785766572e-08
1.252543402575993691e-08
1.189979407300576264e-08
1.131983347965318961e-08
1.074013020612145156e-08
1.020063535619485178e-08
9.691474583951084409e-09
9.222743669399275747e-09
8.750644744695878186e-09
8.313477484421540173e-09
7.896475304388008856e-09
7.516303760143091479e-09
7.130507342728426877e-09
6.775051383648005916e-09
6.433384439890494415e-09
6.124300945811798370e-09
5.809578217298206065e-09
5.521611729294178752e-09
5.242779916372017287e-09
4.993495889916547264e-09
4.738528218206526956e-09
4.507349488990001878e-09
4.281680264838762942e-09
4.081513625059396344e-09
3.875773074700141543e-09
3.689858542234361271e-09
3.505792887725349681e-09
3.342984265967685764e-09
3.174152608149135908e-09
3.021077464471468246e-09
2.867809191095328740e-09
2.732326459599835416e-09
2.591427040241665843e-09
2.464722218154837271e-09
2.337814872173010704e-09
2.227127228337269989e-09
2.113360907894755393e-09
2.012373635572462658e-09
1.911428019875362653e-09
1.823814642133117774e-09
1.732920761410019437e-09
1.651257429330135358e-09
1.567654177054767251e-09
1.493646352862502331e-09
1.416054768072807970e-09
1.346160660528746540e-09
1.275325799110201903e-09
1.213997414739276712e-09
1.151459477407798180e-09
1.096641420068361894e-09
1.041147824306204740e-09
9.927130779828647039e-10
9.417262432408078351e-10
8.954274274449663766e-10
8.473110045150324576e-10
8.049802502843852350e-10
7.616617531985350378e-10
7.238788320722751483e-10
6.857196357175855024e-10
6.524433125909479854e-10
6.174676663313687842e-10
5.858106020024326763e-10
5.529439257403148251e-10
5.242282943925608607e-10
4.949331282649461181e-10
4.691805794717623842e-10
4.423992605926447213e-10
4.185130159788096170e-10
3.937305392000835401e-10
3.721043837693702939e-10
3.500301438893992420e-10
3.304576378478841821e-10
3.095159958630097625e-10
2.906604188652978481e-10
2.718102871650203936e-10
2.560558765067296701e-10
2.393861916960222003e-10
2.236431867247583143e-10
2.068915161618755157e-10
1.930640676665241517e-10
1.797455161810656963e-10
1.674828064480416847e-10
1.533265426533554402e-10
1.411789866896427525e-10
1.300272768141727776e-10
1.203643355381470983e-10
1.088039157733774185e-10
9.878680437757698748e-11
8.973919624953202722e-11
8.178997578122457854e-11
7.243141838338404200e-11
6.500648050780056943e-11
5.783507856054015665e-11
5.116213099918266477e-11
4.439667096310304722e-11
3.924828286990448190e-11
3.324192900758321879e-11
2.887916365348173082e-11
2.438524660771778432e-11
2.027529254827469995e-11
1.693825158259874742e-11
1.422120749355060637e-11
1.083667207343144472e-11
9.713592599486733520e-12
7.034016894287458558e-12
6.191095124114986777e-12
5.018592295586806488e-12
4.244727158271141109e-12
4.018197720161560773e-12
3.772555493978787187e-12
3.977538768739825769e-12
4.281706959532465927e-12
4.738310787816893258e-12
5.369422149509065868e-12
6.008046636759935187e-12
6.739767126587229161e-12
7.374807287734975239e-12
8.052314984645748368e-12
8.530662988985041667e-12
9.001329232139239491e-12
9.176123076654714675e-12
9.334364428222312723e-12
9.145936672601271343e-12
8.930529446885414982e-12
8.355970046863302861e-12
7.794705031274921818e-12
6.913052337781327084e-12
6.099637418198074614e-12
5.035316332491746832e-12
4.131454044873762669e-12
3.080674378917050924e-12
2.274458501197820057e-12
1.416019813771880414e-12
8.821613524396332258e-13
3.693701692399298950e-13
2.085765923818909352e-13
8.255801072243512733e-14
2.826722650887039742e-13
4.766041084947645744e-13
9.049742556574963064e-13
1.229980839327386219e-12
1.672298706657296093e-12
1.908633461175708574e-12
2.153224834963864195e-12
2.124509681768450211e-12
2.061611335766245291e-12
1.740201586326555549e-12
1.427368114496906821e-12
9.487854877386980103e-13
5.891472845257156158e-13
1.961224218993415575e-13
2.579104138526058684e-14
-9.760601264858781604e-14
2.116325040344596534e-14
1.603407405073358296e-13
4.481789123566859031e-13
6.366239101924834572e-13
8.380689154497632842e-13
8.381487775384110276e-13
7.874978599749839291e-13
5.502490284666337188e-13
3.383833035424342490e-13
7.494141224322181391e-14
-2.881516115474162124e-14
-7.956704166106031875e-14
5.263314464783387544e-14
1.845562970317734514e-13
3.715177009986414123e-13
4.186833784548813049e-13
4.124461554227749356e-13
2.505375742929005511e-13
1.096400657111348896e-13
-4.079395920849852720e-14
-3.702052281951425750e-14
1.664838923186117065e-14
1.655310133444035351e-13
2.307860436745538048e-13
2.493254648268350462e-13
1.312390489687720310e-13
3.240059658138664963e-14
-5.047526515656275352e-14
3.899878527485263729e-15
7.690011375064776766e-14
1.658235748147703734e-13
1.309284810727824458e-13
6.183068736114778885e-14
-3.042159442353563491e-14
-8.726250077834063398e-15
4.448395339156831223e-14
1.153994673234481620e-13
7.566204890492662873e-14
1.728968771374357013e-14
-3.031873115923438693e-14
2.449013916699841596e-14
6.571654020865212020e-14
6.819662731756275788e-14
-3.352660570365607672e-15
-9.904068541694872676e-15
2.124104487341547666e-14
6.302237817419426485e-14
1.619565312391973291e-14
-8.624440370870157073e-15
5.289348166178734293e-15
4.819389918311322634e-14
1.258969803401331467e-14
-6.642378538025308332e-15
9.302717686401451875e-15
3.685371498886512946e-14
-2.581657942066608696e-15
-2.599778277859518553e-16
1.976816558837865844e-14
1.629425447455468569e-14
-1.092078414819219584e-14
1.880743268982272473e-14
9.751616771699642110e-15
-2.392822664221782813e-15
8.951774892058006973e-15
1.232265465828960749e-14
-7.114846054941496453e-15
1.553375656296340651e-14
-5.660042792458590775e-16
3.394438077696831784e-15
7.715639622300354835e-15
-3.622345381355489365e-16
5.344848067884010408e-15
3.688555031056187165e-15
5.103926647534270664e-18
7.108989384510128901e-15
-2.701335903911149668e-15
7.697877559076318042e-15
-3.019260103920062495e-15
6.812103915237186493e-15
-2.494693068618806865e-15
5.683188668895869454e-15
-1.947422859428209434e-15
4.752168479904223949e-15
-1.575606972767173513e-15
4.058140549855247977e-15
-1.353972657512663884e-15
3.538903860276472153e-15
-1.224413502377046829e-15
3.135328656984499370e-15
-1.144807046684561679e-15
2.808545770708073486e-15
-1.090796476323398516e-15
2.535169342758044147e-15
-1.049378528613882222e-15
2.301071855443386961e-15
-1.013820757726451828e-15
2.097333459714573432e-15
-9.807022793677898356e-16
1.917985394183208560e-15
-9.483388000941140273e-16
1.758797932065290981e-15
-9.159611389449764292e-16
1.616621489806067378e-15
-8.832833260633277223e-16
1.489015708627560770e-15
-8.502714250474166040e-16
1.374030919653143970e-15
-8.170175181501498369e-16
1.270072919228066289e-15
-7.836701493372146914e-16
1.175815126173549058e-15
-7.503958462748450599e-16
1.090138869848114305e-15
-7.173581347015437710e-16
1.012091102292133813e-15
-6.847065639395550562e-16
9.408533640610570056e-16
-6.525715123436171957e-16
8.757183045964299709e-16
-6.210623308457763842e-16
8.160714662591194274e-16
-5.902673843414575382e-16
7.613768502247231352e-16
-5.602551330204976681e-16
7.111652901135969931e-16
-5.310757387197790558e-16
6.650249509104224015e-16
-5.027628860146279483e-16
6.225934862888229897e-16
-4.753356369085141103e-16
5.835515011490360713e-16
-4.488002089918598010e-16
5.476170703186815111e-16
-4.231516241143915035e-16
5.145411101410069860e-16
-3.983751932373978430e-16
4.841034616512244042e-16
-3.744478331844045257e-16
4.561095565683836807e-16
-3.513392106505555432e-16
4.303875809259452782e-16
-3.290127256071565067e-16
4.067860508041056625e-16
-3.074263398103817668e-16
3.851717471132561450e-16
-2.865332681608199520e-16
3.654279467988657312e-16
-2.662825405486545801e-16
3.474529188094001145e-16
-2.466194520736928141e-16
3.311586385859939341e-16
-2.274859097537260283e-16
3.164696986079423700e-16
-2.088206904691182088e-16
3.033223822665637138e-16
-1.905596195327541395e-16
2.916638841512811979e-16
-1.726356816083033787e-16
2.814516517970667710e-16
-1.549790722249578031e-16
2.726528352850414137e-16
-1.375172014366818380e-16
2.652438252774954790e-16
-1.201746574707968750e-16
2.592098685207371016e-16
