# bin_5_5
1.526592340376366723e-05
1.210088222686930499e-05
1.644766184958702441e-05
1.356711248573288886e-05
1.775943557854247701e-05
1.515558257868930473e-05
1.921134543166857277e-05
1.687748840771583237e-05
2.081423270069367271e-05
1.874472656305754676e-05
2.257967743275640410e-05
2.076988907737238623e-05
2.451998467267824740e-05
2.296624444776977549e-05
2.664815544771462639e-05
2.534770158298719448e-05
2.897783880038318322e-05
2.792875261977933841e-05
3.152326063193759117e-05
3.072439020038425750e-05
3.429912465605685756e-05
3.374999419533083648e-05
3.732048018098315289e-05
3.702118240045350930e-05
4.060255109750912758e-05
4.055361937790657794e-05
4.416052006379738299e-05
4.436277743652688473e-05
4.800926190494957167e-05
4.846364377504458498e-05
5.216302043292791416e-05
5.287036834200705587e-05
5.663502364537424877e-05
5.759584797837855535e-05
6.143703371920550271e-05
6.265124425480429651e-05
6.657883042079985837e-05
6.804543521766368258e-05
7.206763006912153720e-05
7.378440541586954644e-05
7.790744705738928831e-05
7.987058429861425919e-05
8.409841159253017985e-05
8.630215079185375000e-05
9.063606614944317295e-05
9.307233174868328573e-05
9.751067416546530810e-05
1.001687343800972547e-04
1.047065882435606430e-04
1.075727675999720891e-04
1.122017410971471699e-04
1.152592243810999926e-04
1.199673405030999304e-04
1.231961157801372451e-04
1.279678683977869373e-04
1.313448660302067301e-04
1.361615021751013744e-04
1.396609944411068816e-04
1.445010901794111164e-04
1.480954203108685182e-04
1.529358190163429033e-04
1.565965263351100747e-04
1.614137015784118559e-04
1.651130973483000105e-04
1.698849839574809249e-04
1.735982061337190761e-04
1.783065075675549179e-04
1.820140370441468934e-04
1.866469602955425492e-04
1.903375119778697171e-04
1.948927989080015519e-04
1.985664052724675857e-04
2.030544204053021887e-04
2.067254040545401757e-04
2.111719073596345184e-04
2.148713002932338520e-04
2.193193918242076199e-04
2.230962207579324623e-04
2.276068169529199884e-04
2.315275683536672515e-04
2.361776977289765499e-04
2.403232521416646939e-04
2.452014983148915334e-04
2.496609457857296458e-04
2.548595884607621274e-04
2.597206780887877705e-04
2.653245584019595961e-04
2.706611572425307935e-04
2.767340676210264510e-04
2.825919247794966924e-04
2.891623729345524146e-04
2.955456279082593809e-04
3.025950056074764097e-04
3.094570190298147404e-04
3.169141981349657454e-04
3.241569966915002518e-04
3.319036567194751162e-04
3.393899649668323504e-04
3.472798644549841916e-04
3.548596741399745414e-04
3.627520082567334985e-04
3.703014713440300676e-04
3.781032588917863403e-04
3.855676603059252972e-04
3.932736255119913520e-04
4.006998541250329825e-04
4.084128696864522813e-04
4.159533302072897275e-04
4.238680400115026167e-04
4.317416355738307870e-04
4.400826325916549543e-04
4.484928070101261931e-04
4.574185640540058854e-04
4.664525941188232697e-04
4.759626729061601762e-04
4.855213331943807119e-04
4.954232565717188843e-04
5.052373523922521663e-04
5.152200517800964224e-04
5.249798651244444838e-04
5.347877540780965160e-04
5.443389946473220845e-04
5.539570034451363157e-04
5.634361680258062176e-04
5.731377320556520303e-04
5.829053141574202287e-04
5.930635910861184294e-04
6.034142310660469723e-04
6.141631766952605634e-04
6.250155722915958726e-04
6.360576899170990216e-04
6.469566358947617234e-04
6.577953349962537997e-04
6.683460771967253584e-04
6.788199637742587441e-04
6.891613040080290208e-04
6.996786387296443895e-04
7.103491851865455535e-04
7.213708497074005103e-04
7.325477361763380480e-04
7.438580122596931713e-04
7.549854742995313001e-04
7.659112183742609273e-04
7.765072147974150544e-04
7.870081001680684580e-04
7.975154184732562070e-04
8.082909959772322482e-04
8.192576929556002292e-04
8.303415632930777205e-04
8.412130746188017493e-04
8.517811223858439947e-04
8.620112809903669173e-04
8.722027323074149933e-04
8.825398150441696350e-04
8.931368699350465202e-04
9.037308755554562031e-04
9.140742075411875407e-04
9.240079031744985330e-04
9.337821100604602829e-04
9.436867663372223080e-04
9.538621307660763351e-04
9.640157171570205418e-04
9.738450530561084274e-04
9.833324937245657444e-04
9.928749866009087526e-04
1.002715499590818311e-03
1.012655670924932257e-03
1.022282462252999992e-03
1.031642779545075342e-03
1.041184967980868974e-03
1.051078998516865540e-03
1.060909155404683984e-03
1.070416859555565646e-03
1.080015055334527250e-03
1.090043304289524092e-03
1.100113412843416356e-03
1.109893038411323418e-03
1.119872749787459388e-03
1.130300141114504945e-03
1.140642278216192794e-03
1.150822836293301449e-03
1.161476594801205730e-03
1.172314385551667670e-03
1.182906834462748961e-03
1.193810535247288775e-03
1.205054249543492965e-03
1.215989098940561909e-03
1.227233748866178370e-03
1.238713176628981850e-03
1.249903997757598239e-03
1.261428697569988953e-03
1.272990225320554418e-03
1.284297873167010483e-03
1.296043088104748301e-03
1.307370617240434952e-03
1.318961750780458207e-03
1.330421907869824708e-03
1.341792868331491417e-03
1.353293345280566062e-03
1.364527375752081504e-03
1.375969932277492725e-03
1.387145789293896736e-03
1.398507955567204362e-03
1.409674129949894678e-03
1.420986313441317123e-03
1.432176412397810628e-03
1.443481761201055678e-03
1.454717300074948299e-03
1.466043102550377035e-03
1.477323824516198593e-03
1.488665561274174617e-03
1.499960830817906278e-03
1.511278950301224878e-03
1.522530022792461515e-03
1.533760689824940774e-03
1.544896632769184519e-03
1.555974205900265920e-03
1.566936610652583080e-03
1.577819399742553131e-03
1.588584537149786979e-03
1.599270893007170890e-03
1.609856041096054948e-03
1.620379456849551378e-03
1.630825891122003471e-03
1.641227554098068954e-03
1.651565820047000595e-03
1.661857956981331944e-03
1.672075559694834830e-03
1.682220216023209416e-03
1.692257008478476998e-03
1.702181221757702355e-03
1.711963633840677583e-03
1.721607476048392761e-03
1.731100565484078790e-03
1.740460366704163660e-03
1.749689064888710526e-03
1.758807256020380929e-03
1.767813206627708673e-03
1.776711320058326892e-03
1.785481718663071331e-03
1.794110662661547399e-03
1.802572490250194072e-03
1.810859382304833790e-03
1.818965573543857451e-03
1.826904507355859436e-03
1.834685235973379253e-03
1.842317227799100546e-03
1.849790284576787944e-03
1.857086952490281289e-03
1.864181914074120126e-03
1.871063512984338451e-03
1.877733738623265118e-03
1.884210219233895889e-03
1.890506980690541492e-03
1.896624356651119411e-03
1.902543071416893479e-03
1.908237702539560508e-03
1.913692257651534697e-03
1.918908760324976792e-03
1.923900531125270156e-03
1.928675406501992578e-03
1.933227606183002918e-03
1.937539412999714564e-03
1.941597896117775671e-03
1.945401199718992460e-03
1.948958715620727157e-03
1.952271277477170578e-03
1.955326802922766321e-03
1.958105959225206125e-03
1.960609498378498936e-03
1.962850869203304309e-03
1.964833443843448570e-03
1.966531358283540084e-03
1.967930444512456037e-03
1.969044709801558764e-03
1.969888576890422953e-03
1.970439047978162286e-03
1.970682676051495243e-03
1.970632056836173294e-03
1.970290575951246306e-03
1.969634966867084714e-03
1.968670595101018866e-03
1.967407993751496467e-03
1.965834073186666867e-03
1.963933343292471444e-03
1.961717740338172252e-03
1.959186619778169238e-03
1.956330195357936039e-03
1.953146639700856311e-03
1.949642906233808393e-03
1.945805561143943915e-03
1.941643393136162354e-03
1.937151848001448162e-03
1.932321236948157141e-03
1.927161069770068997e-03
1.921663551185036302e-03
1.915828833884559122e-03
1.909659949731748506e-03
1.903153557738722270e-03
1.896314442020098764e-03
1.889132179621581245e-03
1.881615110025598118e-03
1.873758025660865684e-03
1.865564777488171394e-03
1.857034416766014089e-03
1.848171208018903116e-03
1.838971268622007675e-03
1.829440183399547821e-03
1.819576235742634664e-03
1.809384411848523853e-03
1.798865408028721457e-03
1.788021787868537870e-03
1.776853871683822675e-03
1.765367590187991685e-03
1.753563459545300551e-03
1.741448393173711078e-03
1.729022476600026569e-03
1.716292710515605674e-03
1.703260560777833301e-03
1.689933873163158547e-03
1.676313721727486824e-03
1.662408098500454305e-03
1.648220061307749396e-03
1.633758055892026379e-03
1.619025612583871497e-03
1.604031654375737311e-03
1.588780888817075418e-03
1.573282267999842219e-03
1.557540498601020333e-03
1.541565831696962551e-03
1.525363335464907438e-03
1.508943209105017809e-03
1.492312161353980936e-03
1.475481183596977089e-03
1.458456850990877494e-03
1.441251309448437308e-03
1.423871903845706777e-03
1.406330359237118908e-03
1.388634584056595107e-03
1.370796922082659006e-03
1.352826375854274035e-03
1.334735498155779736e-03
1.316533251171736127e-03
1.298232803315274618e-03
1.279843988462870492e-03
1.261380282235750275e-03
1.242851308418158529e-03
1.224270986191576495e-03
1.205649705604057214e-03
1.187001371564572541e-03
1.168335984870229154e-03
1.149667644098585064e-03
1.131007339495574511e-03
1.112368958942567361e-03
1.093762783590018469e-03
1.075202837793770485e-03
1.056700109713093689e-03
1.038268297217965043e-03
1.019917598747122154e-03
1.001661467467379520e-03
9.835102706297837137e-04
9.654770775237745762e-04
9.475715882105038759e-04
9.298064977024078593e-04
9.121916521405087170e-04
8.947389519831586016e-04
8.774568502388046913e-04
8.603565378051202623e-04
8.434465888130856116e-04
8.267378378579335555e-04
8.102373742356674133e-04
7.939545640124523376e-04
7.778964016750387509e-04
7.620717457148210722e-04
7.464858383823698949e-04
7.311464474100851183e-04
7.160586427159110852e-04
7.012289226554853545e-04
6.866607230200186002e-04
6.723596134009558745e-04
6.583285791838947628e-04
6.445722643081203606e-04
6.310916694344741824e-04
6.178901337828327477e-04
6.049688549168255906e-04
5.923300512205435017e-04
5.799729818848037115e-04
5.678986512002116502e-04
5.561063161440008484e-04
5.445963785505814536e-04
5.333661641823276341e-04
5.224146919411045819e-04
5.117394485603886899e-04
5.013391841030118666e-04
4.912096544126081342e-04
4.813480877086845399e-04
4.717505500310828557e-04
4.624145144431595343e-04
4.533343585098944129e-04
4.445059000064399669e-04
4.359243003683346113e-04
4.275859364408966345e-04
4.194841833084646775e-04
4.116139766402364744e-04
4.039696730663149839e-04
3.965470929440660956e-04
3.893389927299280794e-04
3.823396587415536416e-04
3.755431693807156630e-04
3.689447517999447910e-04
3.625371305295332696e-04
3.563142046943069052e-04
3.502699989055135387e-04
3.443996797034302657e-04
3.386960061617965345e-04
3.331528387084134002e-04
3.277643026151525829e-04
3.225257817956358173e-04
3.174303271467142341e-04
3.124719725570325045e-04
3.076451722635902735e-04
3.029456612377463549e-04
2.983668830591980261e-04
2.939033024693033826e-04
2.895498056172865877e-04
2.853024576273354676e-04
2.811554596461034064e-04
2.771035973382295590e-04
2.731424462079171133e-04
2.692685636804490216e-04
2.654767816860326927e-04
2.617623491154945619e-04
2.581214288103475182e-04
2.545512652325057678e-04
2.510474108601959734e-04
2.476055221535332731e-04
2.442224362503676925e-04
2.408959749129617239e-04
2.376224394895281266e-04
2.343980638058187026e-04
2.312202539348247180e-04
2.280873543301060004e-04
2.249964642155323458e-04
2.219441881890917934e-04
2.189285433287072632e-04
2.159484618484262700e-04
2.130016402344388855e-04
2.100851946502147751e-04
2.071975319966359007e-04
2.043381204266086343e-04
2.015052062204442747e-04
1.986962516480598085e-04
1.959100509573834270e-04
1.931464446275255227e-04
1.904042491020750151e-04
1.876812156529114703e-04
1.849764233303643872e-04
1.822900366593779983e-04
1.796213182037039802e-04
1.769682329607742373e-04
1.743300626610574066e-04
1.717073516645911387e-04
1.690996936049944861e-04
1.665052876833248677e-04
1.639236022634161767e-04
1.613554213723197568e-04
1.588007478185756295e-04
1.562580317896181863e-04
1.537269101476538831e-04
1.512084469936181784e-04
1.487030638351767033e-04
1.462094362718965477e-04
1.437273594904703387e-04
1.412581035542112486e-04
1.388023514925176448e-04
1.363589500643336261e-04
1.339277148835719565e-04
1.315099013097567322e-04
1.291062682046264837e-04
1.267156458815725181e-04
1.243376551233961230e-04
1.219734095860344877e-04
1.196235947941589971e-04
1.172869640573519353e-04
1.149630123114503654e-04
1.126528144836734768e-04
1.103571383507824776e-04
1.080750118679676931e-04
1.058061470381033690e-04
1.035518768570132668e-04
1.013133186077512765e-04
9.909003746541698735e-05
9.688203752883585874e-05
9.469086179193626448e-05
9.251777378326666364e-05
9.036253975771989689e-05
8.822508958776549971e-05
8.610667642190929412e-05
8.400824793217634846e-05
8.192957762947473651e-05
7.987043470424145424e-05
7.783198078457748939e-05
7.581509147297301365e-05
7.381987390484178097e-05
7.184634821647308803e-05
6.989572277507513599e-05
6.796865744423595762e-05
6.606521392859810132e-05
6.418498838355736578e-05
6.232851708199669020e-05
6.049577739089965545e-05
5.868686429610237297e-05
5.690197148665892315e-05
5.514288412962100444e-05
5.341170471998467285e-05
5.171178147152960433e-05
5.004680717065908941e-05
4.842177899927032551e-05
4.684105309095113774e-05
4.530901548997580056e-05
4.382847536094845427e-05
4.240164428759962662e-05
4.102863586084999051e-05
3.970920925808104620e-05
3.844175806676698606e-05
3.722510133596302804e-05
3.605720625820307335e-05
3.493697977268226908e-05
3.386230062721161681e-05
3.283081940606533448e-05
3.183798156383333311e-05
3.087868436660732083e-05
2.994587296128888688e-05
2.903240460134525499e-05
2.813063359812959327e-05
2.723528197347259915e-05
2.634261170327669156e-05
2.545157411401258383e-05
2.456229305763162144e-05
2.367710235522280527e-05
2.279856535433538272e-05
2.192972569323471134e-05
2.107294333357353515e-05
2.023145342154348227e-05
1.940836780220958163e-05
1.860710222337714589e-05
1.783021940200735548e-05
1.708015387039310727e-05
1.635782244703349095e-05
1.566269900579747524e-05
1.499235633760250653e-05
1.434410331419669584e-05
1.371517669121452617e-05
1.310370150629849501e-05
1.250856742839020011e-05
1.193015730756080438e-05
1.136938823760661995e-05
1.082717676524132452e-05
1.030361008394736502e-05
9.798625908301559023e-06
9.312005467416809227e-06
8.843767783051662714e-06
8.394046098275720818e-06
7.963500074540282635e-06
7.552690618767862658e-06
7.161762378250365454e-06
6.790007708356979291e-06
6.436285308161027069e-06
6.099223701034802343e-06
5.777715695231819833e-06
5.470832308775014905e-06
5.178180549660347193e-06
4.899640973315045369e-06
4.635037302548919369e-06
4.383780080536143072e-06
4.145290878241146984e-06
3.918871798045888277e-06
3.703959313167400529e-06
3.500024044570542681e-06
3.306640393687269104e-06
3.123396759417286783e-06
2.950040282279915942e-06
2.785901630239116199e-06
2.630465743888435903e-06
2.483334847625346528e-06
2.344145928705775257e-06
2.212551485274141667e-06
2.088329756987182517e-06
1.970887140830071102e-06
1.859795224051480337e-06
1.754781735355557155e-06
1.655815534807368418e-06
1.562529650036082178e-06
1.474481061551943440e-06
1.391215874650650583e-06
1.312646224912627290e-06
1.238445242972829279e-06
1.168192751862442125e-06
1.101672015191710020e-06
1.038814662235019396e-06
9.793587376518899241e-07
9.232424652834583009e-07
8.702920943308982570e-07
8.202857821867987110e-07
7.728704127968776619e-07
7.281341173713906497e-07
6.861009286306722120e-07
6.465241569401519739e-07
6.091047067137649583e-07
5.738982697196472302e-07
5.406300821122544417e-07
5.093578283539505697e-07
4.800229210687511110e-07
4.523026739537501008e-07
4.259885649834318774e-07
4.014240109774386376e-07
3.783898773228508622e-07
3.565177817093817450e-07
3.357644170362881277e-07
3.164627500552551216e-07
2.984006755620682852e-07
2.811789228305081693e-07
2.649945034855200483e-07
2.498909026697087299e-07
2.357326102255804103e-07
2.222815485921332111e-07
2.096767324043215285e-07
1.978931757557437432e-07
1.868086992942917859e-07
1.763528041422542019e-07
1.664652112792902412e-07
1.572232310181598523e-07
1.484457966521221221e-07
1.401885600983351825e-07
1.323199212123799997e-07
1.249632618736322162e-07
1.179707318754235411e-07
1.113947001510462731e-07
1.051691072617906843e-07
9.933654734649796067e-08
9.385549389313651779e-08
8.869590000865811617e-08
8.387739140252656656e-08
7.935145253308122309e-08
7.513336100147751773e-08
7.113071993030862410e-08
6.737457355900166233e-08
6.380348902238147517e-08
6.044213975979749467e-08
5.719696292430627448e-08
5.410005338604458479e-08
5.113541869795205342e-08
4.834881650300781508e-08
4.568294029405362887e-08
4.317744239337218442e-08
4.085849898649560605e-08
3.876098224200518086e-08
3.680242737314617849e-08
3.495352337396936079e-08
3.320303240567709274e-08
3.153728447810253018e-08
2.986972457513264495e-08
2.819971714878451374e-08
2.660705700198499153e-08
2.516056819134629859e-08
2.383877602721026571e-08
2.263114613739829253e-08
2.155209970711831968e-08
2.056426757668615331e-08
1.956154592329905659e-08
1.850118534054088204e-08
1.744728122279960665e-08
1.647322392760286309e-08
1.559233448048971177e-08
1.481334720517185565e-08
1.415074613072530845e-08
1.354745157776005197e-08
1.288415378194271587e-08
1.212310807146513933e-08
1.137877915047239665e-08
1.077960128452629115e-08
1.032477709951385261e-08
9.906989328449084373e-09
9.436503145245754620e-09
8.894001886615960314e-09
8.348930998897921156e-09
7.898090326759613412e-09
7.586476711628700917e-09
7.309290605446455228e-09
6.931524457383092621e-09
6.459788548535781165e-09
6.085668701468331754e-09
5.882726974067478639e-09
5.689094151482817125e-09
5.335981758711518540e-09
4.963501199909797239e-09
4.750103668116737196e-09
4.628090406676874533e-09
4.381377539588196634e-09
4.061163056091460400e-09
3.864967809194759224e-09
3.788400942770276176e-09
3.570660027375267493e-09
3.298006378463553239e-09
3.191291442266389113e-09
3.108455493163510693e-09
2.866819909592271968e-09
2.709641593103392661e-09
2.662162124304269235e-09
2.496363190213658471e-09
2.315446022555667927e-09
2.295204215225368619e-09
2.136785816464018374e-09
2.005552598800492953e-09
1.974306473956987795e-09
1.828264079728004848e-09
1.735185799100509933e-09
1.706901873730090969e-09
1.545067356338007887e-09
1.540669641601768528e-09
1.419676567591649197e-09
1.368312051864001916e-09
1.310016509260209525e-09
1.220654006741046520e-09
1.194813893987912274e-09
1.103025430588348109e-09
1.081536193617606948e-09
1.000538406404475927e-09
9.758609547626605754e-10
9.098017433980908346e-10
8.812638018890535473e-10
8.255875283830331270e-10
7.960841129300850871e-10
7.494579092570735341e-10
7.201131701342812594e-10
6.791912628931816904e-10
6.513850375819111792e-10
6.158543470702858534e-10
5.897012675235437846e-10
5.577936251871949138e-10
5.336428556471735277e-10
5.054497996064020135e-10
4.831763962421745915e-10
4.576381337658243976e-10
4.372898302549301518e-10
4.144905829949595899e-10
3.958636826747378008e-10
3.751660362689897466e-10
3.581782475905945758e-10
3.395764434568791754e-10
3.240899108189237752e-10
3.071896384412967844e-10
2.930858026459655669e-10
2.778265610638727516e-10
2.649838021080001224e-10
2.511103169169170695e-10
2.394186453401182617e-10
2.268364934192280594e-10
2.161905204500545425e-10
2.047617946843174872e-10
1.950701445713503580e-10
1.846604306446216330e-10
1.758206799309269276e-10
1.663673244398303844e-10
1.583257744892164450e-10
1.496853846573873161e-10
1.423269334070408402e-10
1.344805449808448316e-10
1.277837140815452311e-10
1.205889969128786785e-10
1.144474951046263642e-10
1.079104040496155268e-10
1.023182798886389789e-10
9.630296223908808734e-11
9.117050423088531547e-11
8.570115196148568686e-11
8.101217500699207551e-11
7.597103622089095771e-11
7.167609939761929217e-11
6.707532956822100817e-11
6.314424526939522789e-11
5.892257226210846237e-11
5.530462863691481093e-11
5.145062959611306116e-11
4.816348840953455779e-11
4.460831671757570991e-11
4.158973536790255306e-11
3.836860126292278848e-11
3.562167127862660371e-11
3.267376881632323944e-11
3.016565613437034389e-11
2.750234943782856025e-11
2.525144099377013270e-11
2.283063216205731263e-11
2.080044341378429213e-11
1.864459612826828039e-11
1.685467937781210013e-11
1.492846558253926416e-11
1.334876185550247371e-11
1.167294661208626381e-11
1.032221595474672515e-11
8.873021178604572767e-12
7.727902169003635526e-12
6.515024124646519026e-12
5.591616645306853917e-12
4.596721452828487413e-12
3.873702008898018086e-12
3.098151409159266800e-12
2.579677907284284719e-12
2.006210182957730626e-12
1.666998817062878293e-12
1.284386555422652350e-12
1.118517989100581170e-12
9.000973798730240539e-13
8.735034386254616477e-13
7.966234759618493715e-13
8.881291787064137650e-13
9.142736791209251582e-13
1.080480251031275311e-12
1.175958013458873010e-12
1.385690002068855377e-12
1.505232165694225462e-12
1.711750462124227676e-12
1.819443065617951014e-12
1.988861849095040506e-12
2.046824346928874723e-12
2.145881076239690854e-12
2.129390747784866972e-12
2.143130753276187763e-12
2.039383925279931959e-12
1.960954758252073299e-12
1.777759872088289325e-12
1.625208105936839857e-12
1.384665742218085096e-12
1.186915168757959385e-12
9.273204703503654746e-13
7.299467657885556655e-13
4.956184184511147228e-13
3.405458916855698936e-13
1.724978458780745608e-13
9.569375516057924442e-14
1.746493465494786688e-14
2.897450651884449999e-14
3.755491391953196604e-14
1.215209416742979021e-13
1.856329923385218019e-13
2.981893980797608648e-13
3.677070221631730876e-13
4.572457547814617585e-13
4.823058487811746303e-13
5.077850190422920772e-13
4.627100001333825248e-13
4.176026508678805571e-13
3.156866518219366633e-13
2.319870457255185549e-13
1.207336122482031689e-13
5.522771681145457214e-14
-1.009559992930538058e-14
-1.384519802385834452e-14
-9.855280846334847434e-15
4.630564616324245978e-14
9.125991447003080213e-14
1.575820192296168030e-13
1.836832212095047203e-13
2.044956588214569142e-13
1.727602107353317708e-13
1.367691658172376830e-13
6.841282568490689606e-14
2.495869667309479410e-14
-1.697936373111483399e-14
-1.151885303653679260e-14
2.937303519426699262e-15
5.000599315621467470e-14
7.821779847966419664e-14
1.045837681011468217e-13
8.851845504199580388e-14
6.489967892454161196e-14
1.803712793051034180e-14
-3.741355247187584443e-15
-1.574300739035853164e-14
9.472256316005655352e-15
3.210508005484815831e-14
5.936494713557820242e-14
5.227101051092957835e-14
3.577232913841791321e-14
1.773136199595810893e-15
-7.071345944800427616e-15
-4.473706463194257670e-15
2.248567310566996954e-14
3.380899119350374478e-14
3.495416072421533885e-14
9.755486217638235030e-15
-3.102714716055664138e-15
-6.466233520685856492e-15
1.421207490585133368e-14
2.291303282215698887e-14
2.134481278042684802e-14
1.452430238485907683e-16
-3.681388306613723017e-15
2.085183908900788770e-15
1.862269926431746137e-14
1.257591689309426274e-14
2.239874722695970982e-15
-5.503907595491851985e-15
7.828784314930197044e-15
1.178410325305578617e-14
6.491016121999064470e-15
-4.823556958185513802e-15
3.782781546228691117e-15
8.661762102185103071e-15
5.356023981302539400e-15
-4.030226787083686745e-15
4.448447889303959151e-15
6.313987234631053283e-15
1.538685996705115641e-15
-2.245538272378935603e-15
6.654452766392364921e-15
1.768565282262239811e-15
-6.526009096566923961e-16
2.479306255287854490e-15
4.085892494278582917e-15
-2.373072692747817924e-15
3.794490668469007679e-15
1.186169509298846222e-15
-6.787493361185048065e-17
2.039990614101097860e-15
1.377051856713721651e-15
-7.100846071033683809e-16
3.232070997462954990e-15
-1.500043695490881656e-15
2.594435751795710885e-15
-4.653665070403326679e-16
1.265768243899709408e-15
4.160338700343782339e-16
5.590684105144025107e-16
6.286793626637568825e-16
4.165105222067449444e-16
4.911308026736464376e-16
4.753483725897365965e-16
2.924276144975546066e-16
5.431780470500182972e-16
1.362290861087841740e-16
5.733584461394515926e-16
3.194151366035064785e-17
5.716380447562237506e-16
-3.478970432962813332e-17
5.514686530311554417e-16
-7.761060164077141561e-17
5.225615674470662194e-16
-1.054289917272734729e-16
4.904708369793989443e-16
-1.235343611143080962e-16
4.580969898056489684e-16
-1.350568001790224706e-16
4.268787476607283635e-16
-1.419160010781967709e-16
3.974867194393719128e-16
-1.453495679323187656e-16
3.701924688840548862e-16
-1.461964410973212611e-16
3.450608906856651466e-16
-1.450506451480898181e-16
3.220512398661397713e-16
-1.423475554079166039e-16
3.010711034773116679e-16
-1.384144683016784643e-16
2.820057278945119038e-16
-1.335016692986110932e-16
2.647341267142953379e-16
-1.278024225150431176e-16
2.491379163850920573e-16
-1.214663882567503854e-16
2.351060744051835982e-16
-1.146089781358439425e-16
2.225373737882104429e-16
-1.073180905985806762e-16
2.113414843501471370e-16
-9.965908981757221042e-17
2.014393172841425854e-16
-9.167856293563113444e-17
1.927629525920608184e-16
-8.340719891397918019e-17
1.852553474473061883e-16
-7.486201425732652331e-17
1.788699536663810340e-16
-6.604808404893947684e-17
1.735703111655862097e-16
-5.695988293604745218e-17
1.693296655084145361e-16
-4.758231741398561731e-17
1.661306349730121895e-16
-3.789150438871125126e-17
1.639649403019822446e-16
-2.785534207013930663e-17
1.628332057220119102e-16
-1.743390320293028109e-17
1.627448341730906077e-16
-6.579678169847720661e-18
1.637179568932273697e-16
4.762312157881140139e-18
1.657794578331912081e-16
1.665451749400679893e-17
1.689650675011385117e-16
2.916696010668707107e-17
1.733195264319134060e-16
4.237742580653861795e-17
1.788968128958342454e-16
5.637173480419987935e-17
1.857604308496570658e-16
7.124408185168923881e-17
1.939837539088654073e-16
8.709743941979490477e-17
2.036504192631633515e-16
1.040440128256264510e-16
2.148547646783374403e-16
1.222057401102725198e-16
2.277023010741182469e-16
1.417148236404865658e-16
2.423102106986424320e-16
1.627142850302679795e-16
2.588078586605772914e-16
1.853585256459386243e-16
2.773373037027258621e-16
2.098138787713232487e-16
