# bin_6_1
1.678808643778214522e-06
1.841317130551886161e-06
1.847530469956502196e-06
2.013435883194123332e-06
2.032048715839338909e-06
2.202278760837229493e-06
2.233714060730809087e-06
2.409224196583111719e-06
2.453969402917816842e-06
2.635744401230683963e-06
2.694349663043759447e-06
2.883404286070656823e-06
2.956480015395382290e-06
3.153858628239294694e-06
3.242072132207741578e-06
3.448847034912044483e-06
3.552917962049036901e-06
3.770186185243731287e-06
3.890880492404385654e-06
4.119758771743719043e-06
4.257880883988699772e-06
4.499498488281460887e-06
4.655881296518094996e-06
4.911370356766983820e-06
5.086862670167480285e-06
5.357345632958452379e-06
5.552796689352246876e-06
5.839370511761894930e-06
6.055611148807486125e-06
6.359327853322155815e-06
6.597147969642292969e-06
6.918991226031955475e-06
7.179113216157471142e-06
7.519970686763035831e-06
7.803018639381961925e-06
8.163649960166387799e-06
8.470114573625572629e-06
8.851115042503313737e-06
9.181314456077600508e-06
9.583074792190261204e-06
9.937111874644891701e-06
1.035977481031971110e-05
1.073749191031528068e-05
1.118090691155617808e-05
1.158183968009475393e-05
1.204551776665073686e-05
1.246885042104699317e-05
1.295192190423615138e-05
1.339644722646322979e-05
1.389762617946058764e-05
1.436171461655665453e-05
1.487927503504691140e-05
1.536085846007652545e-05
1.589262828737372270e-05
1.638920520261467461e-05
1.693258559144287311e-05
1.744125568031773936e-05
1.799327385820817358e-05
1.851081059835756520e-05
1.906821524798326694e-05
1.959118548541465853e-05
2.015059327305303812e-05
2.067553180260456514e-05
2.123363212890308022e-05
2.175727691271433522e-05
2.231109853504436506e-05
2.283068760584073826e-05
2.337792488274577490e-05
2.389154861150346042e-05
2.443093615550039755e-05
2.493792790968451956e-05
2.546964004645060951e-05
2.597097417238238365e-05
2.649700992846783850e-05
2.699565897069863761e-05
2.752015534360448661e-05
2.802134007918113961e-05
2.855073843343265263e-05
2.906198785320253028e-05
2.960496460863722186e-05
3.013589364911554197e-05
3.070296330964661521e-05
3.126468134369147920e-05
3.186739573801064426e-05
3.247148766014841585e-05
3.312119943349257819e-05
3.377828276074376857e-05
3.448452169536041120e-05
3.520248325856875437e-05
3.597111316697879053e-05
3.675326481587613538e-05
3.758473672998558895e-05
3.842828234798305944e-05
3.931644717983623192e-05
4.021178169747314086e-05
4.114381792199900585e-05
4.207521549979677207e-05
4.303318612923855401e-05
4.398129334947441607e-05
4.494558473962813447e-05
4.589173730819669288e-05
4.684609332180325245e-05
4.777780180811003294e-05
4.871488633348780665e-05
4.963099801854400510e-05
5.055659854106624672e-05
5.146994362205813443e-05
5.240347863327579446e-05
5.333875103546834349e-05
5.430822131816807251e-05
5.529397785776034839e-05
5.632536029995798704e-05
5.738158768551555227e-05
5.848580286670016507e-05
5.961190985823884304e-05
6.077572185036983591e-05
6.194625507777615464e-05
6.313441634476974526e-05
6.430857224420230881e-05
6.548058514900047830e-05
6.662474834042587263e-05
6.776023671610400916e-05
6.887193917265137656e-05
6.998817921625593880e-05
7.110232281327644687e-05
7.224561055935743671e-05
7.341004491837800779e-05
7.461819375319959696e-05
7.584986243681317959e-05
7.711208304419027470e-05
7.837215701798693835e-05
7.962934081938889826e-05
8.085331478216140316e-05
8.205427783791723474e-05
8.322115093562510433e-05
8.438389700421012175e-05
8.554654745520308867e-05
8.674098453147035994e-05
8.795927568844275329e-05
8.920870825038068315e-05
9.045513045626466073e-05
9.168821363788500476e-05
9.287628320954454395e-05
9.403145916161444575e-05
9.515686521134208737e-05
9.629255632693945063e-05
9.744704536977827792e-05
9.863559749060509462e-05
9.982502747596346730e-05
1.009963790298953537e-04
1.021159059508749002e-04
1.032013963615957563e-04
1.042711806120939300e-04
1.053699986231338657e-04
1.064937139979929028e-04
1.076278737755754448e-04
1.087228453523244573e-04
1.097764195378942803e-04
1.108046429996277499e-04
1.118622350676026246e-04
1.129521575686246235e-04
1.140526011783210986e-04
1.151102434935412621e-04
1.161377270710581885e-04
1.171731591202443358e-04
1.182617988395501170e-04
1.193654711135762439e-04
1.204434024083683312e-04
1.214898085248770833e-04
1.225742788702805690e-04
1.237074809755840676e-04
1.248460236087055840e-04
1.259455177718634983e-04
1.270686961907601081e-04
1.282489224662863229e-04
1.294441291564882822e-04
1.306009980432986707e-04
1.317901731316304889e-04
1.330336986685951310e-04
1.342688334507855690e-04
1.354760662206328068e-04
1.367430830028092039e-04
1.380233392478193198e-04
1.392663150290522199e-04
1.405356610265826825e-04
1.418399917566579667e-04
1.430878930003301431e-04
1.443644819352624109e-04
1.456538254887590911e-04
1.468936349205666612e-04
1.481596235991588855e-04
1.494193675970379603e-04
1.506317502152373466e-04
1.518928209349762633e-04
1.530895445385340803e-04
1.543168889493216423e-04
1.555221301951965624e-04
1.567171541141315963e-04
1.579286223689312628e-04
1.591107633278533858e-04
1.603226690708371054e-04
1.615066688741743179e-04
1.627177178845015128e-04
1.639082214807103621e-04
1.651173930728909933e-04
1.663107528474298488e-04
1.675131932813156963e-04
1.687002922637187408e-04
1.698873983882362947e-04
1.710572763584070370e-04
1.722201767926045913e-04
1.733645145937927237e-04
1.744985483438273033e-04
1.756153422529792177e-04
1.767225648919591708e-04
1.778164968536984493e-04
1.789039179967166250e-04
1.799822182930957025e-04
1.810560126978055036e-04
1.821218210959671109e-04
1.831812871814514506e-04
1.842295616140458240e-04
1.852662809295134417e-04
1.862867995827654751e-04
1.872912500908285188e-04
1.882774780610324517e-04
1.892479240034665943e-04
1.902032129787820797e-04
1.911468601106410242e-04
1.920794056305168075e-04
1.930019671901966297e-04
1.939119116867395914e-04
1.948067250420329271e-04
1.956818689244697429e-04
1.965349937920268060e-04
1.973645866850146460e-04
1.981725543509638815e-04
1.989614578056890504e-04
1.997345475927609260e-04
2.004924039681759448e-04
2.012333115546440789e-04
2.019527898186779420e-04
2.026466830896193850e-04
2.033128066321282057e-04
2.039527761122149970e-04
2.045703511626519912e-04
2.051688723937615717e-04
2.057481840967563763e-04
2.063044257658451692e-04
2.068326524254929721e-04
2.073306642345004193e-04
2.078008062521268656e-04
2.082474439384069233e-04
2.086726759627587459e-04
2.090735950496911029e-04
2.094451919130292216e-04
2.097849424527817460e-04
2.100953211164541604e-04
2.103795367872389661e-04
2.106371737094255426e-04
2.108638095518256851e-04
2.110572739937354239e-04
2.112197770823949711e-04
2.113542748483513496e-04
2.114584073976186315e-04
2.115283049635874758e-04
2.115643659077768657e-04
2.115707164082550481e-04
2.115463061413909755e-04
2.114867008036855236e-04
2.113919780176696812e-04
2.112668273016476451e-04
2.111091606807487503e-04
2.109140665752893694e-04
2.106836508716251801e-04
2.104221078530691801e-04
2.101244729573436545e-04
2.097889573752138598e-04
2.094202062672234459e-04
2.090166450945876307e-04
2.085742445992480815e-04
2.080980074686744543e-04
2.075863865466099885e-04
2.070366713428417930e-04
2.064521402003337996e-04
2.058304395801690851e-04
2.051709473511519413e-04
2.044767465272347628e-04
2.037431987859892062e-04
2.029750764345556661e-04
2.021694151022784868e-04
2.013273334137397920e-04
2.004494570160240963e-04
1.995334978365372416e-04
1.985823382750083097e-04
1.975934553453682397e-04
1.965695062852273729e-04
1.955088583149225260e-04
1.944134187368971227e-04
1.932821117887868019e-04
1.921158826834440500e-04
1.909142731709564044e-04
1.896782602283394016e-04
1.884077682618697847e-04
1.871038538404654408e-04
1.857665003363991800e-04
1.843963236780757982e-04
1.829936261506288247e-04
1.815592481909211037e-04
1.800935680342422951e-04
1.785973532249793879e-04
1.770709168714075564e-04
1.755150508566710363e-04
1.739304451877278111e-04
1.723180601859048431e-04
1.706786259598879623e-04
1.690128719836885842e-04
1.673216108261470474e-04
1.656058098431355968e-04
1.638663394300251088e-04
1.621040685596822828e-04
1.603199380871567496e-04
1.585150687263627044e-04
1.566905504002231932e-04
1.548473692467447558e-04
1.529866689111496713e-04
1.511096409752701950e-04
1.492173388052346996e-04
1.473109330160214550e-04
1.453917078688615945e-04
1.434607965668253438e-04
1.415194239364905111e-04
1.395689668231393321e-04
1.376106715307147215e-04
1.356457737829910165e-04
1.336756822861968701e-04
1.317016706089490054e-04
1.297250601529720087e-04
1.277471584774366538e-04
1.257693013440806514e-04
1.237928662944082344e-04
1.218191884732447086e-04
1.198495569195239630e-04
1.178853762304895393e-04
1.159279484588978087e-04
1.139786457384466131e-04
1.120386848836570846e-04
1.101094168830615312e-04
1.081921037359759015e-04
1.062880266429602679e-04
1.043983419608581072e-04
1.025243016647877503e-04
1.006670606326400935e-04
9.882778293323118068e-05
9.700746804115325324e-05
9.520722271961182162e-05
9.342803806598902797e-05
9.167088778050288796e-05
8.993656943253809687e-05
8.822597632783927039e-05
8.653987618550330776e-05
8.487903006408587621e-05
8.324403551982590896e-05
8.163554514583034661e-05
8.005411722773618825e-05
7.850029583902075846e-05
7.697443584575538631e-05
7.547698115712874920e-05
7.400828007977014044e-05
7.256869303876157899e-05
7.115837899623451382e-05
6.977752325252062360e-05
6.842624241613128868e-05
6.710464035432638129e-05
6.581257043980614911e-05
6.454994718881256692e-05
6.331662606162576079e-05
6.211244812598127338e-05
6.093709648239977020e-05
5.979034261516594229e-05
5.867192068432282867e-05
5.758160820526642007e-05
5.651897393259144533e-05
5.548363283378119070e-05
5.447514566426238630e-05
5.349307807064471382e-05
5.253678207463915312e-05
5.160569879304728960e-05
5.069928775927976000e-05
4.981705913158610992e-05
4.895836284599002413e-05
4.812262232785915149e-05
4.730931905741742581e-05
4.651793727752574932e-05
4.574772127362987351e-05
4.499798660021049428e-05
4.426811152315188245e-05
4.355753377539737316e-05
4.286556345920496390e-05
4.219157404027841556e-05
4.153501641629549576e-05
4.089538174035827807e-05
4.027193090603584460e-05
3.966400158823151135e-05
3.907105709491243552e-05
3.849260175752286333e-05
3.792794775195523543e-05
3.737652362990172289e-05
3.683791547160110712e-05
3.631168070519310464e-05
3.579711945191557931e-05
3.529359328790709292e-05
3.480071552218667901e-05
3.431823478950357317e-05
3.384562506494298003e-05
3.338225386988884246e-05
3.292761682840988105e-05
3.248148335244432168e-05
3.204354713930372391e-05
3.161332659447846171e-05
3.119025345033235423e-05
3.077407734657557629e-05
3.036462744431402372e-05
2.996151569902940864e-05
2.956418124765371975e-05
2.917246830854365160e-05
2.878631672908854206e-05
2.840523447908775747e-05
2.802876653540494728e-05
2.765702554779519886e-05
2.728982545387751842e-05
2.692653204954041733e-05
2.656714312087958004e-05
2.621173787384356918e-05
2.585982618746976739e-05
2.551123913677260955e-05
2.516596841367135047e-05
2.482377561764704952e-05
2.448466601527057412e-05
2.414830947640308833e-05
2.381462937226871024e-05
2.348371284706323678e-05
2.315530355564056900e-05
2.282930142770368733e-05
2.250555744500917489e-05
2.218418118801122581e-05
2.186504116973534364e-05
2.154791838558948926e-05
2.123283181449783495e-05
2.091975528361807540e-05
2.060871267687776454e-05
2.029940614431768758e-05
1.999190225849297096e-05
1.968618136273950426e-05
1.938226893418282368e-05
1.907992320951334503e-05
1.877916621747798437e-05
1.848003772013503878e-05
1.818256623944641709e-05
1.788654241082253006e-05
1.759198790809006168e-05
1.729898222641053018e-05
1.700757296743880912e-05
1.671759271657358877e-05
1.642907781731937236e-05
1.614213267327965919e-05
1.585683283577271274e-05
1.557305153499205830e-05
1.529082442229923817e-05
1.501026568174542670e-05
1.473146373581497165e-05
1.445429627227247342e-05
1.417877678093141240e-05
1.390499573129879991e-05
1.363301750565924324e-05
1.336270088324282815e-05
1.309402147610374448e-05
1.282703165463436586e-05
1.256177408836336588e-05
1.229811266332916793e-05
1.203602698074044791e-05
1.177558528494871242e-05
1.151688003394211970e-05
1.125986128346406884e-05
1.100459145136549055e-05
1.075122901064542096e-05
1.049995057186962650e-05
1.025081210387349990e-05
1.000392976218684807e-05
9.759474531386350731e-06
9.517595158369118063e-06
9.278307132202733733e-06
9.041633466717143011e-06
8.807623908116218081e-06
8.576293955578593532e-06
8.347579794294328380e-06
8.121435889025834431e-06
7.897873775704736986e-06
7.676911545510289902e-06
7.458560138568410006e-06
7.242860640885855100e-06
7.029919050772976527e-06
6.819840298396310387e-06
6.612750082341705377e-06
6.408782851438563270e-06
6.208124635488675765e-06
6.010952664800599393e-06
5.817501940178793028e-06
5.628020916325626789e-06
5.442828515334909205e-06
5.262258463641280375e-06
5.086767769897526720e-06
4.916866868633906728e-06
4.753167115470702040e-06
4.596298003551936832e-06
4.446972993109964908e-06
4.305798129745733543e-06
4.173207698958084782e-06
4.049267638286613982e-06
3.933692576396326175e-06
3.825674505729687346e-06
3.723947046577968930e-06
3.626831540594357732e-06
3.532551768138474870e-06
3.439348492772145897e-06
3.345738852248652357e-06
3.250619851245999506e-06
3.153464192931284861e-06
3.054192666324703930e-06
2.953101528413104934e-06
2.850675957483740098e-06
2.747573419334492034e-06
2.644448147744688809e-06
2.541922228371158319e-06
2.440538841339979907e-06
2.340853611355228542e-06
2.243360714384948087e-06
2.148468185235382781e-06
2.056438396970188853e-06
1.967432041165127036e-06
1.881469632730342367e-06
1.798468235993309277e-06
1.718303650673405625e-06
1.640926314539497717e-06
1.566361384271347901e-06
1.494676232853808818e-06
1.425929856763026196e-06
1.360148348753995433e-06
1.297277223311423646e-06
1.237164341224989016e-06
1.179598506236566543e-06
1.124378154302922634e-06
1.071355390987398151e-06
1.020437331173304639e-06
9.715848171175097533e-07
9.247907569567467433e-07
8.800477258403242892e-07
8.373057822695343775e-07
7.964812895159999907e-07
7.574802141512543154e-07
7.202397261925455258e-07
6.847266724665342749e-07
6.509277969852686365e-07
6.188162437275090365e-07
5.883379922780121030e-07
5.594071158069109765e-07
5.319366144731956805e-07
5.058424825653739904e-07
4.810452472159392442e-07
4.574610762243687115e-07
4.350047060370433337e-07
4.136121410309925585e-07
3.932480921157519407e-07
3.738756807273897646e-07
3.554554631103339700e-07
3.379295474266632609e-07
3.212265840353948812e-07
3.053289634127983755e-07
2.902404686549613846e-07
2.759039240690186491e-07
2.622573303491547859e-07
2.492808360668422100e-07
2.369369164042133991e-07
2.252221994171628900e-07
2.141319336707031305e-07
2.035809201873726373e-07
1.935214116900123468e-07
1.839850678962061423e-07
1.749479505611140277e-07
1.663592208762448553e-07
1.582080710122515134e-07
1.504845677162623940e-07
1.431299704767487180e-07
1.361541273053915354e-07
1.295583938201798826e-07
1.232566146907358396e-07
1.172101993891305715e-07
1.114565755083945188e-07
1.059842142457980028e-07
1.007304525361499266e-07
9.570799108447390057e-08
9.091819315357012321e-08
8.633173329481133202e-08
8.197683138600055309e-08
7.784050145321955510e-08
7.388643473301187357e-08
7.009644464398914792e-08
6.654246003413490063e-08
6.318597534780170339e-08
5.996583563854211962e-08
5.689525192989618684e-08
5.401578800313249063e-08
5.130607403612440017e-08
4.869348190048626748e-08
4.622007157937136220e-08
4.388503725865287336e-08
4.167951221092104726e-08
3.956050364632811626e-08
3.755776782117410312e-08
3.566680741204470842e-08
3.386564715994843786e-08
3.215787847793514756e-08
3.053628566436219685e-08
2.900757944633507690e-08
2.753943693419469818e-08
2.616016418563178348e-08
2.484741126469499955e-08
2.360957279389587738e-08
2.242511482254633043e-08
2.131259682471465869e-08
2.025625482350176758e-08
1.925441638993392526e-08
1.830258432786389328e-08
1.739981281466256401e-08
1.654593593015980500e-08
1.573155531040737839e-08
1.496516744717689538e-08
1.423083829026947402e-08
1.353866722508310672e-08
1.287568577060075502e-08
1.225478380108059910e-08
1.165564466259813973e-08
1.109076699790835639e-08
1.055053587107504803e-08
1.004590107852825179e-08
9.558412755997134226e-09
9.095961783248663098e-09
8.655593037594992414e-09
8.243648035290484115e-09
7.846068229276512424e-09
7.466352011305072661e-09
7.106678005015487524e-09
6.770073488900198035e-09
6.445727934049513057e-09
6.134128688841868921e-09
5.839424549531708122e-09
5.563839332154844997e-09
5.298551937711473755e-09
5.042830646605880093e-09
4.801061773870084219e-09
4.575339926176406360e-09
4.357800901488731815e-09
4.147946406600058000e-09
3.949465942820451093e-09
3.764353500539259733e-09
3.585724130013431235e-09
3.413523427292545824e-09
3.250418312936892512e-09
3.098378298627252913e-09
2.951671784392853146e-09
2.810323944592163527e-09
2.676054588610702653e-09
2.551135127128753069e-09
2.430773898943837053e-09
2.314600689983968643e-09
2.203973657711696196e-09
2.101210284098074885e-09
2.002296268828095727e-09
1.906826705573214477e-09
1.815802335013435725e-09
1.731149205386019175e-09
1.649813449331253609e-09
1.571214533613068370e-09
1.496395813128086543e-09
1.426575928804046879e-09
1.359636899164717893e-09
1.294953388917647367e-09
1.233489653715077759e-09
1.175837368042637568e-09
1.120692248033086593e-09
1.067457646095702368e-09
1.016942179498859241e-09
9.693160281976121312e-10
9.238928041893685689e-10
8.800637083518744166e-10
8.384802649990520773e-10
7.991474029948132750e-10
7.617468506138066953e-10
7.256115600161267759e-10
6.914173981962212895e-10
6.589144462680696397e-10
6.281107236515624656e-10
5.983155856294750748e-10
5.701749750857073271e-10
5.433158746884155076e-10
5.179433876050436831e-10
4.933632664018288849e-10
4.702011875000131891e-10
4.480046407782971793e-10
4.271166704004146353e-10
4.068308674510142274e-10
3.877504942311506780e-10
3.694267741010902045e-10
3.522104308076515186e-10
3.354846891961716469e-10
3.197563427012338447e-10
3.046227424407713288e-10
2.904353470235980313e-10
2.766315572241793289e-10
2.636622466594301047e-10
2.511752096188422755e-10
2.394663829743326767e-10
2.280880951665124685e-10
2.173825097485102020e-10
2.070837427095298859e-10
1.974222367928500581e-10
1.880435150631617772e-10
1.792114056222216170e-10
1.707121647504884390e-10
1.627336503799640607e-10
1.550000665948986099e-10
1.477094287515171925e-10
1.406961206528825670e-10
1.341030184401891308e-10
1.277260873806300065e-10
1.217080881909810046e-10
1.159206958499483511e-10
1.104722080656178881e-10
1.052096449112261104e-10
1.002396051335769050e-10
9.546009334273377704e-11
9.095470550959396276e-11
8.660792252440349355e-11
8.250350399403900640e-11
7.855557930977259811e-11
7.482875708099712633e-11
7.123770954453047048e-11
6.784478247267182650e-11
6.457818952980392818e-11
6.149327588085025823e-11
5.852245150408654866e-11
5.571321396630108325e-11
5.301158101719908943e-11
5.045461897738620842e-11
4.799315577187565868e-11
4.566524813964218095e-11
4.342435956453165203e-11
4.130201721095529973e-11
3.926051731094619743e-11
3.732814759269291796e-11
3.546668319941184179e-11
3.370091798845560626e-11
3.200250176523803448e-11
3.039530652996753994e-11
2.884686393892439086e-11
2.737411590902782269e-11
2.595754334630016854e-11
2.461602191232699672e-11
2.332407165028154164e-11
2.209216266410067099e-11
2.090761853142005537e-11
1.978505962448001429e-11
1.870317492700021701e-11
1.766955608152635350e-11
1.667668054872638005e-11
1.573460802919550875e-11
1.482426723447734171e-11
1.395604152417456063e-11
1.312293011575978487e-11
1.232788944197213539e-11
1.156227889511607409e-11
1.083406323864172072e-11
1.013027453230716086e-11
9.462072249302185484e-12
8.820688664118036047e-12
8.205805496648290388e-12
7.617435852494615099e-12
7.058148315808012809e-12
6.520019373391647832e-12
6.010199379239371745e-12
5.519487096297644877e-12
5.057508754895414415e-12
4.614575877375719219e-12
4.196136339267873424e-12
3.797798920933803887e-12
3.423720960477730837e-12
3.069715605084912935e-12
2.737922344048877612e-12
2.426094794417563790e-12
2.137043638201584091e-12
1.867601687068428616e-12
1.619908430408005680e-12
1.391360878996693716e-12
1.185018133697229054e-12
9.975642789545452143e-13
8.310860023620835671e-13
6.828612864388609805e-13
5.553935115632354525e-13
4.453111088209360404e-13
3.545659644200146051e-13
2.797471036120300389e-13
2.228857406610297513e-13
1.804669656777005812e-13
1.535721645033154063e-13
1.386287946927520889e-13
1.366845464433182265e-13
1.439173243099971263e-13
1.604865893221251611e-13
1.828874811666465851e-13
2.113527439439366918e-13
2.418747785121493952e-13
2.743740935190625846e-13
3.052458555014852713e-13
3.343697151095886327e-13
3.586400951786434856e-13
3.779033601043729734e-13
3.896128875480708295e-13
3.944140195337877901e-13
3.902230241526822618e-13
3.782827554080563092e-13
3.575713582383653216e-13
3.300619756377656815e-13
2.956611252954763642e-13
2.569920470681529523e-13
2.147528917753612707e-13
1.720051088549996481e-13
1.299670968265769316e-13
9.154669877315895068e-14
5.789698344206040223e-14
3.149049366103327800e-14
1.264617560152661223e-14
2.705894823066312787e-15
7.466857929469094034e-16
6.738366851094682215e-15
1.850154637533487472e-14
3.460503997551448359e-14
5.203111378168915160e-14
6.882543485187367260e-14
8.208342388077362429e-14
9.035848530698618766e-14
9.190147243653604073e-14
8.683235073919274646e-14
7.533734080734918896e-14
5.938823695248136215e-14
4.089043935448610800e-14
2.299317276713467097e-14
8.041823135003394089e-15
-1.455372398563483880e-15
-4.662159062635290219e-15
-1.337434704944378859e-15
6.779751141639545987e-15
1.756058388576058612e-14
2.776285395697323257e-14
3.487634397793994093e-14
3.667949392388420993e-14
3.284520757873727503e-14
2.416164743972185211e-14
1.333443779647971392e-14
3.351215190494408051e-15
-2.657994242387644565e-15
-3.348337837468628863e-15
1.082385275001816239e-15
8.252722437226231027e-15
1.512863521395872068e-14
1.854804395024953961e-14
1.707232200819193094e-14
1.120987860068322779e-14
3.850342388589410727e-15
-1.557564508947963449e-15
-2.465484315936131368e-15
9.821101211164307380e-16
6.454892204879313602e-15
1.036699242042998877e-14
1.022874277094929483e-14
6.015333142744975719e-15
7.453961979700499072e-16
-1.947428951361418088e-15
-4.238214988601125858e-16
3.621053161344227821e-15
6.707315657726133180e-15
6.007230443849272340e-15
2.191424421064467225e-15
-1.079155543616120425e-15
-8.530800274963548165e-16
2.187518297048726604e-15
4.627537792575504496e-15
3.562755592082999388e-15
3.414363154573239220e-16
-1.084726968908295522e-15
6.908732859631722680e-16
3.112122278907440027e-15
2.640349083755222621e-15
6.878563496499012037e-17
-7.515989210278377599e-16
1.135651200127887374e-15
2.467597661723910881e-15
9.074503995352533564e-16
-6.523959913958325175e-16
4.214969403046985645e-16
1.855705099965453443e-15
7.352307382484679561e-16
-5.309173530593415688e-16
5.827558703568536366e-16
1.391514589622799222e-15
5.511605991251094688e-17
-2.211414422873663806e-16
1.026758559652712276e-15
5.188917805679689178e-16
-3.259299753940731553e-16
6.411348059341272248e-16
5.734932781263825555e-16
-2.762931463277212136e-16
5.308621585863701498e-16
3.801787346233215090e-16
-1.803153593287181586e-16
5.308577415900411796e-16
1.005489707344843927e-16
7.975094895853397855e-18
4.572658186994603409e-16
-1.476940488205624991e-16
3.470186657208321146e-16
3.835694140758405458e-17
1.069525719193193252e-16
1.960907192140565892e-16
-1.728920785355022973e-17
2.290909168106051105e-16
-3.651275898693619411e-17
1.969513049550180293e-16
-1.855050735010858737e-17
1.537280488875231240e-16
6.382784722415374345e-19
1.187931701284947423e-16
1.236179693114952047e-17
9.388683002827258945e-17
1.772587395808759455e-17
7.630553895822905924e-17
1.927437383683458038e-17
6.347962105379585152e-17
1.884881420206672733e-17
5.372680442632578859e-17
1.751080883858991092e-17
4.604254316297759103e-17
1.582366953781157178e-17
3.982698450316509009e-17
1.407556197651212811e-17
3.470737130875511180e-17
1.240944664218394369e-17
3.043916371143746309e-17
1.089225875102876082e-17
2.685298286703685440e-17
9.551013230256005182e-18
2.382581739974590000e-17
8.391804388010864220e-18
2.126485568834836285e-17
7.409989911168995929e-18
1.909799679590692456e-17
6.595754212909099508e-18
1.726800897690795932e-17
5.937189224795769789e-18
1.572876142724128040e-17
5.422007601599323760e-18
1.444268427429602050e-17
5.038485673140283047e-18
1.337898846532004880e-17
4.775965304519862990e-18
1.251237541686010202e-17
4.625100949527516446e-18
1.182207479190447238e-17
4.577959782217936628e-18
1.129111054506892412e-17
4.628038639860499492e-18
1.090573085033247339e-17
4.770236021606388280e-18
1.065495958840973981e-17
5.000802079492069920e-18
1.053024037399722967e-17
5.317280687874615234e-18
1.052515258830434953e-17
5.718451966335672462e-18
1.063518480611838880e-17
6.204280223706640681e-18
1.085755485152493022e-17
6.775870301742542887e-18
1.119106820180447463e-17
7.435433743119789204e-18
1.163600853918462093e-17
8.186265410396622412e-18
1.219405558430823336e-17
9.032730915162166551e-18
1.286822631229708420e-17
9.980264627464852615e-18
1.366283633914343841e-17
1.103537786129844717e-17
1.458347920091820921e-17
1.220567684558070135e-17
1.563702095566548849e-17
1.349988986353862241e-17
1.683160864592153538e-17
1.492790299102441362e-17
1.817669075619788062e-17
1.650080359579513748e-17
1.968304821413636092e-17
1.823093082609930129e-17
2.136283441287190401e-17
2.013193213898339063e-17
2.322962285531659405e-17
2.221882474614504690e-17
2.529846070974331727e-17
2.450806053272649692e-17
2.758592658310146186e-17
2.701759301524236941e-17
3.011019045659245823e-17
2.976694417996757300e-17
3.289107350592283126e-17
