# bin_4_5
1.079462379059749118e-05
1.396096946347135235e-05
1.204808883261193137e-05
1.510931897006437991e-05
1.340910911459426550e-05
1.637966504936484230e-05
1.488748402674573845e-05
1.778153902325116869e-05
1.649366370384725179e-05
1.932516309593750086e-05
1.823875114090270925e-05
2.102144489710626086e-05
2.013449373544576795e-05
2.288196028507822463e-05
2.219326148657154737e-05
2.491892142301245549e-05
2.442800854202995491e-05
2.714512658971599286e-05
2.685221438039958126e-05
2.957388771944754501e-05
2.947980043714774965e-05
3.221893126552301170e-05
3.232501751888246932e-05
3.509426753635910763e-05
3.540229900429370024e-05
3.821402329328009608e-05
3.872607459021633607e-05
4.159223236092193029e-05
4.231053918462764367e-05
4.524257886490639204e-05
4.616937194949677408e-05
4.917808838397588110e-05
5.031540096279253838e-05
5.341076302486558636e-05
5.476021041667013533e-05
5.795115821094494983e-05
5.951368916071307934e-05
6.280790143292092618e-05
6.458352255353577633e-05
6.798715685036254381e-05
6.997463391812585513e-05
7.349204486524794433e-05
7.568858787357551421e-05
7.932203253344093129e-05
8.172297558909598695e-05
8.547231957578241984e-05
8.807081195785831853e-05
9.193325575869783250e-05
9.471998678910585764e-05
9.868983864156568740e-05
1.016528264805658380e-04
1.057213559809156567e-04
1.088458385659282497e-04
1.130012535783187817e-04
1.162697284242162845e-04
1.204973260882254138e-04
1.238897933490137003e-04
1.281723428413047354e-04
1.316668116225722736e-04
1.359852300374287011e-04
1.395585492109622388e-04
1.438929300643536141e-04
1.475219989798345498e-04
1.518530420597220224e-04
1.555164399279604002e-04
1.598273077042184416e-04
1.635073489151030732e-04
1.677859341018143381e-04
1.714711060411119252e-04
1.757126332698491446e-04
1.794002999185331207e-04
1.836100992479139360e-04
1.873092569151687777e-04
1.915054390616049073e-04
1.952391935138931612e-04
1.994548330901000841e-04
2.032621411923577794e-04
2.075464510172482827e-04
2.114825568781107147e-04
2.159004423008529421e-04
2.200353736774952949e-04
2.246647343949899052e-04
2.290792609048273177e-04
2.340055164807767867e-04
2.387841693430280403e-04
2.440917884005021007e-04
2.493129649565115741e-04
2.550743318525515056e-04
2.607981968837800777e-04
2.670609692053479848e-04
2.733167993435322934e-04
2.800919272670435839e-04
2.868675960985502980e-04
2.941211886801015974e-04
3.013583731080355125e-04
3.090112317661503115e-04
3.166101709061458361e-04
3.245485261988039004e-04
3.323851917751516772e-04
3.404843791263050586e-04
3.484401831052678640e-04
3.565992854218991473e-04
3.645988215225910516e-04
3.727789377388274401e-04
3.808254860483173713e-04
3.890786420664273191e-04
3.972723589423423751e-04
4.057449823828767981e-04
4.142682983438669979e-04
4.231664605041197480e-04
4.322290044565352501e-04
4.417454159539777026e-04
4.514984308708114074e-04
4.617227230584692948e-04
4.721763769862714509e-04
4.830323975883737291e-04
4.940261839666133760e-04
5.052865996041588318e-04
5.165545875645806634e-04
5.279559762289497658e-04
5.392816102220728122e-04
5.506987231513679618e-04
5.620793399080398082e-04
5.736453755705003864e-04
5.853346640292884408e-04
5.973815204746792161e-04
6.097211332135936109e-04
6.225210144269435926e-04
6.356384466466477286e-04
6.491273814013455044e-04
6.627643593841242792e-04
6.765435299208418440e-04
6.902623487929444770e-04
7.039842300821523872e-04
7.176428280378635343e-04
7.314317618268453662e-04
7.453917983639063221e-04
7.597242371155644124e-04
7.743900748741205931e-04
7.894160905390184809e-04
8.045848187336147655e-04
8.197966496198983702e-04
8.348524167452788794e-04
8.498017986509043796e-04
8.646856616949647910e-04
8.797408151871254339e-04
8.950453648263089401e-04
9.106607324777873935e-04
9.263779588484635568e-04
9.420183829063497266e-04
9.573686004454419560e-04
9.724982392888540566e-04
9.875513203850500108e-04
1.002778798412520735e-03
1.018169418713398347e-03
1.033563517820144332e-03
1.048636412154455673e-03
1.063309952152039634e-03
1.077711222787216920e-03
1.092151986819616446e-03
1.106670192638863981e-03
1.121050937157093202e-03
1.134947077878500823e-03
1.148382037969694755e-03
1.161641078964067639e-03
1.174975278089773192e-03
1.188150557995580527e-03
1.200831733390069671e-03
1.213014818935321572e-03
1.225131431426380478e-03
1.237300017270407098e-03
1.249184918091431193e-03
1.260536873245469676e-03
1.271761610582186532e-03
1.283156720215434523e-03
1.294419372388973602e-03
1.305263064455128817e-03
1.316172002427505464e-03
1.327388722110368988e-03
1.338489638646310747e-03
1.349438884730832112e-03
1.360853023796150790e-03
1.372512372136210730e-03
1.384082242037266118e-03
1.396095834501307874e-03
1.408616762599523148e-03
1.421098283342046636e-03
1.434113375455268753e-03
1.447612843236536833e-03
1.461131595733597931e-03
1.475223014385100215e-03
1.489599038778175854e-03
1.503979940509072872e-03
1.518934259367999947e-03
1.533662810815371530e-03
1.548708217474444471e-03
1.563673644570251356e-03
1.578527709716388231e-03
1.593425909688706834e-03
1.607958452923927573e-03
1.622531343905613162e-03
1.636690943508091424e-03
1.650858636971844033e-03
1.664698921447840168e-03
1.678571928232833275e-03
1.692275149059159359e-03
1.706101025115998922e-03
1.719932851110657183e-03
1.733993565411617995e-03
1.748192336850816313e-03
1.762671839105474933e-03
1.777319581763706297e-03
1.792192780555085805e-03
1.807139984515017828e-03
1.822152592275760831e-03
1.837062447338718785e-03
1.851845378937781077e-03
1.866368417043544206e-03
1.880653364108218761e-03
1.894649993643347276e-03
1.908458718628318774e-03
1.922112197385864940e-03
1.935759087617214920e-03
1.949450748820705237e-03
1.963300935422854481e-03
1.977291384930905671e-03
1.991432497342082459e-03
2.005605744875362927e-03
2.019740740802131347e-03
2.033691965402916694e-03
2.047417182262618353e-03
2.060855981590910442e-03
2.074073977406944071e-03
2.087111652312613648e-03
2.100084949505658018e-03
2.113020913030616132e-03
2.125958566316478362e-03
2.138824291242798648e-03
2.151574535198013359e-03
2.164115813245281322e-03
2.176451577434056119e-03
2.188578591220268106e-03
2.200576068006916165e-03
2.212459583008051945e-03
2.224256321222666932e-03
2.235900200665737799e-03
2.247363623030696964e-03
2.258594970853121039e-03
2.269630521739248504e-03
2.280474452955832780e-03
2.291155732434915250e-03
2.301622464019687387e-03
2.311866729382616899e-03
2.321879917175240921e-03
2.331742415394822202e-03
2.341471353083720598e-03
2.351039833053918896e-03
2.360311240152623835e-03
2.369236267277235759e-03
2.377854975503741145e-03
2.386315483560840205e-03
2.394632811134379986e-03
2.402715624804451812e-03
2.410431176500898737e-03
2.417836075018030446e-03
2.425027460266606250e-03
2.432022355368486204e-03
2.438678280296728215e-03
2.444975524242792245e-03
2.450999915678508424e-03
2.456817367608197817e-03
2.462317633897283514e-03
2.467467467472081108e-03
2.472300862317735638e-03
2.476840096224494636e-03
2.481032391024750542e-03
2.484927864926852418e-03
2.488501409959467149e-03
2.491711533410042884e-03
2.494584926762999453e-03
2.497149765094827494e-03
2.499309596869567131e-03
2.501158332418397350e-03
2.502685847407775180e-03
2.503777409562399185e-03
2.504514290838559185e-03
2.504932308606277764e-03
2.504911810003373259e-03
2.504562569735264716e-03
2.503798297171829900e-03
2.502663428865091466e-03
2.501149440981411797e-03
2.499238893826873607e-03
2.496930520852909050e-03
2.494219285936699008e-03
2.491124826222611104e-03
2.487606475186672408e-03
2.483698685996959220e-03
2.479372637928965381e-03
2.474655835219446206e-03
2.469504354236731498e-03
2.463952573947321249e-03
2.457979253105039424e-03
2.451588014363023128e-03
2.444778614378257785e-03
2.437554176663086266e-03
2.429901792250888960e-03
2.421830868990198192e-03
2.413336940804949003e-03
2.404419226172261996e-03
2.395084158550294003e-03
2.385323515814701239e-03
2.375142260360978228e-03
2.364540017299623150e-03
2.353517690194218033e-03
2.342078508227053799e-03
2.330220685946425997e-03
2.317948160874918218e-03
2.305262457567482364e-03
2.292167010529362007e-03
2.278662780012982465e-03
2.264752522153649396e-03
2.250441223769258058e-03
2.235731592158971080e-03
2.220628397557401160e-03
2.205134552172352633e-03
2.189257366297715692e-03
2.172999074791341200e-03
2.156366495681904215e-03
2.139363890962203349e-03
2.121998943349333918e-03
2.104275593923757466e-03
2.086203485011249061e-03
2.067787218922419439e-03
2.049035772546529185e-03
2.029955665125519285e-03
2.010557098306075575e-03
1.990845868487996998e-03
1.970833382533556440e-03
1.950526540289414289e-03
1.929937529688484322e-03
1.909073897809307431e-03
1.887948038350181074e-03
1.866568637365772013e-03
1.844948781213879077e-03
1.823097801839699975e-03
1.801029317015016016e-03
1.778753264725830121e-03
1.756284375479794926e-03
1.733632925060082713e-03
1.710813711791014415e-03
1.687838042804266523e-03
1.664721819655119251e-03
1.641476638203562049e-03
1.618118181958623286e-03
1.594658545541069016e-03
1.571114385880928964e-03
1.547498202091580248e-03
1.523826524612816122e-03
1.500112308576325793e-03
1.476372824059161938e-03
1.452621267066577697e-03
1.428874371973840084e-03
1.405145508309248430e-03
1.381452143189161510e-03
1.357807395212150487e-03
1.334227884802573552e-03
1.310727039031362806e-03
1.287322048121328352e-03
1.264026249781184143e-03
1.240855645037525256e-03
1.217823140316225475e-03
1.194945027662569275e-03
1.172233777750706241e-03
1.149704211258092924e-03
1.127368260408967730e-03
1.105240995485692749e-03
1.083333783878801838e-03
1.061660137775449547e-03
1.040230089518507468e-03
1.019057045910291490e-03
9.981510781223146798e-04
9.775231078978446290e-04
9.571816055852675701e-04
9.371378860456127443e-04
9.173994256076136626e-04
8.979755197077318946e-04
8.788720046014648771e-04
8.600977031203386330e-04
8.416581531540677811e-04
8.235596182346842245e-04
8.058056402846071678e-04
7.884022746455707220e-04
7.713523428773852268e-04
7.546597368317001188e-04
7.383252969024064853e-04
7.223523211782927273e-04
7.067412038762218825e-04
6.914930546555367709e-04
6.766061737111762550e-04
6.620813849605254988e-04
6.479168603054671731e-04
6.341110483908485394e-04
6.206597748107590311e-04
6.075617400650726524e-04
5.948130773488365629e-04
5.824098955404272832e-04
5.703461290132940840e-04
5.586185118392734223e-04
5.472214641470546370e-04
5.361494567667525468e-04
5.253947221861473551e-04
5.149526639753878535e-04
5.048163762252963049e-04
4.949790981884493336e-04
4.854321127472345596e-04
4.761695610243152485e-04
4.671838492769145573e-04
4.584675541788707075e-04
4.500112946471469572e-04
4.418086441881895763e-04
4.338516764083423321e-04
4.261325271335405585e-04
4.186416694385446699e-04
4.113724944550274502e-04
4.043171933667328482e-04
3.974679761607432561e-04
3.908155098645406476e-04
3.843534490135174322e-04
3.780741338237396322e-04
3.719702748766926469e-04
3.660327535353118610e-04
3.602557197566035735e-04
3.546322947437923769e-04
3.491558492186481208e-04
3.438177918650030447e-04
3.386128194426807738e-04
3.335347541190741751e-04
3.285777785785331693e-04
3.237340442429103345e-04
3.189990200541742362e-04
3.143672917572937469e-04
3.098340004850268291e-04
3.053919537494297651e-04
3.010373642480650169e-04
2.967656973395877622e-04
2.925729962019637522e-04
2.884528965341012123e-04
2.844022989019051855e-04
2.804176103085429428e-04
2.764956331698592909e-04
2.726307879891713064e-04
2.688206608414810020e-04
2.650624511871491019e-04
2.613538366238913973e-04
2.576898554624724178e-04
2.540687082456444582e-04
2.504883457129966867e-04
2.469472765859250267e-04
2.434410798960966584e-04
2.399683831260569658e-04
2.365279757052950085e-04
2.331189182382230470e-04
2.297373094352800110e-04
2.263822821905601057e-04
2.230531070326616987e-04
2.197494516800053684e-04
2.164679923371028430e-04
2.132080964498102651e-04
2.099695614554721566e-04
2.067526494514320475e-04
2.035544211557920946e-04
2.003744378558351019e-04
1.972129831602019271e-04
1.940708660780534483e-04
1.909453920403186475e-04
1.878363740538193944e-04
1.847444838818276781e-04
1.816708393784718532e-04
1.786131347406973244e-04
1.755711997556511647e-04
1.725459751382755428e-04
1.695389187322918515e-04
1.665478393531816476e-04
1.635726166696208159e-04
1.606143092594318966e-04
1.576745715264406299e-04
1.547513800410802126e-04
1.518445339504218461e-04
1.489552049808175703e-04
1.460851385034234466e-04
1.432324634065518471e-04
1.403968532351380764e-04
1.375795558952402995e-04
1.347823790143614384e-04
1.320037119268678842e-04
1.292432148601640530e-04
1.265022492071631683e-04
1.237827785828766525e-04
1.210836500068994263e-04
1.184047350923173524e-04
1.157475991108587981e-04
1.131142661206476012e-04
1.105039164965711625e-04
1.079163516371806379e-04
1.053527934235958029e-04
1.028146217509759761e-04
1.003006924775833980e-04
9.781021013546438154e-05
9.534382466821767757e-05
9.290243563820686323e-05
9.048539887113715415e-05
8.809276633247537847e-05
8.572629413864991824e-05
8.338821033760946680e-05
8.107992571584786347e-05
7.880298075046054864e-05
7.655991857612652292e-05
7.435269212833401124e-05
7.218201235857769720e-05
7.004774497951976652e-05
6.795029188484163942e-05
6.588955045387709234e-05
6.386561913512692808e-05
6.187897098362278971e-05
5.993221231182458287e-05
5.802852113787202641e-05
5.617229040149416267e-05
5.436740687803708429e-05
5.261809909984893586e-05
5.092631525560398421e-05
4.929270431574770686e-05
4.771510253249849605e-05
4.619045114564927052e-05
4.471378757932886511e-05
4.328081597216912432e-05
4.188706331350705955e-05
4.052965128464092778e-05
3.920579046724319690e-05
3.791442509334353133e-05
3.665450098114475069e-05
3.542590918390175624e-05
3.422812209495803664e-05
3.306196595065000708e-05
3.192831941681137018e-05
3.082859527222601265e-05
2.976310134904459738e-05
2.873196456856193495e-05
2.773357215361127996e-05
2.676481850849896145e-05
2.582054042695189081e-05
2.489565003884772218e-05
2.398537203464371447e-05
2.308635370591553148e-05
2.219659215437317935e-05
2.131659495693514564e-05
2.044840322782727222e-05
1.959474529496257837e-05
1.875787301283303864e-05
1.794013326188053547e-05
1.714368210383308724e-05
1.637040435619023865e-05
1.562167899385583553e-05
1.489900043591886810e-05
1.420358528425610658e-05
1.353571962069577433e-05
1.289440327078678006e-05
1.227806581240549277e-05
1.168500650883418963e-05
1.111344334580433675e-05
1.056181258097856418e-05
1.002949632595580169e-05
9.516787174685166162e-06
9.024101364214985431e-06
8.551704869283663273e-06
8.099696606836563942e-06
7.667887827005067679e-06
7.255830778118219223e-06
6.863006612176380246e-06
6.488847744446246605e-06
6.132980757792897328e-06
5.795061368540275146e-06
5.474469129890150301e-06
5.170598717483433462e-06
4.882976967100633096e-06
4.610799890900668972e-06
4.353139649349007246e-06
4.109099965061120998e-06
3.877864591246167840e-06
3.659001531959827431e-06
3.452218746067959342e-06
3.257107361679712213e-06
3.073024606684975802e-06
2.899261341197330489e-06
2.735021513881123983e-06
2.579677650584750122e-06
2.432694674648796713e-06
2.293491922755579927e-06
2.161714654835545480e-06
2.037229615997567767e-06
1.919693090776613320e-06
1.808639761616642164e-06
1.703655205946619796e-06
1.604570353947063499e-06
1.510860907241676683e-06
1.422326112119649104e-06
1.339025228392251688e-06
1.260695403810163727e-06
1.186781380142941700e-06
1.117169651881525818e-06
1.051593032285669851e-06
9.897699252258271305e-07
9.316507862727262922e-07
8.769293309858986087e-07
8.253256248989681908e-07
7.768333667441898426e-07
7.311728399413513666e-07
6.881252687550753401e-07
6.474949930259288331e-07
6.094615201820506878e-07
5.736412891871875687e-07
5.398001922514659349e-07
5.079962069831896266e-07
4.781881607074266361e-07
4.501230671432877642e-07
4.235644862591747008e-07
3.985969369039943100e-07
3.751522573449602053e-07
3.532263428552727902e-07
3.324883424263181433e-07
3.128749368508546874e-07
2.945433984983388977e-07
2.774055225757441256e-07
2.611826894963907154e-07
2.457936391286865902e-07
2.314723332815005606e-07
2.180717538309562350e-07
2.053768716393338861e-07
1.933782655527134111e-07
1.821755933387408723e-07
1.716811481867776418e-07
1.617249812203836638e-07
1.523643386475646644e-07
1.435863957234520079e-07
1.353583152750116576e-07
1.275697500926383158e-07
1.202386142612333501e-07
1.133590825663853049e-07
1.068948432888677272e-07
1.007903701117296247e-07
9.504302836417315521e-08
8.964230356372711148e-08
8.457128636445816206e-08
7.977193111169402183e-08
7.525740493125473674e-08
7.100251565190655127e-08
6.702589037516883103e-08
6.325066861100486245e-08
5.970288791887584897e-08
5.635086747314749577e-08
5.323115383907943474e-08
5.025735195299125731e-08
4.745446358196235216e-08
4.480860672946255855e-08
4.235737166616902208e-08
4.001567798847069281e-08
3.779334994228382223e-08
3.569783349630061467e-08
3.376858103025864229e-08
3.192367752851742546e-08
3.015741311924008967e-08
2.849246111718978693e-08
2.697413356290640241e-08
2.552152099824825117e-08
2.411416634277894088e-08
2.278742094159582696e-08
2.159111021283382628e-08
2.044429375099838827e-08
1.932102115746266208e-08
1.826050397350182949e-08
1.731331404235987459e-08
1.640432819856316204e-08
1.550660091880893039e-08
1.465828030706801479e-08
1.390866060940022773e-08
1.318748006513574677e-08
1.247093306475039119e-08
1.179099732284396272e-08
1.119373769219092031e-08
1.061857342360725194e-08
1.004542512664446671e-08
9.499548627212788701e-09
9.022463930462658471e-09
8.563940953613578204e-09
8.105904062345180896e-09
7.668854115704530688e-09
7.285508613571875293e-09
6.917490070127431687e-09
6.549279457421788898e-09
6.199872245568475727e-09
5.891029881811444847e-09
5.596539973517044436e-09
5.300559084005615687e-09
5.021001330462241618e-09
4.769562819943246278e-09
4.533364238630401093e-09
4.295211695452961933e-09
4.072030908053280648e-09
3.867355920327033087e-09
3.677697764464213299e-09
3.484622004156908203e-09
3.306198350197639824e-09
3.139740581963765915e-09
2.987370758024700419e-09
2.830617938460504195e-09
2.687884122996718378e-09
2.551484113823577313e-09
2.429574927614704925e-09
2.301894454743119777e-09
2.187478187604262001e-09
2.075877126832557834e-09
1.977622843902913867e-09
1.873887657996307940e-09
1.781889442945432711e-09
1.690701843440980039e-09
1.611089538065299081e-09
1.526946072867477277e-09
1.452760370671768110e-09
1.378200012448304997e-09
1.313453103140027240e-09
1.245390530846951947e-09
1.185117129732877089e-09
1.124177324964844322e-09
1.071656254244616973e-09
1.016286435672106534e-09
9.671569200024703008e-10
9.177229743764094517e-10
8.746596394737819249e-10
8.296527002468386115e-10
7.897765787482368868e-10
7.492666189411839763e-10
7.141278838941942294e-10
6.774535962987094001e-10
6.448670841552353977e-10
6.118793343025507711e-10
5.829822366031705491e-10
5.531499311823176797e-10
5.264506365586832212e-10
4.995091182506885461e-10
4.757542188285922257e-10
4.513794850637904914e-10
4.295060583623612896e-10
4.074549185195175381e-10
3.879134288818472694e-10
3.679432990176186847e-10
3.499723570814152692e-10
3.318751050978399118e-10
3.157595879975642100e-10
2.993647170912317044e-10
2.845750510804661983e-10
2.696968387183219962e-10
2.563674954007847465e-10
2.428609759742492697e-10
2.306499597078494261e-10
2.183844316265094960e-10
2.073238236099561897e-10
1.961627701242939237e-10
1.860535105515517186e-10
1.758955531886831739e-10
1.666932603603409062e-10
1.574423897993023033e-10
1.490335458630589504e-10
1.405957898289090356e-10
1.329207029471970195e-10
1.252096288516815908e-10
1.182049928011698430e-10
1.111620230809644435e-10
1.047360991163944276e-10
9.830741476286644199e-11
9.243486031778706057e-11
8.655508494533028515e-11
8.118128597540695450e-11
7.578553998883590659e-11
7.087684181080735801e-11
6.597236989210876872e-11
6.146386259464934391e-11
5.696513764480014961e-11
5.287858744366413225e-11
4.878834954097124521e-11
4.505707028400892759e-11
4.132360653169834004e-11
3.796140809742127657e-11
3.460401541427086241e-11
3.155438541581862255e-11
2.852647385329907651e-11
2.581825764844787812e-11
2.313501519483970338e-11
2.072889785522486476e-11
1.835304903202034151e-11
1.626878128170605743e-11
1.422335916891222213e-11
1.243196669867297985e-11
1.068432499541690678e-11
9.200415112255289940e-12
7.766833085655311807e-12
6.569113316882069630e-12
5.416699934365748941e-12
4.508048556343693690e-12
3.646056408220740504e-12
2.998409747864340627e-12
2.389908767783511911e-12
1.992318577487479647e-12
1.629424448662132781e-12
1.444463960295439421e-12
1.278239571342103904e-12
1.276957040891039795e-12
1.281419746444546964e-12
1.411456174637970692e-12
1.523814869812719010e-12
1.741783455612460693e-12
1.922154242077560829e-12
2.166647513278713847e-12
2.348451938371915475e-12
2.572224491213928147e-12
2.712745172166286187e-12
2.864153797269738766e-12
2.914795868627368756e-12
2.962267120948775528e-12
2.905057221988116802e-12
2.830883126112906019e-12
2.653862096435401025e-12
2.468987171383224614e-12
2.198300914783330859e-12
1.932348374083244584e-12
1.604517406233099374e-12
1.309613493722542802e-12
9.874458979036531657e-13
7.231397145495626380e-13
4.610461558414302741e-13
2.826973631896861596e-13
1.301853464986165528e-13
6.948813712005972312e-14
3.823859379256006712e-14
9.152154886396653122e-14
1.614407876930578581e-13
2.868817182455562102e-13
3.975461626783280166e-13
5.277715518001611663e-13
6.106691894006203227e-13
6.789405595485383452e-13
6.777123352503845644e-13
6.494541479457778259e-13
5.560218055165037717e-13
4.493832219696638555e-13
3.059044127291534773e-13
1.848917705435925687e-13
6.827821638764084010e-14
7.268578793481109552e-15
-2.488197993717352448e-14
5.471562725278520370e-15
5.590735991605272991e-14
1.399679016268711344e-13
2.055122616198471815e-13
2.626423908145047321e-13
2.686408593292935715e-13
2.466900410070790923e-13
1.775275794048143004e-13
1.050958836683869304e-13
2.752120192082419600e-14
-1.056994286100001236e-14
-2.150630243048895135e-14
1.499749579265412607e-14
6.144847302996474563e-14
1.155410558513867764e-13
1.349693935881195907e-13
1.283903043695771103e-13
8.177393406516750907e-14
3.307719067731154671e-14
-1.021440114160235742e-14
-1.316748769552713513e-14
7.685104090936945317e-15
5.073504358811822388e-14
7.499357223610869895e-14
7.712324461186218982e-14
4.347283022645333815e-14
8.881461953374867849e-15
-1.393165665167052525e-14
-1.062775510412415771e-16
2.608098662709995012e-14
5.098890805379985308e-14
4.296051663004227427e-14
1.827191572933938706e-14
-7.974746007427903629e-15
-3.924159137561864846e-15
1.553001820798063854e-14
3.522787864890720072e-14
2.524250165528615137e-14
4.392793985472607561e-15
-8.245362004942215122e-15
6.695031254426937536e-15
2.193369855311348498e-14
2.051385513231523191e-14
1.062349855720498118e-16
-4.062330154855096365e-15
7.786024675448252262e-15
1.895969030792569911e-14
6.132510340918343616e-15
-3.571401176935424672e-15
2.628309399557665195e-15
1.437599957299148063e-14
4.870920027148575355e-15
-2.861942196933814132e-15
3.778890831553435945e-15
1.088287036573065876e-14
-1.576917956593235122e-17
-7.746458178422974348e-16
6.977958686559274823e-15
4.478422202392555473e-15
-2.736584628051890583e-15
5.303740455586183993e-15
3.736097921753392936e-15
-1.343452314324763016e-15
3.444409941786792733e-15
3.325025228755266618e-15
-1.654587675447367315e-15
4.366158441247221649e-15
3.752462494669195700e-16
5.691327068911388579e-16
2.952794676402666822e-15
-5.874433246663666917e-16
2.175508659089132653e-15
7.148819947333754942e-16
4.646308324782120232e-16
1.817229740254708785e-15
-4.146399262335910347e-16
2.026081857375672406e-15
-5.396013136752833274e-16
1.769097100471850861e-15
-3.975479256968576849e-16
1.434405356107507876e-15
-2.469040068188001164e-16
1.161036457056879549e-15
-1.501989280265646552e-16
9.613621050244920818e-16
-9.954905195259966406e-17
8.158328104630748338e-16
-7.671800853915194412e-17
7.058659358400114471e-16
-6.850017913245435699e-17
6.192621606002632292e-16
-6.728255675829800210e-17
5.487000831636745042e-16
-6.902462528683032155e-17
4.897746760736810236e-16
-7.165708005565027688e-17
4.397209073797945175e-16
-7.414963988904888071e-17
3.967027189032086905e-16
-7.601501462949907438e-17
3.594311569483025269e-16
-7.705026871179664040e-17
3.269568314258696565e-16
-7.720090992920574735e-17
2.985531257013103799e-16
-7.648819538311154702e-17
2.736474444221025751e-16
-7.496954848611798655e-17
2.517787216861067675e-16
-7.271673925637378085e-17
2.325698738711038786e-16
-6.980383171272311068e-17
2.157091313066208043e-16
-6.630061751347294288e-17
2.009368687718188710e-16
-6.226918394094962280e-17
1.880359997452329087e-16
-5.776227808627559210e-17
1.768247598409932395e-16
-5.282269991844409769e-17
1.671511643511133676e-16
-4.748327058721319262e-17
1.588886720684283950e-16
-4.176710746125848819e-17
1.519327460105662044e-16
-3.568803924436817372e-17
1.461981001885994957e-16
-2.925106551172980449e-17
1.416164876731588273e-16
-2.245280449430698167e-17
1.381349128288485420e-16
-1.528189004894143650e-17
1.357141974803584225e-16
-7.719304119677415964e-18
1.343278347514283766e-16
2.613697992724786750e-19
1.339610866254214323e-16
8.693772285095844646e-18
1.346102873102368515e-16
1.761867448038636741e-17
1.362823243988390495e-16
2.708396450853301414e-17
1.389942745469173060e-16
3.714470932794723949e-17
1.427731726603871528e-16
4.786328938620281299e-17
1.476559017076571765e-16
5.930960037028103586e-17
1.536891855244558934e-16
7.156131867147446323e-17
1.609296750064764181e-16
8.470422364002262541e-17
1.694441156660643977e-16
9.883257140471741691e-17
1.793095852253512813e-16
1.140495150934678767e-16
1.906137907669910560e-16
1.304675591157090858e-16
2.034554146815414318e-16
1.482090435998578502e-16
2.179444959365146649e-16
1.674066440350737522e-16
2.342028331425170726e-16
1.882038750258932980e-16
2.523643932647364744e-16
