# bin_2_1
2.828690897245880143e-06
3.062350909306977245e-06
3.112483123815248600e-06
3.354282368784768194e-06
3.422684542597521928e-06
3.674003137923129270e-06
3.761583872050647125e-06
4.023863386532206558e-06
4.131621285367257806e-06
4.406365881673306566e-06
4.535388442712498727e-06
4.824164699471050553e-06
4.975625818776819537e-06
5.280060888349644254e-06
5.455216621370691191e-06
5.776994344301457059e-06
5.977176498648923171e-06
6.318031039788536799e-06
6.544638127633277314e-06
6.906344627644080092e-06
7.160829642310934642e-06
7.545191333128095938e-06
7.829045766553675921e-06
8.237876949400531879e-06
8.552610415268657094e-06
8.987714652574469329e-06
9.334829463560091869e-06
9.797972331342040103e-06
1.017893236986837909e-05
1.067180812994261658e-05
1.108800138936618614e-05
1.161219300483685924e-05
1.206488728534931621e-05
1.262181933550992861e-05
1.311211073943222089e-05
1.370299501104764278e-05
1.423174916949093225e-05
1.485752304214986299e-05
1.542530940721554899e-05
1.608656764146739119e-05
1.669358776309161964e-05
1.739050896847354235e-05
1.803652045014597034e-05
1.876879040998517473e-05
1.945302925779599293e-05
2.021976443347158134e-05
2.094086978819003587e-05
2.174054573778171553e-05
2.249649254115736817e-05
2.332688368005743932e-05
2.411493062932916988e-05
2.497306967354171592e-05
2.578973182716513512e-05
2.667189931914705776e-05
2.751295677512636403e-05
2.841471310181140506e-05
2.927526906295897566e-05
3.019154305397784354e-05
3.106614595293116153e-05
3.199139506392423450e-05
3.287423973584174418e-05
3.380269635256007285e-05
3.468791780324293990e-05
3.561393357451741483e-05
3.649600282360620775e-05
3.741449716846459135e-05
3.828872093195691056e-05
3.919572992420679753e-05
4.005884348699383524e-05
4.095215022870117994e-05
4.180297491727240388e-05
4.268278164911324882e-05
4.352289458235877320e-05
4.439247037493919190e-05
4.522680550501800319e-05
4.609301312024832378e-05
4.693028169872593661e-05
4.780385704519115984e-05
4.865664795444720738e-05
4.955208253046412093e-05
5.043648721412508583e-05
5.137135868638044933e-05
5.230597418121832754e-05
5.329959689777439104e-05
5.430380902841157011e-05
5.537515066065925912e-05
5.646670317905985210e-05
5.763164932868746209e-05
5.882367346494697950e-05
6.009192277382193121e-05
6.138983045659551752e-05
6.276195197868271014e-05
6.416085344357158702e-05
6.562628636659468780e-05
6.710980909765715632e-05
6.864674046475359231e-05
7.018818783927527512e-05
7.176617437657824413e-05
7.333272433521116358e-05
7.491848367228046645e-05
7.647845852972063056e-05
7.804434728699137394e-05
7.957645238447361635e-05
8.110983406521385288e-05
8.261185087929401056e-05
8.412217501034427534e-05
8.561541745722543056e-05
8.713507378494740217e-05
8.866081889745668900e-05
9.023663436006299496e-05
9.184264766741315547e-05
9.351802425122289139e-05
9.523762149145740153e-05
9.703058900842978258e-05
9.886241522284210169e-05
1.007503081607404651e-04
1.026511264356375709e-04
1.045742011978524920e-04
1.064749180547959321e-04
1.083645884675512667e-04
1.102082190553657919e-04
1.120297933080683598e-04
1.138118196173966152e-04
1.155940319778747801e-04
1.173728892275823426e-04
1.191933679415290467e-04
1.210493204856119521e-04
1.229714351714055148e-04
1.249327289387764891e-04
1.269380337120150826e-04
1.289390317997692319e-04
1.309277607379413116e-04
1.328596515026899685e-04
1.347454653458907798e-04
1.365727972298989108e-04
1.383859824372255496e-04
1.401978396301737913e-04
1.420562176285331923e-04
1.439535759179989686e-04
1.458966171482057087e-04
1.478334504473586587e-04
1.497413844048172511e-04
1.515725266491052580e-04
1.533422670500536166e-04
1.550611630119220878e-04
1.567919215815171373e-04
1.585540317366939344e-04
1.603687134833690453e-04
1.621850962619654599e-04
1.639670259826949425e-04
1.656625703034906715e-04
1.672977186340388945e-04
1.689081378521723614e-04
1.705654569932897179e-04
1.722673971552300719e-04
1.739861278571304523e-04
1.756426398173751842e-04
1.772299442927051665e-04
1.787795407152592466e-04
1.803805160073287213e-04
1.820422051844863343e-04
1.837249679909668063e-04
1.853431991120497145e-04
1.869154137355298671e-04
1.885098210650309135e-04
1.901999527276858597e-04
1.919253281556328921e-04
1.936146140417014576e-04
1.952616331386042205e-04
1.969809092347065424e-04
1.987936755956383852e-04
2.006240958858978229e-04
2.024003405872174324e-04
2.042251938208969851e-04
2.061574129239919268e-04
2.081231236326753858e-04
2.100347169761461528e-04
2.120079993650117293e-04
2.140819339758905223e-04
2.161475503518742105e-04
2.181735281559842249e-04
2.203042012250269808e-04
2.224625240702299874e-04
2.245601250243850554e-04
2.267055071739870851e-04
2.289101149257380364e-04
2.310214129639665806e-04
2.331800912006125055e-04
2.353610496148663452e-04
2.374572679505666014e-04
2.395984540931700131e-04
2.417285447141923180e-04
2.437809900013236230e-04
2.459167563394022357e-04
2.479486023540208341e-04
2.500361620939198053e-04
2.520939720129266367e-04
2.541419019435186156e-04
2.562280067168897944e-04
2.582747721982660109e-04
2.603842318839186482e-04
2.624581102737191113e-04
2.645904504240912942e-04
2.666989472913096305e-04
2.688499858010012550e-04
2.709824132354054908e-04
2.731376347029696090e-04
2.752710023247855473e-04
2.774076912272722744e-04
2.795155665282420530e-04
2.816119673546441126e-04
2.836755305196116367e-04
2.857216573762322905e-04
2.877384213442231312e-04
2.897415852539138976e-04
2.917257065816604260e-04
2.937054144099892424e-04
2.956768526893594211e-04
2.976498636586188333e-04
2.996174446428115173e-04
3.015823051535057630e-04
3.035331437202286797e-04
3.054677055305533807e-04
3.073744389864744653e-04
3.092523967238618100e-04
3.110959232674272482e-04
3.129104147293724375e-04
3.146976971742320404e-04
3.164672411496076247e-04
3.182219483739462569e-04
3.199668810433203641e-04
3.216978529788772209e-04
3.234111115095018385e-04
3.250966841335815242e-04
3.267494786065325372e-04
3.283647423048821016e-04
3.299462571764564698e-04
3.314987959726568216e-04
3.330306696018017418e-04
3.345441764468212796e-04
3.360381439866348815e-04
3.375039217807968310e-04
3.389336981087674380e-04
3.403215451837799939e-04
3.416700421734775194e-04
3.429851891379538035e-04
3.442740156111283203e-04
3.455359912296241016e-04
3.467645417520322346e-04
3.479495203974681855e-04
3.490869072776964645e-04
3.501801659480848210e-04
3.512376565313678569e-04
3.522621926954923712e-04
3.532481888900354658e-04
3.541857192904992579e-04
3.550718385713392015e-04
3.559128121584423355e-04
3.567165058854306916e-04
3.574810449200669488e-04
3.581968951463287217e-04
3.588590859126378988e-04
3.594740139869509552e-04
3.600487240531059568e-04
3.605786308727555820e-04
3.610535248078388564e-04
3.614734130908365617e-04
3.618469022144578514e-04
3.621731741468889971e-04
3.624417248925544243e-04
3.626511990822596510e-04
3.628107682390419660e-04
3.629185571590037179e-04
3.629650433076343123e-04
3.629538081655472935e-04
3.628925523243195484e-04
3.627729142688387799e-04
3.625916950563011954e-04
3.623576032411813456e-04
3.620663169858107816e-04
3.617105481327566904e-04
3.612994085455318075e-04
3.608281604566320258e-04
3.602915983786361340e-04
3.596980823185930067e-04
3.590414373811378116e-04
3.583205995370144603e-04
3.575425180554378220e-04
3.566968453750786841e-04
3.557922887208290487e-04
3.548226408319566445e-04
3.537891370047150513e-04
3.526932906915737371e-04
3.515307487211825638e-04
3.503067800321786498e-04
3.490158071554168230e-04
3.476630889090497273e-04
3.462439287909521734e-04
3.447622367523792879e-04
3.432145882384553932e-04
3.416036933684752134e-04
3.399272510674924389e-04
3.381872888049313516e-04
3.363823805266305295e-04
3.345141806155594037e-04
3.325817934708996410e-04
3.305865942493298204e-04
3.285280533027301456e-04
3.264074636746239449e-04
3.242246140269154859e-04
3.219806888448598732e-04
3.196755614821376987e-04
3.173102671542400916e-04
3.148848572070912007e-04
3.124005320889072812e-04
3.098577483834940357e-04
3.072578896547094015e-04
3.046015249143959594e-04
3.018899401474541455e-04
2.991237745869685023e-04
2.963043982064884007e-04
2.934326257410195928e-04
2.905099198468591567e-04
2.875373062984241056e-04
2.845164640859228059e-04
2.814486469967796174e-04
2.783355586845718014e-04
2.751784941182586794e-04
2.719792714140820654e-04
2.687393085249970438e-04
2.654604078914119133e-04
2.621442045705917111e-04
2.587928704802587685e-04
2.554081888045055498e-04
2.519922825265870684e-04
2.485471465559675069e-04
2.450750729842118619e-04
2.415780286135076917e-04
2.380583296724490653e-04
2.345180988153672589e-04
2.309597871729695303e-04
2.273856807099563170e-04
2.237982894717040270e-04
2.202000350404527569e-04
2.165935863219225230e-04
2.129813424331677312e-04
2.093659180624116135e-04
2.057497956813208236e-04
2.021357250318040865e-04
1.985262011040200229e-04
1.949238686255002262e-04
1.913312876546759459e-04
1.877512341829860442e-04
1.841862728465204979e-04
1.806390299899803507e-04
1.771120413565310141e-04
1.736079939236098582e-04
1.701293868276398903e-04
1.666787592927149305e-04
1.632585740542829243e-04
1.598713836816644711e-04
1.565195427860191035e-04
1.532053830733260790e-04
1.499311513590207063e-04
1.466991649775168359e-04
1.435115068300408018e-04
1.403701557992604687e-04
1.372770035322086989e-04
1.342339925603165847e-04
1.312428338045918872e-04
1.283050870475260872e-04
1.254221772715644317e-04
1.225955504493542300e-04
1.198264315778166167e-04
1.171158606703807416e-04
1.144647482065010760e-04
1.118739942387354130e-04
1.093442670307248859e-04
1.068760303730294069e-04
1.044696328066919809e-04
1.021254256140065244e-04
9.984353146204325079e-05
9.762382827595179619e-05
9.546609917309312882e-05
9.337016885370962862e-05
9.133566260538847738e-05
8.936195233304418449e-05
8.744831403243476101e-05
8.559408996011834165e-05
8.379847418707565907e-05
8.206042418164980379e-05
8.037882521716393873e-05
7.875265424962956426e-05
7.718076542465858133e-05
7.566178714817981400e-05
7.419432176655236882e-05
7.277711068066887868e-05
7.140879923758673491e-05
7.008780531836114526e-05
6.881254451938062608e-05
6.758163333172796563e-05
6.639363643906368126e-05
6.524688937061203268e-05
6.413972589832559682e-05
6.307072666321995728e-05
6.203846308900998749e-05
6.104129306360444468e-05
6.007757981218001290e-05
5.914595139760276624e-05
5.824504771086306068e-05
5.737330913684587013e-05
5.652919641073422114e-05
5.571146180404857657e-05
5.491886670819632639e-05
5.414997760045951367e-05
5.340338269224303118e-05
5.267798357434897864e-05
5.197270353604011099e-05
5.128627670621634040e-05
5.061743171321326704e-05
4.996522464516774315e-05
4.932874690826592805e-05
4.870691326856568224e-05
4.809860668393434462e-05
4.750304063933543226e-05
4.691946789267191595e-05
4.634697567929834685e-05
4.578459429522253811e-05
4.523170039031442462e-05
4.468769815198954252e-05
4.415184499282064643e-05
4.362329605049356044e-05
4.310157965333819290e-05
4.258625176821495447e-05
4.207673400806122901e-05
4.157229631577185404e-05
4.107260177294771178e-05
4.057734749668185536e-05
4.008610585306595904e-05
3.959826429996033141e-05
3.911360614156286222e-05
3.863195628572210761e-05
3.815302519374165003e-05
3.767630074242127856e-05
3.720167181340768464e-05
3.672908199815362183e-05
3.625836112163533897e-05
3.578908231305013313e-05
3.532121166991136486e-05
3.485479066775341265e-05
3.438975050700975521e-05
3.392572992287185799e-05
3.346275077503813923e-05
3.300092554895877288e-05
3.254026158561641198e-05
3.208043766659867991e-05
3.162150711880455103e-05
3.116363497137413191e-05
3.070688210573855139e-05
3.025094107060968376e-05
2.979586768107555069e-05
2.934185778790027288e-05
2.888901390765695836e-05
2.843703277956622058e-05
2.798595844379637141e-05
2.753600648098333080e-05
2.708731881927095781e-05
2.663960996813127192e-05
2.619292810387441621e-05
2.574752530215395423e-05
2.530360137612114031e-05
2.486091629907036409e-05
2.441954876166311912e-05
2.397981230603765559e-05
2.354198608359640320e-05
2.310589597865236164e-05
2.267165190150301817e-05
2.223960515170180513e-05
2.181007080402057799e-05
2.138288682841828006e-05
2.095810957585892342e-05
2.053600936590587925e-05
2.011679797815237223e-05
1.970019424956462249e-05
1.928607610775000673e-05
1.887452296573053422e-05
1.846556831362155914e-05
1.805880669481762030e-05
1.765399824981088897e-05
1.725116319763073748e-05
1.685036658659022207e-05
1.645137501604273085e-05
1.605417342012326203e-05
1.565907262978743174e-05
1.526649123715369301e-05
1.487664454198558944e-05
1.448990766744966770e-05
1.410688594857510556e-05
1.372816289009250021e-05
1.335403826301355079e-05
1.298475283787302297e-05
1.262056460545317635e-05
1.226153148408839012e-05
1.190740755418479188e-05
1.155782635782720254e-05
1.121247371988456992e-05
1.087096757274656158e-05
1.053294264466389986e-05
1.019815651604495655e-05
9.866664593602315501e-06
9.538653387177808564e-06
9.214538632335697783e-06
8.894817540299162343e-06
8.580095941627635970e-06
8.270795817443386217e-06
7.967273211336800900e-06
7.669586871996595813e-06
7.377665552191268595e-06
7.091239341007543101e-06
6.810337562918206934e-06
6.535328752678492908e-06
6.267352690826691906e-06
6.008325378499852014e-06
5.761305148969791573e-06
5.529989960132017280e-06
5.318390365018593505e-06
5.129908389374768505e-06
4.966887155726160424e-06
4.829570187658661982e-06
4.715793444552382540e-06
4.620777544907897922e-06
4.537975718756981288e-06
4.459715457098760129e-06
4.378467025501415353e-06
4.287805919082603319e-06
4.183561270599568423e-06
4.063938009180104070e-06
3.929426562395054073e-06
3.782131446390738526e-06
3.625309745596144254e-06
3.462507422402942380e-06
3.297088307757955778e-06
3.131903454375355519e-06
2.969458528997573171e-06
2.811829454114695280e-06
2.660644766155882396e-06
2.516943993005978587e-06
2.381215643179107930e-06
2.253278622713468817e-06
2.132366839073973714e-06
2.017386865231392088e-06
1.907370242022370130e-06
1.801699704680257697e-06
1.700168685176978910e-06
1.602900413434708164e-06
1.510203527243197711e-06
1.422315532090733043e-06
1.339182196407296034e-06
1.260409586381247282e-06
1.185414610352399553e-06
1.113687969504341529e-06
1.044986148452786642e-06
9.793956048886566064e-07
9.172353443326230336e-07
8.588476342312141977e-07
8.043160385873083128e-07
7.533845666187899471e-07
7.056238215338747868e-07
6.606847951097719633e-07
6.183844558984160005e-07
5.786853198644802005e-07
5.415850197472060958e-07
5.070162958887145949e-07
4.748291240812250295e-07
4.448294438478322664e-07
4.167815453229576188e-07
3.904817050418787159e-07
3.657789172379619150e-07
3.425064245836898343e-07
3.206551714903744450e-07
3.003676374530537170e-07
2.815292708877769849e-07
2.638318710957898557e-07
2.471491969164089505e-07
2.313828490555942494e-07
2.164870598144126502e-07
2.026477871837106176e-07
1.898324680136070341e-07
1.777264398666276156e-07
1.663145778429884888e-07
1.555734751503623924e-07
1.454789746929896696e-07
1.361284660192750646e-07
1.273608810958887253e-07
1.189989855574343323e-07
1.112088215546109945e-07
1.040970172870511984e-07
9.736013043930786905e-08
9.091756362123733326e-08
8.497807242813369467e-08
7.939465584293973641e-08
7.416864264110697464e-08
6.938142614629376139e-08
6.489962239026669564e-08
6.054799511836177909e-08
5.650856785554210550e-08
5.290590211278623461e-08
4.942005583401887777e-08
4.613228641516615576e-08
4.312801295538116470e-08
4.028889142498277300e-08
3.761476350993325335e-08
3.517544967829253252e-08
3.290706638702958907e-08
3.063982379895905125e-08
2.865350221525942079e-08
2.683370789065927648e-08
2.507703184357022043e-08
2.335194369986825645e-08
2.182982205387435314e-08
2.047633700829160129e-08
1.908907525589816643e-08
1.783207919590092226e-08
1.665669435000384726e-08
1.561432902072690189e-08
1.455666157817264643e-08
1.361636483196519680e-08
1.273560799328900078e-08
1.190455300252301950e-08
1.112530716707890382e-08
1.040262553760044962e-08
9.747343262887825258e-09
9.089474760731281585e-09
8.514810594134772956e-09
7.960307478005115535e-09
7.461920613364249682e-09
6.958779808520292600e-09
6.520629749944084632e-09
6.103984128586447431e-09
5.715224244141358221e-09
5.343005622566185646e-09
4.999155145279526368e-09
4.687611809123285026e-09
4.383205281706622361e-09
4.109857714463882705e-09
3.841973970353909456e-09
3.604826086930496947e-09
3.368651777208420129e-09
3.165655139410740382e-09
2.960101449495225636e-09
2.776013003034610033e-09
2.595206275860943051e-09
2.442431725903698070e-09
2.286697685396099054e-09
2.141340682301388621e-09
2.003248195270578231e-09
1.887723673141778567e-09
1.770551728393348593e-09
1.655399707636424087e-09
1.549047878072749004e-09
1.461325081510722306e-09
1.372746903477283128e-09
1.282166166490398628e-09
1.199687541380568187e-09
1.133114590192104843e-09
1.065612459158463257e-09
9.948866783103009582e-10
9.308108650557107600e-10
8.805736373281350417e-10
8.291169732188446990e-10
7.745459320326096642e-10
7.248340341309786815e-10
6.870935922761518773e-10
6.479782481796028745e-10
6.062792049646093609e-10
5.677200025540064575e-10
5.390119980106162540e-10
5.088571924995201246e-10
4.766034887689727768e-10
4.462275804084867494e-10
4.235879987575343077e-10
3.997443268451577129e-10
3.741785137339151795e-10
3.499374807397936610e-10
3.317348254668592784e-10
3.130224216929101129e-10
2.929795552379468146e-10
2.742169997814308462e-10
2.599681283051413834e-10
2.458597604002794016e-10
2.304858720317640380e-10
2.162905929316593040e-10
2.050553454839448691e-10
1.943108721057689337e-10
1.822217267089753590e-10
1.713687150881001248e-10
1.623758972250330016e-10
1.542522434970460765e-10
1.448650722690280719e-10
1.367167770199882650e-10
1.294208066119096925e-10
1.229245079828081804e-10
1.150345949525369699e-10
1.082555225038414459e-10
1.018057146202357941e-10
9.653776932616169211e-11
9.043355456764375269e-11
8.571522606856219570e-11
8.112836566311898141e-11
7.760056033744313101e-11
7.296420413391989123e-11
6.918017499746792715e-11
6.509545282072661177e-11
6.197387560905930303e-11
5.803906084788666962e-11
5.502514887993765576e-11
5.164414850368345078e-11
4.916364389955406054e-11
4.602707565668768267e-11
4.392093713070329321e-11
4.160004982171056376e-11
4.001890272164675218e-11
3.753296359406441375e-11
3.547832499654717272e-11
3.307530661535883315e-11
3.154614243391783631e-11
2.971142387059436058e-11
2.843416944320297641e-11
2.680620186203572881e-11
2.570789423783762929e-11
2.421471052917097486e-11
2.298324220551090845e-11
2.136914825892847513e-11
2.032784479299541427e-11
1.931396698106197597e-11
1.865376862230889228e-11
1.752270853001368722e-11
1.659154541742598909e-11
1.554017898733174059e-11
1.479008171152327873e-11
1.394253013891658037e-11
1.351520718896077038e-11
1.278645728087250218e-11
1.196267024163717018e-11
1.116250005006057217e-11
1.083993245652661623e-11
1.026993661467652123e-11
9.792562497686345390e-12
9.142939126131048031e-12
8.606852044151650707e-12
8.270859197952459092e-12
7.998777238430483266e-12
7.340908971680258723e-12
7.018090053436275948e-12
6.637033289842060448e-12
6.457860358113130741e-12
5.962202038531983489e-12
5.608646754204333355e-12
5.447911747797998517e-12
5.157171786611289901e-12
4.778188227543716542e-12
4.564322970764543836e-12
4.425227538299022049e-12
4.070527137978251341e-12
3.854882552462549083e-12
3.759292217736338322e-12
3.449647184579743800e-12
3.273367543061088010e-12
3.176303631251334861e-12
2.904380010284700658e-12
2.781557734505982231e-12
2.674852686564277371e-12
2.412520581894874161e-12
2.403749608014844874e-12
2.160665127068916778e-12
2.093933315907824219e-12
1.959216767527436101e-12
1.816136193814452635e-12
1.753812309124539764e-12
1.588143719921798538e-12
1.546788523580802903e-12
1.394724373096579902e-12
1.348955177285129438e-12
1.221849985367865313e-12
1.169591576928594588e-12
1.063347188028071921e-12
1.006583243159441503e-12
9.175806665167997504e-13
8.612249155683638259e-13
7.840184805032400406e-13
7.291404975542138793e-13
6.625353178061405193e-13
6.116363020368363245e-13
5.527019511443826402e-13
5.053961830866482891e-13
4.542490218566960025e-13
4.119730302981306378e-13
3.669158001346839409e-13
3.288039219857448777e-13
2.903708960645664288e-13
2.574881260535601396e-13
2.244380719498650694e-13
1.959668455646059791e-13
1.688081217230913561e-13
1.455222650830298037e-13
1.233358336070709709e-13
1.043897379229035198e-13
8.751285626352919739e-14
7.341577340899295277e-14
6.100938929282275699e-14
5.085192274610430990e-14
4.296092667147604034e-14
3.692387186518534273e-14
3.264302368758443552e-14
2.967234424633698484e-14
2.868881135306911996e-14
2.860520824317430248e-14
2.987566434583872165e-14
3.145993991188817861e-14
3.435842624382814392e-14
3.714088947621679745e-14
4.055733708176519242e-14
4.328289548224818627e-14
4.648374447180049362e-14
4.864144482109667140e-14
5.070718585430057251e-14
5.132044399831646179e-14
5.178537626106722986e-14
5.070220594504639834e-14
4.921945193809224872e-14
4.612971169894237695e-14
4.288659432098132581e-14
3.833234774614398574e-14
3.378991288439743602e-14
2.826671559536442330e-14
2.329492130493036650e-14
1.791554959700812577e-14
1.347066691912972056e-14
9.048803848669294925e-15
6.036103868945346318e-15
3.450017254871947465e-15
2.377375559300853878e-15
1.747324624100486086e-15
2.557344996764418115e-15
3.615728390529561910e-15
5.625387255944112860e-15
7.334616066195826330e-15
9.433825874405581133e-15
1.071964642316259663e-14
1.182037864752128706e-14
1.170784458906690032e-14
1.123015256678471260e-14
9.633716475700333084e-15
7.883831115629525946e-15
5.460359139933642205e-15
3.481384558176936678e-15
1.519204681450309789e-15
5.280115495352837091e-16
-6.807558635009212094e-17
4.331777973708281411e-16
1.206328179685439696e-15
2.596884106839395015e-15
3.615516056229229043e-15
4.562407369606654623e-15
4.612997945816733128e-15
4.268364697693946328e-15
3.085425935389783735e-15
1.918953676611408815e-15
6.125402207997084820e-16
8.119204302626703401e-18
-2.186539273721193571e-16
3.949138117086980589e-16
1.121987022011759252e-15
2.030622862612587537e-15
2.307176062226295707e-15
2.214980283922709756e-15
1.420548209376422322e-15
6.490245272003293105e-16
-9.454696625843766313e-17
-1.274715319753200072e-16
1.848073670169097612e-16
9.141492085658404400e-16
1.278925493786744234e-15
1.329082004232504927e-15
7.538084021777143359e-16
2.113015085690590743e-16
-1.927883420578660443e-16
5.083925678124303286e-17
4.589755864488300456e-16
8.839672869822035742e-16
7.258301255109962673e-16
3.434421231913097523e-16
-1.098225879752215488e-16
-2.680397666280031571e-17
2.733134031973271326e-16
6.090328121597512207e-16
4.260473176998709567e-16
1.048067488152158359e-16
-1.259036008273907231e-16
1.382420446173672143e-16
3.667822406917474509e-16
3.603467745743370818e-16
9.386030758456407854e-18
-4.582567350134947075e-17
1.339821807889660819e-16
3.288029363012722138e-16
1.054377480266655715e-16
-4.176590319883424682e-17
4.669051951950459998e-17
2.506677046079677908e-16
8.208875205758155737e-17
-3.280567462661726165e-17
6.337944214093582922e-17
1.909678582600901532e-16
3.815147383952172284e-19
-8.099949536637392353e-19
1.142807517323020318e-16
8.411836167879250484e-17
-4.519813881569864945e-17
9.685728825685644151e-17
6.027370770399443980e-17
-1.269741323074171900e-17
5.526828054677769670e-17
6.296933070382290808e-17
-2.839853319170143947e-17
7.945021985837794549e-17
4.601110443416218675e-18
1.681703239915032656e-17
4.666774871313105161e-17
-2.599634426212153929e-18
3.391472793696997871e-17
1.827037963695050969e-17
5.912337628780731490e-18
3.593827828854924378e-17
-8.465646997962411588e-18
3.904482103914590759e-17
-1.047724312189825432e-17
3.457356661359023039e-17
-8.091934154462360682e-18
2.886775814133809014e-17
-5.539014570824454578e-18
2.419914252455856598e-17
-3.844162759923015085e-18
2.076865076443445826e-17
-2.880790733820383103e-18
1.825534769122670214e-17
-2.352261472527391764e-18
1.635429866915641541e-17
-2.043607766024341227e-18
1.486521146421646800e-17
-1.830835328596253131e-18
1.366785231970856451e-17
-1.647960986825959891e-18
1.268998113428931214e-17
-1.460873000000326976e-18
1.188648074297515554e-17
-1.252115807193085737e-18
1.122772845182762172e-17
-1.012796157660080504e-18
1.069335063354946657e-17
-7.383637354278110642e-19
1.026882978667710723e-17
-4.263922144502267715e-19
9.943598389946400259e-18
-7.538921988131814262e-20
9.709921611689027517e-18
3.158568165828821527e-19
9.562212590751494455e-18
7.486439164237566113e-19
9.496595411736315327e-18
1.224567539642958805e-18
9.510616743443142211e-18
1.745646134809488240e-18
9.603051037739977961e-18
2.314398997563450459e-18
9.773767432703814629e-18
2.933899035821273865e-18
1.002363965987697396e-17
3.607812093924798168e-18
1.035448681478872993e-17
4.340431373394112163e-18
1.076903828935840648e-17
5.136710678252384546e-18
1.127091736802918867e-17
6.002300044541366264e-18
1.186464034260183791e-17
6.943584771801516096e-18
1.255562904924966420e-17
7.967729871769191885e-18
1.335023559220701806e-17
9.082729832594389221e-18
1.425577733998821999e-17
1.029746501985538039e-17
1.528058234409499904e-17
1.162176455181164975e-17
1.643404409748602305e-17
1.306647632950550676e-17
1.772668541075420593e-17
1.464354391807971703e-17
1.917023124952294603e-17
1.636609115912767603e-17
2.077769003841261907e-17
1.824851373331171249e-17
2.256344327126327320e-17
2.030657835933840762e-17
2.454334346162546429e-17
2.255752897311844304e-17
2.673481947899057814e-17
2.502019997146542383e-17
2.915698952284900896e-17
2.771513593096349338e-17
3.183078034494261869e-17
3.066471703351445283e-17
3.477905250375887230e-17
3.389328947743067358e-17
3.802673013262249000e-17
3.742729951605759714e-17
4.160093373095840031e-17
4.129542915334670481e-17
4.553111405837451027e-17
4.552873180195876858e-17
4.984918455694108983e-17
5.016076447600044622e-17
5.458964902063958753e-17
