# bin_5_2
1.786932888874243531e-06
2.390170235322181396e-06
1.995490597199110637e-06
2.575909635741788351e-06
2.222218853113613983e-06
2.782626901421053207e-06
2.468709190580070458e-06
3.011835716493585236e-06
2.736667687730345458e-06
3.265174029288379367e-06
3.027914358606450648e-06
3.544401840259640379e-06
3.344380881508127131e-06
3.851397186609984682e-06
3.688106194423592832e-06
4.188149790343976014e-06
4.061229387550486028e-06
4.556751756768065813e-06
4.465979251615719586e-06
4.959384642923827800e-06
4.904659771351080436e-06
5.398302137209484875e-06
5.379630782928482135e-06
5.875807525817343396e-06
5.893282935706953610e-06
6.394225067510866848e-06
6.448006078970969279e-06
6.955864371399687112e-06
7.046150165139008208e-06
7.562976893488014839e-06
7.689977816687635807e-06
8.217703723530584149e-06
8.381607804636482021e-06
8.922014014271533028e-06
9.122948904029655348e-06
9.677633654420615171e-06
9.915623928640079042e-06
1.048596423213856349e-05
1.076088426956493727e-05
1.134799293341089241e-05
1.165951597878741969e-05
1.226419488945643538e-05
1.261173945757460616e-05
1.323443063122089404e-05
1.361710609004603656e-05
1.425784278585650000e-05
1.467439684863293188e-05
1.533275800159733312e-05
1.578152991133243861e-05
1.645660229670604599e-05
1.693548673486663779e-05
1.762584059073186605e-05
1.813226870549914413e-05
1.883595394170690601e-05
1.936689930977492414e-05
2.008147080570638122e-05
2.063348943207954115e-05
2.135607108087866760e-05
2.192538547149965085e-05
2.265278324474533306e-05
2.323542081025984791e-05
2.396429480653394442e-05
2.455628986154765022e-05
2.528339350057021726e-05
2.588105935449331707e-05
2.660354994003210065e-05
2.720382229421999318e-05
2.791964037366392488e-05
2.852048475519612943e-05
2.922878938334982939e-05
2.982965308247741899e-05
3.053128583099325611e-05
3.113355857795821485e-05
3.183149108044768308e-05
3.243891910082110931e-05
3.313861822919839860e-05
3.375759519678632280e-05
3.446721933753372504e-05
3.510685880474813354e-05
3.583718294481922875e-05
3.650906607495335544e-05
3.727302980592804403e-05
3.799052821445280260e-05
3.880231896334609065e-05
3.957942564728318219e-05
4.045306028419249435e-05
4.130273251088661533e-05
4.225019318663115179e-05
4.318232650760323613e-05
4.421144377419188059e-05
4.523075273104818644e-05
4.634319935485907730e-05
4.744745645151401161e-05
4.863738511054777617e-05
4.981661745629420234e-05
5.107058187566558815e-05
5.230786692967924083e-05
5.360661850671103183e-05
5.488095765512683940e-05
5.620340830435798586e-05
5.749469954394883868e-05
5.882372090368723921e-05
6.011907706218152435e-05
6.144790749960654522e-05
6.274760098505310565e-05
6.408468726013460352e-05
6.540519756707098087e-05
6.677477977240095454e-05
6.814635290678624005e-05
6.958265045581477873e-05
7.104008412599669363e-05
7.257508010703758272e-05
7.414340226447895432e-05
7.579182994126169089e-05
7.747246175040835563e-05
7.922131269428658049e-05
8.098711796100874758e-05
8.279809073967219402e-05
8.460430299332630255e-05
8.643307436218539944e-05
8.824321604891048046e-05
9.006861998236777756e-05
9.188205267248292414e-05
9.372622748132586692e-05
9.558527631726307047e-05
9.750368294286699048e-05
9.946547111060630663e-05
1.015036623534587356e-04
1.035895603359952415e-04
1.057369206808029502e-04
1.079038383556139884e-04
1.100938229839460515e-04
1.122687645402838412e-04
1.144435525362707130e-04
1.166031599232732544e-04
1.187840803315915914e-04
1.209894958319460205e-04
1.232570194672708561e-04
1.255767562401819044e-04
1.279569618593735954e-04
1.303581371364354415e-04
1.327672533486263368e-04
1.351481327777448276e-04
1.375126220261200182e-04
1.398649737435267708e-04
1.422482623593817892e-04
1.446732229011732699e-04
1.471534928837962689e-04
1.496519958794766429e-04
1.521421070959219418e-04
1.545862246729404492e-04
1.569992044226519888e-04
1.594034708328237839e-04
1.618441510799654504e-04
1.643178574194099461e-04
1.668008936246908084e-04
1.692375472050164939e-04
1.716176395994199429e-04
1.739611638864503736e-04
1.763230456802025259e-04
1.787083964829323931e-04
1.810837820377686502e-04
1.833898214077542082e-04
1.856326953932819666e-04
1.878587585245063650e-04
1.901119568185310050e-04
1.923515237702512395e-04
1.945228596351813760e-04
1.966234211796726451e-04
1.987264629939329411e-04
2.008495763834196042e-04
2.029370463532634164e-04
2.049444986484708032e-04
2.069397285947579906e-04
2.089694598332573659e-04
2.109823339884261289e-04
2.129269115771493506e-04
2.148830807175045889e-04
2.168876650546487748e-04
2.188682889215237963e-04
2.208150797379009533e-04
2.228296765170881624e-04
2.248716264972204981e-04
2.268835930908561199e-04
2.289516635935360752e-04
2.310857830867122699e-04
2.331921821930372542e-04
2.353670379932903966e-04
2.376010873087538316e-04
2.398180170867255214e-04
2.421108370417818592e-04
2.444342128313825341e-04
2.467430819452591777e-04
2.491366343310780153e-04
2.514838677378125305e-04
2.538802499101346891e-04
2.562624223969827818e-04
2.586295553614570376e-04
2.610100912718680438e-04
2.633386579775853992e-04
2.656840273551988618e-04
2.679714558869699791e-04
2.702700809693643234e-04
2.725226099166687963e-04
2.747858240184720469e-04
2.770229298999639747e-04
2.792782992661468487e-04
2.815291890535076926e-04
2.838090191937908636e-04
2.861009710644520088e-04
2.884275203912124979e-04
2.907712657650097696e-04
2.931436784679689218e-04
2.955238236682563311e-04
2.979143978923871504e-04
3.002926176975769163e-04
3.026579876924054150e-04
3.049913481493791794e-04
3.072962694396924881e-04
3.095629539194357806e-04
3.118037013298109944e-04
3.140191365572577603e-04
3.162281300560284419e-04
3.184353958150630678e-04
3.206574678031378777e-04
3.228927498954521288e-04
3.251464284926319000e-04
3.274049801949367711e-04
3.296623047706943475e-04
3.318989775202539909e-04
3.341087823953576012e-04
3.362796027072704683e-04
3.384166185616008325e-04
3.405207593066024289e-04
3.426064035392256549e-04
3.446776082812260549e-04
3.467438316300178311e-04
3.487992295060023161e-04
3.508418724005760527e-04
3.528588200517169637e-04
3.548475437826885685e-04
3.568013780142550583e-04
3.587264531446963749e-04
3.606228800338170362e-04
3.624976849312693981e-04
3.643469973571547473e-04
3.661718872007691103e-04
3.679651287110502185e-04
3.697278636327614755e-04
3.714551051070798596e-04
3.731492663548880979e-04
3.748060389572928927e-04
3.764299636415014035e-04
3.780220718670446439e-04
3.795909649893466388e-04
3.811336487533029485e-04
3.826445604266700412e-04
3.841072885980374631e-04
3.855186400458800156e-04
3.868830655016390813e-04
3.882169692604380625e-04
3.895204188825971445e-04
3.907841151973824806e-04
3.919926266912029163e-04
3.931521046451240745e-04
3.942726257058141288e-04
3.953584370119140744e-04
3.963935438564171877e-04
3.973734900971321129e-04
3.983051986179306984e-04
3.991997395518817951e-04
4.000470277641008060e-04
4.008397445215359503e-04
4.015767918572878082e-04
4.022650234190932824e-04
4.029013159337807072e-04
4.034864930547700187e-04
4.040147660904185988e-04
4.044869454503532231e-04
4.049051957891699246e-04
4.052696238168778590e-04
4.055721290624656698e-04
4.058242928254271508e-04
4.060213567089672221e-04
4.061511331706915912e-04
4.062216377400567398e-04
4.062379013875963931e-04
4.061866318857202383e-04
4.060786502949517685e-04
4.059069258207095789e-04
4.056738148424816328e-04
4.053792989126956303e-04
4.050221333307466162e-04
4.045989169571729974e-04
4.041122685017236585e-04
4.035611561884286532e-04
4.029433771281506018e-04
4.022618192230699181e-04
4.015145196941044873e-04
4.007032171317917967e-04
3.998227178918730448e-04
3.988766215784901700e-04
3.978634906212289552e-04
3.967832428077540993e-04
3.956365892929908606e-04
3.944232032179531815e-04
3.931418459748433551e-04
3.917929625010580408e-04
3.903766872156374818e-04
3.888928738930002302e-04
3.873429661668165202e-04
3.857249082804211390e-04
3.840398843197000687e-04
3.822879814763244016e-04
3.804699684484765020e-04
3.785858873111703072e-04
3.766358228710674021e-04
3.746199167884726382e-04
3.725391539081364715e-04
3.703939673430023611e-04
3.681845791857273433e-04
3.659113524373235884e-04
3.635758321402683007e-04
3.611781654587453141e-04
3.587193251287165035e-04
3.561996561048540633e-04
3.536208851264695881e-04
3.509830836869682951e-04
3.482876487847364052e-04
3.455354797878663420e-04
3.427278946265126009e-04
3.398652868662936448e-04
3.369495883925842914e-04
3.339814719687694724e-04
3.309625795572632037e-04
3.278941136117414492e-04
3.247777818667451732e-04
3.216144750385520204e-04
3.184063067797186265e-04
3.151541970215757018e-04
3.118604729098650350e-04
3.085261698429289938e-04
3.051532977415222572e-04
3.017432163599865548e-04
2.982981970415341400e-04
2.948197351110593022e-04
2.913100667967156478e-04
2.877708297089176374e-04
2.842044913411248281e-04
2.806127545131943983e-04
2.769980279187611951e-04
2.733620510924156472e-04
2.697074068965578950e-04
2.660358478145258016e-04
2.623499034239599819e-04
2.586514749307479281e-04
2.549433075764159307e-04
2.512272519804273807e-04
2.475058071370092160e-04
2.437808361017970097e-04
2.400549005247809271e-04
2.363298434645794512e-04
2.326083230242656811e-04
2.288923191350321655e-04
2.251845481214268451e-04
2.214869370795454298e-04
2.178018780105036277e-04
2.141313018568886603e-04
2.104778350797310979e-04
2.068434659628197187e-04
2.032306182942711056e-04
1.996409576837414519e-04
1.960766580310719309e-04
1.925393617816835304e-04
1.890312732205073486e-04
1.855539515829942633e-04
1.821094701879222484e-04
1.786992191327844461e-04
1.753251968039666706e-04
1.719889102224850925e-04
1.686922745485533155e-04
1.654363493125210265e-04
1.622226170545838678e-04
1.590521024823416448e-04
1.559262549633816494e-04
1.528458035171779289e-04
1.498119610821977321e-04
1.468256220360482985e-04
1.438880566433264516e-04
1.409998082398043447e-04
1.381616932719262564e-04
1.353740222878686893e-04
1.326374003518104709e-04
1.299520082077984463e-04
1.273184768237793976e-04
1.247368868435069626e-04
1.222077657843727804e-04
1.197310888271443664e-04
1.173067967599547166e-04
1.149343522506920018e-04
1.126140277613045293e-04
1.103456254797485899e-04
1.081290151166150123e-04
1.059636034853975341e-04
1.038489770692546996e-04
1.017845808346446091e-04
9.976996174371427582e-05
9.780445640009810798e-05
9.588774065380789590e-05
9.401881826170106564e-05
9.219695627054114227e-05
9.042112665051657886e-05
8.869106321386057334e-05
8.700572101040112099e-05
8.536409310733129776e-05
8.376496492445716948e-05
8.220789978657944011e-05
8.069190853313451160e-05
7.921579730443060032e-05
7.777831738427614110e-05
7.637894703783639600e-05
7.501656931557270009e-05
7.368999176123152133e-05
7.239805217306183067e-05
7.114008652749805712e-05
6.991481577338586300e-05
6.872130268610276657e-05
6.755841164430104954e-05
6.642517993268935543e-05
6.532056931272232241e-05
6.424381987601350368e-05
6.319346692518338943e-05
6.216879549914121480e-05
6.116899404479677423e-05
6.019302217800645197e-05
5.923973933126143432e-05
5.830845818953173072e-05
5.739822937652852173e-05
5.650839578066364229e-05
5.563768924269398833e-05
5.478560215558017746e-05
5.395130064811299193e-05
5.313413305535220075e-05
5.233301199834620684e-05
5.154740516952646239e-05
5.077668070090057671e-05
5.002025883441746005e-05
4.927717156889828518e-05
4.854696135398666406e-05
4.782907999943193683e-05
4.712308567998065722e-05
4.642805716209526457e-05
4.574363389396457344e-05
4.506938163255831697e-05
4.440493606153730021e-05
4.374949476863636380e-05
4.310274586509692057e-05
4.246436377144995273e-05
4.183408389559437610e-05
4.121116558705563231e-05
4.059539359397070239e-05
3.998651103670805405e-05
3.938435454419510353e-05
3.878826634867345177e-05
3.819808385998534436e-05
3.761364584763518591e-05
3.703487385141690475e-05
3.646119669217232404e-05
3.589249905714786919e-05
3.532870177454079338e-05
3.476981292005527804e-05
3.421532368466887478e-05
3.366513777944455478e-05
3.311926075057484482e-05
3.257775770818407501e-05
3.204017574709000201e-05
3.150644478924983762e-05
3.097662391544249303e-05
3.045084271068988381e-05
2.992869192531086246e-05
2.941012366098373022e-05
2.889522162851699844e-05
2.838416781050753958e-05
2.787656918080088199e-05
2.737236043627834257e-05
2.687163580727048082e-05
2.637458564767077894e-05
2.588085997868153808e-05
2.539039348531914255e-05
2.490332736041535807e-05
2.441992167300236483e-05
2.393990052548470974e-05
2.346324726429236995e-05
2.299014012284733108e-05
2.252083361370095732e-05
2.205508700485858716e-05
2.159285561813834432e-05
2.113431683736426844e-05
2.067977470837452486e-05
2.022909604664810499e-05
1.978230722561934599e-05
1.933964260507737112e-05
1.890138108142247830e-05
1.846737102057549357e-05
1.803755010350492041e-05
1.761205731933554043e-05
1.719109566561895946e-05
1.677451202212727164e-05
1.636219295794219327e-05
1.595417312993297366e-05
1.555052749013066839e-05
1.515115619797668501e-05
1.475614493560907440e-05
1.436583812152695049e-05
1.398063516142827975e-05
1.360076805028607883e-05
1.322651521095466905e-05
1.285839364094541943e-05
1.249695615859799038e-05
1.214256682320962714e-05
1.179541296249590473e-05
1.145571241695646156e-05
1.112367287407779613e-05
1.079945721396092692e-05
1.048307046861740282e-05
1.017460995864618945e-05
9.874300130670960948e-06
9.582551808213697991e-06
9.299553287395685017e-06
9.025323162198372327e-06
8.759664810371819724e-06
8.502247989297683807e-06
8.252210724650936238e-06
8.008576387540491584e-06
7.770436266182003892e-06
7.536940885974524718e-06
7.307140709863318917e-06
7.080646992655832007e-06
6.857290925752393515e-06
6.636944515380655492e-06
6.419793008353904740e-06
6.206165122586009877e-06
5.996155842116886296e-06
5.790392681289918727e-06
5.589483832985130894e-06
5.394006226613438915e-06
5.204747253881328150e-06
5.021935145680291176e-06
4.845718089294918144e-06
4.675728541239046312e-06
4.511267901458883314e-06
4.351605097292399310e-06
4.195667933635257718e-06
4.042847105951894516e-06
3.892587660478601917e-06
3.744889687746323160e-06
3.599768450961250194e-06
3.457670551353556163e-06
3.318791400925360655e-06
3.183316711312990354e-06
3.051408896554478141e-06
2.923405544560413547e-06
2.799494918269778335e-06
2.679947429175744464e-06
2.564837361311193862e-06
2.454212834791524669e-06
2.347981796261317541e-06
2.245832672469451168e-06
2.147460462318770813e-06
2.052654844740937779e-06
1.961046583952117595e-06
1.872532751324943199e-06
1.787158755605777218e-06
1.704949905505471203e-06
1.625961212751433300e-06
1.550191683759401675e-06
1.477470707937094339e-06
1.407798761287362861e-06
1.341072771256143581e-06
1.277141214904849110e-06
1.215934465662790424e-06
1.157459152649757264e-06
1.101573052690434386e-06
1.048184507778156884e-06
9.972754298236115161e-07
9.486713461440967648e-07
9.022823425431725058e-07
8.580389872231162642e-07
8.158885310083623332e-07
7.757522732902098276e-07
7.375323319025614619e-07
7.012382028401695854e-07
6.667980619944806005e-07
6.340319970016077859e-07
6.028646286364822545e-07
5.731391422405291602e-07
5.447885673550234702e-07
5.176869080162150487e-07
4.917642409481219678e-07
4.669742396297830549e-07
4.433479098677868373e-07
4.208467176624777184e-07
3.993768217108569187e-07
3.788907255158649913e-07
3.593844192684337094e-07
3.408064974961230700e-07
3.232081886465173110e-07
3.065143512271087142e-07
2.906717539958690251e-07
2.756351836782261580e-07
2.614007007963867260e-07
2.479061915726995174e-07
2.351072338339891034e-07
2.229949898351393928e-07
2.115024269338593768e-07
2.006140341407373199e-07
1.903030621068873987e-07
1.804847047090509917e-07
1.711686351562394243e-07
1.623687524013945307e-07
1.540315120402903819e-07
1.461111881646942516e-07
1.385868635289624950e-07
1.314819492376827251e-07
1.247589314656081350e-07
1.183689433936212111e-07
1.123136958648004173e-07
1.066107158445003710e-07
1.012231846640515414e-07
9.612269445418994036e-08
9.128610772113452806e-08
8.671218881042064580e-08
8.240299608294016800e-08
7.830613337014707755e-08
7.440018783003127006e-08
7.073039674661695899e-08
6.724664534507211966e-08
6.393807677459725479e-08
6.078214925544628290e-08
5.780940331651772767e-08
5.497504449025602106e-08
5.228340776282474966e-08
4.972778740282197833e-08
4.729985961745409486e-08
4.500338418137716945e-08
4.281668724029009331e-08
4.073150698459689318e-08
3.876212054904809824e-08
3.688554663837742960e-08
3.510187640553060160e-08
3.340306566160354072e-08
3.179023694398957733e-08
3.026456576977281922e-08
2.880486504144442429e-08
2.741953875559669185e-08
2.609845956335433129e-08
2.485192696035014589e-08
2.365836783174286139e-08
2.252282849236864591e-08
2.144065326766127821e-08
2.042026434512796668e-08
1.944263688398127275e-08
1.851070349290594611e-08
1.762407189789666262e-08
1.678800665463562022e-08
1.598680606940386851e-08
1.522114669218035054e-08
1.449338465882922048e-08
1.380811268546480692e-08
1.315140223914780870e-08
1.252227912013268526e-08
1.192396784762424656e-08
1.136219747338822776e-08
1.082416126316663661e-08
1.030661289478534747e-08
9.813926947890754064e-09
9.353069694280921378e-09
8.911695909202632141e-09
8.485875009252073593e-09
8.080216736104805663e-09
7.701691811177762197e-09
7.339068536772936076e-09
6.988298581627961583e-09
6.654320570359712402e-09
6.343108376845435322e-09
6.044868078941736723e-09
5.756086655811788241e-09
5.481111139275984132e-09
5.224918362016142646e-09
4.979644380751477096e-09
4.742167557137008642e-09
4.515923038581603781e-09
4.305106504167303207e-09
4.103402358577214070e-09
3.908133990665126022e-09
3.721903675460042363e-09
3.548174295295182261e-09
3.382197611215078759e-09
3.221307680997789012e-09
3.067935273354856254e-09
2.924456438083925771e-09
2.787574821616905750e-09
2.654754610501514456e-09
2.528564851022609165e-09
2.409986746100649981e-09
2.297411517919105552e-09
2.188036043195346970e-09
2.084448049043303141e-09
1.986588281783860540e-09
1.894141402203283519e-09
1.804010089795566702e-09
1.718722454799071949e-09
1.637724192496841224e-09
1.561417980225705814e-09
1.486898423560869949e-09
1.416616379140526689e-09
1.349642535531426244e-09
1.286976758477814458e-09
1.225646863096775072e-09
1.168005168584013588e-09
1.112730038281645513e-09
1.061094954023952055e-09
1.010342268909103070e-09
9.627026049428022369e-10
9.169076260761496297e-10
8.743208284847238305e-10
8.326013530512696350e-10
7.935390679619165389e-10
7.558421539305663433e-10
7.206969918875680847e-10
6.861778600214567369e-10
6.538078644651991355e-10
6.226205800621171957e-10
5.936553929027445155e-10
5.653268511702089796e-10
5.387482597274867216e-10
5.129677222619845438e-10
4.889092453845764990e-10
4.654585013720690400e-10
4.435477399171121050e-10
4.223681106151945058e-10
4.025429245687900636e-10
3.831382465317926742e-10
3.649585686565875872e-10
3.474317319745356591e-10
3.311036252028913691e-10
3.151378241803601096e-10
3.000949981782197828e-10
2.855447135492491710e-10
2.720152107639323364e-10
2.588515465083386147e-10
2.464186185390963826e-10
2.343641132203367153e-10
2.231477927585193143e-10
2.122536417523376133e-10
2.019366554275936379e-10
1.919523233801648912e-10
1.826569080124251231e-10
1.736032551524383479e-10
1.650234646198435515e-10
1.567768911694953779e-10
1.490362188411379260e-10
1.414599067213092547e-10
1.343617334692627157e-10
1.275349480287274507e-10
1.210069050710156214e-10
1.147202730909658290e-10
1.088422456840914005e-10
1.030693333116629353e-10
9.765189345347529534e-11
9.242300384143395313e-11
8.742904756458472248e-11
8.267352721462517788e-11
7.808974776595801690e-11
7.370220356727517793e-11
6.954924750190147184e-11
6.549961652624968650e-11
6.169877653931313404e-11
5.797546048466247819e-11
5.449924122791696501e-11
5.108626864787888051e-11
4.789123330778862923e-11
4.475919910517445624e-11
4.182725871344800845e-11
3.897051584537596451e-11
3.627437504443429419e-11
3.365424441776689192e-11
3.119863721858483675e-11
2.880726209081929179e-11
2.656431437691962451e-11
2.438648852931766366e-11
2.235297332411917758e-11
2.038934043439713353e-11
1.854787795236130778e-11
1.678090721365901639e-11
1.513545545951080072e-11
1.356571603545247011e-11
1.210668226749689101e-11
1.072229674454569767e-11
9.451104924495058745e-12
8.254242138409753875e-12
7.165118162283273244e-12
6.149278203427010487e-12
5.242360281708103620e-12
4.408669333304634905e-12
3.678772363928583565e-12
3.019213086083602018e-12
2.460939877635961011e-12
1.970788087008690696e-12
1.574600287247226186e-12
1.239447922153043199e-12
9.916411089791697801e-13
7.996791890621104090e-13
6.837056346501890412e-13
6.129561340852501378e-13
6.082313031485396794e-13
6.367725822145831656e-13
7.137730382689914387e-13
8.098598270184160591e-13
9.384759471720923764e-13
1.069425425665127330e-12
1.215228593366450990e-12
1.347696057184820871e-12
1.479208352811004858e-12
1.583789082285627233e-12
1.672062262388224735e-12
1.721481372750148743e-12
1.744707097662406256e-12
1.723141483699319067e-12
1.671835128609055540e-12
1.578345196232331947e-12
1.459572896773103067e-12
1.306335563414609250e-12
1.137194829030244353e-12
9.479780943749186715e-13
7.604518749273519215e-13
5.734029059517481978e-13
4.061515863665217360e-13
2.561753681692845024e-13
1.405800902134697133e-13
5.509935267550964258e-14
1.287339295703126495e-14
3.479718480434294697e-15
3.146477486987022864e-14
8.134296906006751612e-14
1.533223167741478128e-13
2.294892976392215986e-13
3.054291482996129756e-13
3.621790287954221337e-13
3.992892378907292658e-13
4.056178770022122079e-13
3.846623615261634550e-13
3.321928369887675891e-13
2.625720328352595566e-13
1.805234710962119343e-13
1.024524811850511644e-13
3.488500243716448742e-14
-5.791359928195507019e-15
-2.052795099762908646e-14
-5.608779617663101003e-15
2.962433250731504117e-14
7.836294632221784115e-14
1.220624754370663038e-13
1.545110657925133881e-13
1.618621415192586319e-13
1.452528682448139076e-13
1.065576691804082347e-13
5.929118492706088598e-14
1.446399231137803721e-14
-1.121035553290685877e-14
-1.514891172700071845e-14
5.234151966092572062e-15
3.616510000892578828e-14
6.713405845726922073e-14
8.170633626460313573e-14
7.564791803721907041e-14
4.932055147647711763e-14
1.725616634093405193e-14
-7.042684413173573500e-15
-1.064827889255589962e-14
4.171813536464017367e-15
2.872391261872857285e-14
4.562009028936612825e-14
4.536735006078735958e-14
2.640114827555806445e-14
3.500180070168450595e-15
-8.754364534505723124e-15
-1.683010530197642406e-15
1.584544860853978434e-14
2.979138686590627544e-14
2.638150845163123349e-14
9.845617375866183189e-15
-4.900501193694497952e-15
-3.609362613863268262e-15
9.532777116125725799e-15
2.057665850443733119e-14
1.560959017508463024e-14
1.645187972976328401e-15
-4.903584711633748918e-15
3.177515074887688403e-15
1.363406438201990331e-14
1.177488669506173125e-14
2.047186847817358118e-16
-3.210559307797485735e-15
4.921451459380255158e-15
1.099568127814321095e-14
3.918752641245562011e-15
-2.786058177853025202e-15
1.777801075565471688e-15
8.281902729258772328e-15
3.167337347723744218e-15
-2.261143965067934702e-15
2.498525756871609939e-15
6.221462039843021762e-15
1.729797445074806340e-16
-9.037508731679024797e-16
4.467021427674903773e-15
2.358847574183066004e-15
-1.501606394681272404e-15
2.894201514367816037e-15
2.473051882315865941e-15
-1.160603822912590097e-15
2.288247506831660192e-15
1.733901159288656138e-15
-8.485581535941577320e-16
2.395528189686643966e-15
3.944813300149322591e-16
8.345690012819503242e-17
1.972279712611232765e-15
-6.071235169710324265e-16
1.488186476330393676e-15
2.112449506945165707e-16
4.307422419396131954e-16
9.047756548246394502e-16
-1.154865022639734263e-16
1.047753618207863680e-15
-1.981976946082802627e-16
9.032778247135296530e-16
-1.168743650572896594e-16
7.100019996377339060e-16
-3.027706376125149927e-17
5.534455862212820671e-16
2.322301864916434792e-17
4.412811455459595734e-16
4.851245395606245580e-17
3.615621104230110970e-16
5.682668733309904246e-17
3.029329852317410342e-16
5.629982483396120226e-17
2.579565573691537947e-16
5.162214199576185715e-17
2.221881100533637902e-16
4.528335536323655600e-17
1.929698987907682097e-16
3.855785836646555466e-17
1.686469808504119652e-16
3.207840259363145989e-17
1.481305979447207730e-16
2.614151397517619746e-17
1.306638681660441675e-16
2.086687404242879582e-17
1.156945984902709714e-16
1.628117943073274556e-17
1.028038420078308521e-16
1.236307553113744053e-17
9.166393862288830349e-17
9.067685377101478379e-18
8.201266022492802306e-17
6.340173421756578634e-18
7.363650410204968969e-17
4.123268319225095081e-18
6.635940815147816864e-17
2.361378550031654124e-18
6.003481653344622259e-17
1.002755811863772772e-18
5.453990340044854670e-17
5.273455112235542502e-22
4.977124061607380874e-17
-6.869268202816383650e-19
4.564146787487140589e-17
-1.095971062655782459e-18
4.207668063562713746e-17
-1.257916770155418059e-18
3.901434785982734442e-17
-1.199330846755144200e-18
3.640163100845536325e-17
-9.423873173556619143e-19
3.419401325115017932e-17
-5.052263817823802617e-19
3.235417372848542590e-17
9.770092455047766092e-20
3.085105799162620717e-17
8.553142570920528643e-19
2.965910840927415429e-17
1.759618429445026051e-18
2.875762586775561806e-17
2.805452309716656149e-18
2.813024123467986541e-17
3.990273758624086618e-18
2.776447818292176198e-17
5.313978477423563653e-18
2.765139400271676041e-17
6.778751706451348722e-18
2.778528650477424246e-17
8.388950196055673530e-18
2.816345740974342667e-17
1.015101210133223054e-17
2.878602446993914746e-17
1.207339274568562043e-17
2.965577528647512165e-17
1.416652302119849406e-17
3.077805757029970578e-17
1.644278849726423682e-17
3.216069987974033536e-17
1.891652665073056786e-17
3.381395900468393144e-17
2.160403937948789346e-17
3.575048949779212845e-17
2.452361837188976751e-17
3.798533079183720193e-17
2.769558032899744779e-17
4.053590877794765178e-17
3.114230897651950099e-17
4.342204663218965470e-17
