# bin_5_4
1.425472758586963484e-05
4.453140213546823139e-06
1.482314291857006381e-05
5.671400435271279684e-06
1.549354906837085695e-05
6.959688666836787036e-06
1.627199491680110597e-05
8.326336707919093928e-06
1.716508143683186956e-05
9.780113312299067616e-06
1.817995770873167882e-05
1.133022283773049487e-05
1.932430900500576676e-05
1.298629458902227806e-05
2.060633479226291857e-05
1.475836052449743065e-05
2.203471407692073831e-05
1.665681865329406118e-05
2.361855530916223296e-05
1.869237908313710710e-05
2.536732754164541036e-05
2.087598935885249572e-05
2.729076935937073446e-05
2.321873539168729046e-05
2.939877171947367275e-05
2.573171403829345281e-05
3.170123062311398316e-05
2.842587325282783662e-05
3.420786559461701969e-05
3.131181580227204172e-05
3.692800002059670674e-05
3.439956283783464835e-05
3.987029995478791230e-05
3.769827437107662330e-05
4.304246892450996583e-05
4.121592485180453985e-05
4.645089786381481584e-05
4.495893404719599867e-05
5.010027156096822954e-05
4.893175617718464665e-05
5.399313639276857619e-05
5.313643414433803411e-05
5.812943860563203700e-05
5.757213090608164619e-05
6.250604831825204248e-05
6.223465676349929857e-05
6.711629201211442570e-05
6.711601969951670234e-05
7.194952543841846783e-05
7.220403598628921356e-05
7.699078977681636700e-05
7.748204981441172490e-05
8.222060603886979975e-05
8.292882335931540895e-05
8.761497548871636598e-05
8.851867130581877639e-05
9.314566599604007214e-05
9.422192494849155546e-05
9.878087364297893685e-05
1.000058180532330796e-04
1.044863527402521708e-04
1.058358861930224669e-04
1.102271014970659197e-04
1.116779586319902712e-04
1.159696697898226722e-04
1.175007913343795309e-04
1.216851136264471571e-04
1.232793348352874906e-04
1.273525515305221902e-04
1.289985453310656376e-04
1.329631754836614502e-04
1.346575268872473143e-04
1.385244306423157837e-04
1.402736369870102883e-04
1.440639070537396739e-04
1.458860047233876344e-04
1.496322968046229457e-04
1.515577214221586373e-04
1.553045903918462401e-04
1.573758059592512048e-04
1.611785657972039502e-04
1.634479819627760345e-04
1.673696346453842356e-04
1.698954139782274701e-04
1.740013432371626131e-04
1.768409313111543558e-04
1.811913791195001778e-04
1.843930112626305661e-04
1.890338785321619942e-04
1.926269401140985702e-04
1.975801632996412947e-04
2.015660540793191488e-04
2.068216086266879653e-04
2.111675325761446496e-04
2.166797853721807044e-04
2.213183703055865122e-04
2.270096939794508041e-04
2.318471294428551752e-04
2.376209523804053249e-04
2.425549657835260374e-04
2.483183542402155877e-04
2.532645270053763024e-04
2.589568771019001890e-04
2.638777216829424452e-04
2.694977552579499286e-04
2.744246849936065962e-04
2.800442895207543937e-04
2.850802608846706929e-04
2.908334102986273747e-04
2.961265122100476140e-04
3.021674315981883905e-04
3.078554137087306840e-04
3.142935651564816120e-04
3.204356750207832923e-04
3.272729589306170748e-04
3.338023305827294987e-04
3.409106598660762094e-04
3.476454862807429368e-04
3.548164805321043277e-04
3.615475955764373833e-04
3.686103694106334402e-04
3.752338334227861235e-04
3.821801992475328371e-04
3.887888768101874898e-04
3.958057992919755382e-04
4.026441303167774591e-04
4.099859431842486110e-04
4.172537547681470413e-04
4.250127634228991727e-04
4.326553762937136336e-04
4.406317105749626159e-04
4.483412661253038099e-04
4.562000737423958460e-04
4.637094176692517522e-04
4.713423806536234505e-04
4.787451669434880435e-04
4.864291070311445005e-04
4.940892172303708091e-04
5.021361332662679531e-04
5.101724146660399292e-04
5.184359156675359681e-04
5.264707407787133468e-04
5.344942859789276546e-04
5.421993365226148321e-04
5.499539629214120380e-04
5.576261278059189280e-04
5.655828359555537151e-04
5.735895225118846710e-04
5.817678460387756736e-04
5.897295023084696578e-04
5.975676883789072819e-04
6.051096356870275901e-04
6.126970104895279124e-04
6.203197720600529689e-04
6.281799816620834125e-04
6.359784781754820003e-04
6.436589268135428730e-04
6.510052378585200628e-04
6.582855240940900564e-04
6.655992531583122471e-04
6.731287519573159097e-04
6.805903142314576005e-04
6.878561864578889868e-04
6.948389125729267620e-04
7.018745159848623766e-04
7.090615285932959583e-04
7.163244572717318267e-04
7.233269448006508480e-04
7.301516832991638423e-04
7.370537864299191166e-04
7.441922494992966224e-04
7.512455172529836035e-04
7.580763391554756194e-04
7.649315495831357807e-04
7.720731182401507084e-04
7.792128497634164723e-04
7.861530007500878645e-04
7.932066517864280741e-04
8.005639195348622202e-04
8.078512067137709387e-04
8.150350514551653021e-04
8.225373037119143712e-04
8.301761434159835853e-04
8.376576189953587742e-04
8.453678177334360581e-04
8.533262077824875676e-04
8.610983949632261070e-04
8.691054428788614131e-04
8.772963318156042469e-04
8.853207475372243829e-04
8.935945653826872243e-04
9.019214760493986585e-04
9.100943731699601743e-04
9.185865121535438486e-04
9.268043496334024559e-04
9.352152241683916230e-04
9.435341086007018865e-04
9.517974435737764456e-04
9.601336395838203173e-04
9.682861079208995988e-04
9.765569038465088739e-04
9.846403126686849479e-04
9.928252359765600381e-04
1.000874036821662377e-03
1.009002705415203626e-03
1.017055523302701518e-03
1.025178885070515212e-03
1.033275807204194494e-03
1.041439207330675104e-03
1.049605086020557326e-03
1.057825602779067196e-03
1.066051897589142703e-03
1.074304970866232561e-03
1.082543017360511946e-03
1.090766080159569261e-03
1.098940154389203968e-03
1.107056642334795738e-03
1.115095531560225716e-03
1.123051539706028694e-03
1.130924281006911915e-03
1.138717972690363612e-03
1.146450398294586361e-03
1.154131228635752121e-03
1.161785331457465022e-03
1.169415138283761649e-03
1.177037325391752523e-03
1.184635307444850249e-03
1.192209879766460267e-03
1.199726435568088459e-03
1.207178298594604494e-03
1.214528953230021701e-03
1.221782828627019464e-03
1.228918815839357510e-03
1.235961998331301355e-03
1.242906049687769743e-03
1.249784486340930947e-03
1.256586380765840807e-03
1.263332821509910919e-03
1.269994261858724358e-03
1.276576943979918942e-03
1.283043535577503341e-03
1.289404450758967766e-03
1.295634133164930190e-03
1.301758271888719736e-03
1.307761574589880399e-03
1.313671803405029766e-03
1.319466176144180013e-03
1.325160297933013036e-03
1.330719739832343131e-03
1.336154920250191792e-03
1.341435073615069966e-03
1.346582709209309583e-03
1.351582697024101458e-03
1.356468377257201170e-03
1.361222000326968743e-03
1.365858036318074158e-03
1.370333736915282756e-03
1.374651452037624084e-03
1.378783786466706174e-03
1.382766483184344865e-03
1.386593950925542936e-03
1.390287401034849026e-03
1.393804167728636108e-03
1.397147087643803515e-03
1.400297669785991427e-03
1.403293971575210160e-03
1.406116439379379674e-03
1.408766189349654543e-03
1.411206448591329149e-03
1.413466795565388899e-03
1.415541280661275448e-03
1.417443530344013065e-03
1.419132788643012906e-03
1.420623439653006040e-03
1.421906709912120099e-03
1.423006968379082532e-03
1.423893395769038712e-03
1.424574706537987470e-03
1.425036909370242270e-03
1.425304016481899897e-03
1.425344629439293052e-03
1.425171854339854754e-03
1.424782461285558884e-03
1.424185400563794494e-03
1.423342736292423265e-03
1.422286720075801323e-03
1.421002628295864106e-03
1.419490829822284269e-03
1.417743615992059399e-03
1.415774435525038845e-03
1.413561513173604333e-03
1.411126001083583053e-03
1.408447760286452239e-03
1.405535954124077780e-03
1.402380623428441195e-03
1.398993503660065545e-03
1.395356231777632617e-03
1.391488910289625548e-03
1.387371575145476257e-03
1.383024263769335209e-03
1.378421849641551676e-03
1.373586543942746522e-03
1.368499190585705004e-03
1.363176386001695465e-03
1.357603412002594129e-03
1.351796380269380381e-03
1.345738324431170483e-03
1.339445993503695417e-03
1.332904992745871610e-03
1.326130943474360937e-03
1.319111995364176480e-03
1.311860883656058895e-03
1.304365915549334518e-03
1.296642462489728132e-03
1.288679104596575798e-03
1.280491614453818910e-03
1.272068336553154599e-03
1.263424784272743290e-03
1.254550999353780394e-03
1.245462768342434946e-03
1.236149880778021019e-03
1.226627793408475086e-03
1.216888414005093400e-03
1.206946910058190672e-03
1.196795569117453098e-03
1.186449652619920355e-03
1.175902802222562405e-03
1.165169755085224352e-03
1.154244411282878214e-03
1.143142451369108742e-03
1.131858220726385429e-03
1.120407015884321549e-03
1.108784774366851052e-03
1.097007007142122284e-03
1.085069863865381276e-03
1.072989682827117869e-03
1.060763397740797052e-03
1.048406635490867168e-03
1.035917172950622271e-03
1.023310803599819215e-03
1.010586175850871357e-03
9.977591320979460523e-04
9.848286344368781253e-04
9.718107882591048340e-04
9.587053989147040212e-04
9.455284801636523869e-04
9.322798397223585384e-04
9.189756922383275758e-04
9.056168878915044984e-04
8.922195863553271161e-04
8.787847778503871500e-04
8.653286866030403257e-04
8.518533544441589909e-04
8.383744720554552922e-04
8.248933421949208823e-04
8.114254052456651000e-04
7.979728882830419397e-04
7.845512359964803640e-04
7.711628696810497643e-04
7.578235035411651698e-04
7.445360355419853313e-04
7.313150605244596444e-04
7.181621182395028780e-04
7.050910369594480098e-04
6.921044941191404872e-04
6.792170530731907793e-04
6.664315627483032413e-04
6.537615133492553476e-04
6.412082363295536821e-04
6.287834519439549708e-04
6.164883643724270845e-04
6.043360329430137907e-04
5.923293266848116351e-04
5.804793433474398452e-04
5.687848358333698773e-04
5.572553086621806571e-04
5.458926514110569016e-04
5.347082663501484838e-04
5.237011847803815399e-04
5.128778028891409300e-04
5.022370796147123881e-04
4.917893749178988815e-04
4.815337659912830698e-04
4.714748266886268344e-04
4.616093994521407217e-04
4.519460413055420480e-04
4.424829443757288317e-04
4.332224913925658864e-04
4.241609593477697676e-04
4.153055786792278904e-04
4.066519257944824239e-04
3.982005348719105725e-04
3.899490245940315670e-04
3.819018258703402971e-04
3.740511591822298166e-04
3.663993002061934003e-04
3.589428486335321058e-04
3.516815888742579055e-04
3.446098737616711503e-04
3.377289420737210378e-04
3.310319882449396260e-04
3.245203453534976608e-04
3.181868822006357644e-04
3.120311367948493684e-04
3.060465073727340266e-04
3.002334759605433407e-04
2.945840753912772839e-04
2.890971015718942199e-04
2.837663791560909301e-04
2.785901823679965729e-04
2.735622525232519640e-04
2.686791448400395054e-04
2.639357602004016243e-04
2.593294096465674102e-04
2.548540027410854040e-04
2.505061318980319964e-04
2.462804117394760983e-04
2.421746836784831325e-04
2.381826479851226219e-04
2.343013495205896544e-04
2.305253892550451138e-04
2.268530323035908237e-04
2.232780607958006168e-04
2.197978213699789318e-04
2.164070234053314416e-04
2.131040339381658471e-04
2.098830495992030096e-04
2.067413522246993901e-04
2.036740136666832790e-04
2.006795869469963441e-04
1.977527264706247184e-04
1.948910903419413809e-04
1.920903753845425274e-04
1.893497514657373800e-04
1.866646476758526609e-04
1.840330555903097311e-04
1.814511639926101626e-04
1.789183187903003883e-04
1.764302804071765532e-04
1.739851134702945570e-04
1.715793008878867005e-04
1.692123893801170088e-04
1.668809325120094794e-04
1.645833989584719916e-04
1.623172073173168625e-04
1.600825490364865252e-04
1.578764889498983283e-04
1.556976976495392910e-04
1.535435598491343540e-04
1.514142362366351503e-04
1.493072485190166979e-04
1.472216072018515216e-04
1.451555591029623615e-04
1.431099731453359220e-04
1.410828999430769031e-04
1.390733382678189492e-04
1.370792560296418708e-04
1.351013403544049985e-04
1.331381486438406290e-04
1.311891581280059764e-04
1.292530381079697054e-04
1.273307371852354245e-04
1.254206447522277651e-04
1.235218641871790640e-04
1.216332223826470117e-04
1.197562611974749004e-04
1.178902347987485842e-04
1.160344536201696463e-04
1.141875225230608130e-04
1.123508614551207996e-04
1.105243602662052426e-04
1.087078476389521800e-04
1.069001017388514435e-04
1.051022918347371056e-04
1.033143205717578536e-04
1.015362585727289140e-04
9.976710062561205906e-05
9.800794977843760487e-05
9.625885491559419457e-05
9.451997643132428511e-05
9.279039943170576681e-05
9.107118450496952606e-05
8.936255537583148072e-05
8.766441279398431725e-05
8.597537526029235238e-05
8.429651819714228109e-05
8.262815339027955897e-05
8.096978923303060373e-05
7.932029751258633699e-05
7.768151972888112460e-05
7.605367715291300504e-05
7.443650926728386473e-05
7.282970594720970976e-05
7.123456136119373817e-05
6.965133256143843095e-05
6.808057947956030955e-05
6.652161058854215198e-05
6.497623260534435123e-05
6.344488939180781175e-05
6.192768596642156929e-05
6.042408983381734910e-05
5.893515062935559781e-05
5.746131461424680228e-05
5.600290323419376143e-05
5.455948402238160004e-05
5.313205130381149226e-05
5.172051861892424014e-05
5.032503792014813128e-05
4.894498640013643457e-05
4.758123411127422099e-05
4.623340857743309925e-05
4.490159368032551777e-05
4.358530961010806279e-05
4.228604891696870975e-05
4.100470569689180806e-05
3.974322880763326985e-05
3.850309327235506353e-05
3.728770605672487002e-05
3.609961691313984321e-05
3.494186366774408922e-05
3.381601518146405992e-05
3.272454837319628535e-05
3.166830219990187127e-05
3.064842591261688340e-05
2.966487347938806516e-05
2.871897361460164837e-05
2.781067307550453457e-05
2.694068996246233943e-05
2.610841666090442246e-05
2.531317721788473523e-05
2.455144180506766102e-05
2.381972046049599039e-05
2.311224598410838922e-05
2.242325828861324718e-05
2.174630770811410727e-05
2.107680756626223724e-05
2.041063529054386099e-05
1.974659292756005758e-05
1.908378829606315058e-05
1.842399259568858151e-05
1.776862476316876427e-05
1.711976673543553514e-05
1.647857855563844971e-05
1.584732551823949889e-05
1.522856175733395063e-05
1.462572617950054289e-05
1.404121940281913613e-05
1.347686573107063236e-05
1.293259601778356468e-05
1.240772485449584331e-05
1.190032095612079241e-05
1.140862003180425000e-05
1.093022098771663136e-05
1.046365054379650503e-05
1.000800035303806021e-05
9.563909519499963252e-06
9.131935002049669476e-06
8.712941980860940667e-06
8.306993638247173791e-06
7.914240154656605690e-06
7.534541443370186553e-06
7.168490296496532842e-06
6.816129961271933575e-06
6.477846948262251241e-06
6.154209086038470134e-06
5.845855695105680190e-06
5.551851402117072497e-06
5.271494413352188051e-06
5.003854350623548665e-06
4.747935081065005107e-06
4.502938702912171167e-06
4.268801064223377991e-06
4.045195828101596036e-06
3.832276929659358596e-06
3.629528850211190705e-06
3.437116992001525827e-06
3.254105806323397596e-06
3.079906223610203553e-06
2.914257584243062108e-06
2.756923395076421509e-06
2.607861313776610422e-06
2.466263753232146867e-06
2.331935221947630640e-06
2.204807936996145089e-06
2.084198418774190516e-06
1.970008129501239302e-06
1.861742557833028744e-06
1.759312234322213821e-06
1.662331441798412167e-06
1.570570923415495628e-06
1.483760306336595109e-06
1.401823664426527827e-06
1.324432734703936180e-06
1.251293173458163826e-06
1.181922982688517086e-06
1.116318861219904289e-06
1.054470498295439320e-06
9.959235847535925784e-07
9.402456118885416704e-07
8.875864906770879577e-07
8.377771667817858057e-07
7.907474907492543332e-07
7.461591911693352627e-07
7.041085060613989865e-07
6.643286321631150745e-07
6.266943249262501393e-07
5.911501605576649932e-07
5.577928136429043140e-07
5.261094371732757962e-07
4.963532876807379134e-07
4.681096379335267448e-07
4.416001976288148239e-07
4.166569854182734407e-07
3.929998195587676412e-07
3.705105967427946294e-07
3.495223099638017666e-07
3.297272951710302025e-07
3.110128351961876974e-07
2.931380582755733147e-07
2.765923780228344871e-07
2.611128693703756033e-07
2.464648378528789781e-07
2.325580072705518352e-07
2.197264499679044223e-07
2.075503501020934913e-07
1.960095063596587665e-07
1.850623666733481505e-07
1.747604931336847214e-07
1.650327691545183992e-07
1.558153723298102994e-07
1.470248982630946094e-07
1.388426155377885513e-07
1.311523279701595395e-07
1.239318743205145612e-07
1.171911815590031805e-07
1.109937258883445204e-07
1.051116206599041718e-07
9.958711010847416826e-08
9.424425288352858698e-08
8.913952932801006929e-08
8.421677088447227184e-08
7.957166122915280671e-08
7.515357658124571765e-08
7.112853186913400280e-08
6.737958520328522254e-08
6.396656098357538463e-08
6.073453167245857036e-08
5.761721194667715222e-08
5.453223205594797808e-08
5.149764940383425978e-08
4.862052092369618036e-08
4.600040271903798130e-08
4.366870567688950605e-08
4.156056549035460705e-08
3.953830993465998363e-08
3.750118455748487731e-08
3.541135079005775679e-08
3.340116030857068858e-08
3.159629145826536232e-08
3.008853349582215639e-08
2.873430976523957828e-08
2.735073603942112819e-08
2.578943312128632932e-08
2.426768007342961034e-08
2.299970630676062804e-08
2.201363383224190566e-08
2.102761145201797740e-08
1.991697051004091828e-08
1.869629131140369987e-08
1.768676965677767476e-08
1.694150289959884632e-08
1.624531882104661469e-08
1.532364368738615014e-08
1.436341861668079228e-08
1.366188622318760995e-08
1.320305569817635996e-08
1.251729359292732267e-08
1.168920354979313290e-08
1.109225253517098552e-08
1.077435450680726787e-08
1.017429321767350934e-08
9.476448403509312707e-09
9.100117255409329993e-09
8.823528634603066474e-09
8.170906468294652660e-09
7.742974076638140056e-09
7.566555712776102193e-09
7.077636376255890185e-09
6.587125253298478558e-09
6.530229870331465891e-09
6.063346938550158531e-09
5.671829162453383190e-09
5.612315467513879093e-09
5.178026698684289349e-09
4.912184272029928608e-09
4.844195484736178943e-09
4.342217665428991338e-09
4.392294783868061703e-09
3.996032391834897116e-09
3.865591230529894781e-09
3.709292089025415516e-09
3.432999058418172986e-09
3.397245744073341403e-09
3.083332093856228278e-09
3.074990698554034691e-09
2.802877588424224200e-09
2.770902960914156967e-09
2.545566130173879006e-09
2.496363096625351262e-09
2.317112690816953211e-09
2.252360858857892673e-09
2.101069442430135097e-09
2.034150364869261130e-09
1.908434512609331550e-09
1.839352061391477371e-09
1.728462210988249187e-09
1.663576620543221912e-09
1.568483302555077329e-09
1.505925502333381385e-09
1.420101917754264358e-09
1.362935705822992231e-09
1.288119753218943179e-09
1.234476568639305143e-09
1.166273808606517644e-09
1.117699715673720875e-09
1.057691963286113059e-09
1.012710230855442998e-09
9.577765544679417479e-10
9.171414940293622188e-10
8.684830570101226578e-10
8.311121751365201711e-10
7.864937185488693660e-10
7.527393452339348519e-10
7.130250427025277896e-10
6.821399430178914599e-10
6.457342830387383930e-10
6.178174932343736254e-10
5.852679369146457951e-10
5.598101225571858197e-10
5.300195042723173898e-10
5.069949610858179591e-10
4.802546110702823072e-10
4.593153286522592757e-10
4.348891912681842477e-10
4.159435961194649349e-10
3.939394717216551627e-10
3.767353915490830767e-10
3.566550748164780061e-10
3.410655315438706098e-10
3.229255596608121203e-10
3.087931564488942329e-10
2.922551859043354059e-10
2.794364386129826506e-10
2.644295599860841753e-10
2.527813043296317924e-10
2.390804664015683354e-10
2.284798527380961436e-10
2.159924387299475936e-10
2.063469893484883782e-10
1.949626043197313843e-10
1.861907785852772280e-10
1.757960653636103732e-10
1.678144627771042782e-10
1.583562883169510401e-10
1.511175159936175824e-10
1.424753027661417121e-10
1.358977514181745586e-10
1.280654554701384120e-10
1.221147498375103151e-10
1.149218038819552229e-10
1.094640952962765092e-10
1.028881246167286320e-10
9.789574860702117443e-11
9.181458797725647813e-11
8.721326391401187305e-11
8.164885068025339840e-11
7.743338125141676945e-11
7.230524993236841247e-11
6.848773414859314652e-11
6.385282238339366936e-11
6.040753211634707445e-11
5.615887838597275700e-11
5.298756231239849485e-11
4.908007222622337324e-11
4.616841411616456271e-11
4.251036526835839444e-11
3.979709681655090693e-11
3.647058002467140159e-11
3.404523921124475745e-11
3.105440877581038663e-11
2.889381063641425720e-11
2.620958169154447906e-11
2.425949069095353162e-11
2.175654110054252177e-11
1.994206946900255702e-11
1.766708995370091024e-11
1.609426164420116247e-11
1.412502783879994181e-11
1.281752143843103390e-11
1.110952215970638099e-11
9.961515475939414199e-12
8.397950946534065896e-12
7.379923995763794228e-12
6.080846840656114571e-12
5.359169896508035654e-12
4.341206391714208322e-12
3.791160072272593080e-12
2.893978740091792969e-12
2.453027029906660101e-12
1.793095503020621997e-12
1.619372904796572231e-12
1.208059288260573183e-12
1.126207011694386866e-12
7.666828193253471635e-13
8.122058456320709145e-13
7.035296042397484634e-13
9.242601377586549148e-13
8.338627130318062438e-13
1.017151736107220059e-12
1.047199682124393762e-12
1.389690502800119863e-12
1.423841967507481263e-12
1.629370450759183388e-12
1.670894917468404784e-12
1.967667921549365032e-12
1.940086884359423301e-12
2.038033451917238177e-12
1.998035765287896148e-12
2.119247782340533850e-12
1.901277535287535759e-12
1.871373879189052797e-12
1.708389158270124974e-12
1.579267493959792433e-12
1.259934397425280567e-12
1.192283000594321555e-12
8.590598975394917130e-13
6.886491957896285098e-13
4.843482467808079872e-13
3.286551548479251418e-13
1.278722766908995861e-13
1.430142842708630276e-13
-4.589891495068428959e-14
7.578487035539731247e-14
-1.545657437221795011e-15
1.325159042542452049e-13
1.702223550143188650e-13
2.812510077391845189e-13
3.568499082452507016e-13
4.297559411780386573e-13
4.660950159440023785e-13
4.819145503082675704e-13
4.432902264902561959e-13
3.999619353868995249e-13
2.987474484882855833e-13
2.252133818599153336e-13
1.096949224337898862e-13
5.761413532993204940e-14
-1.687541070867132877e-14
-7.587737106633147416e-15
-1.704497806887494303e-14
5.055044798084034001e-14
7.980587758917196925e-14
1.573874142609930502e-13
1.685364164550257449e-13
2.023589438802513653e-13
1.583236990231785485e-13
1.373200153307707842e-13
5.856023116271637744e-14
2.993003412441587155e-14
-2.298564795984469169e-14
-5.246444848855750182e-15
-3.554614609584683220e-15
5.351404216027380588e-14
6.892961691796477893e-14
1.055946810033127024e-13
7.915799478716082352e-14
6.730285926446201872e-14
1.187037211995265421e-14
1.264469527227519063e-15
-2.020770435238887413e-14
1.368756215855022502e-14
2.595803902891793077e-14
6.127590638169776795e-14
4.557719905674535802e-14
3.844607576042141197e-14
-2.598611153075861386e-15
-2.850044771417108932e-15
-8.324707874759924307e-15
2.528037540787155629e-14
2.858997256709438995e-14
3.705249653836780805e-14
5.752597920284322841e-15
3.602373799826850856e-16
-9.578156367536459262e-15
1.676896754824058662e-14
1.878695031909875606e-14
2.344560585491075807e-14
-2.871381185563074628e-15
-7.052877073546782991e-16
-8.372632369272170995e-16
2.052126708887488358e-14
9.387614104864145098e-15
4.660846561888562810e-15
-7.785686294130101368e-15
9.875615034276083876e-15
8.935815567142868990e-15
8.459507206081483126e-15
-6.848777795543352831e-15
5.737374467569777081e-15
6.208513768834559474e-15
7.127247853083042353e-15
-5.837932772737333219e-15
6.144155041002204529e-15
4.194032230410784750e-15
3.248280004021837720e-15
-3.904413425907720204e-15
8.051949150577037919e-15
4.609285375436824771e-17
9.511882040488740632e-16
8.231040413628528297e-16
5.404346870384040483e-15
-3.738721146410134552e-15
5.039752598619430528e-15
-2.411621197620386988e-16
1.256477814124737582e-15
6.573594589370312246e-16
2.566150934845072773e-15
-1.903947113255960901e-15
4.273088191677741989e-15
-2.590249654956814103e-15
3.594140730117610809e-15
-1.531323781914543242e-15
2.256509462264875823e-15
-6.233089680802924459e-16
1.518830684324060535e-15
-3.601694180488284286e-16
1.325433934909561638e-15
-4.362433666590063343e-16
1.328328620645956468e-15
-5.742027032706043453e-16
1.342864197786574162e-15
-6.744748627403822913e-16
1.324155214684719195e-15
-7.278663857112916133e-16
1.277554191263528627e-15
-7.479750022746820874e-16
1.215806874790406461e-15
-7.477284027378345769e-16
1.148080033820561345e-15
-7.355204004637753646e-16
1.079561769113681849e-15
-7.162843112372622514e-16
1.012903024940174563e-15
-6.928913438454420708e-16
9.493598941076243009e-16
-6.670600640414806776e-16
8.894584007460215706e-16
-6.398625190776107275e-16
8.333480311033626716e-16
-6.119955805596877325e-16
7.809858526509671248e-16
-5.839279838111540481e-16
7.322330568420440638e-16
-5.559826856533566145e-16
6.869063907746366708e-16
-5.283850217884756673e-16
6.448059676864100565e-16
-5.012921899260105730e-16
6.057304088849529092e-16
-4.748121294873580795e-16
5.694850268204985058e-16
-4.490161264754854912e-16
5.358861015847898354e-16
-4.239475413979917012e-16
5.047629398801074455e-16
-3.996280473447936915e-16
4.759586625933868246e-16
-3.760622019039701170e-16
4.493302741668903051e-16
-3.532408687485650012e-16
4.247483361231319411e-16
-3.311438141365121592e-16
4.020964392166364358e-16
-3.097416965563750082e-16
3.812705898270772258e-16
-2.889975979183456101e-16
3.621785790839149701e-16
-2.688682002782398668e-16
3.447393776115801552e-16
-2.493046818921479855e-16
3.288825803482106588e-16
-2.302533886686063923e-16
3.145479123520948759e-16
-2.116563200086082167e-16
3.016848042923956394e-16
-1.934514640450601348e-16
2.902520390478606257e-16
-1.755730030819512321e-16
2.802174688138933530e-16
-1.579514110159322245e-16
2.715578019462145369e-16
-1.405134558810852370e-16
2.642584562048701162e-16
-1.231821226536448108e-16
2.583134743711379996e-16
-1.058764651375591633e-16
2.537255008188306725e-16
-8.851139546630513788e-17
2.505058120499258794e-16
-7.099742049498765272e-17
2.486743990761606082e-16
-5.324033195263515951e-17
2.482600954150595081e-16
-3.514085672135879619e-17
2.493007455048823608e-16
-1.659427553583808651e-17
2.518434077129586653e-16
2.509982716459942032e-18
2.559445834716713706e-16
2.228876212099073212e-17
2.616704641018653772e-16
4.286560639734608668e-17
2.690971854823464253e-16
6.437117910496052052e-17
