# bin_7_2
6.330889988422688416e-07
6.972095381538937626e-07
6.968784787428421923e-07
7.620830005351784271e-07
7.666357178309985763e-07
8.332880355982159981e-07
8.428708125888155988e-07
9.113444056826425907e-07
9.261288514707024123e-07
9.968075173741244832e-07
1.016989842163822908e-06
1.090268012541047559e-06
1.116068049666342639e-06
1.192350702199752721e-06
1.224010587656547121e-06
1.303712672705458719e-06
1.341495085302928258e-06
1.425040370873684653e-06
1.469226218851718178e-06
1.557045448091662505e-06
1.607930880725744276e-06
1.700459118045773447e-06
1.758351726378475053e-06
1.856024760957406133e-06
1.921238824038189049e-06
2.024488488749049036e-06
2.097339115530885448e-06
2.206587376150479769e-06
2.287383393185442735e-06
2.403035066740518606e-06
2.492070511046806301e-06
2.614504485661912821e-06
2.712048585060155001e-06
2.841607443585847831e-06
2.947893004246086159e-06
3.084871003409192988e-06
3.200081186820499441e-06
3.344710619862532393e-06
3.468964185128688176e-06
3.621400264014455749e-06
3.754735478870714690e-06
3.915040024974931664e-06
4.057397624914587384e-06
4.225522055530007671e-06
4.376727857525765737e-06
4.552496212732870117e-06
4.712244277002414850e-06
4.895337348339754141e-06
5.063174929532201892e-06
5.253116929598049778e-06
5.428432863839623818e-06
5.624582505095499436e-06
5.806601128072568155e-06
6.008149438863824630e-06
6.195932591565065423e-06
6.401910248029402601e-06
6.594370349900811740e-06
6.803667678220897335e-06
6.999595152696789698e-06
7.210998160429559385e-06
7.409106566901826900e-06
7.621352258264363881e-06
7.820344163703447853e-06
8.032197805072770636e-06
8.230853518013885826e-06
8.441209230088227362e-06
8.638498792447677480e-06
8.846502621858922752e-06
9.041718676164928919e-06
9.246909919946824882e-06
9.439815055895272217e-06
9.642276944298640312e-06
9.833253814968312721e-06
1.003375874888905789e-05
1.022394483360010501e-05
1.042407260055674839e-05
1.061545457946776794e-05
1.081765522191929151e-05
1.101309172919582430e-05
1.122065958303556651e-05
1.142379758954107135e-05
1.164072183619358451e-05
1.185577387353822299e-05
1.208643691130396093e-05
1.231779721437939653e-05
1.256650880269395656e-05
1.281820965874404521e-05
1.308859514239381260e-05
1.336364248280622713e-05
1.365794831831620615e-05
1.395762679091734936e-05
1.427606236978390333e-05
1.459935774675777703e-05
1.493964808577218733e-05
1.528298325430754037e-05
1.564034193930470039e-05
1.599783647178068169e-05
1.636555268197933128e-05
1.672996271423650427e-05
1.710069750763629028e-05
1.746504289514969860e-05
1.783272677774355220e-05
1.819235885279814888e-05
1.855428847028730199e-05
1.890883570353547278e-05
1.926725831671283513e-05
1.962162379457295936e-05
1.998392862191804455e-05
2.034749138641604764e-05
2.072430676935692299e-05
2.110790627780049586e-05
2.150910213585565430e-05
2.192035212868301370e-05
2.235012785016034050e-05
2.278889033544763979e-05
2.324234459049750605e-05
2.369911474542880391e-05
2.416305344651301890e-05
2.462254414511218071e-05
2.508179727271464380e-05
2.553143313646195903e-05
2.597841653754857444e-05
2.641736329429700083e-05
2.685868510237761277e-05
2.730019373808574080e-05
2.775339947169234143e-05
2.821560001258043625e-05
2.869503616357750592e-05
2.918440722313297156e-05
2.968609783589352757e-05
3.018809203863510868e-05
3.068984298285573782e-05
3.118022755493066460e-05
3.166282198772352933e-05
3.213374993861325610e-05
3.260403512258861592e-05
3.307548995177687407e-05
3.355985931101787220e-05
3.405443851409654498e-05
3.456169953847465569e-05
3.506904620043840550e-05
3.557230696265842112e-05
3.605980825585647132e-05
3.653583442359674839e-05
3.700181483619209815e-05
3.747255647397694083e-05
3.795150576985627662e-05
3.844411919941567799e-05
3.893811152532356841e-05
3.942603287508707741e-05
3.989536968865768066e-05
4.035251212393270730e-05
4.080455661884655919e-05
4.126804216862361269e-05
4.174157933832434213e-05
4.221938797771468329e-05
4.268291309989617890e-05
4.313098076640748210e-05
4.356977375951798118e-05
4.401956792876432614e-05
4.448159970811600846e-05
4.494729732651191683e-05
4.539667218518926150e-05
4.583413762248745048e-05
4.627415826077206596e-05
4.673344630187215574e-05
4.719771466906467285e-05
4.765126177579168500e-05
4.809201493958353938e-05
4.854588818345061867e-05
4.901702366598569721e-05
4.948878047099003930e-05
4.994457185675989095e-05
5.040779041086777270e-05
5.089118366836227551e-05
5.137868636300470238e-05
5.185040968146209441e-05
5.233281433112527045e-05
5.283445157374692464e-05
5.333155319227189916e-05
5.381704061069890260e-05
5.432387981300429913e-05
5.483482681102503118e-05
5.533078317443352234e-05
5.583604584583755522e-05
5.635381187113079659e-05
5.684992198938883826e-05
5.735639284978060360e-05
5.786747977497478079e-05
5.835960559880138678e-05
5.886151300921641747e-05
5.936082813189564645e-05
5.984219464375265440e-05
6.034160292597051976e-05
6.081652839287329440e-05
6.130250865097739332e-05
6.177971061032224613e-05
6.225234430667503512e-05
6.273049687149408063e-05
6.319667863193631377e-05
6.367324741939798334e-05
6.413830626064314950e-05
6.461274063999801855e-05
6.507855540554188648e-05
6.555079889743253634e-05
6.601650990094580680e-05
6.648539750608253201e-05
6.694832000065342704e-05
6.741136484498428413e-05
6.786803143875408764e-05
6.832236310146304142e-05
6.876983525134395148e-05
6.921356030032680860e-05
6.965059841614587219e-05
7.008370059508673203e-05
7.051107187217427142e-05
7.093514334869625989e-05
7.135466123174471413e-05
7.177145413508945247e-05
7.218423210383632569e-05
7.259401669021088924e-05
7.299928888977256082e-05
7.340049904901556756e-05
7.379624658600623520e-05
7.418702560278521820e-05
7.457206637488744216e-05
7.495229915348084664e-05
7.532754147099804951e-05
7.569873698936891186e-05
7.606545700056964096e-05
7.642775158185433429e-05
7.678423582322766046e-05
7.713397627912689871e-05
7.747528762814155916e-05
7.780760620511206391e-05
7.813050479517764891e-05
7.844493288615226191e-05
7.875178717561643010e-05
7.905231260321658846e-05
7.934657410328922278e-05
7.963401153706023763e-05
7.991294017690117894e-05
8.018198690852500568e-05
8.044029269676374017e-05
8.068847700290777817e-05
8.092774341212320829e-05
8.115935264384611762e-05
8.138325630402440771e-05
8.159830218348494094e-05
8.180275427486977710e-05
8.199584809706836623e-05
8.217814316705720069e-05
8.235105713394942509e-05
8.251523074071175328e-05
8.266985617948530477e-05
8.281325928452223277e-05
8.294458551512642517e-05
8.306442968021743474e-05
8.317382436730380167e-05
8.327263749785688348e-05
8.335955631954521247e-05
8.343373050586434846e-05
8.349571104163023714e-05
8.354629042539444325e-05
8.358487976088244847e-05
8.361033077394197633e-05
8.362272057117528501e-05
8.362308433269711170e-05
8.361115781565837837e-05
8.358586657685472857e-05
8.354756624823652365e-05
8.349747285124201133e-05
8.343444957412789935e-05
8.335668704581106420e-05
8.326514077995634665e-05
8.316137883074479456e-05
8.304381613236950100e-05
8.291164650472576420e-05
8.276641714234207151e-05
8.260780331460852157e-05
8.243456348507048387e-05
8.224813414316418990e-05
8.204815197631193109e-05
8.183374510270879465e-05
8.160585051905357113e-05
8.136372059919671389e-05
8.110715822259673493e-05
8.083703661026423023e-05
8.055209289404286475e-05
8.025379218872556654e-05
7.994129825304880364e-05
7.961514594664873055e-05
7.927531463153525111e-05
7.892088605886105838e-05
7.855313313870704111e-05
7.817128436273585357e-05
7.777617243797262830e-05
7.736741446837542549e-05
7.694563474386521894e-05
7.651050813738966623e-05
7.606235664759149618e-05
7.560102448281472512e-05
7.512685036268213759e-05
7.463991601424481784e-05
7.414069645357314862e-05
7.362922324481007157e-05
7.310557310734291296e-05
7.257001146893604876e-05
7.202294658945513099e-05
7.146453221130175462e-05
7.089512408632763006e-05
7.031480397201032211e-05
6.972390036519933096e-05
6.912265760449240535e-05
6.851153879175884347e-05
6.789083093454625613e-05
6.726075991054475769e-05
6.662172044290093191e-05
6.597413759912629564e-05
6.531834419346236047e-05
6.465466865516073533e-05
6.398343505257777153e-05
6.330511517567191508e-05
6.262014512971052942e-05
6.192885497614068735e-05
6.123173005488209101e-05
6.052924737055606218e-05
5.982177017118465561e-05
5.910972341265137583e-05
5.839359045585416756e-05
5.767380830872979939e-05
5.695080265401536429e-05
5.622513843393878922e-05
5.549722286432199562e-05
5.476749539079022410e-05
5.403645998912388079e-05
5.330457834286578874e-05
5.257231791714020203e-05
5.184016466162409649e-05
5.110854149904994466e-05
5.037794239680264602e-05
4.964881082430175975e-05
4.892160089644997695e-05
4.819677730301189091e-05
4.747476634595051759e-05
4.675599962002719736e-05
4.604088185709988263e-05
4.532985913651154552e-05
4.462331743276010690e-05
4.392163940812043323e-05
4.322519204768777084e-05
4.253436407424585855e-05
4.184949653841513981e-05
4.117092682597772778e-05
4.049895948297591058e-05
3.983390195440884163e-05
3.917604433932599908e-05
3.852567464383873362e-05
3.788300695900651455e-05
3.724828434722302686e-05
3.662173325789109244e-05
3.600356150483864523e-05
3.539391874120592743e-05
3.479297678239493279e-05
3.420088372193158836e-05
3.361776305311898859e-05
3.304370379833801750e-05
3.247879577507101125e-05
3.192311041426218471e-05
3.137672701840186649e-05
3.083963726495682871e-05
3.031186957961847140e-05
2.979343991360818353e-05
2.928435398089313343e-05
2.878454381462882390e-05
2.829397923534260855e-05
2.781261744537458420e-05
2.734041006162111906e-05
2.687725040484624544e-05
2.642305050602091932e-05
2.597771957045023100e-05
2.554118427444806842e-05
2.511328090186230901e-05
2.469389188904057682e-05
2.428289935448540413e-05
2.388019241285552750e-05
2.348559005909388398e-05
2.309894494650575599e-05
2.272013233192058084e-05
2.234901499258813647e-05
2.198540391116102512e-05
2.162913094419685698e-05
2.128006040681994010e-05
2.093805445908182125e-05
2.060292045050007045e-05
2.027448363765079094e-05
1.995260432911481120e-05
1.963714887573084030e-05
1.932792578019495308e-05
1.902475282151738743e-05
1.872750263490750335e-05
1.843605291603326411e-05
1.815021349988913158e-05
1.786980773731759839e-05
1.759471591336221404e-05
1.732482925447931238e-05
1.705996042328350218e-05
1.679994739109325530e-05
1.654467998309343206e-05
1.629405862034010894e-05
1.604791127068402456e-05
1.580608307645536340e-05
1.556847488582344515e-05
1.533500264782518426e-05
1.510550865369490201e-05
1.487984516932622720e-05
1.465792446142826196e-05
1.443967848565445809e-05
1.422496416134070977e-05
1.401364241470936456e-05
1.380563966448853843e-05
1.360090332666061294e-05
1.339929955396660959e-05
1.320070531459312306e-05
1.300505852954102792e-05
1.281231206490419143e-05
1.262235933711285596e-05
1.243507996868884185e-05
1.225042766982248503e-05
1.206836275777112508e-05
1.188879546142540784e-05
1.171161501271076870e-05
1.153678032967170255e-05
1.136426974467071216e-05
1.119400789880122832e-05
1.102588280171527479e-05
1.085986584284645481e-05
1.069594037742288690e-05
1.053404022350884252e-05
1.037406502448321164e-05
1.021598826557883118e-05
1.005979551084179895e-05
9.905436738869025445e-06
9.752800890996897302e-06
9.601871289277185453e-06
9.452636118417972509e-06
9.305047402204416642e-06
9.159005915420605500e-06
9.014488955251171213e-06
8.871486972638364965e-06
8.729965773517048914e-06
8.589825292323198297e-06
8.451045147249094217e-06
8.313622841868883502e-06
8.177532642936613126e-06
8.042685896561471636e-06
7.909065608852882534e-06
7.776678869395106054e-06
7.645515387786234532e-06
7.515496254147190234e-06
7.386611640368558872e-06
7.258878729223751689e-06
7.132297662357502620e-06
7.006799336053018025e-06
6.882378112060416072e-06
6.759049685546251256e-06
6.636817597561940205e-06
6.515616756729311606e-06
6.395434261901276387e-06
6.276279675009988651e-06
6.158155627592615425e-06
6.040997546126901254e-06
5.924789357024133497e-06
5.809540232095546443e-06
5.695257945117523004e-06
5.581890909947271493e-06
5.469432625137343607e-06
5.357903204304857491e-06
5.247327075775678675e-06
5.137676287888047145e-06
5.028961749592334051e-06
4.921217715708382535e-06
4.814483762244113616e-06
4.708750032463239491e-06
4.604033542830171279e-06
4.500368008508618858e-06
4.397784563493111737e-06
4.296270431526835698e-06
4.195826723880043703e-06
4.096467293908676109e-06
3.998203569349934540e-06
3.901015943520430094e-06
3.804900135212262590e-06
3.709872797964762210e-06
3.615953701887771693e-06
3.523148343637481989e-06
3.431471966854064425e-06
3.340954558306651317e-06
3.251620452648755234e-06
3.163481824522993718e-06
3.076553874142337191e-06
2.990874079454680636e-06
2.906494410647268999e-06
2.823500089989793524e-06
2.742017070435682882e-06
2.662229279572693496e-06
2.584351785587129881e-06
2.508627173564736136e-06
2.435286599569683009e-06
2.364536566658733983e-06
2.296509955702517861e-06
2.231271103027749248e-06
2.168792151421174746e-06
2.108977745748248261e-06
2.051661613799234207e-06
1.996655627095780744e-06
1.943737471689266071e-06
1.892677622154033611e-06
1.843217269993020826e-06
1.795094318793975130e-06
1.748016282603508451e-06
1.701683961128539259e-06
1.655790527433308530e-06
1.610080084450081772e-06
1.564350127227159664e-06
1.518487830097401646e-06
1.472461335802298295e-06
1.426340097021901817e-06
1.380251086797768409e-06
1.334362033502290017e-06
1.288839373155848815e-06
1.243853409726038674e-06
1.199547821819347730e-06
1.156049438859468666e-06
1.113461233960753571e-06
1.071886377886689638e-06
1.031410017243009522e-06
9.920989926213248647e-07
9.539867890465052125e-07
9.170875651909475603e-07
8.813895374288780807e-07
8.468686807890131906e-07
8.134973584994417246e-07
7.812665721781110306e-07
7.501795944295470515e-07
7.202466770204540692e-07
6.914712305145105750e-07
6.638459746903441463e-07
6.373390157991540809e-07
6.118902953009879366e-07
5.874199252494919079e-07
5.638470535374466536e-07
5.410994708673983501e-07
5.191236354063611015e-07
4.978890184816143624e-07
4.773796634087784169e-07
4.575846241116736610e-07
4.385009276546278153e-07
4.201268099795340027e-07
4.024551141495349082e-07
3.854823230389559361e-07
3.692072702103394089e-07
3.536205089966642316e-07
3.387083414384374991e-07
3.244513998060664795e-07
3.108182955329095966e-07
2.977674510554617754e-07
2.852531142988262457e-07
2.732338372397729659e-07
2.616780955691282892e-07
2.505534045103825512e-07
2.398277830076201224e-07
2.294836261660751149e-07
2.195146984520968015e-07
2.099159267455337383e-07
2.006822836422205833e-07
1.918055722975385071e-07
1.832788481906560660e-07
1.751013775065608727e-07
1.672718854372163021e-07
1.597811587233124932e-07
1.526159274385404242e-07
1.457632708792546692e-07
1.392190784594837847e-07
1.329722235643514997e-07
1.270028036625606220e-07
1.212954641739525798e-07
1.158373294304904227e-07
1.106153267421119352e-07
1.056273307629571082e-07
1.008673491515684408e-07
9.631463128218707823e-08
9.195381263117341365e-08
8.778475295867813849e-08
8.379565844442676065e-08
7.996264601997351243e-08
7.627237838682098576e-08
7.272271555452546535e-08
6.930298248422359906e-08
6.601329299487962066e-08
6.285163413964469228e-08
5.980755251771808288e-08
5.687755457376524074e-08
5.408002911403805525e-08
5.140674689379092298e-08
4.883850270753171447e-08
4.638258487736801503e-08
4.405497880292618743e-08
4.184328239630705238e-08
3.972646672023940498e-08
3.771192540916606101e-08
3.580235570092510007e-08
3.398961699064331238e-08
3.225689423940215782e-08
3.060935158205231077e-08
2.904555842969655063e-08
2.755752706986410047e-08
2.614168794064398745e-08
2.479718500622365039e-08
2.352485364866625834e-08
2.231211492921020592e-08
2.116453191849648569e-08
2.007439635618488378e-08
1.904074190032960204e-08
1.805271925166260682e-08
1.711600288659914647e-08
1.622420006737457007e-08
1.537526825190103708e-08
1.456703472424895863e-08
1.379957979334930695e-08
1.307040912849372210e-08
1.237624953552543157e-08
1.171906478987431972e-08
1.109352599295273821e-08
1.050123868509408213e-08
9.938931959570489124e-09
9.409894979281354909e-09
8.905871572254432516e-09
8.430317850333634654e-09
7.979244503811059342e-09
7.555468803191389566e-09
7.150955748674932527e-09
6.769151681684175271e-09
6.407398337946666062e-09
6.067664283395319320e-09
5.743558225006710315e-09
5.436302951578266030e-09
5.145940960768939913e-09
4.873314075505360674e-09
4.613700197970296848e-09
4.366892978931351761e-09
4.134291399153729125e-09
3.915874547051041400e-09
3.707881708854889404e-09
3.509628850091860943e-09
3.322803841240503209e-09
3.147688720967072984e-09
2.981112160388370772e-09
2.822553229329913036e-09
2.673103491626004893e-09
2.533026715653699990e-09
2.399513167714488776e-09
2.272455651407843709e-09
2.152699932193415515e-09
2.040547513152533610e-09
1.933618859204428106e-09
1.831955472735731993e-09
1.735997916807581875e-09
1.646091486014733629e-09
1.560319887319645272e-09
1.478743642051868954e-09
1.401575406553184356e-09
1.329448123155424681e-09
1.260747612340945450e-09
1.195215570315271048e-09
1.133087836790340862e-09
1.075130900272998828e-09
1.019915222581846727e-09
9.671356801523406335e-10
9.171127489968150998e-10
8.704662584634584324e-10
8.260679862577188579e-10
7.835336238518402223e-10
7.432478984670199252e-10
7.055872500169652600e-10
6.697819872619045908e-10
6.354871338892119338e-10
6.030354848690984261e-10
5.726050128265663698e-10
5.436810183618167968e-10
5.159971056335737212e-10
4.898143689120787350e-10
4.652058090453740549e-10
4.418026093840201140e-10
4.194313850261734785e-10
3.982716228445793010e-10
3.783475187711860357e-10
3.594176711229803968e-10
3.413022982291456463e-10
3.241647082441083388e-10
3.080005446426269244e-10
2.927015163748917510e-10
2.780058682679940825e-10
2.641085136443784478e-10
2.509786143871950603e-10
2.385983374346421029e-10
2.266537634854801547e-10
2.153775248894719938e-10
2.046987547229458188e-10
1.946695944019726028e-10
1.849501809878643941e-10
1.757871811952657183e-10
1.671000112040561093e-10
1.589554742667922667e-10
1.510400312017568230e-10
1.435901546632544989e-10
1.365157731135891333e-10
1.298853800798777028e-10
1.234422972777586324e-10
1.173693780386420466e-10
1.116052816379155356e-10
1.062001658402316007e-10
1.009532048291436534e-10
9.599641128538038162e-11
9.129446906404751266e-11
8.688459342719520105e-11
8.260743495647537054e-11
7.856033677838209860e-11
7.471799446023597125e-11
7.111881345086376471e-11
6.762531261439433069e-11
6.431786022824645012e-11
6.117329997963164582e-11
5.823375463579208386e-11
5.537544864231880236e-11
5.267300967343090679e-11
5.009657293079675747e-11
4.769207233728660366e-11
4.535274608574718929e-11
4.314066530844454985e-11
4.102779161168343272e-11
3.905756876766577891e-11
3.714057374691949264e-11
3.532775659879362147e-11
3.359293245791252714e-11
3.197719370274521323e-11
3.040513957243382521e-11
2.891740565866459613e-11
2.749183154755598107e-11
2.616280329977044712e-11
2.487147859643117868e-11
2.364878235208430478e-11
2.247561469925735789e-11
2.138157210839303750e-11
2.031847597350408645e-11
1.931136683684312502e-11
1.834364743408554447e-11
1.744060342389159916e-11
1.656419687986239610e-11
1.573310617529912677e-11
1.493367181294549649e-11
1.418602090345712734e-11
1.346119187684551284e-11
1.277330550529813873e-11
1.211161470971801896e-11
1.149103844245510044e-11
1.088950452492914175e-11
1.031833790533696915e-11
9.768726604186104781e-12
9.251481063627067798e-12
8.751141835681728634e-12
8.275649110709342669e-12
7.817492558193230734e-12
7.385042531899444067e-12
6.967429337506434026e-12
6.570019990415099490e-12
6.186683206732842127e-12
5.824282642941034738e-12
5.474801456098954608e-12
5.141314703020616329e-12
4.820363384597316811e-12
4.516452434347812998e-12
4.223056672788449107e-12
3.943452822196074352e-12
3.675223532490254722e-12
3.419700738225959313e-12
3.174745301914184079e-12
2.941392976786391803e-12
2.717447555926302881e-12
2.505493781053076510e-12
2.302077995430438492e-12
2.109668902557984562e-12
1.925904873355576342e-12
1.752245961942699202e-12
1.587427511743851109e-12
1.432055415354614871e-12
1.285415626769653449e-12
1.147955240116938304e-12
1.018807966535005014e-12
8.988418240200605533e-13
7.873593154317716370e-13
6.844997629950875145e-13
5.899437670197883353e-13
5.040924102245123719e-13
4.264909222555979069e-13
3.572849888541432512e-13
2.957793162306634081e-13
2.426082706881614442e-13
1.969144352504537514e-13
1.588339236860892904e-13
1.275104935674831948e-13
1.032974424988436707e-13
8.532492041747302331e-14
7.338534688272116165e-14
6.656593959443470578e-14
6.498123386364990786e-14
6.744153045348212186e-14
7.354047510977116043e-14
8.213811142738621824e-14
9.312022434938226269e-14
1.051224688323975785e-13
1.177164052115867947e-13
1.298189496772584203e-13
1.412495236933471366e-13
1.508208960038612510e-13
1.583319645312252623e-13
1.627884978737710585e-13
1.643853855726669082e-13
1.624280924434761800e-13
1.572153082918456397e-13
1.485526302837152525e-13
1.371776158174164418e-13
1.230658761661239688e-13
1.071244074455071615e-13
8.967622293209634998e-14
7.210717756345940594e-14
5.489317805692869220e-14
3.919222102404678296e-14
2.537657990177726446e-14
1.449135718314806164e-14
6.674010252877089029e-15
2.548234879391176779e-15
1.675590507394914246e-15
4.033438727152094349e-15
8.687933300863042373e-15
1.513866400389710522e-14
2.215849578169820909e-14
2.896344658663074661e-14
3.426090754906586845e-14
3.753693499203028326e-14
3.812705701478363565e-14
3.603685236535038500e-14
3.127287347925507770e-14
2.473425869172959721e-14
1.719921957920210538e-14
9.893525545900642169e-15
3.737471545508583443e-15
-1.160917405160586405e-16
-1.454285494303858880e-15
-1.681354356617634476e-16
3.118364253430175155e-15
7.510890146325178276e-15
1.158754547834702830e-14
1.448371401470577036e-14
1.520106199248066519e-14
1.359793062482303123e-14
1.006459014667611928e-14
5.641221139681241405e-15
1.565043132709544840e-15
-8.691199703395256503e-16
-1.196978398353911430e-15
6.096730784969923323e-16
3.505093947114261222e-15
6.307038939997333869e-15
7.674784106200743814e-15
7.059134497785979006e-15
4.672463593497520082e-15
1.678194976534074188e-15
-5.307170671692998539e-16
-9.132473142662821380e-16
4.840379729219476393e-16
2.711653460789468686e-15
4.290947149490026432e-15
4.224137448963038110e-15
2.509440567439786942e-15
3.694484171409344845e-16
-7.373182873749964411e-16
-1.228296173189837473e-16
1.523632518276110359e-15
2.774347545937304664e-15
2.480720618913156053e-15
9.328477166870429233e-16
-4.032017113344876062e-16
-3.134183423972392072e-16
9.234383294674184848e-16
1.909478298728065455e-15
1.473865250131009969e-15
1.685456741223889762e-16
-4.211868327704992951e-16
3.057984786548063175e-16
1.283770199546014411e-15
1.093579494526601420e-15
4.611970466485383909e-17
-2.903283170179422701e-16
4.784296047905001762e-16
1.016451360578931540e-15
3.833371142364342744e-16
-2.539696889224562548e-16
1.837473302113995030e-16
7.646518500351249910e-16
3.092935338440524813e-16
-2.070028734077169376e-16
2.458883003437457434e-16
5.736430903513857887e-16
2.985499993719906089e-17
-8.296762439041270668e-17
4.239797218764794982e-16
2.169052975596376793e-16
-1.269556253653278897e-16
2.659918482149712347e-16
2.378407908521820710e-16
-1.077079989677135371e-16
2.199235782136674271e-16
1.585492696557391692e-16
-6.981882115498358616e-17
2.193694787480239755e-16
4.380133857983338786e-17
6.370085744471122870e-18
1.884110077963130720e-16
-5.734801725192016591e-17
1.432660038327314310e-16
1.791497798573922424e-17
4.537036643111893864e-17
8.173804790837465820e-17
-5.416588128548427270e-18
9.490425548103760251e-17
-1.347800224766197604e-17
8.162282692406571047e-17
-6.387282706096640659e-18
6.386096673567752751e-17
1.233749210131660357e-18
4.949041818788003762e-17
5.846785876641385471e-18
3.921639596193961450e-17
7.896957492590265329e-18
3.193785323621603179e-17
8.414792638081626497e-18
2.660818212733881732e-17
8.145983103710441814e-18
2.254162151592890570e-17
7.519689721279854870e-18
1.932807102507416721e-17
6.762895717409474149e-18
1.672211833004372900e-17
5.991039542291635000e-18
1.457084165636195667e-17
5.260779404796566396e-18
1.277360273406731560e-17
4.598072911287631076e-18
1.126046309455101984e-17
4.012820849953400053e-18
9.980462589039486090e-18
3.506564102954652874e-18
8.895031314253480130e-18
3.076601413168772363e-18
7.974117331967396102e-18
2.718232436895966897e-18
7.193798925372867728e-18
2.425994309404940656e-18
6.534740755901533259e-18
2.194344652030204058e-18
5.981150788731454173e-18
2.018033261873840276e-18
5.520047285400170431e-18
1.892296007016239790e-18
5.140725903366328242e-18
1.812946521626011413e-18
4.834361177464072120e-18
1.776409205853698760e-18
4.593701562420332918e-18
1.779719357186103499e-18
4.412831835568695755e-18
1.820505802994325483e-18
4.286985518643813586e-18
1.896965232042010604e-18
4.212395360757455863e-18
2.007833869261267683e-18
4.186173634580501615e-18
2.152359751032710414e-18
4.206216063414101397e-18
2.330277627098096313e-18
4.271124989542817151e-18
2.541787549028749656e-18
4.380148385016756611e-18
2.787537701071059952e-18
4.533132204153908115e-18
3.068611703580869813e-18
4.730483838573556101e-18
3.386520445155306122e-18
4.973145290508519014e-18
3.743198289167523198e-18
5.262574638864840051e-18
4.141003592294137830e-18
5.600734757100624987e-18
4.582723163624000375e-18
5.990088372116271485e-18
5.071580536460034314e-18
6.433598732792056715e-18
5.611247744709611454e-18
6.934735169715079498e-18
6.205860244052471024e-18
7.497482962750928862e-18
6.860034717651250267e-18
8.126356868990051074e-18
7.578889319157623672e-18
8.826417736893926247e-18
8.368065927554111958e-18
9.603291610263546746e-18
9.233753904680102036e-18
1.046319052227787332e-17
1.018271469892373916e-17
1.141293435828290991e-17
1.122230655447241233e-17
1.245997271570079985e-17
