# bin_2_3
5.835219081482553529e-06
5.955714164483569127e-06
6.388930580607250105e-06
6.553122376621898209e-06
6.996394281636952208e-06
7.205221682902243979e-06
7.662131495144693859e-06
7.916767886228072017e-06
8.390969808406245856e-06
8.692818846983983759e-06
9.188042975094127903e-06
9.538732079047791129e-06
1.005878538187637794e-05
1.046015624789013128e-05
1.100891971927763180e-05
1.146301508428479732e-05
1.204443623622237917e-05
1.255348198237022903e-05
1.317156176339970523e-05
1.373794335739838315e-05
1.439671642286166906e-05
1.502294855649469449e-05
1.572645576002855829e-05
1.641514396899351714e-05
1.716739580449867008e-05
1.792118877525171710e-05
1.872611848740214074e-05
1.954764970610856203e-05
2.040905475656068898e-05
2.130087222277053389e-05
2.222234288948825846e-05
2.318682571930563859e-05
2.417165979165193976e-05
2.521092081953116729e-05
2.626202370711859478e-05
2.737779761924173452e-05
2.849756773712860234e-05
2.969108497354511463e-05
3.088128508877441720e-05
3.215313270486662878e-05
3.341474908976905096e-05
3.476472114317608666e-05
3.609781393601177370e-05
3.752475572725169444e-05
3.892830593101824092e-05
4.042995874534476757e-05
4.190171986565544531e-05
4.347457567432792721e-05
4.501094109295351604e-05
4.665012006702370169e-05
4.824602088275884533e-05
4.994518839288576120e-05
5.159404045216803774e-05
5.334538435275169773e-05
5.503910733195420299e-05
5.683340034030385222e-05
5.856253550878881477e-05
6.038931086403853161e-05
6.214326689241301399e-05
6.399113728545675667e-05
6.575859407589680953e-05
6.761574293842986089e-05
6.938524058379262095e-05
7.124010953511649368e-05
7.300084137596565630e-05
7.484302612335382075e-05
7.658583943332178921e-05
7.840718652691584421e-05
8.012576952941151593e-05
8.192163618188960227e-05
8.361383421811777574e-05
8.538443167369771740e-05
8.705358786623848479e-05
8.880527599152275467e-05
9.046143441469506655e-05
9.220777465365729447e-05
9.386852225494796338e-05
9.563083577188770954e-05
9.732150389516578564e-05
9.912863564733519987e-05
1.008815505904002294e-04
1.027685295880915089e-04
1.046210191686122135e-04
1.066263584869323646e-04
1.086173187156847783e-04
1.107788476308181711e-04
1.129438810628880180e-04
1.152932730009663924e-04
1.176587477409970676e-04
1.202153091853473552e-04
1.227921451629413049e-04
1.255569291584427338e-04
1.283354332729052215e-04
1.312872378937676786e-04
1.342347421320964473e-04
1.373298654349390437e-04
1.403930449304516888e-04
1.435705288135532859e-04
1.466838006635851467e-04
1.498770143057411909e-04
1.529770793841818139e-04
1.561306770961183609e-04
1.591750000045083090e-04
1.622636589295621469e-04
1.652478567057610859e-04
1.682904364944400966e-04
1.712571926705185271e-04
1.743184437856929749e-04
1.773503692348493482e-04
1.805239245742950335e-04
1.837166053537958187e-04
1.870892514002067068e-04
1.905093674367592431e-04
1.941171442805815668e-04
1.977620229724519926e-04
2.015595740908946679e-04
2.053427663224506323e-04
2.092105737213118433e-04
2.129939087643510957e-04
2.167947706081768775e-04
2.204642959053956406e-04
2.241288105318170714e-04
2.276755180942516548e-04
2.312611544066824477e-04
2.348019563360059683e-04
2.384639859478742709e-04
2.421594565314912507e-04
2.460246331713692456e-04
2.499312961210977519e-04
2.539627254269042483e-04
2.579493151092415899e-04
2.619474455113793114e-04
2.657963354826898064e-04
2.695884743011852085e-04
2.732287751857003324e-04
2.768755114938956270e-04
2.804854347638385055e-04
2.842224507341061164e-04
2.880039933292908379e-04
2.919102521548643057e-04
2.957713712526264713e-04
2.996073175282101798e-04
3.032576658870039842e-04
3.068171181849449307e-04
3.102436031332950206e-04
3.137250261957207726e-04
3.172386250423651563e-04
3.208878771046417980e-04
3.245107277314756883e-04
3.280944498452003895e-04
3.314763056549929429e-04
3.347664320288692356e-04
3.379787455901737026e-04
3.413132425617965929e-04
3.447093653273550738e-04
3.481667457321700396e-04
3.514727626898620839e-04
3.546673269231834821e-04
3.577602645178904915e-04
3.609822648053464134e-04
3.643002082696584825e-04
3.676859184245080225e-04
3.709177446096018549e-04
3.740824718852162056e-04
3.772674705720761835e-04
3.806682269943872845e-04
3.841160369158289479e-04
3.875152966528222671e-04
3.908072377816122311e-04
3.942667112164645153e-04
3.978910713717321353e-04
4.015731202884607366e-04
4.051253378115488024e-04
4.087965497259810521e-04
4.126616920632906658e-04
4.166149940985420836e-04
4.204398517730670000e-04
4.244086878955704548e-04
4.285592773418321318e-04
4.327132453512214246e-04
4.367689626562911917e-04
4.410535586879820065e-04
4.453750979668246184e-04
4.495941015506118243e-04
4.538909058270987470e-04
4.583245711223262147e-04
4.625543985905087468e-04
4.668968780516658912e-04
4.712672908964037934e-04
4.754855784927403020e-04
4.797777286662854835e-04
4.840645649773417446e-04
4.881805404193272947e-04
4.924795710080499649e-04
4.965557004603948516e-04
5.007591854716974969e-04
5.048886285968187974e-04
5.090137554365578186e-04
5.132011924988412162e-04
5.173249306484237718e-04
5.215604986450270847e-04
5.257394418805293483e-04
5.300222152929620623e-04
5.342714162962899829e-04
5.385930626069150660e-04
5.428911924511989557e-04
5.472227194671648674e-04
5.515238487862717887e-04
5.558198666004316455e-04
5.600711809483587119e-04
5.642882148523415678e-04
5.684521161057812374e-04
5.725702172567863476e-04
5.766417556999599899e-04
5.806755492208858990e-04
5.846830408702458938e-04
5.886715219416465078e-04
5.926548680399121609e-04
5.966315174319137497e-04
6.006083337355206438e-04
6.045701894504110002e-04
6.085146513839346334e-04
6.124173402119186156e-04
6.162746402217327132e-04
6.200654400139925205e-04
6.237972506836200661e-04
6.274622798646602726e-04
6.310823574018425367e-04
6.346584577856848692e-04
6.382139455277178585e-04
6.417415887122244035e-04
6.452499900535772900e-04
6.487148907199933104e-04
6.521327612905729364e-04
6.554772537944015230e-04
6.587547396866910232e-04
6.619571941785885915e-04
6.651095216836201219e-04
6.682133188147030113e-04
6.712880466007505216e-04
6.743168842859918700e-04
6.772969114303763498e-04
6.801985448329702115e-04
6.830238135131610740e-04
6.857643826541812929e-04
6.884456258617966187e-04
6.910685382769120614e-04
6.936449248424799308e-04
6.961489809249576379e-04
6.985727791865257996e-04
7.008960101718127254e-04
7.031374831770685055e-04
7.053020406083211668e-04
7.074067635198110111e-04
7.094290333444781393e-04
7.113600802728054038e-04
7.131830033462369621e-04
7.149210593193711192e-04
7.165793956655538803e-04
7.181646544695783349e-04
7.196476006391662418e-04
7.210283477259154129e-04
7.223099031379113253e-04
7.235160831334847996e-04
7.246283281187357967e-04
7.256356551837921760e-04
7.265290536565684014e-04
7.273348203776600638e-04
7.280425459369651566e-04
7.286398393299578589e-04
7.291153030181363138e-04
7.294953194973100453e-04
7.297675545579937993e-04
7.299206614213130150e-04
7.299536841786495893e-04
7.298898292440309226e-04
7.297050926724373042e-04
7.294011043884212654e-04
7.289884845335998413e-04
7.284661261553629450e-04
7.278122830030152183e-04
7.270516092688787723e-04
7.261670816701164179e-04
7.251544060935072268e-04
7.240235881224573811e-04
7.227691184099626666e-04
7.213831765257205019e-04
7.198863431289021213e-04
7.182517937997482012e-04
7.165024483228486177e-04
7.146194799470202740e-04
7.126109611945305672e-04
7.104745095007628701e-04
7.082072972769659332e-04
7.058143736140287412e-04
7.032895870968243436e-04
7.006379808803462868e-04
6.978555695349207902e-04
6.949455101576854999e-04
6.919058089801175242e-04
6.887363019736953036e-04
6.854366542671325386e-04
6.820066194432739936e-04
6.784487313888288478e-04
6.747617639657353585e-04
6.709473994118130566e-04
6.670034562590767407e-04
6.629337110600114257e-04
6.587372707390524388e-04
6.544174432013420738e-04
6.499717629974283151e-04
6.454039131815604395e-04
6.407125755752401258e-04
6.359015336438187185e-04
6.309689560461362269e-04
6.259193031218266388e-04
6.207519210597604777e-04
6.154712498165708888e-04
6.100761795490849959e-04
6.045716014083396149e-04
5.989568828132280000e-04
5.932360653710209032e-04
5.874092558438103297e-04
5.814823011775054886e-04
5.754540109379514823e-04
5.693298837374517448e-04
5.631120052124677713e-04
5.568038502729648039e-04
5.504063504149049125e-04
5.439266484116858039e-04
5.373635326048674474e-04
5.307237635049683218e-04
5.240096135090078957e-04
5.172257019868472952e-04
5.103752778456390523e-04
5.034636447281079247e-04
4.964936510770325429e-04
4.894713457514123130e-04
4.823990609072133554e-04
4.752836842016975325e-04
4.681273997930528695e-04
4.609378734562681102e-04
4.537171801615334440e-04
4.464734424982344714e-04
4.392091172004407339e-04
4.319321488075071125e-04
4.246451513209106876e-04
4.173559796508025956e-04
4.100678091898378734e-04
4.027882539109582378e-04
3.955204904850198491e-04
3.882720298899055449e-04
3.810464610849705080e-04
3.738511021082387706e-04
3.666893137360231758e-04
3.595681484476225182e-04
3.524911075768460554e-04
3.454649800162821268e-04
3.384929840624582268e-04
3.315816622618164675e-04
3.247342574016118233e-04
3.179569425334582804e-04
3.112525568485915778e-04
3.046269756940838563e-04
2.980831002335486055e-04
2.916264608960041581e-04
2.852594342677795066e-04
2.789872352373058890e-04
2.728124049132853450e-04
2.667399293323248488e-04
2.607718387941104234e-04
2.549126716871719079e-04
2.491644413720475412e-04
2.435313481073857005e-04
2.380147000348197049e-04
2.326179776131288900e-04
2.273421220423125415e-04
2.221898566569685031e-04
2.171610168014915436e-04
2.122573201777834399e-04
2.074781055989431179e-04
2.028243260305633000e-04
1.982942652430165248e-04
1.938881684122139681e-04
1.896044701318281710e-04
1.854434591924118301e-04
1.814032546575531670e-04
1.774840262375832563e-04
1.736844655173651743e-04
1.700049765136825994e-04
1.664436742224100851e-04
1.630000860533128092e-04
1.596717944397853966e-04
1.564573191858216093e-04
1.533525484885785216e-04
1.503545376107365587e-04
1.474588598222376567e-04
1.446625803309209239e-04
1.419612056042833460e-04
1.393523056320106700e-04
1.368329389340168880e-04
1.344017667045897390e-04
1.320554833320334762e-04
1.297916289542679308e-04
1.276062060919191357e-04
1.254959344339662839e-04
1.234557517149737860e-04
1.214824008299586749e-04
1.195729888059810100e-04
1.177269006992412827e-04
1.159424578532569443e-04
1.142186471034948219e-04
1.125525451435894250e-04
1.109407155917375228e-04
1.093774179906900271e-04
1.078584400659267291e-04
1.063807469426851477e-04
1.049438465188109283e-04
1.035462461565567004e-04
1.021861724220978266e-04
1.008600010997503295e-04
9.956469310476696399e-05
9.829764342560554471e-05
9.705931149282000226e-05
9.585058674338904898e-05
9.467090874155486549e-05
9.351536874897391650e-05
9.237880814614218491e-05
9.125872270189047827e-05
9.015645918545349077e-05
8.907217494371775981e-05
8.800342237348466191e-05
8.694694632470310598e-05
8.590332860792368919e-05
8.487486897274364324e-05
8.386088712077014037e-05
8.285593911085291688e-05
8.185634334559800283e-05
8.086358204051542244e-05
7.987969933169777436e-05
7.890226923187157655e-05
7.792984868506595505e-05
7.696549811760352634e-05
7.600912303454839360e-05
7.505440768141642032e-05
7.410005584550551896e-05
7.315098682482295037e-05
7.220610021492336150e-05
7.126297912042031711e-05
7.032573191342686729e-05
6.939225384156533715e-05
6.845595330186749362e-05
6.752223517863579724e-05
6.659319108578191330e-05
6.566550698783631807e-05
6.474225783472436677e-05
6.381907387786992002e-05
6.289478124601565866e-05
6.197682378909853186e-05
6.105943587344890566e-05
6.014589390737717066e-05
5.923219682959939057e-05
5.831995330878038782e-05
5.741278485904508384e-05
5.650651327298667143e-05
5.560315004876355098e-05
5.469970914681125245e-05
5.380179187455453763e-05
5.290513064194165063e-05
5.201081347069112223e-05
5.111826509496465747e-05
5.023079860689765128e-05
4.934447640757511972e-05
4.846085672965973586e-05
4.758159215319005903e-05
4.670635670321115422e-05
4.583267427691271721e-05
4.496465154599486885e-05
4.410126852537897183e-05
4.324153989321938648e-05
4.238712011345769921e-05
4.153815257997030660e-05
4.069389449301871557e-05
3.985630577754963543e-05
3.902262241841408428e-05
3.819507848812921352e-05
3.737276933183014872e-05
3.655506265745941925e-05
3.574184088347025142e-05
3.493249853152249776e-05
3.412758420980503091e-05
3.332611733996203930e-05
3.252807178086363990e-05
3.173384179768868018e-05
3.094412772165620234e-05
3.015934761112497404e-05
2.938010365089953929e-05
2.860791894578045165e-05
2.784391667320251134e-05
2.708920271353042449e-05
2.634427360811518579e-05
2.561015389625771705e-05
2.488689954752166118e-05
2.417424120619856518e-05
2.347107914665876632e-05
2.277668768155604120e-05
2.208970135913149592e-05
2.140916365781344780e-05
2.073406915584856042e-05
2.006464143196487828e-05
1.940123382707756265e-05
1.874532023759430664e-05
1.809829828422338305e-05
1.746220585139449333e-05
1.683810486865795408e-05
1.622695392156323440e-05
1.562825837768852771e-05
1.504126515790079923e-05
1.446417522588380324e-05
1.389616552274926852e-05
1.333690266738399454e-05
1.278833645822534711e-05
1.225394871687703380e-05
1.174022797272267251e-05
1.125489526502959501e-05
1.080711508761330991e-05
1.040503626581695487e-05
1.005569127472750604e-05
9.761912881867324584e-06
9.521855582162174907e-06
9.327063812273374423e-06
9.164378122198635923e-06
9.016570996946014278e-06
8.866321725058152263e-06
8.698336165623428120e-06
8.502900958171594290e-06
8.275291641787078107e-06
8.015813882279620547e-06
7.727531077667527284e-06
7.416406239889159414e-06
7.089455375170789861e-06
6.754587974241285261e-06
6.418630050764684616e-06
6.087581471272398361e-06
5.765547612910270337e-06
5.455780766741118499e-06
5.160282552930440051e-06
4.880947003781323171e-06
4.618499589595324410e-06
4.372364720642686018e-06
4.139389877101294276e-06
3.915858875277881932e-06
3.699302237139757743e-06
3.490287399333660667e-06
3.290112377653044150e-06
3.100124464539314761e-06
2.921391611130655100e-06
2.754254548411012484e-06
2.595427646277787716e-06
2.441459703836761277e-06
2.292525110647330846e-06
2.150605782471216510e-06
2.015186673644086006e-06
1.886808590782399793e-06
1.766798611999932673e-06
1.654979765182768754e-06
1.550413571032727455e-06
1.452696778304816072e-06
1.360447078689991157e-06
1.273814441640969484e-06
1.192404080067878243e-06
1.115949913954399336e-06
1.044223564786218338e-06
9.775010381220707006e-07
9.152966536343387180e-07
8.575848330745485235e-07
8.034824615417470522e-07
7.528078894412289330e-07
7.048763805074710907e-07
6.600141403751069276e-07
6.185278499876774739e-07
5.800956865938804033e-07
5.437636113146806970e-07
5.084998774242208454e-07
4.765112028038169980e-07
4.465788765881899670e-07
4.168618022398712212e-07
3.896725587983032835e-07
3.659278038239936705e-07
3.434092922944737588e-07
3.212551082840300476e-07
3.000445021509758452e-07
2.800238577234018222e-07
2.617024272517442637e-07
2.450500840158916890e-07
2.293335348887134114e-07
2.150149902698255351e-07
2.007842860662999273e-07
1.873523861558884925e-07
1.746798455902416678e-07
1.636345379668032576e-07
1.531117375514422983e-07
1.428189920237274052e-07
1.339213867154004762e-07
1.251130476474128532e-07
1.161618219119683366e-07
1.087166240205907680e-07
1.021812640279243188e-07
9.540565902631763921e-08
8.862409115816540270e-08
8.294353252419340798e-08
7.753685017488061918e-08
7.279924007920331061e-08
6.758782284969311936e-08
6.323102539288460266e-08
5.907326147139304174e-08
5.520706128208631922e-08
5.186343283047191590e-08
4.805664489616173547e-08
4.489586919162539035e-08
4.233178971944912612e-08
3.931391410004907954e-08
3.669340803097003994e-08
3.439135968327535155e-08
3.211070150009718838e-08
3.007644379948716454e-08
2.798386351068039938e-08
2.625542211814927213e-08
2.457422439454421541e-08
2.285179933901710592e-08
2.147142885148783923e-08
2.007678840916682259e-08
1.870616154635477379e-08
1.754267346689328428e-08
1.642303945527726777e-08
1.531190931852291742e-08
1.439995267862709364e-08
1.336689408063650506e-08
1.261352580209803845e-08
1.174977389074066932e-08
1.100363319041952070e-08
1.030622090703875351e-08
9.634450638454440649e-09
9.047838378240066825e-09
8.442646695504385641e-09
7.929115863535911512e-09
7.408922629133683015e-09
6.949467860060863920e-09
6.509256638943942485e-09
6.102717607335953269e-09
5.711405153452629474e-09
5.349324313471466368e-09
5.026267024865039835e-09
4.711536057407764307e-09
4.408157030980348416e-09
4.127741291242627333e-09
3.886698582055337556e-09
3.647894741540277225e-09
3.409700980675956843e-09
3.192594940304754552e-09
3.011025111657662529e-09
2.830066442772573540e-09
2.643786717967244483e-09
2.475154510515445304e-09
2.338127866797216115e-09
2.199976008316411482e-09
2.054788951515814026e-09
1.923313845619902091e-09
1.819875601202805572e-09
1.713793650423357302e-09
1.601154940262965970e-09
1.498036613874584428e-09
1.419552690910744997e-09
1.337762385771252983e-09
1.250850966258719844e-09
1.169919560341268182e-09
1.109811475726231461e-09
1.046406377903985862e-09
9.794134619936865722e-10
9.160620432830784321e-10
8.696121606241304831e-10
8.204610976549256102e-10
7.686291936977005890e-10
7.191353342608316756e-10
6.828379056202204013e-10
6.448416944481256931e-10
6.045594627477687830e-10
5.660830234663007544e-10
5.373189529258811747e-10
5.080062507340049517e-10
4.765197895649995916e-10
4.467830343176385580e-10
4.237543358862296618e-10
4.011681773950184442e-10
3.763715622426118912e-10
3.535138523821310021e-10
3.349545518298082173e-10
3.175170189619364802e-10
2.979137935048221958e-10
2.803954459548583795e-10
2.653647431033326491e-10
2.518486600201711516e-10
2.363295866024891030e-10
2.229219619358012712e-10
2.106907565972188916e-10
2.001905950760232976e-10
1.879152729373377475e-10
1.775825770492753853e-10
1.676371831505188876e-10
1.594970274323276157e-10
1.497415930083137856e-10
1.417256056972884417e-10
1.336943762859012513e-10
1.273241995050499929e-10
1.195622609013016931e-10
1.133556642177064033e-10
1.068221672514923904e-10
1.018586524450016062e-10
9.564790264592267481e-11
9.082521362869914862e-11
8.554127064395305552e-11
8.162129659616059315e-11
7.668424267338666291e-11
7.287851302588779255e-11
6.864609775914918748e-11
6.550671881014418872e-11
6.160311913575349260e-11
5.856717808271767080e-11
5.519069820078677282e-11
5.265495625776119364e-11
4.957212169212806137e-11
4.713642905918836423e-11
4.444721103458935679e-11
4.238792560002884125e-11
3.994983041484903649e-11
3.798711488346100316e-11
3.584567841085626478e-11
3.416916427429391716e-11
3.223738721922248899e-11
3.065004496826237134e-11
2.894245709764407873e-11
2.757395583517608877e-11
2.604000421768993647e-11
2.475355987489260478e-11
2.339002521634965244e-11
2.227027212734159543e-11
2.104834750411901073e-11
2.000277655740198749e-11
1.891244428088327907e-11
1.799481704152272771e-11
1.701852333170330000e-11
1.616629935994637059e-11
1.529215743931130085e-11
1.453852247941339787e-11
1.375608731290994622e-11
1.305980897988087945e-11
1.235718718054459221e-11
1.173681101705837115e-11
1.110718895889734071e-11
1.053654644498357604e-11
9.970160909758650062e-12
9.458285677702344542e-12
8.949660247373575335e-12
8.480400027697817365e-12
8.022072221688592483e-12
7.598468568611072245e-12
7.185742067529416062e-12
6.798514634927621906e-12
6.426168809240810232e-12
6.074514153374432121e-12
5.737947790900575179e-12
5.417165976016670129e-12
5.113262037746429069e-12
4.820370797326359243e-12
4.544692273636466063e-12
4.277916436190524597e-12
4.028798065126605458e-12
3.784154551196161718e-12
3.557300552859026713e-12
3.334808111761107312e-12
3.129919087652726232e-12
2.925209845328157942e-12
2.738112177096716632e-12
2.552297363181092794e-12
2.383656309866786696e-12
2.212541024714875495e-12
2.058410881573488421e-12
1.903663128581491089e-12
1.765376477108108445e-12
1.623235697602901872e-12
1.497253415848464740e-12
1.369603780460705211e-12
1.257606791008472728e-12
1.141254402218329498e-12
1.040219082337047661e-12
9.370547513345564045e-13
8.487406283997762683e-13
7.561546307294353201e-13
6.780781729326843346e-13
5.977864675897877099e-13
5.315759483088241156e-13
4.615057062559910664e-13
4.050997311300581618e-13
3.465888254452041847e-13
3.013466836006851121e-13
2.526879253384654747e-13
2.167231039218049324e-13
1.787339281219048455e-13
1.529803282363611418e-13
1.240338150193728119e-13
1.065335877221174849e-13
8.679603880169435964e-14
7.785167921505399504e-14
6.551813975582695277e-14
6.290907470195982042e-14
5.737677942599379669e-14
6.069346541549022949e-14
5.984614008904057890e-14
6.654938723246748369e-14
6.911997399457459785e-14
7.821948069686438734e-14
8.193867595693069449e-14
9.083377074413995692e-14
9.420182916752070713e-14
1.018275741763593862e-13
1.029588568887952198e-13
1.072958950509412373e-13
1.052362638397259107e-13
1.059657704662491255e-13
1.000043314192926594e-13
9.648490189254097350e-14
8.700949626158321129e-14
8.035663601558391331e-14
6.831820457116084279e-14
5.955374001455398322e-14
4.674465900142030813e-14
3.816273553200849328e-14
2.655260806055347913e-14
1.983232267080643268e-14
1.128485024990747086e-14
8.238435867654275328e-15
3.797849318495701515e-15
4.676140202061183358e-15
4.221189597175103632e-15
8.475551320077486647e-15
1.059528723743547625e-14
1.609065007705609776e-14
1.849372017714346943e-14
2.301933301825616254e-14
2.345972401981116029e-14
2.500983925120870953e-14
2.228866129094625930e-14
2.069049199352278727e-14
1.543527231088738572e-14
1.204635525980323091e-14
6.403380309310514541e-15
3.882578028232525224e-15
3.562868332406464126e-16
5.720577072178427848e-16
1.990690284361417549e-16
3.161350763278295934e-15
4.695076557656534448e-15
8.091205081689886083e-15
8.780955947365982140e-15
1.011309756267607635e-14
8.208091425707239997e-15
6.932324344548216807e-15
3.397433641590154853e-15
1.804755519820069685e-15
-5.108339514622688010e-16
6.230810999325102711e-17
3.149790670610793826e-16
2.797572747914526011e-15
3.713445086667061610e-15
5.213831180936422410e-15
4.119240927126901615e-15
3.361289169943573556e-15
9.162308014368542819e-16
2.147202686443075208e-16
-6.609020921128124430e-16
7.678333867281761005e-16
1.508002408677115573e-15
3.001388633427828511e-15
2.384128644246252277e-15
1.898725421900455877e-15
1.001517609947387625e-16
-7.156428620693692443e-17
-2.117761299340172762e-16
1.253472171480994090e-15
1.523144874052217194e-15
1.786156614263080493e-15
4.259469253054563207e-16
4.743402284035516331e-17
-3.211977656271901549e-16
8.215803630223835578e-16
1.004395929931922541e-15
1.121688802502225287e-15
-2.055878490753940822e-17
-2.980441147449492328e-17
6.186472581482609741e-17
9.725102309997556283e-16
5.324108005719663223e-16
2.234733048306622376e-16
-2.926537718052746986e-16
4.685286620342381677e-16
4.908938845822967366e-16
3.985965477963180359e-16
-2.620792261390994215e-16
2.670258377945968336e-16
3.508371760566691869e-16
3.300732248188274616e-16
-2.237869015827466077e-16
2.821509102177313718e-16
2.465183199458601971e-16
1.434673860963327498e-16
-1.401575698735625449e-16
3.698713844355508235e-16
4.299358702717044107e-17
3.329436492828641535e-17
7.690392743337576383e-17
2.432372007974911870e-16
-1.416698475265613119e-16
2.258982058316813700e-16
2.110096265409976183e-17
4.682924117436954680e-17
6.150115636283334137e-17
1.085905152137313718e-16
-6.152165803947382962e-17
1.893932453555227870e-16
-9.581758799878287133e-17
1.575442299074855926e-16
-4.740650320103385050e-17
9.458177398065520200e-17
-5.903502644326795477e-18
5.999899915164090904e-17
5.296204687419907802e-18
5.118661161517552699e-17
6.020631748558735776e-19
5.170346269638226907e-17
-6.897047424688407999e-18
5.281795163130974207e-17
-1.250462875835248383e-17
5.240207987587876392e-17
-1.579300961718474805e-17
5.070346529845944835e-17
-1.741084033871329811e-17
4.832090184422887145e-17
-1.797448137196398464e-17
4.568551746049678176e-17
-1.788527722827439840e-17
4.304156647192885848e-17
-1.738019172131722236e-17
4.051433266399884556e-17
-1.659786624935412323e-17
3.816397453841754053e-17
-1.562160594240367555e-17
3.601685413023639553e-17
-1.450331907135004419e-17
3.408219066036220974e-17
-1.327636356892212844e-17
3.236072954966302579e-17
-1.196251543854867249e-17
3.084928922133771339e-17
-1.057587297059571222e-17
2.954318870125018388e-17
-9.125138210339305675e-18
2.843756999500350253e-17
-7.615007392258628764e-18
2.752813075171282418e-17
-6.047051396790949398e-18
2.681153788070557825e-17
-4.420291746265229785e-18
2.628566403988233075e-17
-2.731584860998028273e-18
2.594972803768178243e-17
-9.758796408702236427e-19
2.580438307714411790e-17
8.536110139277045831e-19
2.585177897063999540e-17
2.765303692916167079e-18
2.609561434073794254e-17
4.769183916542073157e-18
2.654118726081655475e-17
6.876785009038962268e-18
2.719545091030222014e-17
9.101196991806921914e-18
2.806707759397175042e-17
1.145710286837186859e-17
2.916653299165819697e-17
1.396083797064273595e-17
3.050616335867338442e-17
1.663047076764406307e-17
3.210029527529602800e-17
1.948590298856585459e-17
3.396535004665285114e-17
2.254898904393599016e-17
3.611997229976535384e-17
2.584367298757475350e-17
3.858517380416280332e-17
2.939614246814132730e-17
4.138449213830550484e-17
3.323500003201525958e-17
4.454416510137287952e-17
3.739145062120875276e-17
4.809331985260640808e-17
4.189950449927169002e-17
5.206417740343755967e-17
4.679619588487363284e-17
5.649227086069271056e-17
5.212181514885751342e-17
6.141667777850402864e-17
5.792015459320893187e-17
6.688026398867837518e-17
6.423876482646934625e-17
7.292993784114941417e-17
7.112922028899855321e-17
7.961691196070819797e-17
7.864739078611766124e-17
8.699696911057614135e-17
8.685371443757679116e-17
9.513072767279480123e-17
9.581346774387877926e-17
1.040839011271937530e-16
1.055970259063079819e-16
