# bin_3_1
1.548451308067674391e-06
7.889627438661383473e-07
1.598374905194353341e-06
8.995990674280948314e-07
1.662368970373631155e-06
1.020436059026384277e-06
1.740726935888353222e-06
1.152148695679014309e-06
1.833864222799086595e-06
1.295503473207068558e-06
1.942311819034572722e-06
1.451354636491059481e-06
2.066710171116862376e-06
1.620640348742852160e-06
2.207803106522220694e-06
1.804378469355574234e-06
2.366431392783953837e-06
2.003661650733124367e-06
2.543525608101095092e-06
2.219651362333586633e-06
2.740097934918500666e-06
2.453570508734603574e-06
2.957232492925815857e-06
2.706694210083088663e-06
3.196073780283595900e-06
2.980338392409927532e-06
3.457812815012656960e-06
3.275845725629124191e-06
3.743670541478747272e-06
3.594568536515004148e-06
4.054878125451188277e-06
3.937848346165657254e-06
4.392653801998225695e-06
4.306991712391893364e-06
4.758176007211755195e-06
4.703242256197555292e-06
5.152552756787320251e-06
5.127748881735581853e-06
5.576787384539800218e-06
5.581530485396532748e-06
6.031741134900004398e-06
6.065437864597794041e-06
6.518093516430431748e-06
6.580114002075062024e-06
7.036301916999903379e-06
7.125954574313788235e-06
7.586562704800663553e-06
7.703071348289293756e-06
8.168776946553938002e-06
8.311262100250039572e-06
8.782524913102763981e-06
8.949991817414549076e-06
9.427054734974719179e-06
9.618391170406582637e-06
1.010129181716660590e-05
1.031527945535987450e-05
1.080387678046743943e-05
1.103922030959351428e-05
1.153324063877843111e-05
1.178861917254466312e-05
1.228772628354584651e-05
1.256187143883782560e-05
1.306576479363600484e-05
1.335756904383374751e-05
1.386611310136550328e-05
1.417477028887888394e-05
1.468815550607891932e-05
1.501333242912989982e-05
1.553226485857545018e-05
1.587429834537748704e-05
1.640020934656987353e-05
1.676031695636043831e-05
1.729557745673987524e-05
1.767606207712178854e-05
1.822417719741859025e-05
1.862859670312972928e-05
1.919434732525118065e-05
1.962761143709336654e-05
2.021710095253958795e-05
2.068545049113908838e-05
2.130601024324067235e-05
2.181683236089026437e-05
2.247674183998155039e-05
2.303818272279029670e-05
2.374617504983912524e-05
2.436653378200147248e-05
2.513108798058132703e-05
2.581801577939957904e-05
2.664648775601695740e-05
2.740607680185506545e-05
2.830378938025925812e-05
2.913971003832943575e-05
3.010919946562729961e-05
3.102211905686793638e-05
3.206280019367940349e-05
3.305036317224861877e-05
3.415889415175375819e-05
3.521652295522176616e-05
3.638807911589967472e-05
3.751072333250118028e-05
3.874119025167791739e-05
3.992588031798045980e-05
4.121463675315091405e-05
4.246330504911289899e-05
4.381584387250077409e-05
4.513746226099661657e-05
4.656674456611649258e-05
4.797759963295760452e-05
4.950300656834382031e-05
5.102417261352867965e-05
5.266748877090125731e-05
5.431949320477998106e-05
5.609864645993581838e-05
5.789489938256389180e-05
5.981789863335335836e-05
6.176008494241389327e-05
6.382282898653394564e-05
6.590194544030123424e-05
6.809296296766459064e-05
7.029770216447155356e-05
7.260944106065054930e-05
7.493890401049622832e-05
7.737973124939487724e-05
7.985218730150085448e-05
8.244945063149470784e-05
8.509791013367259830e-05
8.788554671308436645e-05
9.073876244949940790e-05
9.373507594203775645e-05
9.679716819912043200e-05
9.999210117269613041e-05
1.032424616394945604e-04
1.066124857138919736e-04
1.100338166853906554e-04
1.135764796143491292e-04
1.171853549676363904e-04
1.209342913484964669e-04
1.247721654710661203e-04
1.287631064035019764e-04
1.328463660778243804e-04
1.370692243304537069e-04
1.413645296696419923e-04
1.457771791271857782e-04
1.502535024185874324e-04
1.548523104412359780e-04
1.595359209030486249e-04
1.643622864036683149e-04
1.692829199317920483e-04
1.743312130522436617e-04
1.794428498893914825e-04
1.846473443471218574e-04
1.899000221023721053e-04
1.952530403237561028e-04
2.006762641360256884e-04
2.062070458967597266e-04
2.117862783338571233e-04
2.174249751348124673e-04
2.230708784063301401e-04
2.287647477632957077e-04
2.344836727371263255e-04
2.402587802173094362e-04
2.460294362958803226e-04
2.517956819785310179e-04
2.575151661925247928e-04
2.632316095629285086e-04
2.689203872533178124e-04
2.745850905399514459e-04
2.801595514255940823e-04
2.856625488394920866e-04
2.910857795543648628e-04
2.964560228533308361e-04
3.017111648170503328e-04
3.068508228075188466e-04
3.118700218866552018e-04
3.168089421928902425e-04
3.216143694570256428e-04
3.262850716186529543e-04
3.308295835847789037e-04
3.352874183847728211e-04
3.396054048257768896e-04
3.438052141290351741e-04
3.479146977598457282e-04
3.519448562282731551e-04
3.558588028582439374e-04
3.597251600402976129e-04
3.635405093737577244e-04
3.672963787829002023e-04
3.710298998780441385e-04
3.747697597624237128e-04
3.784790108787990342e-04
3.822296278561287302e-04
3.859977257608195630e-04
3.897918458989339157e-04
3.936490825818871682e-04
3.975359179103214497e-04
4.014844123032778028e-04
4.054853324146898749e-04
4.095248403723644477e-04
4.136286927367212622e-04
4.177516054822905589e-04
4.219329418414181953e-04
4.261215019737618279e-04
4.303545378325773904e-04
4.345884137393975265e-04
4.388544235231831275e-04
4.431191536626978653e-04
4.474088062237296460e-04
4.516975725826084787e-04
4.560068032318223205e-04
4.603137149599420075e-04
4.646334908967139523e-04
4.689421606200242496e-04
4.732478599456031070e-04
4.775241824861092897e-04
4.817746575049836988e-04
4.859742151365266144e-04
4.901288737814489364e-04
4.942230269599603206e-04
4.982743939460896644e-04
5.022843483888545261e-04
5.062869709526639705e-04
5.102998606181508284e-04
5.143666244895408503e-04
5.185075773661243937e-04
5.227574701091592790e-04
5.271186759708613480e-04
5.315986419499301591e-04
5.361698523838634390e-04
5.408110172764368827e-04
5.454752776434382061e-04
5.501339609016954110e-04
5.547482305657147226e-04
5.593086079717260288e-04
5.638025719252976690e-04
5.682448333484516360e-04
5.726400058046054054e-04
5.770081963268538106e-04
5.813508410007769489e-04
5.856802060109328033e-04
5.899927958632380631e-04
5.943005909327693775e-04
5.986036170216951996e-04
6.029134509321668837e-04
6.072209268966820240e-04
6.115182843441861315e-04
6.157765915350237170e-04
6.199803833616972151e-04
6.241157661428740335e-04
6.282003850721866846e-04
6.322546361492937866e-04
6.363087939564852262e-04
6.403660705890447695e-04
6.444218013249042743e-04
6.484542031358518036e-04
6.524606065858075139e-04
6.564407712948307346e-04
6.604046534717789279e-04
6.643382340899403517e-04
6.682234548343608371e-04
6.720372731693766621e-04
6.757858749385531761e-04
6.794822179299644634e-04
6.831446125145076509e-04
6.867677646103143192e-04
6.903448046901736147e-04
6.938587292681517226e-04
6.973010779365246357e-04
7.006628912010613068e-04
7.039649820333566087e-04
7.072377687971095157e-04
7.105016912960796177e-04
7.137278031199802879e-04
7.168769315571366313e-04
7.199262619279115077e-04
7.228921348790307315e-04
7.257949390967720089e-04
7.286485120464547506e-04
7.314325279563348593e-04
7.341282731826122895e-04
7.367399855372964469e-04
7.392927227022621931e-04
7.417855632940538848e-04
7.442140944555250938e-04
7.465634859224236104e-04
7.488250801604914722e-04
7.509958496195941495e-04
7.530796847768826902e-04
7.550791303090936737e-04
7.569932478315591698e-04
7.588005322968173136e-04
7.605346623115385053e-04
7.621987403788521489e-04
7.637661275594324504e-04
7.652178074891811000e-04
7.665746213874717607e-04
7.678459556433843772e-04
7.690076842656783443e-04
7.700766009718020173e-04
7.710582499370873324e-04
7.719401672751093849e-04
7.727110728131385839e-04
7.733766930844599308e-04
7.739364671745065701e-04
7.743863893363471876e-04
7.747362948527382982e-04
7.749854290742148053e-04
7.751107150614323449e-04
7.751255099076456104e-04
7.750307777430439152e-04
7.748227752573748871e-04
7.745109589841858537e-04
7.740780713717258961e-04
7.735292537013577869e-04
7.728625706211416204e-04
7.720819465394746037e-04
7.711879215910835044e-04
7.701692579169328381e-04
7.690319029397580004e-04
7.677762985361338182e-04
7.664044010743991048e-04
7.649092896340926742e-04
7.632914395361892722e-04
7.615534550208972542e-04
7.596965871116367853e-04
7.577144999538070217e-04
7.556107816302499829e-04
7.533877871336013563e-04
7.510423593132334059e-04
7.485724197886992190e-04
7.459815708139935645e-04
7.432686656107897376e-04
7.404316010525522924e-04
7.374748436705100881e-04
7.343971855746123404e-04
7.311969340573080999e-04
7.278771733558297291e-04
7.244367650302076548e-04
7.208761436406192161e-04
7.171981780523309629e-04
7.134008663253344883e-04
7.094869498188481963e-04
7.054564797266739970e-04
7.013104963357560430e-04
6.970507605284791174e-04
6.926769203848301241e-04
6.881915352162982537e-04
6.835949838003906954e-04
6.788899160138377100e-04
6.740764354570941185e-04
6.691567264863325327e-04
6.641320673368648203e-04
6.590049660965572806e-04
6.537764515804657395e-04
6.484487930260989267e-04
6.430237669427314902e-04
6.375037961635541227e-04
6.318905201007613643e-04
6.261866066897978306e-04
6.203940965956675777e-04
6.145155042460236734e-04
6.085534290453078121e-04
6.025106867212816223e-04
5.963894227601280237e-04
5.901928262297913069e-04
5.839235902295605114e-04
5.775846613678975320e-04
5.711788423320443781e-04
5.647093861667687453e-04
5.581793243599053730e-04
5.515920687221946561e-04
5.449505670458410465e-04
5.382584310112314887e-04
5.315188196663169461e-04
5.247356027692429625e-04
5.179118795789027906e-04
5.110514113233730364e-04
5.041577510509273738e-04
4.972346588314979733e-04
4.902856505124317081e-04
4.833146434456552518e-04
4.763252678102208762e-04
4.693215251795269569e-04
4.623069644614778055e-04
4.552856798561972064e-04
4.482613771510901807e-04
4.412381566781907591e-04
4.342196886369911919e-04
4.272100559099954622e-04
4.202130851936508094e-04
4.132330069290900522e-04
4.062734691442804625e-04
3.993385710336222472e-04
3.924321543921473546e-04
3.855584266273877521e-04
3.787209278572288540e-04
3.719237219196968431e-04
3.651705103089372532e-04
3.584654268294400962e-04
3.518118305161414242e-04
3.452134393134828117e-04
3.386736906411903975e-04
3.321964656224238527e-04
3.257844835068464005e-04
3.194409854937490427e-04
3.131687346285853477e-04
3.069709376050752279e-04
3.008496125097800977e-04
2.948071197096145202e-04
2.888454377215070204e-04
2.829668036588676994e-04
2.771725379233475842e-04
2.714640990597453935e-04
2.658429403965670073e-04
2.603107255160812738e-04
2.548684267736183438e-04
2.495174248674381502e-04
2.442590081172319101e-04
2.390951499089712096e-04
2.340268259612101243e-04
2.290556881650515088e-04
2.241829415613333387e-04
2.194103531591491566e-04
2.147382757914282584e-04
2.101673170533691092e-04
2.056972046918272554e-04
2.013277322205736216e-04
1.970572931813089766e-04
1.928842841210260414e-04
1.888066495503850446e-04
1.848230545115180773e-04
1.809315073366303951e-04
1.771310524849571851e-04
1.734211177402894338e-04
1.698024548534366384e-04
1.662752335561773714e-04
1.628398729816438054e-04
1.594961671930352062e-04
1.562434714168825013e-04
1.530790419937663770e-04
1.499993560646172420e-04
1.470000842266777109e-04
1.440777624351066905e-04
1.412292159415340354e-04
1.384531815832372404e-04
1.357499124605331608e-04
1.331212635736013007e-04
1.305678250058379768e-04
1.280887055158167181e-04
1.256803269792824388e-04
1.233377813090679820e-04
1.210550267943718281e-04
1.188278881153828907e-04
1.166553136560891254e-04
1.145399277270425087e-04
1.124840891234511075e-04
1.104881904963922641e-04
1.085480635894843775e-04
1.066573542749787979e-04
1.048092376408556078e-04
1.030014688819178963e-04
1.012365740821377077e-04
9.951942319307297208e-05
9.785014638330306880e-05
9.622294302903566690e-05
9.462910883388414335e-05
9.306517563722598594e-05
9.153392702532672060e-05
9.004097436145494851e-05
8.858581870825622524e-05
8.716146949641509446e-05
8.575996371878596991e-05
8.438208507882125943e-05
8.303378406459549217e-05
8.171729783374294225e-05
8.042455617478892348e-05
7.914889102887253335e-05
7.789287928227321819e-05
7.666326730954065342e-05
7.545639766859638001e-05
7.426437511695337449e-05
7.308701627092636520e-05
7.193100101722205923e-05
7.079357860208663729e-05
6.966846531589395450e-05
6.855671087598483944e-05
6.746264829311154822e-05
6.638160537173414628e-05
6.531194006472026622e-05
6.425556255306232067e-05
6.321155183460328323e-05
6.217805468347981730e-05
6.115717836119187510e-05
6.014496345328091298e-05
5.914387130745056635e-05
5.815398524860014307e-05
5.717159067497570635e-05
5.620002859945944071e-05
5.523804072336599273e-05
5.428228632286175487e-05
5.334058015605831326e-05
5.240157430168054749e-05
5.147547655140999160e-05
5.055621372477258886e-05
4.964497969317718383e-05
4.874385879809341415e-05
4.784739898818639347e-05
4.696333814161240478e-05
4.608314451809564363e-05
4.521396480780407926e-05
4.434913808244803486e-05
4.349494636434200154e-05
4.264589779885326890e-05
4.180587707235068401e-05
4.097175390144335992e-05
4.014694073136707079e-05
3.932877320956002513e-05
3.851913081977065376e-05
3.771660800022836609e-05
3.692319772882263267e-05
3.613725478751254980e-05
3.535964449342263784e-05
3.458945020792051484e-05
3.382789596623329332e-05
3.307383577233407126e-05
3.232776148996533322e-05
3.158923912585996061e-05
3.085938903655856670e-05
3.013766264761703133e-05
2.942455854424857691e-05
2.871993022205769462e-05
2.802456952437546613e-05
2.733788955418765807e-05
2.665985266643954694e-05
2.599002443050469111e-05
2.532878088368760257e-05
2.467572906533387138e-05
2.403113330302519455e-05
2.339525024472230544e-05
2.276903560026095772e-05
2.215271575911897741e-05
2.154660899747730477e-05
2.095057246627927657e-05
2.036464952197057120e-05
1.978829835099973612e-05
1.922146013416227639e-05
1.866451450658226282e-05
1.811883888717734264e-05
1.758579702815065758e-05
1.706673809047002145e-05
1.656208758322980741e-05
1.607136706431295828e-05
1.559277475393130026e-05
1.512432954893181016e-05
1.466449710167858046e-05
1.421307986189227385e-05
1.377062580320566005e-05
1.333814903611050967e-05
1.291623298061702696e-05
1.250528914253090515e-05
1.210565237017343572e-05
1.171831484288819234e-05
1.134432424349899888e-05
1.098429253118276782e-05
1.063763311453077209e-05
1.030330918542837491e-05
9.980071263356971877e-06
9.666532071534377507e-06
9.360204839359133555e-06
9.058219203773571724e-06
8.758572323352101392e-06
8.461322027319965168e-06
8.166972805942674228e-06
7.875273100632244078e-06
7.585912172229502070e-06
7.300762407106562831e-06
7.022137436484702669e-06
6.750201932523518872e-06
6.483946443107645073e-06
6.224973210689038988e-06
5.975329298590965112e-06
5.734424433533612658e-06
5.501473615740267276e-06
5.278140408800883586e-06
5.063663699335902812e-06
4.855731125782443385e-06
4.655848748708651244e-06
4.465342626780078048e-06
4.280718982713901370e-06
4.101444290827663596e-06
3.929876312001495752e-06
3.766224586318675471e-06
3.609427185282768345e-06
3.457612831272278107e-06
3.310769285008095087e-06
3.169958225950477810e-06
3.033489477626854881e-06
2.902588003904387833e-06
2.774485481876173875e-06
2.649656349282513614e-06
2.529647018716558089e-06
2.411825536743668482e-06
2.298917612948926419e-06
2.189769772459155617e-06
2.084249989815507498e-06
1.982221763501256007e-06
1.885568207164729456e-06
1.792990016091552001e-06
1.704305370759818338e-06
1.619506428518302995e-06
1.538373834804924096e-06
1.462366535546142719e-06
1.389140401616664638e-06
1.319141055664966346e-06
1.253825271551614586e-06
1.190731994709578455e-06
1.130179584326619345e-06
1.072946380748517966e-06
1.018544430345447660e-06
9.672324704829301962e-07
9.174503018890930363e-07
8.714850772553465650e-07
8.263175612577653578e-07
7.841222544461705618e-07
7.444982069344723504e-07
7.061715806511223169e-07
6.696262501704202204e-07
6.352163403415604816e-07
6.018532929774599108e-07
5.712824046220905926e-07
5.411893094882146225e-07
5.129513293265054204e-07
4.862833731170508914e-07
4.608772534549724941e-07
4.368848013762162251e-07
4.135791777726645205e-07
3.923239490596222654e-07
3.716853537962070456e-07
3.522487024445570343e-07
3.337240317294139102e-07
3.165973774617909051e-07
2.998381626453904212e-07
2.841844849638950200e-07
2.694554862851232701e-07
2.553185255435629945e-07
2.419383062736740198e-07
2.294970416821081912e-07
2.173305347912789947e-07
2.060599602603985156e-07
1.954120840834014217e-07
1.851377478356516388e-07
1.756466214069802062e-07
1.664338533990999973e-07
1.578902673463201230e-07
1.497422597748461839e-07
1.418925991740068121e-07
1.346045642370133314e-07
1.275364903068403209e-07
1.210176808640069939e-07
1.146503262403987127e-07
1.088019776901463714e-07
1.031489130739559767e-07
9.790905660517466485e-08
9.284730559710876122e-08
8.814661576319184751e-08
8.360792269220440190e-08
7.933849333906850021e-08
7.522971602022982829e-08
7.139042042297752995e-08
6.772101705104188463e-08
6.429222450561351036e-08
6.102759297716948578e-08
5.796793302869031798e-08
5.503346340058553734e-08
5.225152375815730103e-08
4.956178915127291068e-08
4.703337518456981472e-08
4.465594457302320354e-08
4.244597924853085366e-08
4.032112400519289499e-08
3.830306542662082934e-08
3.636099270484220923e-08
3.452206362543316028e-08
3.276263805305184140e-08
3.114385046224557546e-08
2.961967947784924002e-08
2.816100724679706701e-08
2.671341546184447195e-08
2.535546872057213726e-08
2.410261027947657104e-08
2.294932279536891640e-08
2.180974123341031626e-08
2.070011533054590937e-08
1.964910615445286813e-08
1.870235892197529828e-08
1.780128222680129607e-08
1.691309816767373419e-08
1.604367462033720822e-08
1.526372756883510627e-08
1.454017481002389639e-08
1.382040549789520177e-08
1.310409283336420184e-08
1.247845029677901386e-08
1.189297833392263793e-08
1.128894691827450322e-08
1.070767813968591122e-08
1.022674454339168882e-08
9.725839080496444880e-09
9.212490488765256964e-09
8.780992877769499929e-09
8.383480395737265963e-09
7.926702117613702499e-09
7.560589739444571303e-09
7.207092930814349180e-09
6.827736080588106960e-09
6.517715536252319779e-09
6.200470833240477536e-09
5.870433930784830097e-09
5.634248819458450410e-09
5.315218216008129457e-09
5.085214936489484092e-09
4.827315202427214635e-09
4.593003823999631073e-09
4.383912400886552278e-09
4.148814984564053115e-09
3.971484413845495687e-09
3.760323438217063597e-09
3.596662543711550733e-09
3.404953200294616195e-09
3.254285237822963851e-09
3.088315882283212663e-09
2.947104250718116019e-09
2.796631808519127591e-09
2.667355766880437787e-09
2.535776416980712059e-09
2.416535871635842324e-09
2.295952112498983983e-09
2.187631986313896037e-09
2.081306081128144523e-09
1.982186284130259344e-09
1.884275540070041535e-09
1.794363091272897691e-09
1.707660604142418619e-09
1.625719182912406274e-09
1.545803354047785384e-09
1.471489526021877739e-09
1.400399910657152868e-09
1.332839309431562670e-09
1.267287449143509368e-09
1.205904101050052855e-09
1.147481891086932276e-09
1.091748180629962389e-09
1.037908905570970898e-09
9.871976060367092302e-10
9.390508261984042097e-10
8.929904130980273483e-10
8.486240832349422716e-10
8.066916343403915766e-10
7.669088009147162996e-10
7.288444683847721685e-10
6.921858199117672875e-10
6.574452351283721344e-10
6.244647889828017000e-10
5.929212423999420192e-10
5.625755772264016699e-10
5.337472843033390224e-10
5.063156182991358127e-10
4.800735921736389967e-10
4.548540926331880393e-10
4.308659982481558487e-10
4.079756804345876757e-10
3.860977161853668226e-10
3.650605883710256931e-10
3.450278965674224000e-10
3.258644246897743526e-10
3.075761353305174209e-10
2.899708678085083522e-10
2.731606024866593980e-10
2.570784905263901346e-10
2.417512811540941079e-10
2.269598060724270185e-10
2.128638162792059831e-10
1.993714630953491642e-10
1.864647021384264089e-10
1.740583155700949019e-10
1.622642051678743485e-10
1.509127125889067270e-10
1.401344217010253307e-10
1.297730133478779757e-10
1.199090897628887105e-10
1.105037449325060201e-10
1.015390372451256936e-10
9.300269137671289939e-11
8.490633026935742897e-11
7.720472866045862930e-11
6.994355609681796610e-11
6.305029563279791235e-11
5.660513726195815076e-11
5.050717744053815180e-11
4.483935035941017969e-11
3.951835633436074734e-11
3.463071999438798312e-11
3.007744743637840910e-11
2.593052224693861480e-11
2.212922813872722861e-11
1.872840143402651479e-11
1.565887307355629564e-11
1.295984770311235656e-11
1.059267105526201873e-11
8.585754892291456863e-12
6.882673578434038130e-12
5.505787165167809024e-12
4.417633972719151547e-12
3.625456788050856189e-12
3.085113864684493299e-12
2.789355818287542980e-12
2.711992525917354086e-12
2.829074877905537502e-12
3.099209895330163586e-12
3.500737523192217037e-12
4.001134976071511490e-12
4.565371863548492047e-12
5.148972127585097778e-12
5.720323052084710570e-12
6.249451014200783073e-12
6.696587770051981444e-12
7.038077706686228645e-12
7.241878955374098368e-12
7.305681413080867829e-12
7.206731732698421040e-12
6.953237821672863817e-12
6.546058436561507842e-12
6.014213964753234680e-12
5.371459424640822553e-12
4.659184922430316939e-12
3.896690764984032735e-12
3.139326345428583544e-12
2.406226994526660817e-12
1.740065113889984812e-12
1.154357900681114108e-12
6.877979480613868064e-13
3.404660808177171708e-13
1.361294843829681785e-13
6.160029275383629689e-14
1.300385901301194465e-13
3.104037268892975834e-13
5.901928777549422725e-13
9.160385040109860118e-13
1.254305988797615393e-12
1.534273141451499017e-12
1.717887924404480726e-12
1.753942176567299597e-12
1.644513737621881473e-12
1.393688221451853471e-12
1.061968388033107652e-12
6.969364300374565355e-13
3.772683151746887149e-13
1.347876311022962034e-13
4.166340501689641137e-15
-3.140894838980426508e-14
2.617326220961656156e-14
1.436921825472587251e-13
3.129243333596401112e-13
4.877770596143489173e-13
6.366785364916994814e-13
6.890385468638045159e-13
6.223835336783345337e-13
4.352912468492847692e-13
2.128209323009713670e-13
3.336214451327495583e-14
-3.103626959861721106e-14
-5.610166359342475829e-15
7.016068875851683737e-14
1.419579436716110382e-13
2.233911037616832005e-13
2.990505738374215817e-13
3.351298604792913951e-13
2.540756132854803452e-13
8.640733374304001586e-14
-6.001902310992729880e-14
-6.089596523663124705e-14
4.060523363120075187e-14
1.393516107775094188e-13
1.675688613008469456e-13
1.713622915955782569e-13
1.318358802194629277e-13
3.227944030101210117e-14
-6.101669644931131961e-14
-1.170553234871029395e-14
9.624534562561669783e-14
1.183146356703889995e-13
7.216939397108524889e-14
6.574688332385812003e-14
1.103527284821120763e-14
-4.779485757103239667e-14
2.605846674759216438e-14
1.179901667644441511e-13
5.144503591609510873e-14
7.157336425339492910e-15
-1.115519481014316292e-14
-9.138923213286237568e-15
7.738498513857018263e-14
5.587004069439800372e-14
-3.086027075421647170e-14
2.127956724755971172e-14
-2.152487641587753782e-15
5.659092353329187664e-14
1.703572769818181608e-14
-2.188746560174083681e-14
2.133686854654680025e-14
2.370000164636921152e-14
2.294800154475621543e-14
-2.364316348065820893e-14
3.011353758405738406e-14
7.591798975486141263e-15
1.173788918034609109e-14
-7.219875511228710919e-15
1.977024951035345527e-14
6.847161268500104431e-15
-6.473975581847329168e-16
6.380618885408900663e-15
1.383765181242471783e-14
-5.271440984404735957e-15
7.967308274816054204e-15
9.398228892676349338e-15
-4.864666503222001453e-15
9.999332520724521665e-15
3.078928401077290157e-15
-2.070681356353752078e-15
1.129572583402518111e-14
-5.770277521364611838e-15
9.429393073667995946e-15
-2.081551194265578241e-15
4.501584993181568290e-15
1.411962025606384363e-15
1.618569229841020005e-15
2.557043651167239978e-15
7.904531585566498755e-16
2.359485643967981795e-15
7.874509743096951640e-16
1.833713034780920525e-15
9.118222837828257612e-16
1.375575487807671514e-15
9.670826572827769371e-16
1.048062317088016891e-15
9.484103198747946637e-16
8.211627280081478264e-16
8.872257768674359023e-16
6.593806592674530717e-16
8.082492361589091549e-16
5.387927940330255577e-16
7.254532620483258448e-16
4.452350541279992847e-16
6.456917866731555604e-16
3.704372837778961493e-16
5.719459539610149613e-16
3.093916947208378781e-16
5.052413631062093854e-16
2.588865617699387453e-16
4.456541984916890616e-16
2.167318580504911351e-16
3.928198328861700157e-16
1.813492907382850191e-16
3.461878283620189855e-16
1.515487799004461384e-16
3.051495385665318314e-16
1.264012081491472762e-16
2.691012537445099181e-16
1.051622759960677713e-16
2.374742692783929496e-16
8.722450787209869257e-17
2.097477763765707231e-16
7.208542563180317506e-17
1.854527927566401687e-16
5.932542183993058999e-17
1.641714806778431720e-16
4.859171833920712677e-17
1.455341820267734427e-16
3.958631505367869107e-17
1.292154409913485968e-16
3.205666317711475249e-17
1.149297010699429968e-16
2.578827635112722696e-17
1.024270490459577310e-16
2.059876501268270655e-17
9.148919226883788859e-17
1.633295178853520900e-17
8.192576180221462043e-17
1.285882635058257842e-17
7.357096997491224193e-17
1.006416786445791713e-17
6.628062628706432136e-17
7.853707171238139639e-18
5.992949149144325526e-17
6.146730753432594005e-18
5.440894756714480588e-17
4.875052290365665249e-18
4.962495313420394347e-17
3.981290209245425235e-18
4.549625697872438263e-17
3.417403639887675335e-18
4.195284067931467213e-17
3.143446886762479434e-18
3.893456470227422099e-17
3.126510889548946047e-18
3.638999278498818575e-17
3.339822351150505180e-18
3.427537622547163343e-17
3.761979730868132367e-18
3.255377461535755934e-17
4.376304953047421311e-18
3.119429954698605924e-17
5.170296984692507796e-18
3.017146316319992425e-17
6.135169948443223931e-18
2.946462049177754830e-17
7.265466231163870778e-18
2.905749198668296374e-17
8.558733296260062365e-18
2.893775651105569825e-17
1.001525423793160120e-17
2.909670476085334303e-17
1.163782574374389771e-17
2.952894554142582117e-17
1.343157454165916005e-17
