# bin_6_5
9.634770157471745381e-06
1.042247800004356839e-05
1.059921672817387956e-05
1.141491935620455939e-05
1.165365235254278366e-05
1.250205681098843064e-05
1.280585126304970516e-05
1.369187023006506647e-05
1.406410573397021196e-05
1.499286206076985985e-05
1.543722606634310984e-05
1.641405272925838067e-05
1.693453142144704681e-05
1.796496577738059710e-05
1.856582909668889937e-05
1.965560015526776844e-05
2.034137958185204496e-05
2.149638680625359438e-05
2.227184423317898123e-05
2.349812616945704449e-05
2.436821207222470478e-05
2.567190294881011831e-05
2.664170184062748976e-05
2.802897407180730385e-05
2.910363510424579433e-05
3.058062552982857322e-05
3.176527598838826245e-05
3.333799362385892129e-05
3.463763309686963430e-05
3.631184621047540138e-05
3.773121930014377434e-05
3.951231987493937243e-05
4.105576569649836547e-05
4.294860976818453606e-05
4.461988702849680458e-05
4.662861015131529734e-05
4.843069757163419314e-05
5.055850580379998670e-05
5.249337902896489857e-05
5.474231751907215014e-05
5.681070562560869069e-05
5.918140913801889610e-05
6.138253650492572061e-05
6.387396929025224526e-05
6.620529205204871701e-05
6.881448834060148608e-05
7.127143897834238063e-05
7.399326020604988434e-05
7.656901913785202048e-05
7.939594972853594897e-05
8.208126889106017701e-05
8.500327895067257792e-05
8.778638917701529689e-05
9.079089942818561977e-05
9.365754043467794041e-05
9.672953155789297292e-05
9.966314977605695170e-05
1.027854640346923979e-04
1.057676281426799659e-04
1.089215142649919694e-04
1.119325993442007593e-04
1.150985500578644656e-04
1.181187364031987787e-04
1.212776590822166572e-04
1.242882778858541792e-04
1.274230191933666662e-04
1.304082510869585053e-04
1.335054627218259604e-04
1.364543530095261160e-04
1.395066343805484606e-04
1.424153278265755215e-04
1.454235106004682582e-04
1.482975280065542301e-04
1.512728777711330524e-04
1.541291591889935582e-04
1.570951666619714950e-04
1.599635011753240872e-04
1.629568329226005095e-04
1.658802008315595844e-04
1.689503011907513897e-04
1.719836010754083148e-04
1.751904191642996052e-04
1.783970820843723190e-04
1.818064883083945473e-04
1.852526463659157139e-04
1.889293556017410396e-04
1.926755844904828223e-04
1.966738639488615809e-04
2.007650922086427054e-04
2.051182138765788655e-04
2.095731688882527285e-04
2.142834131636355552e-04
2.190858486503493967e-04
2.241177094908204193e-04
2.292123939145244125e-04
2.344921643469267101e-04
2.397888182870644934e-04
2.452134988464305652e-04
2.506010606854569664e-04
2.560580356661776194e-04
2.614293612504145991e-04
2.668252033443305172e-04
2.721084545073637292e-04
2.774007522187255884e-04
2.825889314200332359e-04
2.878103399699983851e-04
2.929764298040805860e-04
2.982375720662073636e-04
3.035224068321662342e-04
3.089829820573345592e-04
3.145494648417853571e-04
3.203575583436510540e-04
3.263195186509008092e-04
3.325370306017927380e-04
3.388905172845010981e-04
3.454410946619254218e-04
3.520398669043379287e-04
3.587211831478596675e-04
3.653311456996565930e-04
3.719108186928311746e-04
3.783389953640857862e-04
3.846997718102387236e-04
3.909314069399312031e-04
3.971714794437776301e-04
4.034056469224313866e-04
4.097892608298792636e-04
4.162991224414289777e-04
4.230419897285633509e-04
4.299238700637490447e-04
4.369636137815986906e-04
4.439947317833810888e-04
4.509925323763711177e-04
4.578032425572148810e-04
4.644656982061403706e-04
4.709353745530420274e-04
4.773650754476535443e-04
4.837959348293578298e-04
4.903925796613712879e-04
4.971269232818631510e-04
5.040236686955414666e-04
5.109039853181592547e-04
5.176925633224647820e-04
5.242240796433973466e-04
5.305524433706461851e-04
5.367108249276158300e-04
5.429137180615128217e-04
5.492245384948849255e-04
5.557166411232044830e-04
5.622142866769617997e-04
5.685957058013023585e-04
5.746814378950679258e-04
5.805606472993372165e-04
5.863513806834750154e-04
5.922976711498381631e-04
5.983885460255000330e-04
6.045299486685973712e-04
6.104501371888939373e-04
6.161257149526264262e-04
6.216603506533722318e-04
6.273569593882148427e-04
6.332439173866030117e-04
6.391867448859913509e-04
6.448913367748590605e-04
6.504208270681830070e-04
6.560038590311473771e-04
6.618906119207567350e-04
6.678727724577840624e-04
6.737085746515056013e-04
6.793745750983218876e-04
6.852608019447153139e-04
6.914374270196205511e-04
6.976481847131392466e-04
7.036476507252954326e-04
7.097869595268147848e-04
7.162650078750680029e-04
7.228333185435939371e-04
7.291941750269101321e-04
7.357441011407341155e-04
7.426160134866665154e-04
7.494432144643837796e-04
7.561202778816200490e-04
7.631413516323876534e-04
7.702458409822678966e-04
7.771372086306709091e-04
7.841850768436308110e-04
7.914315630769261150e-04
7.983588029303972889e-04
8.054471173703377750e-04
8.126105677611959819e-04
8.194865893087274885e-04
8.265138461025863968e-04
8.335013866154986767e-04
8.402196424025819895e-04
8.472135734247985108e-04
8.538423648701416431e-04
8.606454558547384486e-04
8.673272770398941572e-04
8.739522726349731882e-04
8.806789631145201837e-04
8.872419003427875050e-04
8.939846071465431220e-04
9.005731564841072461e-04
9.073264507443850333e-04
9.139675107168052310e-04
9.207240275465090624e-04
9.273933151805285836e-04
9.341201453979271858e-04
9.407589823217587469e-04
9.473995733758860775e-04
9.539378087730998948e-04
9.604346614074549824e-04
9.668194481035842416e-04
9.731428301598105514e-04
9.793622636242549188e-04
9.855262287886085246e-04
9.916118000047908099e-04
9.976628278479283008e-04
1.003662829782604390e-03
1.009642397523632116e-03
1.015578829478264557e-03
1.021483791427146804e-03
1.027324979254358190e-03
1.033100868598600067e-03
1.038779565240265275e-03
1.044362387675986867e-03
1.049833017127099885e-03
1.055207978935930862e-03
1.060489544121292474e-03
1.065702692308908737e-03
1.070850912247057552e-03
1.075945667316712765e-03
1.080971282043085950e-03
1.085916149930649197e-03
1.090751239881216500e-03
1.095463774075050665e-03
1.100041373937369954e-03
1.104496293463581294e-03
1.108841458179345976e-03
1.113098855642580525e-03
1.117271481855257277e-03
1.121352668749394125e-03
1.125314994797114564e-03
1.129135660475248356e-03
1.132798966556676458e-03
1.136314925196593413e-03
1.139703050361340255e-03
1.142984640140852102e-03
1.146157698526537689e-03
1.149201998613524206e-03
1.152087390984103373e-03
1.154802552141263828e-03
1.157359192703645090e-03
1.159783632288292638e-03
1.162085772264580827e-03
1.164249518259177123e-03
1.166244538669990649e-03
1.168059170877810320e-03
1.169708713128141597e-03
1.171214429249895243e-03
1.172571631807479888e-03
1.173753815014148437e-03
1.174746409177802051e-03
1.175565335406982079e-03
1.176228763316172939e-03
1.176723877649990839e-03
1.177024641705985914e-03
1.177133405453957646e-03
1.177074417775351815e-03
1.176843616822224057e-03
1.176412447575703223e-03
1.175780588289099043e-03
1.174975413356843740e-03
1.173988246564433525e-03
1.172790129130133830e-03
1.171393466944672989e-03
1.169821576540094887e-03
1.168046979159731436e-03
1.166058584222770620e-03
1.163883717856905751e-03
1.161511446017956996e-03
1.158919435435077760e-03
1.156136146533068981e-03
1.153151782279168572e-03
1.149950694995688664e-03
1.146555241911714025e-03
1.142949566600871131e-03
1.139130312259246589e-03
1.135116133181326677e-03
1.130879002976131493e-03
1.126445748028771093e-03
1.121799380366140641e-03
1.116945631474242301e-03
1.111889749015508274e-03
1.106618512371107532e-03
1.101148711588679184e-03
1.095464499055714275e-03
1.089582229317433929e-03
1.083490711052973116e-03
1.077201899279431807e-03
1.070708458083765224e-03
1.064017920274564237e-03
1.057126232806059616e-03
1.050039727544674470e-03
1.042756523601461385e-03
1.035282942583001234e-03
1.027618437888083757e-03
1.019767927638017381e-03
1.011732258161586505e-03
1.003516477643739534e-03
9.951216394007607064e-04
9.865526195209839075e-04
9.778112529030410453e-04
9.689025380986134115e-04
9.598293866261846689e-04
9.505975263095900593e-04
9.412104902866766506e-04
9.316737347511400797e-04
9.219910411942662488e-04
9.121678198120777847e-04
9.022087811343926754e-04
8.921196545616541474e-04
8.819052040117569173e-04
8.715720020513355922e-04
8.611256579862585974e-04
8.505727920395466475e-04
8.399193754506573866e-04
8.291724146707073672e-04
8.183377757083295286e-04
8.074226735811654765e-04
7.964337156851107125e-04
7.853780570968760429e-04
7.742626370632297054e-04
7.630955592775760582e-04
7.518836507390753206e-04
7.406348708852462936e-04
7.293566759851346365e-04
7.180570778543773772e-04
7.067434642598760053e-04
6.954238379248267729e-04
6.841058537095462628e-04
6.727977359967232457e-04
6.615072843285846370e-04
6.502425026556578596e-04
6.390111730755049756e-04
6.278215579069528190e-04
6.166813065770815382e-04
6.055980506836466763e-04
5.945794804430795536e-04
5.836334156154150904e-04
5.727671397916853481e-04
5.619878250833737054e-04
5.513025999832874870e-04
5.407186928215693567e-04
5.302428156254438080e-04
5.198812612112206546e-04
5.096403304263545783e-04
4.995262707424641749e-04
4.895447978167116352e-04
4.797011676656582875e-04
4.700005158446750124e-04
4.604479283899882633e-04
4.510478829799005065e-04
4.418043527922062698e-04
4.327212229075997198e-04
4.238022397164654606e-04
4.150504240375588964e-04
4.064683220752708030e-04
3.980582520453936329e-04
3.898224386718316704e-04
3.817626250310080785e-04
3.738798229237748350e-04
3.661749474293793968e-04
3.586488547755578289e-04
3.513017971673051921e-04
3.441333177224648130e-04
3.371429367643983296e-04
3.303300827307269357e-04
3.236938229124337852e-04
3.172324389005516730e-04
3.109441674999433958e-04
3.048273116212950394e-04
2.988799411922190468e-04
2.930991493958195072e-04
2.874822454961651003e-04
2.820266747109171821e-04
2.767295508861644031e-04
2.715873138608919206e-04
2.665964189032135698e-04
2.617536806342142313e-04
2.570557648827816893e-04
2.524984964230405672e-04
2.480779585223261575e-04
2.437905623725115099e-04
2.396326041873475987e-04
2.355997968493831547e-04
2.316878896856105628e-04
2.278931525152690042e-04
2.242119326575631167e-04
2.206397765171701035e-04
2.171724685642123737e-04
2.138063606273989071e-04
2.105379465092669939e-04
2.073628439088659632e-04
2.042769115778058145e-04
2.012768046442400067e-04
1.983592527581181492e-04
1.955201301233076621e-04
1.927555353801126863e-04
1.900624040460097684e-04
1.874377911034934383e-04
1.848779732699013705e-04
1.823792997422482576e-04
1.799390861662301022e-04
1.775548326818874049e-04
1.752230704621075700e-04
1.729405958030597555e-04
1.707050975835566319e-04
1.685144150965279034e-04
1.663655674048014990e-04
1.642556680099281944e-04
1.621827850279390030e-04
1.601451609021393963e-04
1.581402925452767136e-04
1.561655868521742436e-04
1.542195310543082300e-04
1.523007900507458419e-04
1.504072507169732225e-04
1.485366965838365945e-04
1.466879895352544635e-04
1.448601635733081294e-04
1.430515637836008282e-04
1.412602279464461282e-04
1.394853786947034273e-04
1.377264432561301399e-04
1.359821862277974653e-04
1.342509031287903506e-04
1.325321590616764661e-04
1.308256673399397867e-04
1.291305644500747392e-04
1.274453752010281618e-04
1.257698845788003672e-04
1.241040805552997520e-04
1.224473877698662946e-04
1.207984997634274236e-04
1.191573837145421395e-04
1.175242145964654975e-04
1.158986631407039235e-04
1.142795118937271488e-04
1.126668122943461341e-04
1.110608706327800464e-04
1.094615367693227708e-04
1.078676530040988758e-04
1.062792938237370864e-04
1.046968336244807532e-04
1.031202611225881673e-04
1.015484700349716626e-04
9.998156077194919795e-05
9.842000437465280363e-05
9.686395173990444056e-05
9.531238315262528034e-05
9.376543952281764444e-05
9.222373780510730718e-05
9.068762831311294448e-05
8.915628109410839641e-05
8.762995471709482062e-05
8.610941497617016489e-05
8.459523613016548210e-05
8.308677542330428548e-05
8.158435272412351967e-05
8.008878591090103766e-05
7.860075185622384492e-05
7.711964673368993566e-05
7.564566678876088210e-05
7.417946048499169981e-05
7.272152792614551835e-05
7.127108190563649116e-05
6.982801091122059945e-05
6.839266671570654705e-05
6.696531947941268537e-05
6.554510290613089249e-05
6.413184149523750474e-05
6.272590165781962194e-05
6.132777083427957585e-05
5.993711674828676401e-05
5.855430260292092658e-05
5.718032435396411587e-05
5.581636066711675960e-05
5.446286446338770168e-05
5.312072118389690262e-05
5.179116436743857056e-05
5.047530384677253806e-05
4.917338849015915535e-05
4.788568283940786727e-05
4.661250804360416843e-05
4.535395392681646919e-05
4.410950313679047109e-05
4.287872342870140238e-05
4.166143970164855841e-05
4.045753941803046841e-05
3.926683908243788974e-05
3.808942755359495956e-05
3.692582750740198711e-05
3.577668921678073131e-05
3.464281121547123946e-05
3.352506655242276775e-05
3.242443683293240258e-05
3.134166170944451191e-05
3.027757938582956087e-05
2.923301891517045818e-05
2.820923844037779082e-05
2.720788330949641754e-05
2.623170174199383243e-05
2.528422477482907370e-05
2.436998809101884281e-05
2.349413052235928051e-05
2.266271867544106865e-05
2.188148627704899211e-05
2.115496207687595401e-05
2.048501761292065144e-05
1.987076483573157050e-05
1.930761860329032335e-05
1.878766380941168600e-05
1.829991731331537697e-05
1.783219243659758281e-05
1.737214903535978336e-05
1.690922073196425866e-05
1.643545991833386661e-05
1.594647420427289426e-05
1.544081326465297630e-05
1.491980660717943441e-05
1.438648694786395794e-05
1.384490640752456777e-05
1.329919395520845890e-05
1.275366189296302205e-05
1.221225332732148262e-05
1.167853196222072215e-05
1.115588431218058154e-05
1.064734618759019778e-05
1.015460472761309604e-05
9.678610602246490071e-06
9.219928619498563772e-06
8.777868395717521689e-06
8.351540597362482019e-06
7.940900811868400352e-06
7.545828255457467601e-06
7.166651728482699244e-06
6.803912704553106279e-06
6.457291520167530982e-06
6.126857376250620230e-06
5.811439010172056757e-06
5.509992386209605808e-06
5.221483263041988123e-06
4.945042802391674098e-06
4.680502984489679211e-06
4.427511720559768200e-06
4.186364811162021940e-06
3.956886468293637322e-06
3.738961690716050585e-06
3.531873910389189646e-06
3.335144587373179114e-06
3.148256462810305843e-06
2.971050010440764131e-06
2.803352278666191860e-06
2.645034795798943279e-06
2.495659868488564997e-06
2.354721527728586757e-06
2.221698260711859072e-06
2.096171323094287251e-06
1.977690548833181575e-06
1.865808968481345019e-06
1.760009647805403645e-06
1.659977028200575163e-06
1.565508109823490901e-06
1.476358190579292945e-06
1.392238644921408140e-06
1.312787409826453345e-06
1.237528291229832476e-06
1.166398133001851898e-06
1.099455881311690509e-06
1.036329671581126317e-06
9.765924908399390115e-07
9.201758720462855126e-07
8.668648720970369011e-07
8.166600005849378802e-07
7.695638585882643646e-07
7.250450850746206470e-07
6.828075911883806113e-07
6.431336600883412527e-07
6.059043874339975780e-07
5.707436075467060825e-07
5.375775643946424750e-07
5.064285839624360619e-07
4.769353019209971170e-07
4.492074227703278694e-07
4.233333283521380345e-07
3.988198933040222033e-07
3.754463625747870044e-07
3.535327304585515761e-07
3.330604337661949037e-07
3.135643462614292537e-07
2.951288810227040171e-07
2.778098302870108569e-07
2.614047313944241815e-07
2.460269231563272844e-07
2.315969185669949076e-07
2.179292367564193755e-07
2.048518318119642308e-07
1.928224625260107816e-07
1.816071197719183578e-07
1.708485564212844633e-07
1.606023823431508681e-07
1.511706240845615591e-07
1.424421331032091435e-07
1.339576825810866499e-07
1.260111024890819344e-07
1.186254799286069141e-07
1.117637719810734202e-07
1.051279570860397833e-07
9.895747674927894954e-08
9.319334049809554944e-08
8.774351300073313516e-08
8.260646576060349003e-08
7.776721480137890987e-08
7.328270810834158353e-08
6.895483963686154330e-08
6.497962477985300672e-08
6.119854026917604917e-08
5.769801820655180720e-08
5.431691451125820952e-08
5.120740843112322082e-08
4.826000444010761698e-08
4.549728520223090474e-08
4.288095380241902068e-08
4.043544448914721386e-08
3.814947136398520570e-08
3.596939501003274745e-08
3.394494224939114164e-08
3.200298453322901198e-08
3.021126151908569112e-08
2.849336484558013289e-08
2.692853956180201819e-08
2.539871600133063594e-08
2.398022072481997403e-08
2.262054268882774065e-08
2.139571044851179255e-08
2.019970100369655389e-08
1.907614558464933272e-08
1.800455533798024295e-08
1.703615564410812680e-08
1.609637018698192042e-08
1.520271419239846703e-08
1.435950882576971163e-08
1.359369813159752570e-08
1.285394096747593979e-08
1.214165694687645463e-08
1.147390356392499061e-08
1.086781948212571600e-08
1.028520065583740470e-08
9.717544072417028846e-09
9.183912574320596419e-09
8.705676092077348121e-09
8.247201289500822116e-09
7.791057835917276039e-09
7.363189620394784405e-09
6.990053354471851408e-09
6.623725408354514694e-09
6.254693519808575520e-09
5.919912435571547757e-09
5.621809439518047802e-09
5.323367996132356341e-09
5.037858663735815280e-09
4.765710211130555287e-09
4.523811256479446255e-09
4.294687393742892534e-09
4.058115459312467413e-09
3.844031358581325145e-09
3.651106843826660148e-09
3.463348261181700444e-09
3.280259122547827761e-09
3.102550725281869266e-09
2.951821259552919711e-09
2.798966075402197851e-09
2.653030021763654092e-09
2.510411723504264255e-09
2.388252071527687424e-09
2.266485616734209079e-09
2.148307844673754397e-09
2.034639287711332546e-09
1.934941238201110141e-09
1.837731406608023368e-09
1.742097756801601070e-09
1.651208181833126213e-09
1.569928556330912358e-09
1.491996026124272033e-09
1.414554877507872386e-09
1.341737395487544014e-09
1.275442252473599235e-09
1.212741887395238479e-09
1.150005801575457446e-09
1.091535099032729967e-09
1.037413336029515511e-09
9.868080282588360337e-10
9.359263368146132033e-10
8.889421402117191038e-10
8.446662456016237234e-10
8.037785441399796151e-10
7.624762522093878164e-10
7.246124394789074973e-10
6.883662230648954412e-10
6.553199387565196603e-10
6.217345644217594444e-10
5.911473010542008883e-10
5.615371720540983387e-10
5.347566653717216847e-10
5.074344582062273978e-10
4.827095351618726052e-10
4.584673349303675620e-10
4.367770534684921847e-10
4.145118623405653549e-10
3.944962824692753237e-10
3.746761580789391489e-10
3.570388171409454996e-10
3.389037217969325400e-10
3.226264866702619710e-10
3.064357212976180162e-10
2.920158939480146049e-10
2.772486918835583474e-10
2.639608447700881751e-10
2.507221700088146306e-10
2.388999257099306548e-10
2.268433105372341105e-10
2.159664199827664478e-10
2.051544883440085612e-10
1.954641648958054186e-10
1.856504806042902493e-10
1.767616659673335884e-10
1.679550879524386292e-10
1.600331987315087607e-10
1.520525817976926752e-10
1.447908169496464900e-10
1.375983712430441383e-10
1.310865284173190770e-10
1.245440708825421316e-10
1.185648784836256600e-10
1.126443797076510100e-10
1.072477912664864601e-10
1.018665247568501782e-10
9.695466674264738484e-11
9.210332529189167918e-11
8.767963955271896361e-11
8.331424262874563227e-11
7.931179804236055190e-11
7.535341404283527337e-11
7.171700534753854690e-11
6.810419380993535701e-11
6.476570136529079688e-11
6.146576242104780959e-11
5.842274102340762411e-11
5.543684972557995807e-11
5.270175924886653210e-11
5.002924097227094976e-11
4.755172394615693979e-11
4.511719934375319227e-11
4.284360505135310856e-11
4.058871922100298442e-11
3.848381838214948093e-11
3.642569570790873575e-11
3.454719324018705279e-11
3.272167507311704890e-11
3.101843886386095748e-11
2.933190646860070455e-11
2.774293513837802409e-11
2.617228446987246227e-11
2.470573112888146246e-11
2.330503565441844354e-11
2.202203290826704588e-11
2.075187911734226978e-11
1.952650393482758089e-11
1.831312336779611974e-11
1.719446219084941290e-11
1.613427179572744159e-11
1.514922370653312585e-11
1.415919043913102672e-11
1.320604625801500624e-11
1.228299260378557171e-11
1.144699261124188431e-11
1.064810691563669371e-11
9.871890481936396259e-12
9.087876788893093734e-12
8.375617841404177960e-12
7.716863485399052819e-12
7.090723452321011318e-12
6.443946956845011333e-12
5.854687091497371617e-12
5.325040293693776825e-12
4.817304977781077474e-12
4.294545412853425326e-12
3.839091571844246644e-12
3.429152167607826369e-12
3.017249505206410491e-12
2.623964873638426427e-12
2.307607679881387443e-12
1.985388878986576002e-12
1.679243571576938072e-12
1.438526116092793870e-12
1.208968440270405943e-12
9.798617281318187017e-13
8.260130492722955049e-13
6.628486290093682203e-13
5.276276681369942515e-13
4.393998256844759280e-13
3.403767695979637398e-13
2.921231867984504657e-13
2.491444645615744938e-13
2.204161371147114741e-13
2.256438127613205024e-13
2.210404631855993910e-13
2.538395872081197697e-13
2.700663106169625349e-13
3.173384689083604198e-13
3.488191227320607148e-13
3.985830267059806814e-13
4.324459034266620741e-13
4.763762507726001135e-13
5.035665141043571374e-13
5.327328810407378858e-13
5.435081063691940714e-13
5.524564340793029362e-13
5.429146763018474116e-13
5.284134779198313953e-13
4.965008391536679702e-13
4.606772856264527361e-13
4.109668490294497758e-13
3.597556437279983623e-13
2.993166931808852394e-13
2.425681734055628727e-13
1.831334842245741614e-13
1.321598933473458338e-13
8.417970317277854696e-14
4.948762597869754074e-14
2.213739336609457524e-14
9.703731173396414787e-15
5.238525493513997045e-15
1.436884401207834977e-14
2.888218025443819716e-14
5.165795126761297214e-14
7.384433452656511481e-14
9.753520249254013615e-14
1.143557737328238382e-13
1.263855489836889485e-13
1.272455441202902895e-13
1.210235357831718416e-13
1.043113083397759008e-13
8.325220741732635044e-14
5.702853466253365057e-14
3.332980455263682174e-14
1.222415143295216618e-14
4.084559652715094405e-17
-5.014306009064347022e-15
1.550070187495333865e-16
1.051397942990451846e-14
2.561826593771828491e-14
3.857607679882627995e-14
4.851833926791858929e-14
5.024479274580283007e-14
4.557447812369100140e-14
3.340952438544905374e-14
1.940754641104552256e-14
5.468106352059344554e-15
-2.412988813796540630e-15
-4.193425304606419192e-15
1.921080851820538220e-15
1.121971616373196754e-14
2.121966012208007606e-14
2.575986085204313111e-14
2.418889971892541517e-14
1.561866071775728613e-14
5.608315591229877136e-15
-2.258813032978223616e-15
-2.989122990087659603e-15
1.701730406647169250e-15
9.519173403363130780e-15
1.424629850810242493e-14
1.405123250344433365e-14
8.106630758432295550e-15
1.469474712489146785e-15
-2.405211967939854178e-15
-2.599349441304140339e-16
4.884497247623527427e-15
9.362006465041489246e-15
8.225428027957768082e-15
3.248869816225970615e-15
-1.421825875670418198e-15
-9.004482986515055676e-16
2.935901792100288432e-15
6.409697219749470903e-15
4.950429978330361165e-15
7.502733389731586447e-16
-1.659122518152994177e-15
1.072419545030145396e-15
4.428724704769596458e-15
3.671125505676737125e-15
-1.006974093994901251e-16
-6.875701068909660801e-16
1.542886455990554059e-15
3.283775664386221129e-15
1.374697153397688560e-15
-7.744907393185785516e-16
4.266956858962433627e-16
2.758931133835042005e-15
8.986510005360528130e-16
-6.062276811739141836e-16
7.618869599037528520e-16
1.987921917354550040e-15
3.330916230824559756e-17
-2.194536772309815199e-16
1.391717349461484838e-15
7.269436976307632205e-16
-3.999371900958011020e-16
8.593179582452492246e-16
8.302339747207708077e-16
-3.850536351600147168e-16
7.566179533726482182e-16
5.214532497788511573e-16
-2.277583161465573446e-16
7.381212754992802418e-16
1.414930118697543537e-16
3.403214233492970097e-17
6.191810190116326704e-16
-1.748831628758838066e-16
4.655315314923156998e-16
7.865757780824531319e-17
1.371289632666872195e-16
2.928722985133310240e-16
-3.296352638822234985e-17
3.371842027203768442e-16
-5.975501090493125600e-17
2.927708642234346896e-16
-3.559870865448939920e-17
2.332008044331160002e-16
-9.476329653048191931e-18
1.848712363866036496e-16
6.719844001368690960e-18
1.501936447829180173e-16
1.443707777718439764e-17
1.255233905079951618e-16
1.709465627543749532e-17
1.073863674440395819e-16
1.716956271406404928e-17
9.350748910290978039e-17
1.608720353525540413e-17
8.252859111792279526e-17
1.460158806990503918e-17
7.363916187037519450e-17
1.309699051564968430e-17
6.633608972228904761e-17
1.176350131749967723e-17
6.028998401662180210e-17
1.069035902481015746e-17
5.527352229009355173e-17
9.914558121650719454e-18
5.112262482631787610e-17
9.446358169530443797e-18
4.771469596408667863e-17
9.282914059585292126e-18
4.495588596636462617e-17
9.415696520041167754e-18
4.277327695358004774e-17
9.834593004224030048e-18
4.110986616160293734e-17
1.053018865347880697e-17
3.992120754302527655e-17
1.149503325108670099e-17
3.917308372313238654e-17
1.272433343024908129e-17
3.883984007825867888e-17
1.421632197490424424e-17
3.890317207254004288e-17
1.597244657263429646e-17
3.935122560796377435e-17
1.799746248344211213e-17
4.017792943497312289e-17
2.029948252743594035e-17
4.138250053138179631e-17
2.289001125303628423e-17
4.296908631845426459e-17
2.578398535789505359e-17
4.494651634209512319e-17
2.899983017170313447e-17
4.732814414311400855e-17
3.255953853890996985e-17
5.013176575050385353e-17
3.648877802512829928e-17
5.337960479429984867e-17
4.081702714273995429e-17
5.709835717245444387e-17
4.557774313818552547e-17
6.131928703609022486e-17
5.080856084473575719e-17
6.607837246013075101e-17
5.655152397979552550e-17
7.141649437956264820e-17
6.285334720761478414e-17
7.737966774208218120e-17
6.976570968658191980e-17
8.401931028684340442e-17
7.734557798326835340e-17
9.139254658404831695e-17
8.565555759105075137e-17
9.956254568632581982e-17
9.476427073182096743e-17
1.085988865049171307e-16
1.047467578633105858e-16
1.185779497990802043e-16
1.156848988664589377e-16
1.295833299226801626e-16
1.276678499384496006e-16
1.417062614015230930e-16
1.407924889663281789e-16
1.550460531255035602e-16
1.551638627147567670e-16
1.697105202886164281e-16
1.708956247903493676e-16
1.858164031026675320e-16
