# bin_2_1
9.689848191675847237e-09
9.709776826537403849e-09
9.728489374684471525e-09
9.746309705862134217e-09
9.762236786369632875e-09
9.777171076683597085e-09
9.790493826271708454e-09
9.802486108107566237e-09
9.812977914027981797e-09
9.821886939280026855e-09
9.829280060779998701e-09
9.834884674791003822e-09
9.838642558778567408e-09
9.840780861535753982e-09
9.841011557241519373e-09
9.839350947606345934e-09
9.835732574702927910e-09
9.830019116873283904e-09
9.822405136208632200e-09
9.812807192758137639e-09
9.800625150917306905e-09
9.786436381637312590e-09
9.769899732600051774e-09
9.751219320814317157e-09
9.730161315932898428e-09
9.706674391906814532e-09
9.680711328409627080e-09
9.652349747463299269e-09
9.621502454204998568e-09
9.588068042800601028e-09
9.552026933329646729e-09
9.513440934569812219e-09
9.472217335844935641e-09
9.428423072292269496e-09
9.381641308597055900e-09
9.332547558614393359e-09
9.280670430081572435e-09
9.226030652954340116e-09
9.168696523952154605e-09
9.108647156139501489e-09
9.045886254084902125e-09
8.980391300534877158e-09
8.912243069764793730e-09
8.841367168504420695e-09
8.767884881599510409e-09
8.691765032719240510e-09
8.613046653525099577e-09
8.531741067668188356e-09
8.447902173741349186e-09
8.361588186404871508e-09
8.272802277456054865e-09
8.181668100256651139e-09
8.088196592091376620e-09
7.992506394296381878e-09
7.894612215761027608e-09
7.794611286519171031e-09
7.692596436751040885e-09
7.588628653149229691e-09
7.482830442408850647e-09
7.375350877429616033e-09
7.266094535380669467e-09
7.155367892152875873e-09
7.043207214657232300e-09
6.929745599480447676e-09
6.815087907564871144e-09
6.699356229226937546e-09
6.582676760895101551e-09
6.465170747725977254e-09
6.346963006142364775e-09
6.228207164153516330e-09
6.109001032607870655e-09
5.989489457117796107e-09
5.869792516256511741e-09
5.750047468326275419e-09
5.630384194132947548e-09
5.510912638295490249e-09
5.391765735897086896e-09
5.273057256053878001e-09
5.154908002145075494e-09
5.037421431870474282e-09
4.920715869178480559e-09
4.804889519435387061e-09
4.690044849206961643e-09
4.576275785188389124e-09
4.463400549922818551e-09
4.352304257963347233e-09
4.242266584867345107e-09
4.133621278628410007e-09
4.026445927230765731e-09
3.920786291582734703e-09
3.816702367948775171e-09
3.714243620071857369e-09
3.613436664859629328e-09
3.514329097009307738e-09
3.415659313711451252e-09
3.321318257184098076e-09
3.227451021342666801e-09
3.135373570692246858e-09
3.045087715938188802e-09
2.956601811872648712e-09
2.869924330740995016e-09
2.785052842908982714e-09
2.701991061451794061e-09
2.620732082649038537e-09
2.541291968056712763e-09
2.463651195457657439e-09
2.387813275609595775e-09
2.313773438723473769e-09
2.241536579103312808e-09
2.171091781559642288e-09
2.102438768711944264e-09
2.035575609264990264e-09
1.970496484096047644e-09
1.907195324571202339e-09
1.845668922276431283e-09
1.785900201460070838e-09
1.727896717115727981e-09
1.671618997890047913e-09
1.617056888821807154e-09
1.564177432421224239e-09
1.512946323429796026e-09
1.463319894332677331e-09
1.415246531009296520e-09
1.368664703691254767e-09
1.323450168444481013e-09
1.279729866469922906e-09
1.237220739862922506e-09
1.195924556454050202e-09
1.155754023477726393e-09
1.116639013435398665e-09
1.078499111223964381e-09
1.041270225872016834e-09
1.004884751171489592e-09
9.692933373638027463e-10
9.344461917137747129e-10
9.003241591147686499e-10
8.669061494192867129e-10
8.342031891369940063e-10
8.022316652822923444e-10
7.710345046415344395e-10
7.406622608483272172e-10
7.111848555876314187e-10
6.826805490460733286e-10
6.552311953152245408e-10
6.289169960191997238e-10
6.038189287729508490e-10
5.799997966341756191e-10
5.575070194607910808e-10
5.363634680819843085e-10
5.165666616769716034e-10
4.980817932620683391e-10
4.806432121472988693e-10
4.647823028779568044e-10
4.497627268294544704e-10
4.356621091986332785e-10
4.223402296315099613e-10
4.096533072012038820e-10
3.974540722767801968e-10
3.856148288342573449e-10
3.740423699866801623e-10
3.626323139176459471e-10
3.513344747658169436e-10
3.401306117638111489e-10
3.290230326253515519e-10
3.180500754170051931e-10
3.072648793897768228e-10
2.967540143551897394e-10
2.865852055658910918e-10
2.768359655215990151e-10
2.675640914932086836e-10
2.588121888652767312e-10
2.505883790799841635e-10
2.428806034783031899e-10
2.356481171432534396e-10
2.288316109259162365e-10
2.223640148739365302e-10
2.161725038767092850e-10
2.101944628517383162e-10
2.043799304386502546e-10
1.986994652189904490e-10
1.931422635178163163e-10
1.877163212965540350e-10
1.824393603362878331e-10
1.773341971389937264e-10
1.724196213763585629e-10
1.677056462929246774e-10
1.631894659486656069e-10
1.588571855491436809e-10
1.546860398774783949e-10
1.506519730243901567e-10
1.467279448661772113e-10
1.429028232063135531e-10
1.391686563631510513e-10
1.355268558780255920e-10
1.319835382697993869e-10
1.285473681158378211e-10
1.252171838557485268e-10
1.219950716069773755e-10
1.188720421359279033e-10
1.158371400021710528e-10
1.128771025918654186e-10
1.099825056752430012e-10
1.071460889506162808e-10
1.043649972785150965e-10
1.016398664433608444e-10
9.897135746902754698e-11
9.636177154832541219e-11
9.381030057265505945e-11
9.131462031756746867e-11
8.887119437194260595e-11
8.647626227671191795e-11
8.412670365015142562e-11
8.182045482604770982e-11
7.955641741082465443e-11
7.733398456134212671e-11
7.515282557726209385e-11
7.301218325554849517e-11
7.091147520261850721e-11
6.884970769764088993e-11
6.682578944614899707e-11
6.483884987671790717e-11
6.288847619335661004e-11
6.097469215375142543e-11
5.909757277922039844e-11
5.725699929026697375e-11
5.545257408664077078e-11
5.368374892349274194e-11
5.195005862209599151e-11
5.025124869159245994e-11
4.858724799848110722e-11
4.695812233997482501e-11
4.536392914994978156e-11
4.380467423002206493e-11
4.228027043832472794e-11
4.079051634949380875e-11
3.933513677970335997e-11
3.791394270957486060e-11
3.652687242937345458e-11
3.517393754020642032e-11
3.385510767613006502e-11
3.257027033154471490e-11
3.131920374230603993e-11
3.010165216814258177e-11
2.891737337434456471e-11
2.776615091283059164e-11
2.664779207499605380e-11
2.556207053603785836e-11
2.450868620401345335e-11
2.348729627327474213e-11
2.249754625365458437e-11
2.153906621693798157e-11
2.061149642285935748e-11
1.971444280709150800e-11
1.884747391175052761e-11
1.801012739710726885e-11
1.720191459003338116e-11
1.642235425149905506e-11
1.567094516965284565e-11
1.494713780837860250e-11
1.425035936929147545e-11
1.358006289979103739e-11
1.293567300140806423e-11
1.231659965527454549e-11
1.172222957954844120e-11
1.115194879126051580e-11
1.060513884635066768e-11
1.008116702244947082e-11
9.579390291780842032e-12
9.099134927085595600e-12
8.639773082085639838e-12
8.200663371004960631e-12
7.781155184980649773e-12
7.380604282565418438e-12
6.998375157378016411e-12
6.633832739491624109e-12
6.286340661841974217e-12
5.955257771106090624e-12
5.639948157921651199e-12
5.339831996853439908e-12
5.054309130167149292e-12
4.782793210825689401e-12
4.524714520107726903e-12
4.279515295776371402e-12
4.046649199221525574e-12
3.825536924251660157e-12
3.615685391567939430e-12
3.416603865474091148e-12
3.227803154979541096e-12
3.048810997330094418e-12
2.879176923874204054e-12
2.718467150348151957e-12
2.566216676453664958e-12
2.422027390530670652e-12
2.285530350599952378e-12
2.156354199888299716e-12
2.034065395396642760e-12
1.918449398947788927e-12
1.809074121124061914e-12
1.705666082144972366e-12
1.607885993386172441e-12
1.515436088865076835e-12
1.428121163634775117e-12
1.362563288673458573e-12
1.267711935982372543e-12
1.194110940207533583e-12
1.124631385447624363e-12
1.059004067887398404e-12
9.971103481602715370e-13
9.386868689663728804e-13
8.835667837202283861e-13
8.315356322142111906e-13
7.824981829988554102e-13
7.362746427249555098e-13
6.926653606581533865e-13
6.515614739559211054e-13
6.127997207845182817e-13
5.763071594628515601e-13
5.419158636123611370e-13
5.095151655154553871e-13
4.789848823672773925e-13
4.502297095550639260e-13
4.231751564083381930e-13
3.976866655425825778e-13
3.737003223464575547e-13
3.511086659032369135e-13
3.298726707022576835e-13
3.098799893983928154e-13
2.910719319060712496e-13
2.733809352163975032e-13
2.567413520069531170e-13
2.411000239360311791e-13
2.263886681471606212e-13
2.125676214853526571e-13
1.995731549571558616e-13
1.873675323694859926e-13
1.758963578165737337e-13
1.651233396191059074e-13
1.550037585189945060e-13
1.454940441029175432e-13
1.365762995744053960e-13
1.281996451116717365e-13
1.203372970398167718e-13
1.129579483969095925e-13
1.060314025416361042e-13
9.953437217007144541e-14
9.344123817420749388e-14
8.772267002824459320e-14
8.235961877131505598e-14
7.733078432382117389e-14
7.261397970808873271e-14
6.819139052658332174e-14
6.404441873960606861e-14
6.015569895615835849e-14
5.650910908679934349e-14
5.308922758061815879e-14
4.988187726314328018e-14
4.687452851138594689e-14
4.405066867610882545e-14
4.140229988634457624e-14
3.891501148714596453e-14
3.658517389007304983e-14
3.439663770176018847e-14
3.234287739729593979e-14
3.041610505606199575e-14
2.860882769130920490e-14
2.691439362550035479e-14
2.533065384976663446e-14
2.384001089814501928e-14
2.244825205024098665e-14
2.114601694284908255e-14
1.992770123846281670e-14
1.878748501747906524e-14
1.771916755427340073e-14
1.671715535346472099e-14
1.577543256495005049e-14
1.488860006099613862e-14
1.405193532828848518e-14
1.326153604648329087e-14
1.251401356170604437e-14
1.180679878909719554e-14
1.113806800359538299e-14
1.050597579440425574e-14
9.909024760749660206e-15
9.345522497991459945e-15
8.813707511364354507e-15
8.311744903981137575e-15
7.837977846418913072e-15
7.390737140915287293e-15
6.968473550569506654e-15
6.569831856546071297e-15
6.193612653385396963e-15
5.838687688981013225e-15
5.504049107833022101e-15
5.188459963448081741e-15
4.890936272957130728e-15
4.610343744181757187e-15
4.345687675794428136e-15
4.095918060382799545e-15
3.860247523979258968e-15
3.637840434816207127e-15
