# bin_4_4
2.480423841734560838e-08
2.498931087318513501e-08
2.517552308612639617e-08
2.536281836262336613e-08
2.555179911826337692e-08
2.574068292592023241e-08
2.593042651740417445e-08
2.612199878432737273e-08
2.631377991186802105e-08
2.650619031275031287e-08
2.669911226363140704e-08
2.689167128540960897e-08
2.708614866999173156e-08
2.727465418513689450e-08
2.747407623467964265e-08
2.766810799943859385e-08
2.786208834291895592e-08
2.805627159232618635e-08
2.824976009277845134e-08
2.844325134341258692e-08
2.863623403938815133e-08
2.882860506333429732e-08
2.902020548461856538e-08
2.921113675014726038e-08
2.940111375797753701e-08
2.958982923182745564e-08
2.977735026362903395e-08
2.996354733526532254e-08
3.014824963207851400e-08
3.033123056784659571e-08
3.051235590607056749e-08
3.069156450728313632e-08
3.086856460126332335e-08
3.104331874245400877e-08
3.121604195383270733e-08
3.138570099032525709e-08
3.155516726069852727e-08
3.171675900450199797e-08
3.187745535932891671e-08
3.203547414042668152e-08
3.218972898782237476e-08
3.234030202787467711e-08
3.248774098877458962e-08
3.263068327751193315e-08
3.276845445608096478e-08
3.290288621074829919e-08
3.303265927636252749e-08
3.315765416196096511e-08
3.327777206743583530e-08
3.338321831743249755e-08
3.350243106884194723e-08
3.360545047499713769e-08
3.370526975565010897e-08
3.380018285790924406e-08
3.388455786405767066e-08
3.396498826576711842e-08
3.403954139651638689e-08
3.410646246848054547e-08
3.416705313220660757e-08
3.422096219236142747e-08
3.426764599564063163e-08
3.430687264723084153e-08
3.433879830145377410e-08
3.436293577875819124e-08
3.438003072525190074e-08
3.441075091930438170e-08
3.438880610506982686e-08
3.438121001026347446e-08
3.436515958411149653e-08
3.433713971350969067e-08
3.430753400805255917e-08
3.426564983151276375e-08
3.421485760373615638e-08
3.415512887441099587e-08
3.408844920704219040e-08
3.400829852715190587e-08
3.392099571853461291e-08
3.382432328434675618e-08
3.371826146383839684e-08
3.360253961845379597e-08
3.347727705374652507e-08
3.333509248224070862e-08
3.319794284817198017e-08
3.304373269928984273e-08
3.289588283298416566e-08
3.270620755542650764e-08
3.252283649936345006e-08
3.232978992060805006e-08
3.212710586643453219e-08
3.191529137128680912e-08
3.169298736846423273e-08
3.146167750471006122e-08
3.122097476525120525e-08
3.097003095453336119e-08
3.071186421255905384e-08
3.044377893309623266e-08
3.015665525306798321e-08
2.988082446275311581e-08
2.958649842491772185e-08
2.928381131922589803e-08
2.897297126391478498e-08
2.865421182285269849e-08
2.832691714815737779e-08
2.799392021226871648e-08
2.765291385195674143e-08
2.730504659315288372e-08
2.695058912277276928e-08
2.658999460111076142e-08
2.622319890906554697e-08
2.585206318815877630e-08
2.545990085410604184e-08
2.509101781812799916e-08
2.470405056851424710e-08
2.431293471884114421e-08
2.391818204375897071e-08
2.351974434921432590e-08
2.311846776924214176e-08
2.271460741510353299e-08
2.230853873125345274e-08
2.190066067778544401e-08
2.149144711021212593e-08
2.107736167251860686e-08
2.067058110205705665e-08
2.025972674796384415e-08
1.984913532456430922e-08
1.943934103908343930e-08
1.903060659902367920e-08
1.862340850028631393e-08
1.821811889382040290e-08
1.781513633174023017e-08
1.741487283548974404e-08
1.701766417045257854e-08
1.662388174160124318e-08
1.623385557039098587e-08
1.584795960230899301e-08
1.546649887768120416e-08
1.508947611796922649e-08
1.471754302896436582e-08
1.435081908644348004e-08
1.398937457632388133e-08
1.363357144094821689e-08
1.328385766254769312e-08
1.293936416323277093e-08
1.260123763754250807e-08
1.226921892763569482e-08
1.194342276030373533e-08
1.162387558801165197e-08
1.131062579645705573e-08
1.100367752806087167e-08
1.070303366414882008e-08
1.040866415544347750e-08
1.012052009264659198e-08
9.838542814086033305e-09
9.562639905786623395e-09
9.292737502363713202e-09
9.028691968897549459e-09
8.770415332057977052e-09
8.517771148833186884e-09
8.270627873558533715e-09
8.028845921624283762e-09
7.792294850725897390e-09
7.560933210924059072e-09
7.334315998188353202e-09
7.112629803097004759e-09
6.896756287803248890e-09
6.683421388409571413e-09
6.475475928385554295e-09
6.272104685350625698e-09
6.073093220354667374e-09
5.878430766245666517e-09
5.688091048778628404e-09
5.502048853752476812e-09
5.320320649378695840e-09
5.142875790124881515e-09
4.969789854059359091e-09
4.801056620320001232e-09
4.636751079291396547e-09
4.476919898994959274e-09
4.321615751942237142e-09
4.170858035409734241e-09
4.024711251521668465e-09
3.883222343742465191e-09
3.746349622194312010e-09
3.614161083601808786e-09
3.486581841374645238e-09
3.363593925350167860e-09
3.245125110124162161e-09
3.131070041253625509e-09
3.021312247035599830e-09
2.915709765316829347e-09
2.814071886581739734e-09
2.716244229015413684e-09
2.622009337949388741e-09
2.531191886273141644e-09
2.443593021398233896e-09
2.359541466957305902e-09
2.277321519421064043e-09
2.198320235432291853e-09
2.121892904997133836e-09
2.047922114606748936e-09
1.976318387611565735e-09
1.907016349464182976e-09
1.839974739763517570e-09
1.775167762584114024e-09
1.712588284892517484e-09
1.652226176662316647e-09
1.594087977529494531e-09
1.538170310013544058e-09
1.484437981646275112e-09
1.432867756805067394e-09
1.383407146889604652e-09
1.335927423417007053e-09
1.290312343284324288e-09
1.246601255477179116e-09
1.204506125549397869e-09
1.163970530640779543e-09
1.124889638623933227e-09
1.087177047604987514e-09
1.050774131672543766e-09
1.015613239722897111e-09
9.816968505684276191e-10
9.490044543742108013e-10
9.174922041971462550e-10
8.872566409820759920e-10
8.581693441377477804e-10
8.302312809024937021e-10
8.033814555331509294e-10
7.775530218520286255e-10
7.526804291702035144e-10
7.286993852141498504e-10
7.055530680470179247e-10
6.832055245959573035e-10
6.616330284875075637e-10
6.408206188098331341e-10
6.207284636093027737e-10
6.014045028171267362e-10
5.827569816366405872e-10
5.647730029320345629e-10
5.474140229494761464e-10
5.306459874182505525e-10
5.144388172669998574e-10
4.987667877755725687e-10
4.836104524442416650e-10
4.689380137757060887e-10
4.547579041619650855e-10
4.410564780810691503e-10
4.277782103071806378e-10
4.149183770788251300e-10
4.024425830687082131e-10
3.903695520667757753e-10
3.786722934925210128e-10
3.673166358427953856e-10
3.562994849166927083e-10
3.455953479436062934e-10
3.352251041717524799e-10
3.251429223161712241e-10
3.153488652907662502e-10
3.058319824107842373e-10
2.965814095667328745e-10
2.875868700100111618e-10
2.788390762678275371e-10
2.703295985645500176e-10
2.620503497179603084e-10
2.539934901439276220e-10
2.461514063362074260e-10
2.385170445201955797e-10
2.310839047622878249e-10
2.238459661956854896e-10
2.167973891647539849e-10
2.099325951785354301e-10
2.032463350876464357e-10
1.967337315955313871e-10
1.903902264136425632e-10
1.842114641455724607e-10
1.781932249865780910e-10
1.723315887104480315e-10
1.666228794022925474e-10
1.610635834046671386e-10
1.556503798032461343e-10
1.503800770004356797e-10
1.452496570192892751e-10
1.402562175791660375e-10
1.353969503646193296e-10
1.306692014114003686e-10
1.260703979323349402e-10
1.215979772417518195e-10
1.172495024926199618e-10
1.130195926581333925e-10
1.089124049200963440e-10
1.049222677039943244e-10
1.010470875389204552e-10
9.728473550737458249e-11
9.363312807443547609e-11
9.009016986008298465e-11
8.665380371660677636e-11
8.332199259608378726e-11
8.009274272672519890e-11
7.696406143253925321e-11
7.393397663411454246e-11
7.100053518713058101e-11
6.816177096764052161e-11
6.541557206565272590e-11
6.275998083566954039e-11
6.019306306252271005e-11
5.771285292817802637e-11
5.531741265519292374e-11
5.300480931850268472e-11
5.077312317061099932e-11
4.862041692325566025e-11
4.654474003818451605e-11
4.454419266621837898e-11
4.261684981875860280e-11
4.076061853048879331e-11
3.897361540671379393e-11
3.725402485750603963e-11
3.559999125964745754e-11
3.400966076710506143e-11
3.248117419836947820e-11
3.101272933698801447e-11
2.960253657814215667e-11
2.824880103155541397e-11
2.694972619062052628e-11
2.570338380101739747e-11
2.450824058744773467e-11
2.336261975944700917e-11
2.226486058375615393e-11
2.121335416171212405e-11
2.020652972559829369e-11
1.924282926676910245e-11
1.832071763144579296e-11
1.743853395439095446e-11
1.659533788297216382e-11
1.578886369262332724e-11
1.501819577656861550e-11
1.428199293356560457e-11
1.357878576161198579e-11
1.290699207851116855e-11
1.226629574298332001e-11
1.165476629676261209e-11
1.107142118621266500e-11
1.051512510728568713e-11
9.984773642226016209e-12
9.479302184296784133e-12
8.997996217392749962e-12
8.539164766060216921e-12
8.102097256531479921e-12
7.685974887288776330e-12
7.289905953509703579e-12
6.913015319143880431e-12
6.554322290369871220e-12
6.213073478804853797e-12
5.888597987028018154e-12
5.580100617959125039e-12
5.286874351982144221e-12
5.008244084829919558e-12
4.743721578274904179e-12
4.492269928946634363e-12
4.253389956711549908e-12
4.026608020835810850e-12
3.811377853355882886e-12
3.607017867278308662e-12
3.413106505364730939e-12
3.229097422941956634e-12
3.054535890131224044e-12
2.889046864378811817e-12
2.732315606927745974e-12
2.583576409939916932e-12
2.442580538887667963e-12
2.309000746259326081e-12
2.182411824247326258e-12
2.062461101670340096e-12
1.948929520853595606e-12
1.841307953734703891e-12
1.739468563348310712e-12
1.643181482696488191e-12
1.551934397438055790e-12
1.465616789348373785e-12
1.383916168807125579e-12
1.306614119444036823e-12
1.233557822280686552e-12
1.164399876284468204e-12
1.099029036229943801e-12
1.037298050093601987e-12
9.788947947017379607e-13
9.236979500871245954e-13
8.715213407597380209e-13
8.222503557932875111e-13
7.756500815773558977e-13
7.317191865176358533e-13
6.901964854880982545e-13
6.509709549894395006e-13
6.139464366004795424e-13
5.789870215751776606e-13
5.459976429627365559e-13
5.148377965585038510e-13
4.854704858038181196e-13
4.577462354896750403e-13
4.315812832387256599e-13
4.069046577042637155e-13
3.836310218444218695e-13
