# bin_4_3
2.098374537049209791e-08
2.112167260661896724e-08
2.125993628310734499e-08
2.139847521266879390e-08
2.153790833540556981e-08
2.167641360146878607e-08
2.181543865324641805e-08
2.195447748750635098e-08
2.209341308808815154e-08
2.223215391164049710e-08
2.237058207209861534e-08
2.250782656418290057e-08
2.264536090102806591e-08
2.277774612169848008e-08
2.291933630361520407e-08
2.305476541448299117e-08
2.318933070220275344e-08
2.332331372693408158e-08
2.345574300023441888e-08
2.358740415154285100e-08
2.371776625097774746e-08
2.384673417249643293e-08
2.397415794349228891e-08
2.410014820915493558e-08
2.422443198241670556e-08
2.434671679799231879e-08
2.446708060914181736e-08
2.458540879223480170e-08
2.470154697317301366e-08
2.481528700916009854e-08
2.492651323314519577e-08
2.503518335602012808e-08
2.514102782419448254e-08
2.524403311739674968e-08
2.534443599373525682e-08
2.544104342466224760e-08
2.553484122287153304e-08
2.562504454986171490e-08
2.571145473962032553e-08
2.579469058980153241e-08
2.587380941811856023e-08
2.594889337912157957e-08
2.602052086580048195e-08
2.608737973797733848e-08
2.614883844455995774e-08
2.620675794262002605e-08
2.625987163204173471e-08
2.630810739906653417e-08
2.635141350598729868e-08
2.638959528351977139e-08
2.642250013887461572e-08
2.644891949787626666e-08
2.647219273776039192e-08
2.648854087101461267e-08
2.649922840295247025e-08
2.650401893274429001e-08
2.650333734768586296e-08
2.649550941840688317e-08
2.648189251788378941e-08
2.646220477830297122e-08
2.643598185003200622e-08
2.640306668860227305e-08
2.636368564709301957e-08
2.631743473532209573e-08
2.626517552374256707e-08
2.620506469497195073e-08
2.613842674438411373e-08
2.608179048235904923e-08
2.598428182798569736e-08
2.589661447715843119e-08
2.580183082124248851e-08
2.569988467459397779e-08
2.559075212353780422e-08
2.547439600880647335e-08
2.535054083870276742e-08
2.522009580965134911e-08
2.508210362471073285e-08
2.493689919491314151e-08
2.478449035732745579e-08
2.462490697936794892e-08
2.445815822295873590e-08
2.428438788237926674e-08
2.410356456580339608e-08
2.391577014661875952e-08
2.372107780965229060e-08
2.351963260454791530e-08
2.331141802907072032e-08
2.309661958103440900e-08
2.287536357966569176e-08
2.264823364608330434e-08
2.241397737415411060e-08
2.217413355766708676e-08
2.192840150720849207e-08
2.167698076621831104e-08
2.142003187492713768e-08
2.115784545012689725e-08
2.089033591409226580e-08
2.061810444734583295e-08
2.034116005129767320e-08
2.005979796495028032e-08
1.977426286874483002e-08
1.948479641121886873e-08
1.919528477455485460e-08
1.889523309255302660e-08
1.859568911548193094e-08
1.829334410804717622e-08
1.798852014434943813e-08
1.768145692929937889e-08
1.737254861403224343e-08
1.706318899520329810e-08
1.675028415365200061e-08
1.643756827774571582e-08
1.612418742673229977e-08
1.581187627328961161e-08
1.549690620403018899e-08
1.518331459640475416e-08
1.487046628892798391e-08
1.455850287231770620e-08
1.424771467364302432e-08
1.393836610547700739e-08
1.363079030730481123e-08
1.332524504638465632e-08
1.302196497176085576e-08
1.271268780722980256e-08
1.242324393577112098e-08
1.212838546117708026e-08
1.183672466480577638e-08
1.154855738672443202e-08
1.126405775377871509e-08
1.098343962409699480e-08
1.070685514048065546e-08
1.043448379953029677e-08
1.016646519605307386e-08
9.902913672788654655e-09
9.643986947097588840e-09
9.389641096762313951e-09
9.140067670990558727e-09
8.895290538895944382e-09
8.655369395561220495e-09
8.420168909647840462e-09
8.189851132829712984e-09
7.964703864091329029e-09
7.743601100434038167e-09
7.527595472809707778e-09
7.316264948298476296e-09
7.109566227116460631e-09
6.907407997108585637e-09
6.709727389001925843e-09
6.516438590846434496e-09
6.327465981734861770e-09
6.142226631256963265e-09
5.962105789847202228e-09
5.785536459719076858e-09
5.612908486028166042e-09
5.444148691131606465e-09
5.279130226807748860e-09
5.117800694446687455e-09
4.960050961654780384e-09
4.805817027862506629e-09
4.655014580313423871e-09
4.507586241015897261e-09
4.363454436875266704e-09
4.222603952091562880e-09
4.084960100019466409e-09
3.950515566230200497e-09
3.819241615624790191e-09
3.691139306775157967e-09
3.566204274919301157e-09
3.444464524855312575e-09
3.325918198121911931e-09
3.210617776896806971e-09
3.098588163356082078e-09
2.989886019429046807e-09
2.884511959317329954e-09
2.782556084484376332e-09
2.684015261388070259e-09
2.588937518606138703e-09
2.497322218272540183e-09
2.409150522040762042e-09
2.324359246049909200e-09
2.242901903982767080e-09
2.164682453532705972e-09
2.089586900244504934e-09
2.017474237824425995e-09
1.948191944524053459e-09
1.881573219214663166e-09
1.817419002473410660e-09
1.755585739001396318e-09
1.695892527221262222e-09
1.638190905673599131e-09
1.582320675805131885e-09
1.528185378878305214e-09
1.475694290215098993e-09
1.424784810513330337e-09
1.375425505481521490e-09
1.327611859091590399e-09
1.281337836695259118e-09
1.236645899638134746e-09
1.193557135191561918e-09
1.152087567337286821e-09
1.112243798696585503e-09
1.074009999663871328e-09
1.037359152878304976e-09
1.002232161637154491e-09
9.685644885778601753e-10
9.362362959843885658e-10
9.051860995689646113e-10
8.753112318063274857e-10
8.465302227138318549e-10
8.187648828637772404e-10
7.919853454368674963e-10
7.660957496230745376e-10
7.411247578595818928e-10
7.170286086178908658e-10
6.937986851894717758e-10
6.714240104763682688e-10
6.498648846189035336e-10
6.291153052276740887e-10
6.091500837345027675e-10
5.899035720336205173e-10
5.713899897877931062e-10
5.535332593659852877e-10
5.363346717705832729e-10
5.197668357210836554e-10
5.037879395568955786e-10
4.883643975338149912e-10
4.734682746524845584e-10
4.590888160398321097e-10
4.451800619449187196e-10
4.317311796844718012e-10
4.187256918400350883e-10
4.061547069125951310e-10
3.940067887027039912e-10
3.822686007026341812e-10
3.709198350313485284e-10
3.599388652357772974e-10
3.493025581976968013e-10
3.389906891678800930e-10
3.289797732922216387e-10
3.192756007988757340e-10
3.098712260088206488e-10
3.007415557363827927e-10
2.918848117041489182e-10
2.832883913230233028e-10
2.749387767889463088e-10
2.668233632161593792e-10
2.589320795757628096e-10
2.512574515062464535e-10
2.437933536067811906e-10
2.365332152987212961e-10
2.294692831977799862e-10
2.225932994591815307e-10
2.158977683306775762e-10
2.093765070017373490e-10
2.030244005200772158e-10
1.968365555218067760e-10
1.908077900867649280e-10
1.849328842254824158e-10
1.792069672521904451e-10
1.736258114162623495e-10
1.681856122899549965e-10
1.628826406944031150e-10
1.577131589025445128e-10
1.526737333195077957e-10
1.477611957581213587e-10
1.429726267393616408e-10
1.383051853594624676e-10
1.337561751610252667e-10
1.293230165564314557e-10
1.250033158581261522e-10
1.207947927076177078e-10
1.166952632968769642e-10
1.127026548670650286e-10
1.088149706072054188e-10
1.050302317994351999e-10
1.013465768660177167e-10
9.776222791055441460e-11
9.427542968779375263e-11
9.088450336991789264e-11
8.758779299179262717e-11
8.438369650820199499e-11
8.127063006592474004e-11
7.824701306036043148e-11
7.531132223249182601e-11
7.246203298044612733e-11
6.969755457070183729e-11
6.701634633659896080e-11
6.441695469912048604e-11
6.189788622606888330e-11
5.945764732300182777e-11
5.709472403870542227e-11
5.480762810887522802e-11
5.259486587120965939e-11
5.045492404512894821e-11
4.838627445452079420e-11
4.638729064781172511e-11
4.445653172608912664e-11
4.259248403221065637e-11
4.079361299088227932e-11
3.905839918169641115e-11
3.738532586601849577e-11
3.577287016847520874e-11
3.421949665732080473e-11
3.272361581642367537e-11
3.128369450194991444e-11
2.989792857215354105e-11
2.856555078074414173e-11
2.728469303029903761e-11
2.605404227564100805e-11
2.487171237508530725e-11
2.373648199511543890e-11
2.264678315446345685e-11
2.160128516585686046e-11
2.059859143297420103e-11
1.963731328219910830e-11
1.871608632692953406e-11
1.783358070144920148e-11
1.698825536787118896e-11
1.617914101541759107e-11
1.540484679948274343e-11
1.466413313688131357e-11
1.395578867166337544e-11
1.327853673845981448e-11
1.263148982861189932e-11
1.201308175496945973e-11
1.142241611900205431e-11
1.085844123745578848e-11
1.032012070951516668e-11
9.806347326830258460e-12
9.316570599820556027e-12
8.849193712973431555e-12
8.403513043733313757e-12
7.978570318441041561e-12
7.573792769172907362e-12
7.188296511572144057e-12
6.820975536649186711e-12
6.471314766288759171e-12
6.138475685548630293e-12
5.821540568788143989e-12
5.519983835433573448e-12
5.233134629511847949e-12
4.960342986167745201e-12
4.700986313683382878e-12
4.454422180737832791e-12
4.220118105329084146e-12
3.997404550397554102e-12
3.785852231985052104e-12
3.584933388219141545e-12
3.394130807108560221e-12
3.212996529539830699e-12
3.041246798735388631e-12
2.878019050495642893e-12
2.723146137993723383e-12
2.576240351014500001e-12
2.436936177450340132e-12
2.304816008160279703e-12
2.179577522366900815e-12
2.060855919783835242e-12
1.948337406365602200e-12
1.841771555560907282e-12
1.740733681488498324e-12
1.645174374641731686e-12
1.554500476532150502e-12
1.468619939648774530e-12
1.387382309954046130e-12
1.310491396200381806e-12
1.237728676871372403e-12
1.168828457683708874e-12
1.103656531528300819e-12
1.042026046634863969e-12
9.837836452569451168e-13
9.286622241596112307e-13
8.764817332620569695e-13
8.271738692458381410e-13
7.806045671963691563e-13
7.365790767016776817e-13
6.949780057003514010e-13
6.556819018158175257e-13
6.185390977443667142e-13
5.835383187608934944e-13
5.503714403588266984e-13
5.190944694900257625e-13
4.895549718885791225e-13
4.616757511457225734e-13
4.353675508893576356e-13
4.105385040096820646e-13
3.870965072692322599e-13
3.649854655472090761e-13
3.441246743236234145e-13
3.244451693946299534e-13
3.058819475633925075e-13
2.883725920789336998e-13
2.718587954781382992e-13
2.562854551860185543e-13
2.415847550622926222e-13
2.277574912546006637e-13
2.147073828740844192e-13
2.024011592217369617e-13
1.908092991608774183e-13
1.798828887695214154e-13
