# bin_3_3
1.850122177493364076e-08
1.861065478323871633e-08
1.872000008151885273e-08
1.882919725235692897e-08
1.893817458533548069e-08
1.904719427774676942e-08
1.915519217802141427e-08
1.926362687489442469e-08
1.937113057822232350e-08
1.947803013443865443e-08
1.958421215336677647e-08
1.968881439241906394e-08
1.979330674806144430e-08
1.989762019213449698e-08
2.000003100967044318e-08
2.010126823571091759e-08
2.020127377971658306e-08
2.030033900162592804e-08
2.039748644511259441e-08
2.049352788520271968e-08
2.058793761222443781e-08
2.068063117679363644e-08
2.077147008501338367e-08
2.086057611612654400e-08
2.094769032584256717e-08
2.103253643955578840e-08
2.111520468065408997e-08
2.119559602876054408e-08
2.127357296776167323e-08
2.134894579279518148e-08
2.142161697800646711e-08
2.149156221054306960e-08
2.155865514644930053e-08
2.162253727356634589e-08
2.168383093526837885e-08
2.174124944770679746e-08
2.179579695042517022e-08
2.184776923534279784e-08
2.189384503247516802e-08
2.193780201673161457e-08
2.197769734561705644e-08
2.201363534038429324e-08
2.204621721150350558e-08
2.207340296449633073e-08
2.209690872038217196e-08
2.211630006068872018e-08
2.213112445899097903e-08
2.214134553306776474e-08
2.214694617997020109e-08
2.214777038352542801e-08
2.214370419103317155e-08
2.213359680592798197e-08
2.212076857425823434e-08
2.210154487443218194e-08
2.207720807228157630e-08
2.204756708153959779e-08
2.201308499813845711e-08
2.197214784059197672e-08
2.192623490562980882e-08
2.187483890766886981e-08
2.181782052971419827e-08
2.175498046370882109e-08
2.168658767174968783e-08
2.161229153502959398e-08
2.153300049489169995e-08
2.144691391283677845e-08
2.135541621499375567e-08
2.125820724818102807e-08
2.115509121621429755e-08
2.104620157469272024e-08
2.093150757771115216e-08
2.081101285319906328e-08
2.068474293855044014e-08
2.055270861694726173e-08
2.041469245613150597e-08
2.027162849609007954e-08
2.012262738899385367e-08
1.996806344571728073e-08
1.980798963542046717e-08
1.964247986451948778e-08
1.946556606752776714e-08
1.929548956209039421e-08
1.911420220227218232e-08
1.892784203228558565e-08
1.873651755332178713e-08
1.855619844131849009e-08
1.833952380628680213e-08
1.813408279845246291e-08
1.792423621056977152e-08
1.771058259368695577e-08
1.749191346707225521e-08
1.726976021501246929e-08
1.704384464107719403e-08
1.681437463428239247e-08
1.657853723982205672e-08
1.634555876952972141e-08
1.610643285034430427e-08
1.586471261949547028e-08
1.562040458637442635e-08
1.537378839750744799e-08
1.512508907328982026e-08
1.487452377681728355e-08
1.462234567168755765e-08
1.436883717949831913e-08
1.411419454009678013e-08
1.385866888842402974e-08
1.360253195201981952e-08
1.334597946365831869e-08
1.308931681862518978e-08
1.283387023225442829e-08
1.257655320376640701e-08
1.232094861008538318e-08
1.206613870953351781e-08
1.181238848777606876e-08
1.156185683241882476e-08
1.130889793990230379e-08
1.105959613330972755e-08
1.081216985601149194e-08
1.056682123548646733e-08
1.032370352096426905e-08
1.008305503892577399e-08
9.844978097325208369e-09
9.609640393768364588e-09
9.377190747598864037e-09
9.147726556856281664e-09
8.921503775088116881e-09
8.698490144114599460e-09
8.478849410786176438e-09
8.262666756927634077e-09
8.050035024069093537e-09
7.841008184336231478e-09
7.635662558810555955e-09
7.434038157036977190e-09
7.236166835103726699e-09
7.042109326067471603e-09
6.851747713601747435e-09
6.665200054243464372e-09
6.482423390277792935e-09
6.303420168898683323e-09
6.128008698507325098e-09
5.956306359829463066e-09
5.788565905789530097e-09
5.623656966629422578e-09
5.462602324674233169e-09
5.304980239022327783e-09
5.150755635662734832e-09
4.999852473260584569e-09
4.852228609399540613e-09
4.707832173803378747e-09
4.566624523635929839e-09
4.428560805778107322e-09
4.293608101858651094e-09
4.161710616312386193e-09
4.032849025298273766e-09
3.907004193262900473e-09
3.784111071901461255e-09
3.664177744067295379e-09
3.547152340754927399e-09
3.433023990335529262e-09
3.321755203611997917e-09
3.213330739727775373e-09
3.107706357911774822e-09
3.004884551791563886e-09
2.904807880416799444e-09
2.807469643428558663e-09
2.712834672379537180e-09
2.620883088677143465e-09
2.531587352525648271e-09
2.444939208400901091e-09
2.360893109456497361e-09
2.279453689876712576e-09
2.200593281947315799e-09
2.124312992570845456e-09
2.050556322436370482e-09
1.979349211668083935e-09
1.910628049248822238e-09
1.844380620118999718e-09
1.780553689132065973e-09
1.719100776700773117e-09
1.659921582686518434e-09
1.602951300715907586e-09
1.548104628647897816e-09
1.495273975327243375e-09
1.444355169396141149e-09
1.395246688215305566e-09
1.347849696836292611e-09
1.302039777996178991e-09
1.257767386352907994e-09
1.214943456532749886e-09
1.173332550614203015e-09
1.133402506660189257e-09
1.094593235703926647e-09
1.057057939959803978e-09
1.020779709696406740e-09
9.864575005178121194e-10
9.519831438712451603e-10
9.194516445707888546e-10
8.881740100142038502e-10
8.581310840857181866e-10
8.292984228379934160e-10
8.016367490616644416e-10
7.750940636443723354e-10
7.496061812505949312e-10
7.251022066329928835e-10
7.015079678421025490e-10
6.787535357040885769e-10
6.567784369383670069e-10
6.355364206779512699e-10
6.149967517217704935e-10
5.951427047104398724e-10
5.759840219834246636e-10
5.574706245761042970e-10
5.396486067909226258e-10
5.224945072988658555e-10
5.059944844800394883e-10
4.901337409571247467e-10
4.748587091017808004e-10
4.601551514117061338e-10
4.459876307303344789e-10
4.322892339304789055e-10
4.190725277971739105e-10
4.062722863402948382e-10
3.939020129130890606e-10
3.819457869196947610e-10
3.703831389880013324e-10
3.592019564887132752e-10
3.483899318640800190e-10
3.379525514069932170e-10
3.278531776445354394e-10
3.180846283620156059e-10
3.086292979408656788e-10
2.994667455319516084e-10
2.906005230741911554e-10
2.819980485523310547e-10
2.736524295322852502e-10
2.655537173792250071e-10
2.576933588871841945e-10
2.500643540057753556e-10
2.426597337554747419e-10
2.354714844274704674e-10
2.284902589597113977e-10
2.217059721923870407e-10
2.151090485926457385e-10
2.086917552257936990e-10
2.024482689628513303e-10
1.963738233754735194e-10
1.904636681586130247e-10
1.847121829623440772e-10
1.791132655121245845e-10
1.736610138737177238e-10
1.683502992496923426e-10
1.631769679259871940e-10
1.581373814620935567e-10
1.532278427731818020e-10
1.484445220944665782e-10
1.437835913620815678e-10
1.392415462204641862e-10
1.348153568380610237e-10
1.305021916405402771e-10
1.262992799182357982e-10
1.222039033187641946e-10
1.182134664096995028e-10
1.143255324560969727e-10
1.105379203879024595e-10
1.068485041368610007e-10
1.032552328274988586e-10
9.975611108498211648e-11
9.634926787344495887e-11
9.303289214814339781e-11
8.980526774632370704e-11
8.666472423971787310e-11
8.360963924312241925e-11
8.063845771314682453e-11
7.774965571352479850e-11
7.494168877638990741e-11
7.221308165678915157e-11
6.956241654304526331e-11
6.698826989983281179e-11
6.448926676720469764e-11
6.206403745940349856e-11
5.971123936922997132e-11
5.742953013463348923e-11
5.521755563122402150e-11
5.307399885254421084e-11
5.099753305027003008e-11
4.898676211445578776e-11
4.704033348790592328e-11
4.515697903898985927e-11
4.333538919019982576e-11
4.157362606372546220e-11
3.987169328756281483e-11
3.822751492430836651e-11
3.664035747207295289e-11
3.510786297456803109e-11
3.362923379225460533e-11
3.220305377974540466e-11
3.082809753148811196e-11
2.950307441142917304e-11
2.822668263571048900e-11
2.699763967986281294e-11
2.581467496630307872e-11
2.467651967336645134e-11
2.358190375863272472e-11
2.252910977300725989e-11
2.151772184482319876e-11
2.054613679948077181e-11
1.961315266185096151e-11
1.871758172615178123e-11
1.785813157964705389e-11
1.703379113869758275e-11
1.624366819461681658e-11
1.548593818190826180e-11
1.475987591721514595e-11
1.406440973028938026e-11
1.339847771169112557e-11
1.276085332884049174e-11
1.215090711049798171e-11
1.156739347580773585e-11
1.100941028793780008e-11
1.047596107715233318e-11
9.966154299076509752e-12
9.479103811245889227e-12
9.013851133882854148e-12
8.569610413053076979e-12
8.145735884895922373e-12
7.741026283382770360e-12
7.354925005706491637e-12
6.986595010304148984e-12
6.635488716381067311e-12
6.300810759364791733e-12
5.981802018310780798e-12
5.677877747253882696e-12
5.388396938812249533e-12
5.112707135312661320e-12
4.850373192023080825e-12
4.600521368860154419e-12
4.362737619379969613e-12
4.136497475166514275e-12
3.921367495238685843e-12
3.716789106532479400e-12
3.522278045050606303e-12
3.337397612584144354e-12
3.161718189481276236e-12
2.994823052411665775e-12
2.836275797732892322e-12
2.685630671614120061e-12
2.542596204858944058e-12
2.406853074773478272e-12
2.277991281761309702e-12
2.155721034196153614e-12
2.039714482237018283e-12
1.929672638552184345e-12
1.825384826568004863e-12
1.726384655313455874e-12
1.632539577708316943e-12
1.543613906658043548e-12
1.459341221788172408e-12
1.379483867447012726e-12
1.303831042952189051e-12
1.232222361104324895e-12
1.164338298428490620e-12
1.100067744740204953e-12
1.039239088748871675e-12
9.816570654984935719e-13
9.271731853153519833e-13
8.756020540309704735e-13
8.268504783086735053e-13
7.806791779475976191e-13
7.370205553422521188e-13
6.957558140235580017e-13
6.567313349656736332e-13
6.198474904439759806e-13
5.849753585596461360e-13
5.520109246767333499e-13
5.208739776108437923e-13
4.914620512282046600e-13
4.636703531996574772e-13
4.374055058506826812e-13
4.126273447106798199e-13
3.892117093499422858e-13
3.671127297615635613e-13
3.462502352574801890e-13
3.265662793661289866e-13
3.079716532869165604e-13
2.904315758152903515e-13
2.738802611857291464e-13
2.582519823494670918e-13
2.435153600168227894e-13
2.296135209390563264e-13
2.164999467995206082e-13
2.041309501297072643e-13
1.924643015200649924e-13
1.814608708217443624e-13
1.710837528487201453e-13
1.613006776261414201e-13
1.520742856339742961e-13
1.433773154708857418e-13
1.351771046479511896e-13
1.274487998115234756e-13
1.201625071551198658e-13
