# bin_5_5
2.795802962126861427e-08
2.818252659139625584e-08
2.840887503044556002e-08
2.863702499102195200e-08
2.886691487760051879e-08
2.909877033818493606e-08
2.933155308351071931e-08
2.956694316635093565e-08
2.980326337899680578e-08
3.004096517255220138e-08
3.027993453769958802e-08
3.052008295623744189e-08
3.076135108823386306e-08
3.099813907877908542e-08
3.124672592376682347e-08
3.149063869602232288e-08
3.173527402095805741e-08
3.198087941006530400e-08
3.222659099803078072e-08
3.247307391724355701e-08
3.271982481359420538e-08
3.296663932448293064e-08
3.321365820017484189e-08
3.346068254394501298e-08
3.370752202431208855e-08
3.395397278296246044e-08
3.419976825527447575e-08
3.444510685418082249e-08
3.468969956955216835e-08
3.493331072403443148e-08
3.517579807771947359e-08
3.541709317330143087e-08
3.565689168664689598e-08
3.589514590957530050e-08
3.613206547218310210e-08
3.636658889548283316e-08
3.659910520084634753e-08
3.683066458606279714e-08
3.705682125319407421e-08
3.728227335221588737e-08
3.750452811447765335e-08
3.772366841283783088e-08
3.794023333611271123e-08
3.815281379515002280e-08
3.836070178859304974e-08
3.856555838170222310e-08
3.876655459703243921e-08
3.896300278809340720e-08
3.915495417903944595e-08
3.933451858715860655e-08
3.952428140914713936e-08
3.970002232042586564e-08
3.987288699677899457e-08
4.003869632090143086e-08
4.019872081506214353e-08
4.035261251755876269e-08
4.050070152492411881e-08
4.064115756996524769e-08
4.077525951592795281e-08
4.090260284420625727e-08
4.102258287408820718e-08
4.113493002524229149e-08
4.123969569463582767e-08
4.133638178603723723e-08
4.142565800426062206e-08
4.153154806642096118e-08
4.157747491116848991e-08
4.164059185321680469e-08
4.169462684687457561e-08
4.173951797370568236e-08
4.177501970706459543e-08
4.180092217938613957e-08
4.181700184335893538e-08
4.182315464613891332e-08
4.182131462574667032e-08
4.180479783888363758e-08
4.177992634553548099e-08
4.174437138957797663e-08
4.169803036091730787e-08
4.164054134343795038e-08
4.157194254087622167e-08
4.149207518042962409e-08
4.140087403721176622e-08
4.129808658579762794e-08
4.120410365572344168e-08
4.105753682537710780e-08
4.091953465657252886e-08
4.076966074994747139e-08
4.060785076670173937e-08
4.043454057766938609e-08
4.024824758590221225e-08
4.005039454205200249e-08
3.984049375698097668e-08
3.961858585308263093e-08
3.938467263364697083e-08
3.913890418517297596e-08
3.887558730225937367e-08
3.861148893835692033e-08
3.833022973890542951e-08
3.803736895847932528e-08
3.773303920531716699e-08
3.741740208399971400e-08
3.708974218171145733e-08
3.675292029270132656e-08
3.640447564315223809e-08
3.604553114406142809e-08
3.567630419669698410e-08
3.529720206254283484e-08
3.490811672856744325e-08
3.451090219510444972e-08
3.409378725805927690e-08
3.368605631263782862e-08
3.326137469239945542e-08
3.282865524960636374e-08
3.238839562621070559e-08
3.194055227994487618e-08
3.148598812960115388e-08
3.102497758419810507e-08
3.055792417364423274e-08
3.008526381922336223e-08
2.960751812522003186e-08
2.912513396984295771e-08
2.863856565519653115e-08
2.814829399457745992e-08
2.765480878402464800e-08
2.715874126147580712e-08
2.666045060250138412e-08
2.616052709498433239e-08
2.565946263256445320e-08
2.515778579162989229e-08
2.465605042384559087e-08
2.415473816407449332e-08
2.365437893877051905e-08
2.315546857284513787e-08
2.265855557035441783e-08
2.216411920694521101e-08
2.167237198518076475e-08
2.118414142035064655e-08
2.069975473834431427e-08
2.021948586987476862e-08
1.974390941553025534e-08
1.927368835995835145e-08
1.880815733801331757e-08
1.834868295038778069e-08
1.789523308986477329e-08
1.744811801415764587e-08
1.700757711152240261e-08
1.657386453175990224e-08
1.614717954180837655e-08
1.572771607506055493e-08
1.531562457041085191e-08
1.491102572476744544e-08
1.451402131808580313e-08
1.412466213479179285e-08
1.374300646998913279e-08
1.336902619524624651e-08
1.300273046649275385e-08
1.264406859784286115e-08
1.229296944260501424e-08
1.194934388754562006e-08
1.161309140791435708e-08
1.128414911523579657e-08
1.096217860305514015e-08
1.064723628440667123e-08
1.033911100845653850e-08
1.003771357294353756e-08
9.742622029126367978e-09
9.453977240500598301e-09
9.171520072537507934e-09
8.895062363415597761e-09
8.624496127018035888e-09
8.359648657955579692e-09
8.100515761607571955e-09
7.846860105479218696e-09
7.598682933240701827e-09
7.355877922624814768e-09
7.118434141064478083e-09
6.886321649745379297e-09
6.659537007884270577e-09
6.438061557845840447e-09
6.221949419947362678e-09
6.011228473352839033e-09
5.805954613992753105e-09
5.606150603562593183e-09
5.411906405568193455e-09
5.223233256556737047e-09
5.040179904263868142e-09
4.862818011079600558e-09
4.691123051147071176e-09
4.525147691364839822e-09
4.364791480719528594e-09
4.210035552242624676e-09
4.060808050273757036e-09
3.917028047096090917e-09
3.778520286828068972e-09
3.645159125722999680e-09
3.516733897633834675e-09
3.393073753289148984e-09
3.273950802636570888e-09
3.159157246108788987e-09
3.048469862375550757e-09
2.941687831583476865e-09
2.838581254644542128e-09
2.738997082738675038e-09
2.642762278079820464e-09
2.549729697849243503e-09
2.459784328656221121e-09
2.372834128337754045e-09
2.288793046121446943e-09
2.207617826460140874e-09
2.129276591694902403e-09
2.053681491514616200e-09
1.980844095260801050e-09
1.910705427453187432e-09
1.843252268343252564e-09
1.778329960291856852e-09
1.715980261482668126e-09
1.656049546586088244e-09
1.598482117735728709e-09
1.543134968150908297e-09
1.489928418170184912e-09
1.438744679126414865e-09
1.389492553339812357e-09
1.342054917773858376e-09
1.296378356426049488e-09
1.252383850379255650e-09
1.210002814526747624e-09
1.169181498385282803e-09
1.129859706159521820e-09
1.092004538855073374e-09
1.055560417941495525e-09
1.020484652249338601e-09
9.867332832360295024e-10
9.542591944030959263e-10
9.230062871288483562e-10
8.929265292173091799e-10
8.639567575655683975e-10
8.360516608177113328e-10
8.091580553655114113e-10
7.834023610938932874e-10
7.582222309514285185e-10
7.341113427868740896e-10
7.108540057310385842e-10
6.884226249122853502e-10
6.667813190824880945e-10
6.459060852289366366e-10
6.258810932653168814e-10
6.063037526079606998e-10
5.875095005563256115e-10
5.693453386411764768e-10
5.517845582758113691e-10
5.348051419004032017e-10
5.183852152473723849e-10
5.025007936637036759e-10
4.871280539192325631e-10
4.722437709277635593e-10
4.578271415536039452e-10
4.439518352017347807e-10
4.303218072083955759e-10
4.171982228299710407e-10
4.044718683708712026e-10
3.921263107943092013e-10
3.801456257722198133e-10
3.685154766345633708e-10
3.572228852092715379e-10
3.462555451169295877e-10
3.356012604476301716e-10
3.252481969695914974e-10
3.151852642836269767e-10
3.054023401651994263e-10
2.958899275386852070e-10
2.866389010471919049e-10
2.776405459540036678e-10
2.688866535234306780e-10
2.603694536582610927e-10
2.520816852523812645e-10
2.440164640659646314e-10
2.361672403070092024e-10
2.285278876925511645e-10
2.210925823355935724e-10
2.138969491790323310e-10
2.068523737607031908e-10
1.999959842957181701e-10
1.933232657044486735e-10
1.868298657089247354e-10
1.805114421760689841e-10
1.743638527147358579e-10
1.683832784325310458e-10
1.625660311564361166e-10
1.569084560115154832e-10
1.514069810151325254e-10
1.460583808117362000e-10
1.408596266106904852e-10
1.358076595637101393e-10
1.308994977906626521e-10
1.261322398121101976e-10
1.215030453225367336e-10
1.170091444066475357e-10
1.126477964952051033e-10
1.084163661431364525e-10
1.043120695451061672e-10
1.003325172168664937e-10
9.647523202933177264e-11
9.273769998933341365e-11
8.911737933602323189e-11
8.561178093364281145e-11
8.221846586873139468e-11
7.893504904088285168e-11
7.574212583035187483e-11
7.267226191045151414e-11
6.970525643776474925e-11
6.683863058194452440e-11
6.407015447062756624e-11
6.139751720791278782e-11
5.881840756440404839e-11
5.633053192945229015e-11
5.393162171555654399e-11
5.161940965839736175e-11
4.939150489415012996e-11
4.724577180353171908e-11
4.518000049557223429e-11
4.319200176336392547e-11
4.127960132797513630e-11
3.944065488090552588e-11
3.767288459814806736e-11
3.597425955926749690e-11
3.434271825611945461e-11
3.277620995887585488e-11
3.127272418535080064e-11
2.983026297625428638e-11
2.844670023267956104e-11
2.712022701247765859e-11
2.584895404901154052e-11
2.463103615741075173e-11
2.346454723238904228e-11
2.234777057159810879e-11
2.127890888641638251e-11
2.025630364891871673e-11
1.927828758359998161e-11
1.834323406401165995e-11
1.744938268188345944e-11
1.659529380800329578e-11
1.577948135555872369e-11
1.500049058914028377e-11
1.425682916063159031e-11
1.354702461821022689e-11
1.286984675272790300e-11
1.222399465099314317e-11
1.160819137567403550e-11
1.102105503024476639e-11
1.046153622276114127e-11
9.928497141943414237e-12
9.420817828823620768e-12
8.937272507517684962e-12
8.476965912890303678e-12
8.038897877830384250e-12
7.622080183135049776e-12
7.225485556395029845e-12
6.848338361907405206e-12
6.489793001382528261e-12
6.148865318471426487e-12
5.824857890479701541e-12
5.517047930844638708e-12
5.224610990499053629e-12
4.946824938296955544e-12
4.683106339399275885e-12
4.432747313596336755e-12
4.195057534618718579e-12
3.969558025509618757e-12
3.755610667110194176e-12
3.552618138861584118e-12
3.360144766328037769e-12
3.177630523043666518e-12
3.004588074231788644e-12
2.840634713282222940e-12
2.685186609594880554e-12
2.537949432466925640e-12
2.398449948453574248e-12
2.266338429470860839e-12
2.141267862544993901e-12
2.022784484014473102e-12
1.910660877875170312e-12
1.804538536271030003e-12
1.704785408178515076e-12
1.609644357231039322e-12
1.519660981163361888e-12
1.434186313549355007e-12
1.353796081168160724e-12
1.277785610093285133e-12
1.205937976195934591e-12
1.138001101383736069e-12
1.073816154930126871e-12
1.013156632527663629e-12
9.562199625562358794e-13
9.016814451077327392e-13
8.505612954354769308e-13
8.022708503278862961e-13
7.566673813996564293e-13
7.136251231981488694e-13
6.729760294299313924e-13
