# bin_5_1
1.048750750278460379e-08
1.051011848582744393e-08
1.053142427046772453e-08
1.055155755302318089e-08
1.056998126712188710e-08
1.058713205143204718e-08
1.060253235133458779e-08
1.061645456202387162e-08
1.062872226359709107e-08
1.063924451296558166e-08
1.064808412097618112e-08
1.065495140849850441e-08
1.065989029783479248e-08
1.066279776770174631e-08
1.066369978187612271e-08
1.066249562269391578e-08
1.065910900672358841e-08
1.065338262549645011e-08
1.064531129275438951e-08
1.063524186343345528e-08
1.062249051863390422e-08
1.060726624582359317e-08
1.058940860430977902e-08
1.056911920755279939e-08
1.054614755091726272e-08
1.052043362302002301e-08
1.049191885257503345e-08
1.046067579754671405e-08
1.042660537058639505e-08
1.038959355302945407e-08
1.034961161208682131e-08
1.030931822229304894e-08
1.026080123621675931e-08
1.021191759588545897e-08
1.015965897330017003e-08
1.010468070282137670e-08
1.004650125368399566e-08
9.983685643706664463e-09
9.920637713641523798e-09
9.852988144904095251e-09
9.782180495728054655e-09
9.708184348866628570e-09
9.631078358977437189e-09
9.550780341978456629e-09
9.467405268858259460e-09
9.380922146230675849e-09
9.291365033629973269e-09
9.198741929818137865e-09
9.103112392451420994e-09
9.004514726354991137e-09
8.902970240520056879e-09
8.798600474235654861e-09
8.689070943919851460e-09
8.581540673864802897e-09
8.468991929115920784e-09
8.353971216279600002e-09
8.236284394922806525e-09
8.116293548808765407e-09
7.994034156184391479e-09
7.869669144294253632e-09
7.743102591973583488e-09
7.614667641008841017e-09
7.484410930385359473e-09
7.352080192044037252e-09
7.219006120896224507e-09
7.084121926959017976e-09
6.947977762422744784e-09
6.810717188228858991e-09
6.672488855776565792e-09
6.533472860595353012e-09
6.393792559592461277e-09
6.253621692522607676e-09
6.113109427301017547e-09
5.972424398536835055e-09
5.831728461105200822e-09
5.691164111006229986e-09
5.550898994312816916e-09
5.411081969865305817e-09
5.271870281513300792e-09
5.133404260899145356e-09
4.995840231134832634e-09
4.859314438869675242e-09
4.723970660011340044e-09
4.589936497682949328e-09
4.457334030132931972e-09
4.326297839491922647e-09
4.196938745646343088e-09
4.069363857965531010e-09
3.943689262808971014e-09
3.819997232825134371e-09
3.698386898492422729e-09
3.578938559655636279e-09
3.461712271955541420e-09
3.346791294064744786e-09
3.234233298674265767e-09
3.124090513626427749e-09
3.016408193868975944e-09
2.911221965570141029e-09
2.808572837328394171e-09
2.708484076468438522e-09
2.610982352989850051e-09
2.516080203015379309e-09
2.423794042003334837e-09
2.334127751629253595e-09
2.247102295678783390e-09
2.162702310976989783e-09
2.080932215788945235e-09
2.001784529493276400e-09
1.925258724657573319e-09
1.851334309647559873e-09
1.779674365447706981e-09
1.711233777060563007e-09
1.645014524168107854e-09
1.581320117719877253e-09
1.520105136181010611e-09
1.461331164435086594e-09
1.404972400621231354e-09
1.350952876520492237e-09
1.299221897464320404e-09
1.249701529783677720e-09
1.202308264848694379e-09
1.156944386586612165e-09
1.113499785016480648e-09
1.071850086204813214e-09
1.031874727159518493e-09
9.934263610757432881e-10
9.563591809933246581e-10
9.205388828578140791e-10
8.858103820436558944e-10
8.520412846061893632e-10
8.190925594247900178e-10
7.868426968868455630e-10
7.551812275170515118e-10
7.240140002619747155e-10
6.932665396396203810e-10
6.628950286687298806e-10
6.328694200347748886e-10
6.032039413956226658e-10
5.739319945779051368e-10
5.451258956432419826e-10
5.168819808279875357e-10
4.893275243955175446e-10
4.626103998386471939e-10
4.368916475224014735e-10
4.123376330824643930e-10
3.891155778169647467e-10
3.673725738554036008e-10
3.472325371862644884e-10
3.287852473305268057e-10
3.120770801734179930e-10
2.971058087809837441e-10
2.838275921116519568e-10
2.721364175367651473e-10
2.618959018045003289e-10
2.529249516153946256e-10
2.450222124006356318e-10
2.379646471940400011e-10
2.315313195024546228e-10
2.255004358977055621e-10
2.197061488494563628e-10
2.139656265486771534e-10
2.081689421784477124e-10
2.022512505049651072e-10
1.961869390050853710e-10
1.900044851450229471e-10
1.837671630308719052e-10
1.775738597302764283e-10
1.715360832163959319e-10
1.657692595050893343e-10
1.603741852797537401e-10
1.554282068981572181e-10
1.509608455210927453e-10
1.469650440639989570e-10
1.433889247532787016e-10
1.401510752654827991e-10
1.371517785460297982e-10
1.342848855164648944e-10
1.314592293202009092e-10
1.286075118657762397e-10
1.256994266424253841e-10
1.227420771683510144e-10
1.197771990053490838e-10
1.168677410956929198e-10
1.140845950757318666e-10
1.114890440107016863e-10
1.091199696600302957e-10
1.069844899920339363e-10
1.050582031953251955e-10
1.032901425813967575e-10
1.016156239647842211e-10
9.997041768638503074e-11
9.830348672304606502e-11
9.658563238040314623e-11
9.481199836488320727e-11
9.299813859018407405e-11
9.117539547630003150e-11
8.937452978891695103e-11
8.762362268383512432e-11
8.598737101288998733e-11
8.432348561618264654e-11
8.276798194765479636e-11
8.125544322631069474e-11
7.976549564343538042e-11
7.827980303995933384e-11
7.678610433858986642e-11
7.527915739212621862e-11
7.376082061005032307e-11
7.223629388406781356e-11
7.071191464542150281e-11
6.919291961583380177e-11
6.768220483183306246e-11
6.617986028858433690e-11
6.468337342602803165e-11
6.318867052915252855e-11
6.169179744688711041e-11
6.019090698249817770e-11
5.868797290958290926e-11
5.718737594363007992e-11
5.569430583913270107e-11
5.421232465821843564e-11
5.274153254651734141e-11
5.127979241183350945e-11
4.982423415797301178e-11
4.837242809201270464e-11
4.692486120290643432e-11
4.548488525833502259e-11
4.405732235755685194e-11
4.264661946139456922e-11
4.125520512484346119e-11
3.988273185982853489e-11
3.852693248574021881e-11
3.718552463250332334e-11
3.585813163152057685e-11
3.454679266698840396e-11
3.325493279538842199e-11
3.198575283540158690e-11
3.074103250360392269e-11
2.952082251926866674e-11
2.832419195495510612e-11
2.715038722272489890e-11
2.599978927254102732e-11
2.487399273483928176e-11
2.377495571364167227e-11
2.270388861190255599e-11
2.166082072171587386e-11
2.064510432808415081e-11
1.965625602264116788e-11
1.869456612173704770e-11
1.776103082991916391e-11
1.685656564449380142e-11
1.598134970265631584e-11
1.513496482046869120e-11
1.431691881131363082e-11
1.352709475457351451e-11
1.276569680974281819e-11
1.203284265032837835e-11
1.132834373287568587e-11
1.065177496037598598e-11
1.000268506913146622e-11
9.380711313236627632e-12
8.785550053479353785e-12
8.216811622626588331e-12
7.674024520051534397e-12
7.156812056443291926e-12
6.664174215692264341e-12
6.195989174504355704e-12
5.751498034195445317e-12
5.330071070393911746e-12
4.931034546494404165e-12
4.553745265142204456e-12
4.197527968512132690e-12
3.861680924789808367e-12
3.545492013892459225e-12
3.248244907216803394e-12
2.969219490781759362e-12
2.707687845999351991e-12
2.462985949512469798e-12
2.234232694653095439e-12
2.020788152412082554e-12
1.821955919355246913e-12
1.637038205053279311e-12
1.465311078858973614e-12
1.306128031671144674e-12
1.158754239157536165e-12
1.022638333754627789e-12
8.971030116815913254e-13
7.815496441309443726e-13
6.753867817771953368e-13
5.780434334866803117e-13
4.890234308852309517e-13
4.076737017251996560e-13
3.335554541650690485e-13
2.661762544863276874e-13
2.050813439388350888e-13
1.498322781578549143e-13
1.000083951114180073e-13
5.522686682055648239e-14
1.509567269751949919e-14
-2.071446914766328601e-14
-5.255559341521137478e-14
-8.073325146977402948e-14
-1.055412888955222636e-13
-1.272562974271648066e-13
-1.461277889491966179e-13
-1.624068227847120429e-13
-1.763059080728062197e-13
-1.880454561397597493e-13
-1.978092796214241326e-13
-2.057882812225136798e-13
-2.121410182379081542e-13
-2.170318586592379484e-13
-2.206039858482618005e-13
-2.229794675699889367e-13
-2.242971339662056906e-13
-2.246639143914404689e-13
-2.241763826653168234e-13
-2.229439641919822895e-13
-2.210445086427611205e-13
-2.185646659808698936e-13
-2.155777389900678607e-13
-2.121519764208662114e-13
-2.083469441627289899e-13
-2.042236613739748760e-13
-1.998215970337772668e-13
-1.951978530196877900e-13
-1.903905178242669124e-13
-1.854369291574342777e-13
-1.803710579130773144e-13
-1.752228811156027211e-13
-1.700199166606365068e-13
-1.647861806258842150e-13
-1.595480376820261726e-13
-1.543122127555194847e-13
-1.491070263137809745e-13
-1.439445589120147046e-13
-1.388381892728147671e-13
-1.337994947405387679e-13
-1.288385690751923113e-13
-1.239640558730175631e-13
-1.191854944848914787e-13
-1.145049781823516396e-13
-1.099301895436084696e-13
-1.054648423464340207e-13
-1.011149952420130225e-13
-9.687862585907429792e-14
-9.275778610454490377e-14
-8.875895533196160263e-14
-8.487923327364308066e-14
-8.111889576650220413e-14
-7.747939153612991848e-14
-7.396097231588504558e-14
-7.056123745769064994e-14
-6.727998516973420377e-14
-6.411632757821424999e-14
-6.106764212158980131e-14
-5.813412303504191762e-14
-5.531290502538773444e-14
-5.260523319683736442e-14
-5.000613140558373621e-14
-4.751407429735084041e-14
-4.512659439896278704e-14
-4.284070326995320314e-14
-4.065316322352870490e-14
-3.856042402664208695e-14
-3.655853317475305250e-14
-3.464402479658235081e-14
-3.281216116571215767e-14
-3.105913440030602782e-14
-2.938096395158416695e-14
-2.777376475922444425e-14
-2.623486016049775353e-14
-2.476248332006268072e-14
-2.335583418084627416e-14
-2.201483572198415811e-14
-2.073963194159608508e-14
-1.953087893613368162e-14
-1.838826321351538483e-14
-1.731050283438440395e-14
-1.629579627067446832e-14
-1.534170146548676162e-14
-1.444424332600877165e-14
-1.359971794689601260e-14
-1.280427140656745542e-14
-1.205444585745862230e-14
-1.134755243314884788e-14
-1.067816059611558721e-14
-1.005292009040991269e-14
-9.461474993294463967e-15
-8.905049555862848856e-15
-8.382764980390204182e-15
-7.892776569646762544e-15
-7.433464549131901831e-15
-7.002738144143856568e-15
-6.598714406415167050e-15
-6.219188930761239913e-15
-5.862259735222350677e-15
-5.526130597815150737e-15
-5.209501773652603902e-15
-4.911188319598382574e-15
-4.630371736799789335e-15
