# bin_5_2
1.887248589700614506e-08
1.898273048924718517e-08
1.909279032972562400e-08
1.920258528403876438e-08
1.931207751121520363e-08
1.942116868710452706e-08
1.952969309928466740e-08
1.963738449843489576e-08
1.974451524438217072e-08
1.985255616727444530e-08
1.995769126293351560e-08
2.006256708456735256e-08
2.016642351637121893e-08
2.026992549967665834e-08
2.037133550275177213e-08
2.047072174317433880e-08
2.056982042168372636e-08
2.066240338630831083e-08
2.076273492911274597e-08
2.085670313989057236e-08
2.094879570107353211e-08
2.103891797072759781e-08
2.112692145092660123e-08
2.121291680905552936e-08
2.129663447374012212e-08
2.137778593692527719e-08
2.145645183708514270e-08
2.153252158797971046e-08
2.160584611619721279e-08
2.167622374520945895e-08
2.174354538366203480e-08
2.180777559332962586e-08
2.186877618691607424e-08
2.192617619735172222e-08
2.198059200695305762e-08
2.203081565547150413e-08
2.207753590709282910e-08
2.212029904379947969e-08
2.215904399407935308e-08
2.219371149616365454e-08
2.222406919178448508e-08
2.224998603228938520e-08
2.227206131409506553e-08
2.228821869881456683e-08
2.230018671235890500e-08
2.230751404408727501e-08
2.230973731719498379e-08
2.230680947909745329e-08
2.229870502301722562e-08
2.228525807390713542e-08
2.226575721587784537e-08
2.224203925907710783e-08
2.221196528831571105e-08
2.217612557238241782e-08
2.213457100048104018e-08
2.208710347438489592e-08
2.203419208424620362e-08
2.197418795044783058e-08
2.190859842971522162e-08
2.183690500246696865e-08
2.175896571101527021e-08
2.167458081429197624e-08
2.158402430214636433e-08
2.148712102143368032e-08
2.138384664402859940e-08
2.127148965166691495e-08
2.115806899773401027e-08
2.103562162274399174e-08
2.090676656725413466e-08
2.077152691658921841e-08
2.062992570836772061e-08
2.048198172776404941e-08
2.032773745044184842e-08
2.016929209072437938e-08
2.000024651317542006e-08
1.982774725765311831e-08
1.964887883649681389e-08
1.946403636194130402e-08
1.927330221662219472e-08
1.907678190318570513e-08
1.887456103200919405e-08
1.866686016962649645e-08
1.845372655654614096e-08
1.823532073670071221e-08
1.801179517012495636e-08
1.778556973700957077e-08
1.755186033750301313e-08
1.731230439919960766e-08
1.707012738338927121e-08
1.682426119587544869e-08
1.657351242826308413e-08
1.631951809448804572e-08
1.606104209411061222e-08
1.580137874753291510e-08
1.553774395583578256e-08
1.527142640068443422e-08
1.500265340305326337e-08
1.473185050444545174e-08
1.445917287810792012e-08
1.418497656997895051e-08
1.390956365685375636e-08
1.363322883749933693e-08
1.335632645709620674e-08
1.307811614549443275e-08
1.280202949535752712e-08
1.252528250646109325e-08
1.224925028113772580e-08
1.197419943375716065e-08
1.170170162919627311e-08
1.142844804852234065e-08
1.115834030489987782e-08
1.089046952202657995e-08
1.062512827615413033e-08
1.036258252856029411e-08
1.010309697191366367e-08
9.846906107339213198e-09
9.594270743760615548e-09
9.345374527318151493e-09
9.100425970487263368e-09
8.859574628334178177e-09
8.623045618234399367e-09
8.390915932373708585e-09
8.163317567625031309e-09
7.940374949065234497e-09
7.722110056198788049e-09
7.508630410894988659e-09
7.305095591816810329e-09
7.096091234491134895e-09
6.897044045954183157e-09
6.702793336701428877e-09
6.513281644758344001e-09
6.328461816220231406e-09
6.148241679092904948e-09
5.972538826915397685e-09
5.801280956336020212e-09
5.634199884655768424e-09
5.471296481025400748e-09
5.312376647874810857e-09
5.157270581943836405e-09
5.005832862259032520e-09
4.857872003420485422e-09
4.713233138592691770e-09
4.571938905794850067e-09
4.433300453919091293e-09
4.297702600239220797e-09
4.164863350456093184e-09
4.034651013404277188e-09
3.906975307768005401e-09
3.781754975030925418e-09
3.658933199326610136e-09
3.538468574983867956e-09
3.420358892494778571e-09
3.304584737911576781e-09
3.191182749026763056e-09
3.080206149655801533e-09
2.971764823462561965e-09
2.865698830835204780e-09
2.762366588548345747e-09
2.661767547926255770e-09
2.564037601294953553e-09
2.469298308432554635e-09
2.377660167750748645e-09
2.289197023404293943e-09
2.204104655350878874e-09
2.122358378336653857e-09
2.044015029221779099e-09
1.969087033744031702e-09
1.897523542769176039e-09
1.829261208971430027e-09
1.764173791468564308e-09
1.702130121894258193e-09
1.642917770728782248e-09
1.586350217721987560e-09
1.532195574681089798e-09
1.480235863482068913e-09
1.430222294829680862e-09
1.381979220377973003e-09
1.335318817027695640e-09
1.290107339272491285e-09
1.246210691492706924e-09
1.203547549467613416e-09
1.162125802409208929e-09
1.121928261565168176e-09
1.082980729041173244e-09
1.045326364722707539e-09
1.009002159983565820e-09
9.740331471547095899e-10
9.404553124785859813e-10
9.082561926186778470e-10
8.774048575715791099e-10
8.478518028481693558e-10
8.195042184236194633e-10
7.922940294062575353e-10
7.661282553793664346e-10
7.409289901812129312e-10
7.166438335364061052e-10
6.932010270195812774e-10
6.706080232866005314e-10
6.488482592247915502e-10
6.279235954885062213e-10
6.078335545918687497e-10
5.885684909949819130e-10
5.701029125430236529e-10
5.523969322340533778e-10
5.353996727372415735e-10
5.190572845836824456e-10
5.033193820379516591e-10
4.881435176561250013e-10
4.734962015675318664e-10
4.593518579924064258e-10
4.456907636093261019e-10
4.324963305924514089e-10
4.197534527011808690e-10
4.074481098596161089e-10
3.955690128205475373e-10
3.841073384890352077e-10
3.730541000262613643e-10
3.623972729887670744e-10
3.521198728654342506e-10
3.421986889219907460e-10
3.326052917061990936e-10
3.233103263198190314e-10
3.142892549671183792e-10
3.055257292934172875e-10
2.970121172157687618e-10
2.887467567089949848e-10
2.807287552241949569e-10
2.729534224978408710e-10
2.654104361699170478e-10
2.580847927650399382e-10
2.509593054244305450e-10
2.440175596892308689e-10
2.372472289894676172e-10
2.306423103154703425e-10
2.242015653949510099e-10
2.179247114726855054e-10
2.118089667325316609e-10
2.058475360322094224e-10
2.000303023885580498e-10
1.943466962852251476e-10
1.887896635459319350e-10
1.833567113746930899e-10
1.780473210957637525e-10
1.728601776737538634e-10
1.677917760767014733e-10
1.628368396957109244e-10
1.579902766684509793e-10
1.532487959252360724e-10
1.486107570792868986e-10
1.440749816421973327e-10
1.396396389364979134e-10
1.353021585871891044e-10
1.310600183018827004e-10
1.269114116229015341e-10
1.228551168875688825e-10
1.188899795901308472e-10
1.150146180571796504e-10
1.112275621504532723e-10
1.075275629750922197e-10
1.039136080858419169e-10
1.003847479815253290e-10
9.694002708753398388e-11
9.357851161570175745e-11
9.029933079277171045e-11
8.710161362879900644e-11
8.398452556033740582e-11
8.094726316848715787e-11
7.798904361280505064e-11
7.510907536190242848e-11
7.230656360289434422e-11
6.958068887075519809e-11
6.693062973823973916e-11
6.435555719560708174e-11
6.185459956017801713e-11
5.942686852961539919e-11
5.707146078828090545e-11
5.478740585730670519e-11
5.257374637975442832e-11
5.042948828737949784e-11
4.835360137446193381e-11
4.634501801415154165e-11
4.440261004310656353e-11
4.252522396649506535e-11
4.071171334168560975e-11
3.896088317636505208e-11
3.727150988836549156e-11
3.564231261640172786e-11
3.407201212109870841e-11
3.255932439786094927e-11
3.110292777790669546e-11
2.970147513154559246e-11
2.835356014765208932e-11
2.705785108681067470e-11
2.581297071571885019e-11
2.461753752276815434e-11
2.347011861085638179e-11
2.236934439111026956e-11
2.131383700795558753e-11
2.030221484533029176e-11
1.933305516315591712e-11
1.840501383288971405e-11
1.751674686028901434e-11
1.666707176686218360e-11
1.585429584830398453e-11
1.507730927156667992e-11
1.433473961225868878e-11
1.362553569524878812e-11
1.294832450951518468e-11
1.230192742600096528e-11
1.168515550511156794e-11
1.109680824336278359e-11
1.053580685109955681e-11
1.000115146980320639e-11
9.491530370438097167e-12
9.006025392654616285e-12
8.543611791422946066e-12
8.103385398143961032e-12
7.684378724923296456e-12
7.285671435276426246e-12
6.906346421370335821e-12
6.545646966496198342e-12
6.202655976502084308e-12
5.876547803942269269e-12
5.566626944952105610e-12
5.272128796508690543e-12
4.992422822572791833e-12
4.726761550675943917e-12
4.474519392982149457e-12
4.235093827014648130e-12
4.007845209299296307e-12
3.792148614385646013e-12
3.587531724164544702e-12
3.393460171107966646e-12
3.209376708949833630e-12
3.034888345221026678e-12
2.869454218860724939e-12
2.712664888009749112e-12
2.564043415416813726e-12
2.423236632848448941e-12
2.289888641900383634e-12
2.163545739197739304e-12
2.043939284945182668e-12
1.930682858316887507e-12
1.823450007102999789e-12
1.721964657333865629e-12
1.625929488854050059e-12
1.535058660000242578e-12
1.449102174327937561e-12
1.367771258232465217e-12
1.290869242478106309e-12
1.218146149160175614e-12
1.149395839064357623e-12
1.084424415223003513e-12
1.022983646560469150e-12
9.649413619189671180e-13
9.100990251600610359e-13
8.582918375635535846e-13
8.093491432024651915e-13
7.631331423757398795e-13
7.194837371199305181e-13
6.782790788802652622e-13
6.393833982694106197e-13
6.026669541905822580e-13
5.680189941470085881e-13
5.353324332009388890e-13
5.044770760580085481e-13
4.753748865159242856e-13
4.479405307193464830e-13
4.220507305213776465e-13
3.976476386349568544e-13
3.746388594585209121e-13
3.529534049705461928e-13
3.325114669072298147e-13
3.132462925609691015e-13
2.950840171901080498e-13
2.779756549454905939e-13
2.618589773471884716e-13
2.466649331864021978e-13
2.323643943016271245e-13
2.188990290662816312e-13
2.062107674203814332e-13
1.942659901820607834e-13
1.830200442419588149e-13
1.724336098102837710e-13
1.624697447024584814e-13
1.530933077659472586e-13
1.442590539999671474e-13
1.359551417939244515e-13
1.281419413539680425e-13
1.207891785663871023e-13
1.138660453798216296e-13
1.073468031076350908e-13
1.012068783541834372e-13
9.542050030312290494e-14
8.996927223907120057e-14
8.483017807141445066e-14
7.998757431814394581e-14
7.542122311202873362e-14
7.111620837583030397e-14
6.705616820594470027e-14
