# bin_4_1
1.032963930390425247e-08
1.035176546792816817e-08
1.037260648198982459e-08
1.039231930247285534e-08
1.041029881186737781e-08
1.042705164711491355e-08
1.044208046684854259e-08
1.045565691378093747e-08
1.046760656848212919e-08
1.047783997049402902e-08
1.048642015483873476e-08
1.049306114699738122e-08
1.049780718544063739e-08
1.050053443649050164e-08
1.050133751202019418e-08
1.050004952222230041e-08
1.049661850798087060e-08
1.049089044143481782e-08
1.048285935693812393e-08
1.047289995389444002e-08
1.046024783643501662e-08
1.044519959444337221e-08
1.042756763051297088e-08
1.040755281331812337e-08
1.038490810088198017e-08
1.035957491670794651e-08
1.033149651424173680e-08
1.030074568082569439e-08
1.026722543502890950e-08
1.023082400944939954e-08
1.019151403193031163e-08
1.014933587710582436e-08
1.010423579448249992e-08
1.005621664011012893e-08
1.000488920004639524e-08
9.950908509718799641e-09
9.893796642256447610e-09
9.833566409368859044e-09
9.770282241207479323e-09
9.703915867532631627e-09
9.634465223494470334e-09
9.561901167143588466e-09
9.486302245138208832e-09
9.407587752876948113e-09
9.325873132870204911e-09
9.241127446356798725e-09
9.153385333387140048e-09
9.062655311638736409e-09
8.968996819068168886e-09
8.872448069384658055e-09
8.773030527280098968e-09
8.670864632684955194e-09
8.563681012912993139e-09
8.458442310539224726e-09
8.348325597054321435e-09
8.235811826981949646e-09
8.120703181910256567e-09
8.006849957456471875e-09
7.883821628902935374e-09
7.762245359432133644e-09
7.638533327592518367e-09
7.513015278774987946e-09
7.385736334392007035e-09
7.256491532565161137e-09
7.126457604279729792e-09
6.994715609455445601e-09
6.861761809155999176e-09
6.727736108118180664e-09
6.592783277828143610e-09
6.457078964716720046e-09
6.320742554122175813e-09
6.183943053279838326e-09
6.046825011219845520e-09
5.909551999657430537e-09
5.772280780988229376e-09
5.635148790430667566e-09
5.498318162733828787e-09
5.361932289338019327e-09
5.226142713266327566e-09
5.091084035520259015e-09
4.956906663133544630e-09
4.823740988060432067e-09
4.691722197701164043e-09
4.560979647027339933e-09
4.431622183219093541e-09
4.303780396054706982e-09
4.177559418380813077e-09
4.053060554330359402e-09
3.930393988048625825e-09
3.809636572442281686e-09
3.690879280376413579e-09
3.574202282663694604e-09
3.459653339285105154e-09
3.347325655450591377e-09
3.237257065274388322e-09
3.129503349848623292e-09
3.024094823762950499e-09
2.921082359975067717e-09
2.820487656121515095e-09
2.722336198857178390e-09
2.626651953150259898e-09
2.533445293446624710e-09
2.442730770941478174e-09
2.354509988130102935e-09
2.268804643672167262e-09
2.185598124616873724e-09
2.104894732325023896e-09
2.026687454895649195e-09
1.950976596815550652e-09
1.877743218853435899e-09
1.806977198189762002e-09
1.738661263604284112e-09
1.672775686201850827e-09
1.609293240754498828e-09
1.548190044202518377e-09
1.489422487543133724e-09
1.432971702219645898e-09
1.378767012524016429e-09
1.326764131319143253e-09
1.276892348135111638e-09
1.229076620690890506e-09
1.183226147127508896e-09
1.139241988031599098e-09
1.097009870590342631e-09
1.056418469087448730e-09
1.017332017173354010e-09
9.796157603765201111e-10
9.431461586868901216e-10
9.077790657627071715e-10
8.733920035803908318e-10
8.398555312323359255e-10
8.070567375258567321e-10
7.748926769927271306e-10
7.432759480560270154e-10
7.121354034817032514e-10
6.814317193993202611e-10
6.511357114421957102e-10
6.212607377853551951e-10
5.918372188992415163e-10
5.629321505561691556e-10
5.346344460889405669e-10
5.070618072323473512e-10
4.803507265039462106e-10
4.546493234742429420e-10
4.301102408660302983e-10
4.068866908231604813e-10
3.851123547271436418e-10
3.648988659118003221e-10
3.463255595766935305e-10
3.294308017783642486e-10
3.142071910014199916e-10
3.006078990737235757e-10
2.885309999298807718e-10
2.778410306983470581e-10
2.683679735479684973e-10
2.599168360419640889e-10
2.522795065804514471e-10
2.452451374915816866e-10
2.386059139658687933e-10
2.322073864113528299e-10
2.258785623322420916e-10
2.195174175535703947e-10
2.130674641327879019e-10
2.065043762573225021e-10
1.998576572129149260e-10
1.931883464777664377e-10
1.865908163261039669e-10
1.801705511123440758e-10
1.740357567139357158e-10
1.682798655731155051e-10
1.629741200404653984e-10
1.581446290602572249e-10
1.537839414129350028e-10
1.498424105970447278e-10
1.462426742085443392e-10
1.428902917635474728e-10
1.396851845711293838e-10
1.365413317515653706e-10
1.333951521337791117e-10
1.302178166616714363e-10
1.270152520317354470e-10
1.238252344684407066e-10
1.207049986307049095e-10
1.177193596146789019e-10
1.149241925560260696e-10
1.123545794852995939e-10
1.100168800890061659e-10
1.078877342835798340e-10
1.059200683990841513e-10
1.040542351263762411e-10
1.022310948014470013e-10
1.004036994539925149e-10
9.854502954342884484e-11
9.665006497957042481e-11
9.473205297491315787e-11
9.281814684723877142e-11
9.093453452227713069e-11
8.910457014644166080e-11
8.734072450933365443e-11
8.564347195735607549e-11
8.400289062007316817e-11
8.240245097544175150e-11
8.082356802756676645e-11
7.925012838681481291e-11
7.767177199072525382e-11
7.608495722710958054e-11
7.449177474439007853e-11
7.289762891903847907e-11
7.130879358981581569e-11
6.973052093845476208e-11
6.816583003821396610e-11
6.661498627327427520e-11
6.507565685918072415e-11
6.354390094152870039e-11
6.201573376791647729e-11
6.048894600290200967e-11
5.896448835411496219e-11
5.744569194580716574e-11
5.593651772645523197e-11
5.443944570753277980e-11
5.295469544441261137e-11
5.148058320369203683e-11
5.001462083297443274e-11
4.855504094165851685e-11
4.710232656885892120e-11
4.565927979839430509e-11
4.422992233723749572e-11
4.281803311191599478e-11
4.142580471155069609e-11
4.005319278894878432e-11
3.869859667740506440e-11
3.736035572699595946e-11
3.603825781868912641e-11
3.473393251978445201e-11
3.345006969050877747e-11
3.218919233496338302e-11
3.095274774685198815e-11
2.974086953422006126e-11
2.855293657924116558e-11
2.738841005139197700e-11
2.624754317622499074e-11
2.513148618949780456e-11
2.404176358016082466e-11
2.297948936608417995e-11
2.194497396097984137e-11
2.093796392469198268e-11
1.995815245860396391e-11
1.900560553078574032e-11
1.808081169912509550e-11
1.718427877010040048e-11
1.631615850456281607e-11
1.547630587664037222e-11
1.466451458622953288e-11
1.388071819167740710e-11
1.312491993250547633e-11
1.239699225868475924e-11
1.169664844658605250e-11
1.102353543989326160e-11
1.037732227064781198e-11
9.757699704677303014e-12
9.164329248540879612e-12
8.596757021839141854e-12
8.054615646092705119e-12
7.537140253755593119e-12
7.043786910109015510e-12
6.574307483828950881e-12
6.127964333572832968e-12
5.704135826153540503e-12
5.302163089980587695e-12
4.921424807580800313e-12
4.561269838761181356e-12
4.221019017902440937e-12
3.899986175431205900e-12
3.597485586343435633e-12
3.312825419336156128e-12
3.045304122232114646e-12
2.794215637522572265e-12
2.558890570330227929e-12
2.338563535090743677e-12
2.132611296196569503e-12
1.940362801405526904e-12
1.761144632751061145e-12
1.594212336162265849e-12
1.439125233240937928e-12
1.295121843978415034e-12
1.161625527540250265e-12
1.038064090886451435e-12
9.238689909238352565e-13
8.184918231904740731e-13
7.214093566996420167e-13
6.321362982109543994e-13
5.501043992763083094e-13
4.748888227282594559e-13
4.060446013023369402e-13
3.431661777065265371e-13
2.858288188270966051e-13
2.336666932019793770e-13
1.863001590397478881e-13
1.434095626542139430e-13
1.046510113571870437e-13
6.972629017695221264e-14
3.834789554743362465e-14
1.024616436283597707e-14
-1.483159600959605251e-14
-3.712575170815655032e-14
-5.684944431337053077e-14
-7.421905318176019000e-14
-8.942535223770486393e-14
-1.026523701137289778e-13
-1.140616165261195423e-13
-1.238176480577312804e-13
-1.320693112439448127e-13
-1.389372368384202820e-13
-1.445649755067096802e-13
-1.490622919924195786e-13
-1.525300323028335805e-13
-1.550811277601606429e-13
-1.567978584755260784e-13
-1.577716759838327634e-13
-1.580802270130377980e-13
-1.577951411891050084e-13
-1.569823321508337268e-13
-1.557074774791387087e-13
-1.540146621029625781e-13
-1.519661474228231605e-13
-1.496050316783239965e-13
-1.469736334219125488e-13
-1.441108018249010744e-13
-1.410515044570840542e-13
-1.378278449757804378e-13
-1.344686502883122372e-13
-1.310048976874633425e-13
-1.274479696863827068e-13
-1.238303908335825850e-13
-1.201685412869296238e-13
-1.164799272506881754e-13
-1.127801330758955833e-13
-1.090831278677747125e-13
-1.054012844364231153e-13
-1.017477436806099199e-13
-9.812805567033081559e-14
-9.455303798252724271e-14
-9.103006717010612723e-14
-8.756777306374309416e-14
-8.416730316909624369e-14
-8.083336982671610646e-14
-7.757528760426885968e-14
-7.439270624948266752e-14
-7.128852210033742047e-14
-6.826655877284544822e-14
-6.532725936893717456e-14
-6.247278892024528587e-14
-5.970396541642277115e-14
-5.702205020057594073e-14
-5.442592146936181667e-14
-5.191747576857426926e-14
-4.949548346193884926e-14
-4.716239670283483669e-14
-4.491487338593295765e-14
-4.275511601795233597e-14
-4.067451273455669275e-14
-3.867871521955742377e-14
-3.676322457437591025e-14
-3.492533710229942795e-14
-3.316248639325097434e-14
-3.147202158823374150e-14
-2.985024251665691557e-14
-2.829429328341453897e-14
-2.680093876641259807e-14
-2.536746303141260778e-14
-2.399175964846487435e-14
-2.267269025755876380e-14
-2.140997519987140477e-14
-2.020401976749313467e-14
-1.905533054138125546e-14
-1.796448590247795420e-14
-1.693209544641495219e-14
-1.595681920218349812e-14
-1.503742841667648224e-14
-1.417188112878813772e-14
-1.335654721569714811e-14
-1.258826526981215467e-14
-1.186363725054055050e-14
-1.117960371180787650e-14
-1.053403910103217761e-14
-9.924472382878507380e-15
-9.349178573173889217e-15
-8.806882152965852386e-15
-8.295982194872221848e-15
-7.815788154021732288e-15
-7.364690139771221800e-15
-6.941192823337094398e-15
-6.543472180783311474e-15
-6.169884234470825805e-15
-5.818477021942775455e-15
-5.487587639186970887e-15
-5.175637444310970518e-15
-4.881473363320324430e-15
-4.604093485142500228e-15
-4.342708724738149603e-15
