# bin_3_1
9.908287279991841721e-09
9.928467911442258610e-09
9.947408822004495815e-09
9.965357355497161925e-09
9.981457582830736915e-09
9.996468823499694498e-09
1.000981187389265577e-08
1.002177353045207781e-08
1.003217789365358304e-08
1.004094034005840446e-08
1.004812681363535516e-08
1.005345904981527304e-08
1.005698444884202440e-08
1.005860771772928297e-08
1.005835847541018679e-08
1.005614373187431335e-08
1.005189415882866059e-08
1.004546907364957985e-08
1.003159535143478380e-08
1.002652784605727034e-08
1.001343698100370664e-08
9.998191187029092645e-09
9.980502265913826206e-09
9.960576057730995782e-09
9.938172871079631570e-09
9.913238238344495613e-09
9.885721944325742686e-09
9.855701235770106820e-09
9.823085172606638875e-09
9.787768443895844993e-09
9.749729044377870206e-09
9.709011716329430252e-09
9.665568519763904222e-09
9.619415798428059221e-09
9.570146542549263503e-09
9.518442485845823060e-09
9.463823786810626299e-09
9.406309005980768170e-09
9.345965928167086880e-09
9.282770933741763490e-09
9.216726050240238334e-09
9.147806360848295627e-09
9.076092744763723676e-09
9.001507939415188058e-09
8.924172767776596768e-09
8.844055305551069206e-09
8.761193740477137350e-09
8.675598291792520796e-09
8.587329402078122724e-09
8.496426154630785170e-09
8.402910720449943438e-09
8.306902092194000551e-09
8.208411138025238120e-09
8.107558828423152247e-09
8.004360314394736759e-09
7.898915242645832054e-09
7.791318848559532772e-09
7.681634640503272468e-09
7.569987004366559182e-09
7.456535024571316589e-09
7.341178021392889791e-09
7.224232883759759212e-09
7.105739398579748802e-09
6.985836795897925062e-09
6.864635475934748617e-09
6.737421501393470680e-09
6.618856169330469809e-09
6.494524750867779764e-09
6.369448918864803290e-09
6.243745210659940446e-09
6.117535148872054506e-09
5.990973428201633062e-09
5.864189862866933132e-09
5.737332431264242114e-09
5.610534494583275017e-09
5.484791441853512240e-09
5.357668848636722198e-09
5.231857055358294086e-09
5.106636976637087548e-09
4.982119800636113156e-09
4.858452086242801639e-09
4.735730131262101945e-09
4.614074974240697317e-09
4.493594291465043852e-09
4.374384994000876212e-09
4.256550968693417897e-09
4.140180722559385705e-09
4.025356634636432869e-09
3.912170202209477385e-09
3.800680197065892152e-09
3.690959859729645982e-09
3.583071615968487848e-09
3.477046188125137123e-09
3.372966170163829206e-09
3.270847848497386163e-09
3.170732827658124157e-09
3.072643197908197167e-09
2.976615033781217107e-09
2.882658976594809737e-09
2.790790526696608853e-09
2.701024829794313325e-09
2.613364799773267767e-09
2.527818711076008851e-09
2.444383314755845413e-09
2.363076503543703155e-09
2.283879819169637845e-09
2.206796763928714493e-09
2.131821129325092641e-09
2.058955363168538602e-09
1.988184417462465786e-09
1.919502835937014640e-09
1.852902214037488219e-09
1.788368805816140698e-09
1.725887414576277647e-09
1.665446006666196072e-09
1.607011711163196870e-09
1.550583662230206321e-09
1.496106821519070269e-09
1.443555932596041617e-09
1.392881258290309367e-09
1.344031574325331894e-09
1.296939755448628142e-09
1.251536388305983374e-09
1.207736953952549451e-09
1.165388981896376333e-09
1.124602572691735976e-09
1.085062993497783529e-09
1.046749721629301295e-09
1.009551111271501584e-09
9.733742295710311077e-10
9.381163368755147582e-10
9.036957212433367838e-10
8.700244971173683622e-10
8.370404194541248463e-10
8.046813723951699738e-10
7.729182097996186428e-10
7.417249879521139029e-10
7.111116930619993086e-10
6.810977276304954082e-10
6.517359593532166842e-10
6.230887053904321306e-10
5.952445521901796748e-10
5.683044386034780244e-10
5.423763533731709014e-10
5.175707141921639189e-10
4.939976554203195728e-10
4.717500411542696662e-10
4.509024318577813606e-10
4.315030497885175237e-10
4.135670214962862977e-10
3.970728861170591144e-10
3.819699444678607929e-10
3.681625817454729091e-10
3.555326115829458179e-10
3.439360744068573135e-10
3.332117769505251550e-10
3.231929715551662878e-10
3.135139257416747417e-10
3.045981411509442734e-10
2.957330956835170785e-10
2.869999893227280874e-10
2.783194456714820968e-10
2.696571086136330681e-10
2.610020442358639802e-10
2.523871517582074597e-10
2.438647020425472354e-10
2.355271208610580060e-10
2.274506646264032719e-10
2.197251567934487515e-10
2.124214677068214151e-10
2.055918351659910481e-10
1.992505766135751068e-10
1.933866224834093831e-10
1.879544163359496324e-10
1.828861719588105042e-10
1.781022472725662181e-10
1.734968712111655928e-10
1.690175271603871693e-10
1.646800510820067156e-10
1.603446120147169507e-10
1.560560886082916319e-10
1.518393887805427202e-10
1.477343217113316638e-10
1.437859044705259388e-10
1.400326016815204938e-10
1.364971554581465575e-10
1.331810883769754218e-10
1.300643485570384855e-10
1.271101158418014269e-10
1.242747921507083540e-10
1.215103026390029771e-10
1.187871537897533932e-10
1.160848762705277764e-10
1.134002922620928407e-10
1.107435004910776275e-10
1.081325303172549836e-10
1.055810052876503946e-10
1.031057500388907453e-10
1.007103661108845677e-10
9.839156495968383824e-11
9.613978031289686646e-11
9.394231612569658877e-11
9.178661557793620925e-11
8.966281089910171520e-11
8.756516002217908921e-11
8.549181809877029872e-11
8.344364275380014774e-11
8.142273417766029114e-11
7.943127979158573733e-11
7.747074473938761227e-11
7.554132508931319886e-11
7.364177361401871452e-11
7.176945747736048183e-11
6.992105048929028411e-11
6.809331344502279524e-11
6.628421565181404421e-11
6.449361639770043339e-11
6.272307596392022614e-11
6.097486147475906405e-11
5.925067377399380038e-11
5.755116576680274616e-11
5.587596634462311091e-11
5.422410536644620629e-11
5.259461331147221969e-11
5.098715212456211743e-11
4.940215028777699367e-11
4.784058574838122389e-11
4.630361776138513348e-11
4.479212083929813360e-11
4.330641553569420597e-11
4.184640313418624145e-11
4.041196385842276053e-11
3.900331576256323593e-11
3.762106663314430988e-11
3.626591453986231020e-11
3.493839274910636271e-11
3.363881497052708361e-11
3.236736342378980193e-11
3.112421553109353046e-11
2.990959218638147979e-11
2.872375172075734101e-11
2.756692073916761374e-11
2.643927729518960310e-11
2.534093857916775885e-11
2.427196952750554558e-11
2.323241459471172265e-11
2.222228629394449518e-11
2.124154973714547147e-11
2.029013542015346963e-11
1.936794008638521783e-11
1.847480802657111425e-11
1.761057596610039122e-11
1.677504754995316564e-11
1.596798476692590772e-11
1.518909280556571813e-11
1.443802475261006444e-11
1.371443250384503436e-11
1.301795026108584874e-11
1.234815712409199936e-11
1.170458813568354858e-11
1.108678408495436548e-11
1.049424925114756730e-11
9.926471986848985580e-12
9.382908321175094526e-12
8.862998926674117316e-12
8.366167386554331208e-12
7.891815866989489479e-12
7.439330457845593464e-12
7.008059941909861700e-12
6.597392796966906432e-12
6.206696468199244710e-12
5.835321850823148993e-12
5.482620504093381419e-12
5.147949089522333378e-12
4.830656456305188569e-12
4.530090328432380219e-12
4.245589031330606825e-12
3.976493737791209065e-12
3.722200255362808786e-12
3.482135361133349491e-12
3.255590961716064631e-12
3.041920626081478051e-12
2.840690142455229664e-12
2.651252645739486653e-12
2.472997338393847151e-12
2.305396549091325415e-12
2.147985567897674072e-12
2.000110589956880286e-12
1.861408792284284576e-12
1.731350649101011043e-12
1.609477430044587271e-12
1.495314027707587840e-12
1.388439246728836780e-12
1.288457136363754447e-12
1.194987800658975861e-12
1.107592848919628165e-12
1.026034310675852570e-12
9.498762151097950428e-13
8.788270618625746634e-13
8.125684686082162393e-13
7.508095415155381299e-13
6.932658551129118740e-13
6.397368296165369466e-13
5.899059559305117331e-13
5.435516170909907981e-13
5.004795385313007973e-13
4.604290825749760905e-13
4.232969725811825698e-13
3.888078742069829175e-13
3.568272764167930219e-13
3.271787405402075808e-13
2.996892084196508780e-13
2.742829436544487258e-13
2.507498177192148808e-13
2.289868881550554921e-13
2.088809797628848351e-13
1.903057179842247508e-13
1.731650778646673886e-13
1.573536450922772630e-13
1.427794207283445724e-13
1.293560235964462259e-13
1.170023271942220458e-13
1.056375297635042162e-13
9.520191231146617572e-14
8.561796843325612145e-14
7.682718356962551185e-14
6.877183089805739704e-14
6.139806632115176538e-14
5.465562004948421951e-14
4.849765773822178493e-14
4.288060031811002989e-14
3.775918487116043162e-14
3.310799013232266306e-14
2.888007482854094165e-14
2.504544638838034768e-14
2.157379262034440265e-14
1.843660166204408489e-14
1.560722906650331207e-14
1.306115939467380160e-14
1.077534417582849379e-14
8.728466345418008204e-15
6.900698903400393310e-15
5.273859255243604396e-15
3.830688555069812805e-15
2.555682070113536578e-15
1.434210261631708138e-15
4.527413139531153110e-16
-4.012860898180216937e-16
-1.139153311703483374e-15
-1.772970850860474033e-15
-2.311618301776097640e-15
-2.764791363759544485e-15
-3.141228104348261966e-15
-3.448934032685721010e-15
-3.695377985172340150e-15
-3.887472520702952748e-15
-4.030364093429559703e-15
-4.133783660962764526e-15
-4.199123260746674684e-15
-4.232329851083072805e-15
-4.237559027260386608e-15
-4.218361656360865402e-15
-4.177716517359313568e-15
-4.118184996034236960e-15
-4.041804038840964129e-15
-3.950187675004800243e-15
-3.844686312431554518e-15
-3.726394784112343850e-15
-3.596356611498624844e-15
-3.455922069966426848e-15
-3.306511718153733615e-15
-3.150333391981973026e-15
-2.989835809864697782e-15
-2.827983187983344614e-15
-2.667826537429341371e-15
-2.512110632747500371e-15
-2.363059356919375005e-15
-2.222212761211133582e-15
-2.090332222080327362e-15
-1.967319746119607636e-15
-1.852480432650511111e-15
-1.744712528344152012e-15
-1.643081990414890649e-15
-1.546911693369129293e-15
-1.455738759261343082e-15
-1.369245237243900235e-15
-1.287366069662907675e-15
-1.210154333940090393e-15
-1.137771710946609652e-15
-1.070282457671275567e-15
-1.007611269292253507e-15
-9.494776141283753918e-16
-8.955609706392444856e-16
-8.454243963444254048e-16
-7.986141885864841319e-16
-7.546943402646361603e-16
-7.133172454272916622e-16
-6.742627482986501103e-16
-6.374486078060429157e-16
-6.028774490641463157e-16
