# bin_1_1
7.756281873509620919e-09
7.766305590720675976e-09
7.775217430250992536e-09
7.782951192578150349e-09
7.789572762365025907e-09
7.794776961330794995e-09
7.798457869103219373e-09
7.800604917141807390e-09
7.801159309547916845e-09
7.803720876271727205e-09
7.802525564467726991e-09
7.799753853865951494e-09
7.795467474913638402e-09
7.789579741962714283e-09
7.782154883100410123e-09
7.773108273198808137e-09
7.762390705846248625e-09
7.749954608299531896e-09
7.735629343992454280e-09
7.719858793929523612e-09
7.702086919771594913e-09
7.682480427168634567e-09
7.660937736827802965e-09
7.637631039616048714e-09
7.612364214957006278e-09
7.585127649907231614e-09
7.555885328402182497e-09
7.524717118825001559e-09
7.491562816154160514e-09
7.456348476378978460e-09
7.419072942818095541e-09
7.379805038904995476e-09
7.338485228636530494e-09
7.295118817426225506e-09
7.249568935967764642e-09
7.202223913030822663e-09
7.152774339510042519e-09
7.101250649356765185e-09
7.047733029253873239e-09
6.992223669792035715e-09
6.934744689985474282e-09
6.875297677987626354e-09
6.813970106537690860e-09
6.750725219681222913e-09
6.686092034360884777e-09
6.618813883914294071e-09
6.550205385421601844e-09
6.479874894512201531e-09
6.407887156073282281e-09
6.334313156032363912e-09
6.259169592486923103e-09
6.182584001099995944e-09
6.103552593881031592e-09
6.025281555395804786e-09
5.944711647529555977e-09
5.863018664010317309e-09
5.780148877857764460e-09
5.696310811172862532e-09
5.611571388577474420e-09
5.526079971041075952e-09
5.439727865403531887e-09
5.352814742728087845e-09
5.265364390697534131e-09
5.177488676020441092e-09
5.089278330108158655e-09
5.000832462057616515e-09
4.912252240305417333e-09
4.823631772436259122e-09
4.735066409511457411e-09
4.646671068329512116e-09
4.558512888661187561e-09
4.470694698674371357e-09
4.383296010755435268e-09
4.296397517659925782e-09
4.210101272689398099e-09
4.124460882623999952e-09
4.039545413143928012e-09
3.955419383343032769e-09
3.872145728318103087e-09
3.789766930883280837e-09
3.708340162994038881e-09
3.628107658352543784e-09
3.548484106171983115e-09
3.470119289321125786e-09
3.392822462408253297e-09
3.316932105491776876e-09
3.241509269723332241e-09
3.167502284053383829e-09
3.094604272999449381e-09
3.022798654418703632e-09
2.952080558645111262e-09
2.882440968398511957e-09
2.813832733137351258e-09
2.746274586722541094e-09
2.679719887811244998e-09
2.614149948734691698e-09
2.549507988252667147e-09
2.485852972811640099e-09
2.423080367863369798e-09
2.361192821729931971e-09
2.300174702511824690e-09
2.240001327096839292e-09
2.180667878374698606e-09
2.122159903758063926e-09
2.064489901145789224e-09
2.007642248268287669e-09
1.951633088550783417e-09
1.896472323716365909e-09
1.842124133017239757e-09
1.788783558137611575e-09
1.736300768186490681e-09
1.684766567096485194e-09
1.634213240772140060e-09
1.584675023967102069e-09
1.536190338698957922e-09
1.488788904483656457e-09
1.442515878016941961e-09
1.397385707003244155e-09
1.353430831684672974e-09
1.310687652056365445e-09
1.269105120148840553e-09
1.228752924629013241e-09
1.189609366947472214e-09
1.151665023675126403e-09
1.114914510628115731e-09
1.079330375923314871e-09
1.044884402504354208e-09
1.011555149135312821e-09
9.792952404622076523e-10
9.480748315870008304e-10
9.178455170196818895e-10
8.885728415882536732e-10
8.602102183498907086e-10
8.327258833676618892e-10
8.060793855537539128e-10
7.802484042490886426e-10
7.552008707712953453e-10
7.309209981770800489e-10
7.073836799537178448e-10
6.845768891133358255e-10
6.624818439176943668e-10
6.410889956698242621e-10
6.203831168429280084e-10
6.003497457904632039e-10
5.809686894720276413e-10
5.622213415526988888e-10
5.440824171580810807e-10
5.265256731426262227e-10
5.095242020946194302e-10
4.930505474068553035e-10
4.770781926660459960e-10
4.609413999756950494e-10
4.465525665127139117e-10
4.319601094777377026e-10
4.177965560144317135e-10
4.040526485551978306e-10
3.907254870954639743e-10
3.778078522249289550e-10
3.653085660615799413e-10
3.532312605452805697e-10
3.415838496403258018e-10
3.303732807306492543e-10
3.195317940243446709e-10
3.092968227298877274e-10
2.994310309476818611e-10
2.900013929370451995e-10
2.809927027520683732e-10
2.723767558572931548e-10
2.641187903578926176e-10
2.561782204653799497e-10
2.481094969123132688e-10
2.410918992862307893e-10
2.338686195841125558e-10
2.264470146551373065e-10
2.199819642733328077e-10
2.132936264523141530e-10
2.067847868988499892e-10
2.004711748486510153e-10
1.943699240926725900e-10
1.884962696321560391e-10
1.828587729774698604e-10
1.774567090330436235e-10
1.722780759363978753e-10
1.673008729262041543e-10
1.625005438455866909e-10
1.578459742007081302e-10
1.533136279706993617e-10
1.488863394632837007e-10
1.445603101359650998e-10
1.403417688818425586e-10
1.362363353542670035e-10
1.322578207574328717e-10
1.284132518280837856e-10
1.247060953831292278e-10
1.211286502973770739e-10
1.176654053156440789e-10
1.143013876798900941e-10
1.110225087766356589e-10
1.078198558380812981e-10
1.046907055389590300e-10
1.016370824225641752e-10
9.866288473467661291e-11
9.577090044418938299e-11
9.296105190457743443e-11
9.023005736828253071e-11
8.757277740944823315e-11
8.498407355854944904e-11
8.246010563253217500e-11
7.999851571943320075e-11
7.759789149703900028e-11
7.525704062554709652e-11
7.297460521343507099e-11
7.074908490680703696e-11
6.857910269812109762e-11
6.646349505003743845e-11
6.440116916730737444e-11
6.239086449983877284e-11
6.043107749948455984e-11
5.852026642386894983e-11
5.665710966936404459e-11
5.484059021469360948e-11
5.306993437172819284e-11
5.134442670066682397e-11
4.966327044250046284e-11
4.802559837897581527e-11
4.643053907152111428e-11
4.487726860317067162e-11
4.336500427636115190e-11
4.189299759265403712e-11
4.046056101077502509e-11
3.906704351491196932e-11
3.771176940050581956e-11
3.639403017070984782e-11
3.511313854619037398e-11
3.386844167205584568e-11
3.265932456808039713e-11
3.148516482731534545e-11
3.034532317554632331e-11
2.923914111470990064e-11
2.816596231416730672e-11
2.712514450371194336e-11
2.611605682796059279e-11
2.513807701357621302e-11
2.419057194649668483e-11
2.327289022498489863e-11
2.238437952408712715e-11
2.152439255135864536e-11
2.069229163133788593e-11
1.988744199679333608e-11
1.910920821868670887e-11
1.835694801844767631e-11
1.763003024026694166e-11
1.692781503648873537e-11
1.624967050831218212e-11
1.559497373382201600e-11
1.496310722149657553e-11
1.435345619288445256e-11
1.376539833781094695e-11
1.319833321998655868e-11
1.265167483424289467e-11
1.212483772652035247e-11
1.161724685334756904e-11
1.112833590223878884e-11
1.065754820963439729e-11
1.020431956457515829e-11
9.768115539381841177e-12
9.348412978215878947e-12
8.944696007077590124e-12
8.556458543728062994e-12
8.183211518070660648e-12
7.824458511955233624e-12
7.479723136977543510e-12
7.148555327254461890e-12
6.830505319187252263e-12
6.525135098754065868e-12
6.232021900483293017e-12
5.950722155606240373e-12
5.680840295574667357e-12
5.421986763715546102e-12
5.173780517026313820e-12
4.935849945340186857e-12
4.707818535691703604e-12
4.489322310089240893e-12
4.280034850912742372e-12
4.079624883744689616e-12
3.887767475378224558e-12
3.704127261832612188e-12
3.528398172239645332e-12
3.360298553690349275e-12
3.199544617490634437e-12
3.045856131697500366e-12
2.898928223914431098e-12
2.758527629944923873e-12
2.624402231300695388e-12
2.496308933987278256e-12
2.373970860806507158e-12
2.257194301911470665e-12
2.145745261741411070e-12
2.039418677786923602e-12
1.937973713850805926e-12
1.841227107743100958e-12
1.748993187900852638e-12
1.661072789911120922e-12
1.577289672433895556e-12
1.497451772194302378e-12
1.421417974531838450e-12
1.349003266005069069e-12
1.280044232366565474e-12
1.214414007931890994e-12
1.151955300759003223e-12
1.092522874181340314e-12
1.035985775673278465e-12
9.822225643045059104e-13
9.310925035604588482e-13
8.824884373250890806e-13
8.362952129451829550e-13
7.923939221439561417e-13
7.506855215352979099e-13
7.110714802823325399e-13
6.734416972656847908e-13
6.377209149140970874e-13
6.038071889640185258e-13
5.716155265109151453e-13
5.410722578163953588e-13
5.120884586543221338e-13
4.846000967116187331e-13
4.585272177955063513e-13
4.338038751551750689e-13
4.103649214505306270e-13
3.881454198331777630e-13
3.670902437434633781e-13
3.471338925708114582e-13
3.282323236144626644e-13
3.103240340961799943e-13
2.933666585595785709e-13
2.773067336593573924e-13
2.621033197164316636e-13
2.477106578127850378e-13
2.340883514760572256e-13
2.211952461143989593e-13
2.089975384379203866e-13
1.974575791355962147e-13
1.865414946583854844e-13
1.762153162018805528e-13
1.664512046593155537e-13
1.572194342384924163e-13
1.484871091469506913e-13
1.402348630751509423e-13
1.324316186197945293e-13
1.250555037068352314e-13
1.180822605162939475e-13
1.114923028872862999e-13
1.052639846213769376e-13
9.937611374349330094e-14
9.381306526131561825e-14
8.855599929155839415e-14
8.358790333686647003e-14
7.889393692762948086e-14
7.425474656016331601e-14
7.007548649783929551e-14
6.631000240145696601e-14
6.257108231608849894e-14
5.904009912969252688e-14
5.570552010058352237e-14
5.255712785827950869e-14
4.958472637023645757e-14
4.677913761768188286e-14
4.413056895981930246e-14
4.163093496696045159e-14
3.927097835055938609e-14
3.704337235614861485e-14
3.493948952993395910e-14
3.295267142083389818e-14
3.107615099122633055e-14
2.930408355883618605e-14
2.763097783119817595e-14
2.605203618900093399e-14
2.450204870186760618e-14
2.316002292694896041e-14
2.183744245128621844e-14
2.059148075157155660e-14
1.941692630428961618e-14
1.830919584704113514e-14
1.726458784536869501e-14
1.627914030590780894e-14
1.534949646995549531e-14
1.447246665519279965e-14
1.364517240846150861e-14
1.286518170883446533e-14
1.212949801776945629e-14
1.143574261653521823e-14
1.078162087562075947e-14
1.016464996620728774e-14
9.582786457461343356e-15
9.034003154925487249e-15
8.516342886930733248e-15
8.028019273541292818e-15
7.567307545725503485e-15
7.132737236484245461e-15
6.722824450843307138e-15
