# bin_3_2
1.668605605060901685e-08
1.677426423827309111e-08
1.686204199003317428e-08
1.694931419646024865e-08
1.703604811115387371e-08
1.712215168348011438e-08
1.720747948961731711e-08
1.729264775299934113e-08
1.737650925726073723e-08
1.745942088896604379e-08
1.754054164924373359e-08
1.762120869597652876e-08
1.770068326284313037e-08
1.777962711530616293e-08
1.785634236686227563e-08
1.793154834110968660e-08
1.800504154025475088e-08
1.807715840882068137e-08
1.814768360607753072e-08
1.821637840294599778e-08
1.828312444120488282e-08
1.834784210107632828e-08
1.841039909428828867e-08
1.847091966232628364e-08
1.852915400978712439e-08
1.857493088878726442e-08
1.863806027124597659e-08
1.868873634620598454e-08
1.873673611916470397e-08
1.878188103771085392e-08
1.882408373901237438e-08
1.886332941227788552e-08
1.889950379030254592e-08
1.893226501399547128e-08
1.896728585932230863e-08
1.898827050119970593e-08
1.901105193807663797e-08
1.903016654901216271e-08
1.904557980695229655e-08
1.905737734569929959e-08
1.906500623706011440e-08
1.906871929161024627e-08
1.906901238897304803e-08
1.906388445586982739e-08
1.905505721023327893e-08
1.904211930271852514e-08
1.902464721610816783e-08
1.900262805378707062e-08
1.897606833334761194e-08
1.894483932648601414e-08
1.890885453678126659e-08
1.886821566782063092e-08
1.882251725084437109e-08
1.877202731381208456e-08
1.871659731174771216e-08
1.866175428093365369e-08
1.859116986881677031e-08
1.852009218235737839e-08
1.844442047019389952e-08
1.836368404644605909e-08
1.827778146052399123e-08
1.818655290795130085e-08
1.809029957186633145e-08
1.798888605368076584e-08
1.788232285004312466e-08
1.777061365231417760e-08
1.765376785827815233e-08
1.753189922044755606e-08
1.740497470484659966e-08
1.727304890335002781e-08
1.713617369163774945e-08
1.699439560750465919e-08
1.684778311415342927e-08
1.669639010685368076e-08
1.654005575330676860e-08
1.637971630183817299e-08
1.621456673862689852e-08
1.604501075099561943e-08
1.587114442863542118e-08
1.569308432401511025e-08
1.551092331302126157e-08
1.532488734775129254e-08
1.513502637334453954e-08
1.494149986621339441e-08
1.474445585688543663e-08
1.454406918089686755e-08
1.434051581783450404e-08
1.413392212458856345e-08
1.392451629959118777e-08
1.371292913633466015e-08
1.349798664040163213e-08
1.328124683141934139e-08
1.306246057788313531e-08
1.284186040818987417e-08
1.261963730472512701e-08
1.239602352029957621e-08
1.217119317567833464e-08
1.194551090060095118e-08
1.171907102180789229e-08
1.149216111405894004e-08
1.126501160409290524e-08
1.103784149104960971e-08
1.081092535588207656e-08
1.058446768365978241e-08
1.035872606060330882e-08
1.013391304866631142e-08
9.910280358394316469e-09
9.688000815627583229e-09
9.455126936799626027e-09
9.248505810521105684e-09
9.030815167747608116e-09
8.817078419564724647e-09
8.604839772101386837e-09
8.395174622327263531e-09
8.188377296650034091e-09
7.984145585951578711e-09
7.783080167155917000e-09
7.586096570551738481e-09
7.390398211496675502e-09
7.198964402588313362e-09
7.010966439344773795e-09
6.826408546451691052e-09
6.637231344446676076e-09
6.467845963621645650e-09
6.293918059260216972e-09
6.123567772097731659e-09
5.956794261186780443e-09
5.793596320275895005e-09
5.633943401785530082e-09
5.477812652081416528e-09
5.324843100350843015e-09
5.175907858499932513e-09
5.030034712929466283e-09
4.887457044142978396e-09
4.748143212889028930e-09
4.611875710219317963e-09
4.478703402503118534e-09
4.348494711277586077e-09
4.221142032048278188e-09
4.096582167268108519e-09
3.974696026671049914e-09
3.855407797302444648e-09
3.738643408446829348e-09
3.624325479770401712e-09
3.512386099611829062e-09
3.402795460543862067e-09
3.295489908879398130e-09
3.190447632463117908e-09
3.087645997300009016e-09
2.987076279641430399e-09
2.888735750005801001e-09
2.792647383614636775e-09
2.698819385147896629e-09
2.607255662382625566e-09
2.518033839055013962e-09
2.431138387403438291e-09
2.346641757839374934e-09
2.264564932221977240e-09
2.184961375976215289e-09
2.107858105198838021e-09
2.033299089644679066e-09
1.961297303152978617e-09
1.891885399974930999e-09
1.825049180558161301e-09
1.760789804627796783e-09
1.699062749760796294e-09
1.639828607558091202e-09
1.583005223388379222e-09
1.528514688115066040e-09
1.476236854087061450e-09
1.426060213153956172e-09
1.377845308291399661e-09
1.331470734299383419e-09
1.286754921431313756e-09
1.243612448153349852e-09
1.201881551827167183e-09
1.161477667581708700e-09
1.122479634747041719e-09
1.084297737874263835e-09
1.047387589067011464e-09
1.011562267744229407e-09
9.768258904531209777e-10
9.431808675367498060e-10
9.106472596100608026e-10
8.792521020125752903e-10
8.490099789250976758e-10
8.199571102193338449e-10
7.920132219463787398e-10
7.652506967007029989e-10
7.396045646005027599e-10
7.150267762551758212e-10
6.914568043718314366e-10
6.688282086761112264e-10
6.470729726508773057e-10
6.261283664339722311e-10
6.059405372465463224e-10
5.864669402138393808e-10
5.676768188043050972e-10
5.495483327732764815e-10
5.320658939337340174e-10
5.152149292788861334e-10
4.989797653311143557e-10
4.833405274397714601e-10
4.682742323739703089e-10
4.537554762188484587e-10
4.397595217286635729e-10
4.262642525882344310e-10
4.132512741888654898e-10
4.007050670350768853e-10
3.886109205231347434e-10
3.769526859274480796e-10
3.657110849807423524e-10
3.548639763798292632e-10
3.443881775717660193e-10
3.342625511440321749e-10
3.244695549280447994e-10
3.149951213357135448e-10
3.058277693557286252e-10
2.969573898920722981e-10
2.883733422104299773e-10
2.800632602854499561e-10
2.720135599443243466e-10
2.642109404230429235e-10
2.566432651009335311e-10
2.492999793064774241e-10
2.421719715054204691e-10
2.352508503378750541e-10
2.285283184330501533e-10
2.219960815638165050e-10
2.156461839356796705e-10
2.094710594197505518e-10
2.034632333921896572e-10
1.976154232461210120e-10
1.919210559579923146e-10
1.863743649025263594e-10
1.809701762896173563e-10
1.757036803925017530e-10
1.705701961379077800e-10
1.655650418794215693e-10
1.606836760844387879e-10
1.559219316592978703e-10
1.512760291478630535e-10
1.467424638787083381e-10
1.423179081583274747e-10
1.379992172800952159e-10
1.337835276800187219e-10
1.296682317686804315e-10
1.256508674457212745e-10
1.217290309766277458e-10
1.179004047426089189e-10
1.141628404998577166e-10
1.105144367604987560e-10
1.069534504470225596e-10
1.034782191493462838e-10
1.000871149088854696e-10
9.677857630073405461e-11
9.355115523052767954e-11
9.040350088729252263e-11
8.733435063078069083e-11
8.434248497576798585e-11
8.142671168342585504e-11
7.858589045046596880e-11
7.581892761795401109e-11
7.312476183176658314e-11
7.050233113212542709e-11
6.795061684755625735e-11
6.546861482837552256e-11
6.305533430014626691e-11
6.070978707023558536e-11
5.843099278118824883e-11
5.621795042561044902e-11
5.406966439006271152e-11
5.198515229353366036e-11
4.996340996123087697e-11
4.800342454429059589e-11
4.610417693655986945e-11
4.426459888978168885e-11
4.248365360091482368e-11
4.076028528935027246e-11
3.909342112945212586e-11
3.748197326101731181e-11
3.592481676967554477e-11
3.442082103322843784e-11
3.296887905085131206e-11
3.156785356314462115e-11
3.021659687032095686e-11
2.891392352167704348e-11
2.765866841421266738e-11
2.644968079270557855e-11
2.528579137816431665e-11
2.416582197694230252e-11
2.308855055066123045e-11
2.205284029106174695e-11
2.105752220347296039e-11
2.010143427485926817e-11
1.918337556944670969e-11
1.830221701336501669e-11
1.745683096578332804e-11
1.664609371630994254e-11
1.586884749907088508e-11
1.512401516565705360e-11
1.441052341391863073e-11
1.372730718542249145e-11
1.307327013834776902e-11
1.244742345782599804e-11
1.184876600857452345e-11
1.127628598492375155e-11
1.072900962488728930e-11
1.020602517890195143e-11
9.706408152066738810e-12
9.229219628591010267e-12
8.773633602569036892e-12
8.338801956691500472e-12
7.923851630074146946e-12
7.528029860300050259e-12
7.150561014229985603e-12
6.790647243341776445e-12
6.447607294709888657e-12
6.120730250398626390e-12
5.809302333930864727e-12
5.512711070104037567e-12
5.230345197653588172e-12
4.961467581146971867e-12
4.705566878552613832e-12
4.462084022703078784e-12
4.230483891968666137e-12
4.010199906521850569e-12
3.800749168177013909e-12
3.601636929372685766e-12
3.412418894796867829e-12
3.232570286943847854e-12
3.061707956147078333e-12
2.899441137565704579e-12
2.745330123579463960e-12
2.599022686635418447e-12
2.460127927510465243e-12
2.328334270393205875e-12
2.203236338058458103e-12
2.084564039134992823e-12
1.972013102887601860e-12
1.865261336013965622e-12
1.764044781416258211e-12
1.668114352396190909e-12
1.577143848783050594e-12
1.490953574338351099e-12
1.409292137212512901e-12
1.331927726821792254e-12
1.258659144862131935e-12
1.189249953503597981e-12
1.123543435904536864e-12
1.061333870622444177e-12
1.002454830194326694e-12
9.467482234007246063e-13
8.940101228135929291e-13
8.441266146538615104e-13
7.969427874693663763e-13
7.523228840713557683e-13
7.101173299448658888e-13
6.702227747838887981e-13
6.325008668150888153e-13
5.968533940699854764e-13
5.631662744704985697e-13
5.313315548047875442e-13
5.012576853493909966e-13
4.728553515812870156e-13
4.460175314873907287e-13
4.206740215832291168e-13
3.967581099094144507e-13
3.741647612771135962e-13
3.528451739640789640e-13
3.327233717975794971e-13
3.137345039749844649e-13
2.958166734689958145e-13
2.789067526908667095e-13
2.629571629958255091e-13
2.479124775173234231e-13
2.337240537376653307e-13
2.203427652362623759e-13
2.077168050801612541e-13
1.958252137172824252e-13
1.846054141338591823e-13
1.740326642295523555e-13
1.640662321830859560e-13
1.546728405892605976e-13
1.458205285092163630e-13
1.374788970646046802e-13
1.296071979457453551e-13
1.221985998910244311e-13
1.152185883552126702e-13
1.086401757145075889e-13
1.024394378312136329e-13
9.659390980137379636e-14
9.108343762525068149e-14
8.588588183552788804e-14
8.098592687160365986e-14
7.636346434373672070e-14
7.200498802541764795e-14
6.789371620163674895e-14
6.401680422620986184e-14
6.035931342561095464e-14
