# hist
0.000000  6.758804e-02
0.001000  6.758804e-02
0.002000  6.758804e-02
0.003000  6.758804e-02
0.004000  6.758804e-02
0.005000  6.758804e-02
0.006000  6.758804e-02
0.007000  6.758804e-02
0.008000  6.758804e-02
0.009000  6.758804e-02
0.010000  6.758804e-02
0.011000  6.758804e-02
0.012000  6.758804e-02
0.013000  6.758804e-02
0.014000  6.758804e-02
0.015000  6.758804e-02
0.016000  6.758804e-02
0.017000  6.758804e-02
0.018000  6.758804e-02
0.019000  6.758804e-02
0.020000  6.758804e-02
0.021000  6.758804e-02
0.022000  6.758804e-02
0.023000  6.758804e-02
0.024000  6.758804e-02
0.025000  6.758804e-02
0.026000  6.758804e-02
0.027000  6.758804e-02
0.028000  6.758804e-02
0.029000  6.758804e-02
0.030000  6.758804e-02
0.031000  6.758804e-02
0.032000  6.758804e-02
0.033000  6.758804e-02
0.034000  6.758804e-02
0.035000  6.758804e-02
0.036000  6.758804e-02
0.037000  6.758804e-02
0.038000  6.758804e-02
0.039000  6.758804e-02
0.040000  6.758804e-02
0.041000  6.758804e-02
0.042000  6.758804e-02
0.043000  6.758804e-02
0.044000  6.758804e-02
0.045000  6.758804e-02
0.046000  6.758804e-02
0.047000  6.758804e-02
0.048000  6.758804e-02
0.049000  6.758804e-02
0.050000  3.412038e-02
0.051000  3.412038e-02
0.052000  3.412038e-02
0.053000  3.412038e-02
0.054000  3.412038e-02
0.055000  3.412038e-02
0.056000  3.412038e-02
0.057000  3.412038e-02
0.058000  3.412038e-02
0.059000  3.412038e-02
0.060000  3.412038e-02
0.061000  3.412038e-02
0.062000  3.412038e-02
0.063000  3.412038e-02
0.064000  3.412038e-02
0.065000  3.412038e-02
0.066000  3.412038e-02
0.067000  3.412038e-02
0.068000  3.412038e-02
0.069000  3.412038e-02
0.070000  3.412038e-02
0.071000  3.412038e-02
0.072000  3.412038e-02
0.073000  3.412038e-02
0.074000  3.412038e-02
0.075000  3.412038e-02
0.076000  3.412038e-02
0.077000  3.412038e-02
0.078000  3.412038e-02
0.079000  3.412038e-02
0.080000  3.412038e-02
0.081000  3.412038e-02
0.082000  3.412038e-02
0.083000  3.412038e-02
0.084000  3.412038e-02
0.085000  3.412038e-02
0.086000  3.412038e-02
0.087000  3.412038e-02
0.088000  3.412038e-02
0.089000  3.412038e-02
0.090000  3.412038e-02
0.091000  3.412038e-02
0.092000  3.412038e-02
0.093000  3.412038e-02
0.094000  3.412038e-02
0.095000  3.412038e-02
0.096000  3.412038e-02
0.097000  3.412038e-02
0.098000  3.412038e-02
0.099000  3.412038e-02
0.100000  1.414672e-01
0.101000  1.414672e-01
0.102000  1.414672e-01
0.103000  1.414672e-01
0.104000  1.414672e-01
0.105000  1.414672e-01
0.106000  1.414672e-01
0.107000  1.414672e-01
0.108000  1.414672e-01
0.109000  1.414672e-01
0.110000  1.414672e-01
0.111000  1.414672e-01
0.112000  1.414672e-01
0.113000  1.414672e-01
0.114000  1.414672e-01
0.115000  1.414672e-01
0.116000  1.414672e-01
0.117000  1.414672e-01
0.118000  1.414672e-01
0.119000  1.414672e-01
0.120000  1.414672e-01
0.121000  1.414672e-01
0.122000  1.414672e-01
0.123000  1.414672e-01
0.124000  1.414672e-01
0.125000  1.414672e-01
0.126000  1.414672e-01
0.127000  1.414672e-01
0.128000  1.414672e-01
0.129000  1.414672e-01
0.130000  1.414672e-01
0.131000  1.414672e-01
0.132000  1.414672e-01
0.133000  1.414672e-01
0.134000  1.414672e-01
0.135000  1.414672e-01
0.136000  1.414672e-01
0.137000  1.414672e-01
0.138000  1.414672e-01
0.139000  1.414672e-01
0.140000  1.414672e-01
0.141000  1.414672e-01
0.142000  1.414672e-01
0.143000  1.414672e-01
0.144000  1.414672e-01
0.145000  1.414672e-01
0.146000  1.414672e-01
0.147000  1.414672e-01
0.148000  1.414672e-01
0.149000  1.414672e-01
0.150000  1.795706e-01
0.151000  1.795706e-01
0.152000  1.795706e-01
0.153000  1.795706e-01
0.154000  1.795706e-01
0.155000  1.795706e-01
0.156000  1.795706e-01
0.157000  1.795706e-01
0.158000  1.795706e-01
0.159000  1.795706e-01
0.160000  1.795706e-01
0.161000  1.795706e-01
0.162000  1.795706e-01
0.163000  1.795706e-01
0.164000  1.795706e-01
0.165000  1.795706e-01
0.166000  1.795706e-01
0.167000  1.795706e-01
0.168000  1.795706e-01
0.169000  1.795706e-01
0.170000  1.795706e-01
0.171000  1.795706e-01
0.172000  1.795706e-01
0.173000  1.795706e-01
0.174000  1.795706e-01
0.175000  1.795706e-01
0.176000  1.795706e-01
0.177000  1.795706e-01
0.178000  1.795706e-01
0.179000  1.795706e-01
0.180000  1.795706e-01
0.181000  1.795706e-01
0.182000  1.795706e-01
0.183000  1.795706e-01
0.184000  1.795706e-01
0.185000  1.795706e-01
0.186000  1.795706e-01
0.187000  1.795706e-01
0.188000  1.795706e-01
0.189000  1.795706e-01
0.190000  1.795706e-01
0.191000  1.795706e-01
0.192000  1.795706e-01
0.193000  1.795706e-01
0.194000  1.795706e-01
0.195000  1.795706e-01
0.196000  1.795706e-01
0.197000  1.795706e-01
0.198000  1.795706e-01
0.199000  1.795706e-01
0.200000  3.265334e-01
0.201000  3.265334e-01
0.202000  3.265334e-01
0.203000  3.265334e-01
0.204000  3.265334e-01
0.205000  3.265334e-01
0.206000  3.265334e-01
0.207000  3.265334e-01
0.208000  3.265334e-01
0.209000  3.265334e-01
0.210000  3.265334e-01
0.211000  3.265334e-01
0.212000  3.265334e-01
0.213000  3.265334e-01
0.214000  3.265334e-01
0.215000  3.265334e-01
0.216000  3.265334e-01
0.217000  3.265334e-01
0.218000  3.265334e-01
0.219000  3.265334e-01
0.220000  3.265334e-01
0.221000  3.265334e-01
0.222000  3.265334e-01
0.223000  3.265334e-01
0.224000  3.265334e-01
0.225000  3.265334e-01
0.226000  3.265334e-01
0.227000  3.265334e-01
0.228000  3.265334e-01
0.229000  3.265334e-01
0.230000  3.265334e-01
0.231000  3.265334e-01
0.232000  3.265334e-01
0.233000  3.265334e-01
0.234000  3.265334e-01
0.235000  3.265334e-01
0.236000  3.265334e-01
0.237000  3.265334e-01
0.238000  3.265334e-01
0.239000  3.265334e-01
0.240000  3.265334e-01
0.241000  3.265334e-01
0.242000  3.265334e-01
0.243000  3.265334e-01
0.244000  3.265334e-01
0.245000  3.265334e-01
0.246000  3.265334e-01
0.247000  3.265334e-01
0.248000  3.265334e-01
0.249000  3.265334e-01
0.250000  3.622798e-01
0.251000  3.622798e-01
0.252000  3.622798e-01
0.253000  3.622798e-01
0.254000  3.622798e-01
0.255000  3.622798e-01
0.256000  3.622798e-01
0.257000  3.622798e-01
0.258000  3.622798e-01
0.259000  3.622798e-01
0.260000  3.622798e-01
0.261000  3.622798e-01
0.262000  3.622798e-01
0.263000  3.622798e-01
0.264000  3.622798e-01
0.265000  3.622798e-01
0.266000  3.622798e-01
0.267000  3.622798e-01
0.268000  3.622798e-01
0.269000  3.622798e-01
0.270000  3.622798e-01
0.271000  3.622798e-01
0.272000  3.622798e-01
0.273000  3.622798e-01
0.274000  3.622798e-01
0.275000  3.622798e-01
0.276000  3.622798e-01
0.277000  3.622798e-01
0.278000  3.622798e-01
0.279000  3.622798e-01
0.280000  3.622798e-01
0.281000  3.622798e-01
0.282000  3.622798e-01
0.283000  3.622798e-01
0.284000  3.622798e-01
0.285000  3.622798e-01
0.286000  3.622798e-01
0.287000  3.622798e-01
0.288000  3.622798e-01
0.289000  3.622798e-01
0.290000  3.622798e-01
0.291000  3.622798e-01
0.292000  3.622798e-01
0.293000  3.622798e-01
0.294000  3.622798e-01
0.295000  3.622798e-01
0.296000  3.622798e-01
0.297000  3.622798e-01
0.298000  3.622798e-01
0.299000  3.622798e-01
0.300000  9.452987e-01
0.301000  9.452987e-01
0.302000  9.452987e-01
0.303000  9.452987e-01
0.304000  9.452987e-01
0.305000  9.452987e-01
0.306000  9.452987e-01
0.307000  9.452987e-01
0.308000  9.452987e-01
0.309000  9.452987e-01
0.310000  9.452987e-01
0.311000  9.452987e-01
0.312000  9.452987e-01
0.313000  9.452987e-01
0.314000  9.452987e-01
0.315000  9.452987e-01
0.316000  9.452987e-01
0.317000  9.452987e-01
0.318000  9.452987e-01
0.319000  9.452987e-01
0.320000  9.452987e-01
0.321000  9.452987e-01
0.322000  9.452987e-01
0.323000  9.452987e-01
0.324000  9.452987e-01
0.325000  9.452987e-01
0.326000  9.452987e-01
0.327000  9.452987e-01
0.328000  9.452987e-01
0.329000  9.452987e-01
0.330000  9.452987e-01
0.331000  9.452987e-01
0.332000  9.452987e-01
0.333000  9.452987e-01
0.334000  9.452987e-01
0.335000  9.452987e-01
0.336000  9.452987e-01
0.337000  9.452987e-01
0.338000  9.452987e-01
0.339000  9.452987e-01
0.340000  9.452987e-01
0.341000  9.452987e-01
0.342000  9.452987e-01
0.343000  9.452987e-01
0.344000  9.452987e-01
0.345000  9.452987e-01
0.346000  9.452987e-01
0.347000  9.452987e-01
0.348000  9.452987e-01
0.349000  9.452987e-01
0.350000  8.598873e-01
0.351000  8.598873e-01
0.352000  8.598873e-01
0.353000  8.598873e-01
0.354000  8.598873e-01
0.355000  8.598873e-01
0.356000  8.598873e-01
0.357000  8.598873e-01
0.358000  8.598873e-01
0.359000  8.598873e-01
0.360000  8.598873e-01
0.361000  8.598873e-01
0.362000  8.598873e-01
0.363000  8.598873e-01
0.364000  8.598873e-01
0.365000  8.598873e-01
0.366000  8.598873e-01
0.367000  8.598873e-01
0.368000  8.598873e-01
0.369000  8.598873e-01
0.370000  8.598873e-01
0.371000  8.598873e-01
0.372000  8.598873e-01
0.373000  8.598873e-01
0.374000  8.598873e-01
0.375000  8.598873e-01
0.376000  8.598873e-01
0.377000  8.598873e-01
0.378000  8.598873e-01
0.379000  8.598873e-01
0.380000  8.598873e-01
0.381000  8.598873e-01
0.382000  8.598873e-01
0.383000  8.598873e-01
0.384000  8.598873e-01
0.385000  8.598873e-01
0.386000  8.598873e-01
0.387000  8.598873e-01
0.388000  8.598873e-01
0.389000  8.598873e-01
0.390000  8.598873e-01
0.391000  8.598873e-01
0.392000  8.598873e-01
0.393000  8.598873e-01
0.394000  8.598873e-01
0.395000  8.598873e-01
0.396000  8.598873e-01
0.397000  8.598873e-01
0.398000  8.598873e-01
0.399000  8.598873e-01
0.400000  1.099029e+00
0.401000  1.099029e+00
0.402000  1.099029e+00
0.403000  1.099029e+00
0.404000  1.099029e+00
0.405000  1.099029e+00
0.406000  1.099029e+00
0.407000  1.099029e+00
0.408000  1.099029e+00
0.409000  1.099029e+00
0.410000  1.099029e+00
0.411000  1.099029e+00
0.412000  1.099029e+00
0.413000  1.099029e+00
0.414000  1.099029e+00
0.415000  1.099029e+00
0.416000  1.099029e+00
0.417000  1.099029e+00
0.418000  1.099029e+00
0.419000  1.099029e+00
0.420000  1.099029e+00
0.421000  1.099029e+00
0.422000  1.099029e+00
0.423000  1.099029e+00
0.424000  1.099029e+00
0.425000  1.099029e+00
0.426000  1.099029e+00
0.427000  1.099029e+00
0.428000  1.099029e+00
0.429000  1.099029e+00
0.430000  1.099029e+00
0.431000  1.099029e+00
0.432000  1.099029e+00
0.433000  1.099029e+00
0.434000  1.099029e+00
0.435000  1.099029e+00
0.436000  1.099029e+00
0.437000  1.099029e+00
0.438000  1.099029e+00
0.439000  1.099029e+00
0.440000  1.099029e+00
0.441000  1.099029e+00
0.442000  1.099029e+00
0.443000  1.099029e+00
0.444000  1.099029e+00
0.445000  1.099029e+00
0.446000  1.099029e+00
0.447000  1.099029e+00
0.448000  1.099029e+00
0.449000  1.099029e+00
0.450000  1.399252e+00
0.451000  1.399252e+00
0.452000  1.399252e+00
0.453000  1.399252e+00
0.454000  1.399252e+00
0.455000  1.399252e+00
0.456000  1.399252e+00
0.457000  1.399252e+00
0.458000  1.399252e+00
0.459000  1.399252e+00
0.460000  1.399252e+00
0.461000  1.399252e+00
0.462000  1.399252e+00
0.463000  1.399252e+00
0.464000  1.399252e+00
0.465000  1.399252e+00
0.466000  1.399252e+00
0.467000  1.399252e+00
0.468000  1.399252e+00
0.469000  1.399252e+00
0.470000  1.399252e+00
0.471000  1.399252e+00
0.472000  1.399252e+00
0.473000  1.399252e+00
0.474000  1.399252e+00
0.475000  1.399252e+00
0.476000  1.399252e+00
0.477000  1.399252e+00
0.478000  1.399252e+00
0.479000  1.399252e+00
0.480000  1.399252e+00
0.481000  1.399252e+00
0.482000  1.399252e+00
0.483000  1.399252e+00
0.484000  1.399252e+00
0.485000  1.399252e+00
0.486000  1.399252e+00
0.487000  1.399252e+00
0.488000  1.399252e+00
0.489000  1.399252e+00
0.490000  1.399252e+00
0.491000  1.399252e+00
0.492000  1.399252e+00
0.493000  1.399252e+00
0.494000  1.399252e+00
0.495000  1.399252e+00
0.496000  1.399252e+00
0.497000  1.399252e+00
0.498000  1.399252e+00
0.499000  1.399252e+00
0.500000  2.880786e+00
0.501000  2.880786e+00
0.502000  2.880786e+00
0.503000  2.880786e+00
0.504000  2.880786e+00
0.505000  2.880786e+00
0.506000  2.880786e+00
0.507000  2.880786e+00
0.508000  2.880786e+00
0.509000  2.880786e+00
0.510000  2.880786e+00
0.511000  2.880786e+00
0.512000  2.880786e+00
0.513000  2.880786e+00
0.514000  2.880786e+00
0.515000  2.880786e+00
0.516000  2.880786e+00
0.517000  2.880786e+00
0.518000  2.880786e+00
0.519000  2.880786e+00
0.520000  2.880786e+00
0.521000  2.880786e+00
0.522000  2.880786e+00
0.523000  2.880786e+00
0.524000  2.880786e+00
0.525000  2.880786e+00
0.526000  2.880786e+00
0.527000  2.880786e+00
0.528000  2.880786e+00
0.529000  2.880786e+00
0.530000  2.880786e+00
0.531000  2.880786e+00
0.532000  2.880786e+00
0.533000  2.880786e+00
0.534000  2.880786e+00
0.535000  2.880786e+00
0.536000  2.880786e+00
0.537000  2.880786e+00
0.538000  2.880786e+00
0.539000  2.880786e+00
0.540000  2.880786e+00
0.541000  2.880786e+00
0.542000  2.880786e+00
0.543000  2.880786e+00
0.544000  2.880786e+00
0.545000  2.880786e+00
0.546000  2.880786e+00
0.547000  2.880786e+00
0.548000  2.880786e+00
0.549000  2.880786e+00
0.550000  1.948330e+00
0.551000  1.948330e+00
0.552000  1.948330e+00
0.553000  1.948330e+00
0.554000  1.948330e+00
0.555000  1.948330e+00
0.556000  1.948330e+00
0.557000  1.948330e+00
0.558000  1.948330e+00
0.559000  1.948330e+00
0.560000  1.948330e+00
0.561000  1.948330e+00
0.562000  1.948330e+00
0.563000  1.948330e+00
0.564000  1.948330e+00
0.565000  1.948330e+00
0.566000  1.948330e+00
0.567000  1.948330e+00
0.568000  1.948330e+00
0.569000  1.948330e+00
0.570000  1.948330e+00
0.571000  1.948330e+00
0.572000  1.948330e+00
0.573000  1.948330e+00
0.574000  1.948330e+00
0.575000  1.948330e+00
0.576000  1.948330e+00
0.577000  1.948330e+00
0.578000  1.948330e+00
0.579000  1.948330e+00
0.580000  1.948330e+00
0.581000  1.948330e+00
0.582000  1.948330e+00
0.583000  1.948330e+00
0.584000  1.948330e+00
0.585000  1.948330e+00
0.586000  1.948330e+00
0.587000  1.948330e+00
0.588000  1.948330e+00
0.589000  1.948330e+00
0.590000  1.948330e+00
0.591000  1.948330e+00
0.592000  1.948330e+00
0.593000  1.948330e+00
0.594000  1.948330e+00
0.595000  1.948330e+00
0.596000  1.948330e+00
0.597000  1.948330e+00
0.598000  1.948330e+00
0.599000  1.948330e+00
0.600000  2.316508e+00
0.601000  2.316508e+00
0.602000  2.316508e+00
0.603000  2.316508e+00
0.604000  2.316508e+00
0.605000  2.316508e+00
0.606000  2.316508e+00
0.607000  2.316508e+00
0.608000  2.316508e+00
0.609000  2.316508e+00
0.610000  2.316508e+00
0.611000  2.316508e+00
0.612000  2.316508e+00
0.613000  2.316508e+00
0.614000  2.316508e+00
0.615000  2.316508e+00
0.616000  2.316508e+00
0.617000  2.316508e+00
0.618000  2.316508e+00
0.619000  2.316508e+00
0.620000  2.316508e+00
0.621000  2.316508e+00
0.622000  2.316508e+00
0.623000  2.316508e+00
0.624000  2.316508e+00
0.625000  2.316508e+00
0.626000  2.316508e+00
0.627000  2.316508e+00
0.628000  2.316508e+00
0.629000  2.316508e+00
0.630000  2.316508e+00
0.631000  2.316508e+00
0.632000  2.316508e+00
0.633000  2.316508e+00
0.634000  2.316508e+00
0.635000  2.316508e+00
0.636000  2.316508e+00
0.637000  2.316508e+00
0.638000  2.316508e+00
0.639000  2.316508e+00
0.640000  2.316508e+00
0.641000  2.316508e+00
0.642000  2.316508e+00
0.643000  2.316508e+00
0.644000  2.316508e+00
0.645000  2.316508e+00
0.646000  2.316508e+00
0.647000  2.316508e+00
0.648000  2.316508e+00
0.649000  2.316508e+00
0.650000  2.036805e+00
0.651000  2.036805e+00
0.652000  2.036805e+00
0.653000  2.036805e+00
0.654000  2.036805e+00
0.655000  2.036805e+00
0.656000  2.036805e+00
0.657000  2.036805e+00
0.658000  2.036805e+00
0.659000  2.036805e+00
0.660000  2.036805e+00
0.661000  2.036805e+00
0.662000  2.036805e+00
0.663000  2.036805e+00
0.664000  2.036805e+00
0.665000  2.036805e+00
0.666000  2.036805e+00
0.667000  2.036805e+00
0.668000  2.036805e+00
0.669000  2.036805e+00
0.670000  2.036805e+00
0.671000  2.036805e+00
0.672000  2.036805e+00
0.673000  2.036805e+00
0.674000  2.036805e+00
0.675000  2.036805e+00
0.676000  2.036805e+00
0.677000  2.036805e+00
0.678000  2.036805e+00
0.679000  2.036805e+00
0.680000  2.036805e+00
0.681000  2.036805e+00
0.682000  2.036805e+00
0.683000  2.036805e+00
0.684000  2.036805e+00
0.685000  2.036805e+00
0.686000  2.036805e+00
0.687000  2.036805e+00
0.688000  2.036805e+00
0.689000  2.036805e+00
0.690000  2.036805e+00
0.691000  2.036805e+00
0.692000  2.036805e+00
0.693000  2.036805e+00
0.694000  2.036805e+00
0.695000  2.036805e+00
0.696000  2.036805e+00
0.697000  2.036805e+00
0.698000  2.036805e+00
0.699000  2.036805e+00
0.700000  1.428461e+00
0.701000  1.428461e+00
0.702000  1.428461e+00
0.703000  1.428461e+00
0.704000  1.428461e+00
0.705000  1.428461e+00
0.706000  1.428461e+00
0.707000  1.428461e+00
0.708000  1.428461e+00
0.709000  1.428461e+00
0.710000  1.428461e+00
0.711000  1.428461e+00
0.712000  1.428461e+00
0.713000  1.428461e+00
0.714000  1.428461e+00
0.715000  1.428461e+00
0.716000  1.428461e+00
0.717000  1.428461e+00
0.718000  1.428461e+00
0.719000  1.428461e+00
0.720000  1.428461e+00
0.721000  1.428461e+00
0.722000  1.428461e+00
0.723000  1.428461e+00
0.724000  1.428461e+00
0.725000  1.428461e+00
0.726000  1.428461e+00
0.727000  1.428461e+00
0.728000  1.428461e+00
0.729000  1.428461e+00
0.730000  1.428461e+00
0.731000  1.428461e+00
0.732000  1.428461e+00
0.733000  1.428461e+00
0.734000  1.428461e+00
0.735000  1.428461e+00
0.736000  1.428461e+00
0.737000  1.428461e+00
0.738000  1.428461e+00
0.739000  1.428461e+00
0.740000  1.428461e+00
0.741000  1.428461e+00
0.742000  1.428461e+00
0.743000  1.428461e+00
0.744000  1.428461e+00
0.745000  1.428461e+00
0.746000  1.428461e+00
0.747000  1.428461e+00
0.748000  1.428461e+00
0.749000  1.428461e+00
0.750000  9.895701e-01
0.751000  9.895701e-01
0.752000  9.895701e-01
0.753000  9.895701e-01
0.754000  9.895701e-01
0.755000  9.895701e-01
0.756000  9.895701e-01
0.757000  9.895701e-01
0.758000  9.895701e-01
0.759000  9.895701e-01
0.760000  9.895701e-01
0.761000  9.895701e-01
0.762000  9.895701e-01
0.763000  9.895701e-01
0.764000  9.895701e-01
0.765000  9.895701e-01
0.766000  9.895701e-01
0.767000  9.895701e-01
0.768000  9.895701e-01
0.769000  9.895701e-01
0.770000  9.895701e-01
0.771000  9.895701e-01
0.772000  9.895701e-01
0.773000  9.895701e-01
0.774000  9.895701e-01
0.775000  9.895701e-01
0.776000  9.895701e-01
0.777000  9.895701e-01
0.778000  9.895701e-01
0.779000  9.895701e-01
0.780000  9.895701e-01
0.781000  9.895701e-01
0.782000  9.895701e-01
0.783000  9.895701e-01
0.784000  9.895701e-01
0.785000  9.895701e-01
0.786000  9.895701e-01
0.787000  9.895701e-01
0.788000  9.895701e-01
0.789000  9.895701e-01
0.790000  9.895701e-01
0.791000  9.895701e-01
0.792000  9.895701e-01
0.793000  9.895701e-01
0.794000  9.895701e-01
0.795000  9.895701e-01
0.796000  9.895701e-01
0.797000  9.895701e-01
0.798000  9.895701e-01
0.799000  9.895701e-01
0.800000  5.738099e-01
0.801000  5.738099e-01
0.802000  5.738099e-01
0.803000  5.738099e-01
0.804000  5.738099e-01
0.805000  5.738099e-01
0.806000  5.738099e-01
0.807000  5.738099e-01
0.808000  5.738099e-01
0.809000  5.738099e-01
0.810000  5.738099e-01
0.811000  5.738099e-01
0.812000  5.738099e-01
0.813000  5.738099e-01
0.814000  5.738099e-01
0.815000  5.738099e-01
0.816000  5.738099e-01
0.817000  5.738099e-01
0.818000  5.738099e-01
0.819000  5.738099e-01
0.820000  5.738099e-01
0.821000  5.738099e-01
0.822000  5.738099e-01
0.823000  5.738099e-01
0.824000  5.738099e-01
0.825000  5.738099e-01
0.826000  5.738099e-01
0.827000  5.738099e-01
0.828000  5.738099e-01
0.829000  5.738099e-01
0.830000  5.738099e-01
0.831000  5.738099e-01
0.832000  5.738099e-01
0.833000  5.738099e-01
0.834000  5.738099e-01
0.835000  5.738099e-01
0.836000  5.738099e-01
0.837000  5.738099e-01
0.838000  5.738099e-01
0.839000  5.738099e-01
0.840000  5.738099e-01
0.841000  5.738099e-01
0.842000  5.738099e-01
0.843000  5.738099e-01
0.844000  5.738099e-01
0.845000  5.738099e-01
0.846000  5.738099e-01
0.847000  5.738099e-01
0.848000  5.738099e-01
0.849000  5.738099e-01
0.850000  4.846175e-01
0.851000  4.846175e-01
0.852000  4.846175e-01
0.853000  4.846175e-01
0.854000  4.846175e-01
0.855000  4.846175e-01
0.856000  4.846175e-01
0.857000  4.846175e-01
0.858000  4.846175e-01
0.859000  4.846175e-01
0.860000  4.846175e-01
0.861000  4.846175e-01
0.862000  4.846175e-01
0.863000  4.846175e-01
0.864000  4.846175e-01
0.865000  4.846175e-01
0.866000  4.846175e-01
0.867000  4.846175e-01
0.868000  4.846175e-01
0.869000  4.846175e-01
0.870000  4.846175e-01
0.871000  4.846175e-01
0.872000  4.846175e-01
0.873000  4.846175e-01
0.874000  4.846175e-01
0.875000  4.846175e-01
0.876000  4.846175e-01
0.877000  4.846175e-01
0.878000  4.846175e-01
0.879000  4.846175e-01
0.880000  4.846175e-01
0.881000  4.846175e-01
0.882000  4.846175e-01
0.883000  4.846175e-01
0.884000  4.846175e-01
0.885000  4.846175e-01
0.886000  4.846175e-01
0.887000  4.846175e-01
0.888000  4.846175e-01
0.889000  4.846175e-01
0.890000  4.846175e-01
0.891000  4.846175e-01
0.892000  4.846175e-01
0.893000  4.846175e-01
0.894000  4.846175e-01
0.895000  4.846175e-01
0.896000  4.846175e-01
0.897000  4.846175e-01
0.898000  4.846175e-01
0.899000  4.846175e-01
0.900000  2.120366e-01
0.901000  2.120366e-01
0.902000  2.120366e-01
0.903000  2.120366e-01
0.904000  2.120366e-01
0.905000  2.120366e-01
0.906000  2.120366e-01
0.907000  2.120366e-01
0.908000  2.120366e-01
0.909000  2.120366e-01
0.910000  2.120366e-01
0.911000  2.120366e-01
0.912000  2.120366e-01
0.913000  2.120366e-01
0.914000  2.120366e-01
0.915000  2.120366e-01
0.916000  2.120366e-01
0.917000  2.120366e-01
0.918000  2.120366e-01
0.919000  2.120366e-01
0.920000  2.120366e-01
0.921000  2.120366e-01
0.922000  2.120366e-01
0.923000  2.120366e-01
0.924000  2.120366e-01
0.925000  2.120366e-01
0.926000  2.120366e-01
0.927000  2.120366e-01
0.928000  2.120366e-01
0.929000  2.120366e-01
0.930000  2.120366e-01
0.931000  2.120366e-01
0.932000  2.120366e-01
0.933000  2.120366e-01
0.934000  2.120366e-01
0.935000  2.120366e-01
0.936000  2.120366e-01
0.937000  2.120366e-01
0.938000  2.120366e-01
0.939000  2.120366e-01
0.940000  2.120366e-01
0.941000  2.120366e-01
0.942000  2.120366e-01
0.943000  2.120366e-01
0.944000  2.120366e-01
0.945000  2.120366e-01
0.946000  2.120366e-01
0.947000  2.120366e-01
0.948000  2.120366e-01
0.949000  2.120366e-01
0.950000  2.512566e-01
0.951000  2.512566e-01
0.952000  2.512566e-01
0.953000  2.512566e-01
0.954000  2.512566e-01
0.955000  2.512566e-01
0.956000  2.512566e-01
0.957000  2.512566e-01
0.958000  2.512566e-01
0.959000  2.512566e-01
0.960000  2.512566e-01
0.961000  2.512566e-01
0.962000  2.512566e-01
0.963000  2.512566e-01
0.964000  2.512566e-01
0.965000  2.512566e-01
0.966000  2.512566e-01
0.967000  2.512566e-01
0.968000  2.512566e-01
0.969000  2.512566e-01
0.970000  2.512566e-01
0.971000  2.512566e-01
0.972000  2.512566e-01
0.973000  2.512566e-01
0.974000  2.512566e-01
0.975000  2.512566e-01
0.976000  2.512566e-01
0.977000  2.512566e-01
0.978000  2.512566e-01
0.979000  2.512566e-01
0.980000  2.512566e-01
0.981000  2.512566e-01
0.982000  2.512566e-01
0.983000  2.512566e-01
0.984000  2.512566e-01
0.985000  2.512566e-01
0.986000  2.512566e-01
0.987000  2.512566e-01
0.988000  2.512566e-01
0.989000  2.512566e-01
0.990000  2.512566e-01
0.991000  2.512566e-01
0.992000  2.512566e-01
0.993000  2.512566e-01
0.994000  2.512566e-01
0.995000  2.512566e-01
0.996000  2.512566e-01
0.997000  2.512566e-01
0.998000  2.512566e-01
0.999000  2.512566e-01
1.000000  3.391649e-01
1.001000  3.391649e-01
1.002000  3.391649e-01
1.003000  3.391649e-01
1.004000  3.391649e-01
1.005000  3.391649e-01
1.006000  3.391649e-01
1.007000  3.391649e-01
1.008000  3.391649e-01
1.009000  3.391649e-01
1.010000  3.391649e-01
1.011000  3.391649e-01
1.012000  3.391649e-01
1.013000  3.391649e-01
1.014000  3.391649e-01
1.015000  3.391649e-01
1.016000  3.391649e-01
1.017000  3.391649e-01
1.018000  3.391649e-01
1.019000  3.391649e-01
1.020000  3.391649e-01
1.021000  3.391649e-01
1.022000  3.391649e-01
1.023000  3.391649e-01
1.024000  3.391649e-01
1.025000  3.391649e-01
1.026000  3.391649e-01
1.027000  3.391649e-01
1.028000  3.391649e-01
1.029000  3.391649e-01
1.030000  3.391649e-01
1.031000  3.391649e-01
1.032000  3.391649e-01
1.033000  3.391649e-01
1.034000  3.391649e-01
1.035000  3.391649e-01
1.036000  3.391649e-01
1.037000  3.391649e-01
1.038000  3.391649e-01
1.039000  3.391649e-01
1.040000  3.391649e-01
1.041000  3.391649e-01
1.042000  3.391649e-01
1.043000  3.391649e-01
1.044000  3.391649e-01
1.045000  3.391649e-01
1.046000  3.391649e-01
1.047000  3.391649e-01
1.048000  3.391649e-01
1.049000  3.391649e-01
1.050000  1.431211e-01
1.051000  1.431211e-01
1.052000  1.431211e-01
1.053000  1.431211e-01
1.054000  1.431211e-01
1.055000  1.431211e-01
1.056000  1.431211e-01
1.057000  1.431211e-01
1.058000  1.431211e-01
1.059000  1.431211e-01
1.060000  1.431211e-01
1.061000  1.431211e-01
1.062000  1.431211e-01
1.063000  1.431211e-01
1.064000  1.431211e-01
1.065000  1.431211e-01
1.066000  1.431211e-01
1.067000  1.431211e-01
1.068000  1.431211e-01
1.069000  1.431211e-01
1.070000  1.431211e-01
1.071000  1.431211e-01
1.072000  1.431211e-01
1.073000  1.431211e-01
1.074000  1.431211e-01
1.075000  1.431211e-01
1.076000  1.431211e-01
1.077000  1.431211e-01
1.078000  1.431211e-01
1.079000  1.431211e-01
1.080000  1.431211e-01
1.081000  1.431211e-01
1.082000  1.431211e-01
1.083000  1.431211e-01
1.084000  1.431211e-01
1.085000  1.431211e-01
1.086000  1.431211e-01
1.087000  1.431211e-01
1.088000  1.431211e-01
1.089000  1.431211e-01
1.090000  1.431211e-01
1.091000  1.431211e-01
1.092000  1.431211e-01
1.093000  1.431211e-01
1.094000  1.431211e-01
1.095000  1.431211e-01
1.096000  1.431211e-01
1.097000  1.431211e-01
1.098000  1.431211e-01
1.099000  1.431211e-01
1.100000  1.657254e-01
1.101000  1.657254e-01
1.102000  1.657254e-01
1.103000  1.657254e-01
1.104000  1.657254e-01
1.105000  1.657254e-01
1.106000  1.657254e-01
1.107000  1.657254e-01
1.108000  1.657254e-01
1.109000  1.657254e-01
1.110000  1.657254e-01
1.111000  1.657254e-01
1.112000  1.657254e-01
1.113000  1.657254e-01
1.114000  1.657254e-01
1.115000  1.657254e-01
1.116000  1.657254e-01
1.117000  1.657254e-01
1.118000  1.657254e-01
1.119000  1.657254e-01
1.120000  1.657254e-01
1.121000  1.657254e-01
1.122000  1.657254e-01
1.123000  1.657254e-01
1.124000  1.657254e-01
1.125000  1.657254e-01
1.126000  1.657254e-01
1.127000  1.657254e-01
1.128000  1.657254e-01
1.129000  1.657254e-01
1.130000  1.657254e-01
1.131000  1.657254e-01
1.132000  1.657254e-01
1.133000  1.657254e-01
1.134000  1.657254e-01
1.135000  1.657254e-01
1.136000  1.657254e-01
1.137000  1.657254e-01
1.138000  1.657254e-01
1.139000  1.657254e-01
1.140000  1.657254e-01
1.141000  1.657254e-01
1.142000  1.657254e-01
1.143000  1.657254e-01
1.144000  1.657254e-01
1.145000  1.657254e-01
1.146000  1.657254e-01
1.147000  1.657254e-01
1.148000  1.657254e-01
1.149000  1.657254e-01
1.150000  1.116791e-01
1.151000  1.116791e-01
1.152000  1.116791e-01
1.153000  1.116791e-01
1.154000  1.116791e-01
1.155000  1.116791e-01
1.156000  1.116791e-01
1.157000  1.116791e-01
1.158000  1.116791e-01
1.159000  1.116791e-01
1.160000  1.116791e-01
1.161000  1.116791e-01
1.162000  1.116791e-01
1.163000  1.116791e-01
1.164000  1.116791e-01
1.165000  1.116791e-01
1.166000  1.116791e-01
1.167000  1.116791e-01
1.168000  1.116791e-01
1.169000  1.116791e-01
1.170000  1.116791e-01
1.171000  1.116791e-01
1.172000  1.116791e-01
1.173000  1.116791e-01
1.174000  1.116791e-01
1.175000  1.116791e-01
1.176000  1.116791e-01
1.177000  1.116791e-01
1.178000  1.116791e-01
1.179000  1.116791e-01
1.180000  1.116791e-01
1.181000  1.116791e-01
1.182000  1.116791e-01
1.183000  1.116791e-01
1.184000  1.116791e-01
1.185000  1.116791e-01
1.186000  1.116791e-01
1.187000  1.116791e-01
1.188000  1.116791e-01
1.189000  1.116791e-01
1.190000  1.116791e-01
1.191000  1.116791e-01
1.192000  1.116791e-01
1.193000  1.116791e-01
1.194000  1.116791e-01
1.195000  1.116791e-01
1.196000  1.116791e-01
1.197000  1.116791e-01
1.198000  1.116791e-01
1.199000  1.116791e-01
1.200000  1.515949e-01
1.201000  1.515949e-01
1.202000  1.515949e-01
1.203000  1.515949e-01
1.204000  1.515949e-01
1.205000  1.515949e-01
1.206000  1.515949e-01
1.207000  1.515949e-01
1.208000  1.515949e-01
1.209000  1.515949e-01
1.210000  1.515949e-01
1.211000  1.515949e-01
1.212000  1.515949e-01
1.213000  1.515949e-01
1.214000  1.515949e-01
1.215000  1.515949e-01
1.216000  1.515949e-01
1.217000  1.515949e-01
1.218000  1.515949e-01
1.219000  1.515949e-01
1.220000  1.515949e-01
1.221000  1.515949e-01
1.222000  1.515949e-01
1.223000  1.515949e-01
1.224000  1.515949e-01
1.225000  1.515949e-01
1.226000  1.515949e-01
1.227000  1.515949e-01
1.228000  1.515949e-01
1.229000  1.515949e-01
1.230000  1.515949e-01
1.231000  1.515949e-01
1.232000  1.515949e-01
1.233000  1.515949e-01
1.234000  1.515949e-01
1.235000  1.515949e-01
1.236000  1.515949e-01
1.237000  1.515949e-01
1.238000  1.515949e-01
1.239000  1.515949e-01
1.240000  1.515949e-01
1.241000  1.515949e-01
1.242000  1.515949e-01
1.243000  1.515949e-01
1.244000  1.515949e-01
1.245000  1.515949e-01
1.246000  1.515949e-01
1.247000  1.515949e-01
1.248000  1.515949e-01
1.249000  1.515949e-01
1.250000  8.941630e-02
1.251000  8.941630e-02
1.252000  8.941630e-02
1.253000  8.941630e-02
1.254000  8.941630e-02
1.255000  8.941630e-02
1.256000  8.941630e-02
1.257000  8.941630e-02
1.258000  8.941630e-02
1.259000  8.941630e-02
1.260000  8.941630e-02
1.261000  8.941630e-02
1.262000  8.941630e-02
1.263000  8.941630e-02
1.264000  8.941630e-02
1.265000  8.941630e-02
1.266000  8.941630e-02
1.267000  8.941630e-02
1.268000  8.941630e-02
1.269000  8.941630e-02
1.270000  8.941630e-02
1.271000  8.941630e-02
1.272000  8.941630e-02
1.273000  8.941630e-02
1.274000  8.941630e-02
1.275000  8.941630e-02
1.276000  8.941630e-02
1.277000  8.941630e-02
1.278000  8.941630e-02
1.279000  8.941630e-02
1.280000  8.941630e-02
1.281000  8.941630e-02
1.282000  8.941630e-02
1.283000  8.941630e-02
1.284000  8.941630e-02
1.285000  8.941630e-02
1.286000  8.941630e-02
1.287000  8.941630e-02
1.288000  8.941630e-02
1.289000  8.941630e-02
1.290000  8.941630e-02
1.291000  8.941630e-02
1.292000  8.941630e-02
1.293000  8.941630e-02
1.294000  8.941630e-02
1.295000  8.941630e-02
1.296000  8.941630e-02
1.297000  8.941630e-02
1.298000  8.941630e-02
1.299000  8.941630e-02
1.300000  1.165362e-01
1.301000  1.165362e-01
1.302000  1.165362e-01
1.303000  1.165362e-01
1.304000  1.165362e-01
1.305000  1.165362e-01
1.306000  1.165362e-01
1.307000  1.165362e-01
1.308000  1.165362e-01
1.309000  1.165362e-01
1.310000  1.165362e-01
1.311000  1.165362e-01
1.312000  1.165362e-01
1.313000  1.165362e-01
1.314000  1.165362e-01
1.315000  1.165362e-01
1.316000  1.165362e-01
1.317000  1.165362e-01
1.318000  1.165362e-01
1.319000  1.165362e-01
1.320000  1.165362e-01
1.321000  1.165362e-01
1.322000  1.165362e-01
1.323000  1.165362e-01
1.324000  1.165362e-01
1.325000  1.165362e-01
1.326000  1.165362e-01
1.327000  1.165362e-01
1.328000  1.165362e-01
1.329000  1.165362e-01
1.330000  1.165362e-01
1.331000  1.165362e-01
1.332000  1.165362e-01
1.333000  1.165362e-01
1.334000  1.165362e-01
1.335000  1.165362e-01
1.336000  1.165362e-01
1.337000  1.165362e-01
1.338000  1.165362e-01
1.339000  1.165362e-01
1.340000  1.165362e-01
1.341000  1.165362e-01
1.342000  1.165362e-01
1.343000  1.165362e-01
1.344000  1.165362e-01
1.345000  1.165362e-01
1.346000  1.165362e-01
1.347000  1.165362e-01
1.348000  1.165362e-01
1.349000  1.165362e-01
1.350000  8.932597e-02
1.351000  8.932597e-02
1.352000  8.932597e-02
1.353000  8.932597e-02
1.354000  8.932597e-02
1.355000  8.932597e-02
1.356000  8.932597e-02
1.357000  8.932597e-02
1.358000  8.932597e-02
1.359000  8.932597e-02
1.360000  8.932597e-02
1.361000  8.932597e-02
1.362000  8.932597e-02
1.363000  8.932597e-02
1.364000  8.932597e-02
1.365000  8.932597e-02
1.366000  8.932597e-02
1.367000  8.932597e-02
1.368000  8.932597e-02
1.369000  8.932597e-02
1.370000  8.932597e-02
1.371000  8.932597e-02
1.372000  8.932597e-02
1.373000  8.932597e-02
1.374000  8.932597e-02
1.375000  8.932597e-02
1.376000  8.932597e-02
1.377000  8.932597e-02
1.378000  8.932597e-02
1.379000  8.932597e-02
1.380000  8.932597e-02
1.381000  8.932597e-02
1.382000  8.932597e-02
1.383000  8.932597e-02
1.384000  8.932597e-02
1.385000  8.932597e-02
1.386000  8.932597e-02
1.387000  8.932597e-02
1.388000  8.932597e-02
1.389000  8.932597e-02
1.390000  8.932597e-02
1.391000  8.932597e-02
1.392000  8.932597e-02
1.393000  8.932597e-02
1.394000  8.932597e-02
1.395000  8.932597e-02
1.396000  8.932597e-02
1.397000  8.932597e-02
1.398000  8.932597e-02
1.399000  8.932597e-02
1.400000  3.866623e-02
1.401000  3.866623e-02
1.402000  3.866623e-02
1.403000  3.866623e-02
1.404000  3.866623e-02
1.405000  3.866623e-02
1.406000  3.866623e-02
1.407000  3.866623e-02
1.408000  3.866623e-02
1.409000  3.866623e-02
1.410000  3.866623e-02
1.411000  3.866623e-02
1.412000  3.866623e-02
1.413000  3.866623e-02
1.414000  3.866623e-02
1.415000  3.866623e-02
1.416000  3.866623e-02
1.417000  3.866623e-02
1.418000  3.866623e-02
1.419000  3.866623e-02
1.420000  3.866623e-02
1.421000  3.866623e-02
1.422000  3.866623e-02
1.423000  3.866623e-02
1.424000  3.866623e-02
1.425000  3.866623e-02
1.426000  3.866623e-02
1.427000  3.866623e-02
1.428000  3.866623e-02
1.429000  3.866623e-02
1.430000  3.866623e-02
1.431000  3.866623e-02
1.432000  3.866623e-02
1.433000  3.866623e-02
1.434000  3.866623e-02
1.435000  3.866623e-02
1.436000  3.866623e-02
1.437000  3.866623e-02
1.438000  3.866623e-02
1.439000  3.866623e-02
1.440000  3.866623e-02
1.441000  3.866623e-02
1.442000  3.866623e-02
1.443000  3.866623e-02
1.444000  3.866623e-02
1.445000  3.866623e-02
1.446000  3.866623e-02
1.447000  3.866623e-02
1.448000  3.866623e-02
1.449000  3.866623e-02
1.450000  3.082686e-02
1.451000  3.082686e-02
1.452000  3.082686e-02
1.453000  3.082686e-02
1.454000  3.082686e-02
1.455000  3.082686e-02
1.456000  3.082686e-02
1.457000  3.082686e-02
1.458000  3.082686e-02
1.459000  3.082686e-02
1.460000  3.082686e-02
1.461000  3.082686e-02
1.462000  3.082686e-02
1.463000  3.082686e-02
1.464000  3.082686e-02
1.465000  3.082686e-02
1.466000  3.082686e-02
1.467000  3.082686e-02
1.468000  3.082686e-02
1.469000  3.082686e-02
1.470000  3.082686e-02
1.471000  3.082686e-02
1.472000  3.082686e-02
1.473000  3.082686e-02
1.474000  3.082686e-02
1.475000  3.082686e-02
1.476000  3.082686e-02
1.477000  3.082686e-02
1.478000  3.082686e-02
1.479000  3.082686e-02
1.480000  3.082686e-02
1.481000  3.082686e-02
1.482000  3.082686e-02
1.483000  3.082686e-02
1.484000  3.082686e-02
1.485000  3.082686e-02
1.486000  3.082686e-02
1.487000  3.082686e-02
1.488000  3.082686e-02
1.489000  3.082686e-02
1.490000  3.082686e-02
1.491000  3.082686e-02
1.492000  3.082686e-02
1.493000  3.082686e-02
1.494000  3.082686e-02
1.495000  3.082686e-02
1.496000  3.082686e-02
1.497000  3.082686e-02
1.498000  3.082686e-02
1.499000  3.082686e-02
1.500000  2.665839e-02
1.501000  2.665839e-02
1.502000  2.665839e-02
1.503000  2.665839e-02
1.504000  2.665839e-02
1.505000  2.665839e-02
1.506000  2.665839e-02
1.507000  2.665839e-02
1.508000  2.665839e-02
1.509000  2.665839e-02
1.510000  2.665839e-02
1.511000  2.665839e-02
1.512000  2.665839e-02
1.513000  2.665839e-02
1.514000  2.665839e-02
1.515000  2.665839e-02
1.516000  2.665839e-02
1.517000  2.665839e-02
1.518000  2.665839e-02
1.519000  2.665839e-02
1.520000  2.665839e-02
1.521000  2.665839e-02
1.522000  2.665839e-02
1.523000  2.665839e-02
1.524000  2.665839e-02
1.525000  2.665839e-02
1.526000  2.665839e-02
1.527000  2.665839e-02
1.528000  2.665839e-02
1.529000  2.665839e-02
1.530000  2.665839e-02
1.531000  2.665839e-02
1.532000  2.665839e-02
1.533000  2.665839e-02
1.534000  2.665839e-02
1.535000  2.665839e-02
1.536000  2.665839e-02
1.537000  2.665839e-02
1.538000  2.665839e-02
1.539000  2.665839e-02
1.540000  2.665839e-02
1.541000  2.665839e-02
1.542000  2.665839e-02
1.543000  2.665839e-02
1.544000  2.665839e-02
1.545000  2.665839e-02
1.546000  2.665839e-02
1.547000  2.665839e-02
1.548000  2.665839e-02
1.549000  2.665839e-02
1.550000  2.690737e-02
1.551000  2.690737e-02
1.552000  2.690737e-02
1.553000  2.690737e-02
1.554000  2.690737e-02
1.555000  2.690737e-02
1.556000  2.690737e-02
1.557000  2.690737e-02
1.558000  2.690737e-02
1.559000  2.690737e-02
1.560000  2.690737e-02
1.561000  2.690737e-02
1.562000  2.690737e-02
1.563000  2.690737e-02
1.564000  2.690737e-02
1.565000  2.690737e-02
1.566000  2.690737e-02
1.567000  2.690737e-02
1.568000  2.690737e-02
1.569000  2.690737e-02
1.570000  2.690737e-02
1.571000  2.690737e-02
1.572000  2.690737e-02
1.573000  2.690737e-02
1.574000  2.690737e-02
1.575000  2.690737e-02
1.576000  2.690737e-02
1.577000  2.690737e-02
1.578000  2.690737e-02
1.579000  2.690737e-02
1.580000  2.690737e-02
1.581000  2.690737e-02
1.582000  2.690737e-02
1.583000  2.690737e-02
1.584000  2.690737e-02
1.585000  2.690737e-02
1.586000  2.690737e-02
1.587000  2.690737e-02
1.588000  2.690737e-02
1.589000  2.690737e-02
1.590000  2.690737e-02
1.591000  2.690737e-02
1.592000  2.690737e-02
1.593000  2.690737e-02
1.594000  2.690737e-02
1.595000  2.690737e-02
1.596000  2.690737e-02
1.597000  2.690737e-02
1.598000  2.690737e-02
1.599000  2.690737e-02
1.600000  2.418063e-02
1.601000  2.418063e-02
1.602000  2.418063e-02
1.603000  2.418063e-02
1.604000  2.418063e-02
1.605000  2.418063e-02
1.606000  2.418063e-02
1.607000  2.418063e-02
1.608000  2.418063e-02
1.609000  2.418063e-02
1.610000  2.418063e-02
1.611000  2.418063e-02
1.612000  2.418063e-02
1.613000  2.418063e-02
1.614000  2.418063e-02
1.615000  2.418063e-02
1.616000  2.418063e-02
1.617000  2.418063e-02
1.618000  2.418063e-02
1.619000  2.418063e-02
1.620000  2.418063e-02
1.621000  2.418063e-02
1.622000  2.418063e-02
1.623000  2.418063e-02
1.624000  2.418063e-02
1.625000  2.418063e-02
1.626000  2.418063e-02
1.627000  2.418063e-02
1.628000  2.418063e-02
1.629000  2.418063e-02
1.630000  2.418063e-02
1.631000  2.418063e-02
1.632000  2.418063e-02
1.633000  2.418063e-02
1.634000  2.418063e-02
1.635000  2.418063e-02
1.636000  2.418063e-02
1.637000  2.418063e-02
1.638000  2.418063e-02
1.639000  2.418063e-02
1.640000  2.418063e-02
1.641000  2.418063e-02
1.642000  2.418063e-02
1.643000  2.418063e-02
1.644000  2.418063e-02
1.645000  2.418063e-02
1.646000  2.418063e-02
1.647000  2.418063e-02
1.648000  2.418063e-02
1.649000  2.418063e-02
1.650000  7.430060e-03
1.651000  7.430060e-03
1.652000  7.430060e-03
1.653000  7.430060e-03
1.654000  7.430060e-03
1.655000  7.430060e-03
1.656000  7.430060e-03
1.657000  7.430060e-03
1.658000  7.430060e-03
1.659000  7.430060e-03
1.660000  7.430060e-03
1.661000  7.430060e-03
1.662000  7.430060e-03
1.663000  7.430060e-03
1.664000  7.430060e-03
1.665000  7.430060e-03
1.666000  7.430060e-03
1.667000  7.430060e-03
1.668000  7.430060e-03
1.669000  7.430060e-03
1.670000  7.430060e-03
1.671000  7.430060e-03
1.672000  7.430060e-03
1.673000  7.430060e-03
1.674000  7.430060e-03
1.675000  7.430060e-03
1.676000  7.430060e-03
1.677000  7.430060e-03
1.678000  7.430060e-03
1.679000  7.430060e-03
1.680000  7.430060e-03
1.681000  7.430060e-03
1.682000  7.430060e-03
1.683000  7.430060e-03
1.684000  7.430060e-03
1.685000  7.430060e-03
1.686000  7.430060e-03
1.687000  7.430060e-03
1.688000  7.430060e-03
1.689000  7.430060e-03
1.690000  7.430060e-03
1.691000  7.430060e-03
1.692000  7.430060e-03
1.693000  7.430060e-03
1.694000  7.430060e-03
1.695000  7.430060e-03
1.696000  7.430060e-03
1.697000  7.430060e-03
1.698000  7.430060e-03
1.699000  7.430060e-03
1.700000  8.818937e-03
1.701000  8.818937e-03
1.702000  8.818937e-03
1.703000  8.818937e-03
1.704000  8.818937e-03
1.705000  8.818937e-03
1.706000  8.818937e-03
1.707000  8.818937e-03
1.708000  8.818937e-03
1.709000  8.818937e-03
1.710000  8.818937e-03
1.711000  8.818937e-03
1.712000  8.818937e-03
1.713000  8.818937e-03
1.714000  8.818937e-03
1.715000  8.818937e-03
1.716000  8.818937e-03
1.717000  8.818937e-03
1.718000  8.818937e-03
1.719000  8.818937e-03
1.720000  8.818937e-03
1.721000  8.818937e-03
1.722000  8.818937e-03
1.723000  8.818937e-03
1.724000  8.818937e-03
1.725000  8.818937e-03
1.726000  8.818937e-03
1.727000  8.818937e-03
1.728000  8.818937e-03
1.729000  8.818937e-03
1.730000  8.818937e-03
1.731000  8.818937e-03
1.732000  8.818937e-03
1.733000  8.818937e-03
1.734000  8.818937e-03
1.735000  8.818937e-03
1.736000  8.818937e-03
1.737000  8.818937e-03
1.738000  8.818937e-03
1.739000  8.818937e-03
1.740000  8.818937e-03
1.741000  8.818937e-03
1.742000  8.818937e-03
1.743000  8.818937e-03
1.744000  8.818937e-03
1.745000  8.818937e-03
1.746000  8.818937e-03
1.747000  8.818937e-03
1.748000  8.818937e-03
1.749000  8.818937e-03
1.750000  7.957309e-03
1.751000  7.957309e-03
1.752000  7.957309e-03
1.753000  7.957309e-03
1.754000  7.957309e-03
1.755000  7.957309e-03
1.756000  7.957309e-03
1.757000  7.957309e-03
1.758000  7.957309e-03
1.759000  7.957309e-03
1.760000  7.957309e-03
1.761000  7.957309e-03
1.762000  7.957309e-03
1.763000  7.957309e-03
1.764000  7.957309e-03
1.765000  7.957309e-03
1.766000  7.957309e-03
1.767000  7.957309e-03
1.768000  7.957309e-03
1.769000  7.957309e-03
1.770000  7.957309e-03
1.771000  7.957309e-03
1.772000  7.957309e-03
1.773000  7.957309e-03
1.774000  7.957309e-03
1.775000  7.957309e-03
1.776000  7.957309e-03
1.777000  7.957309e-03
1.778000  7.957309e-03
1.779000  7.957309e-03
1.780000  7.957309e-03
1.781000  7.957309e-03
1.782000  7.957309e-03
1.783000  7.957309e-03
1.784000  7.957309e-03
1.785000  7.957309e-03
1.786000  7.957309e-03
1.787000  7.957309e-03
1.788000  7.957309e-03
1.789000  7.957309e-03
1.790000  7.957309e-03
1.791000  7.957309e-03
1.792000  7.957309e-03
1.793000  7.957309e-03
1.794000  7.957309e-03
1.795000  7.957309e-03
1.796000  7.957309e-03
1.797000  7.957309e-03
1.798000  7.957309e-03
1.799000  7.957309e-03
1.800000  2.319683e-02
1.801000  2.319683e-02
1.802000  2.319683e-02
1.803000  2.319683e-02
1.804000  2.319683e-02
1.805000  2.319683e-02
1.806000  2.319683e-02
1.807000  2.319683e-02
1.808000  2.319683e-02
1.809000  2.319683e-02
1.810000  2.319683e-02
1.811000  2.319683e-02
1.812000  2.319683e-02
1.813000  2.319683e-02
1.814000  2.319683e-02
1.815000  2.319683e-02
1.816000  2.319683e-02
1.817000  2.319683e-02
1.818000  2.319683e-02
1.819000  2.319683e-02
1.820000  2.319683e-02
1.821000  2.319683e-02
1.822000  2.319683e-02
1.823000  2.319683e-02
1.824000  2.319683e-02
1.825000  2.319683e-02
1.826000  2.319683e-02
1.827000  2.319683e-02
1.828000  2.319683e-02
1.829000  2.319683e-02
1.830000  2.319683e-02
1.831000  2.319683e-02
1.832000  2.319683e-02
1.833000  2.319683e-02
1.834000  2.319683e-02
1.835000  2.319683e-02
1.836000  2.319683e-02
1.837000  2.319683e-02
1.838000  2.319683e-02
1.839000  2.319683e-02
1.840000  2.319683e-02
1.841000  2.319683e-02
1.842000  2.319683e-02
1.843000  2.319683e-02
1.844000  2.319683e-02
1.845000  2.319683e-02
1.846000  2.319683e-02
1.847000  2.319683e-02
1.848000  2.319683e-02
1.849000  2.319683e-02
1.850000  1.367517e-02
1.851000  1.367517e-02
1.852000  1.367517e-02
1.853000  1.367517e-02
1.854000  1.367517e-02
1.855000  1.367517e-02
1.856000  1.367517e-02
1.857000  1.367517e-02
1.858000  1.367517e-02
1.859000  1.367517e-02
1.860000  1.367517e-02
1.861000  1.367517e-02
1.862000  1.367517e-02
1.863000  1.367517e-02
1.864000  1.367517e-02
1.865000  1.367517e-02
1.866000  1.367517e-02
1.867000  1.367517e-02
1.868000  1.367517e-02
1.869000  1.367517e-02
1.870000  1.367517e-02
1.871000  1.367517e-02
1.872000  1.367517e-02
1.873000  1.367517e-02
1.874000  1.367517e-02
1.875000  1.367517e-02
1.876000  1.367517e-02
1.877000  1.367517e-02
1.878000  1.367517e-02
1.879000  1.367517e-02
1.880000  1.367517e-02
1.881000  1.367517e-02
1.882000  1.367517e-02
1.883000  1.367517e-02
1.884000  1.367517e-02
1.885000  1.367517e-02
1.886000  1.367517e-02
1.887000  1.367517e-02
1.888000  1.367517e-02
1.889000  1.367517e-02
1.890000  1.367517e-02
1.891000  1.367517e-02
1.892000  1.367517e-02
1.893000  1.367517e-02
1.894000  1.367517e-02
1.895000  1.367517e-02
1.896000  1.367517e-02
1.897000  1.367517e-02
1.898000  1.367517e-02
1.899000  1.367517e-02
1.900000  3.065655e-02
1.901000  3.065655e-02
1.902000  3.065655e-02
1.903000  3.065655e-02
1.904000  3.065655e-02
1.905000  3.065655e-02
1.906000  3.065655e-02
1.907000  3.065655e-02
1.908000  3.065655e-02
1.909000  3.065655e-02
1.910000  3.065655e-02
1.911000  3.065655e-02
1.912000  3.065655e-02
1.913000  3.065655e-02
1.914000  3.065655e-02
1.915000  3.065655e-02
1.916000  3.065655e-02
1.917000  3.065655e-02
1.918000  3.065655e-02
1.919000  3.065655e-02
1.920000  3.065655e-02
1.921000  3.065655e-02
1.922000  3.065655e-02
1.923000  3.065655e-02
1.924000  3.065655e-02
1.925000  3.065655e-02
1.926000  3.065655e-02
1.927000  3.065655e-02
1.928000  3.065655e-02
1.929000  3.065655e-02
1.930000  3.065655e-02
1.931000  3.065655e-02
1.932000  3.065655e-02
1.933000  3.065655e-02
1.934000  3.065655e-02
1.935000  3.065655e-02
1.936000  3.065655e-02
1.937000  3.065655e-02
1.938000  3.065655e-02
1.939000  3.065655e-02
1.940000  3.065655e-02
1.941000  3.065655e-02
1.942000  3.065655e-02
1.943000  3.065655e-02
1.944000  3.065655e-02
1.945000  3.065655e-02
1.946000  3.065655e-02
1.947000  3.065655e-02
1.948000  3.065655e-02
1.949000  3.065655e-02
1.950000  1.725399e-02
1.951000  1.725399e-02
1.952000  1.725399e-02
1.953000  1.725399e-02
1.954000  1.725399e-02
1.955000  1.725399e-02
1.956000  1.725399e-02
1.957000  1.725399e-02
1.958000  1.725399e-02
1.959000  1.725399e-02
1.960000  1.725399e-02
1.961000  1.725399e-02
1.962000  1.725399e-02
1.963000  1.725399e-02
1.964000  1.725399e-02
1.965000  1.725399e-02
1.966000  1.725399e-02
1.967000  1.725399e-02
1.968000  1.725399e-02
1.969000  1.725399e-02
1.970000  1.725399e-02
1.971000  1.725399e-02
1.972000  1.725399e-02
1.973000  1.725399e-02
1.974000  1.725399e-02
1.975000  1.725399e-02
1.976000  1.725399e-02
1.977000  1.725399e-02
1.978000  1.725399e-02
1.979000  1.725399e-02
1.980000  1.725399e-02
1.981000  1.725399e-02
1.982000  1.725399e-02
1.983000  1.725399e-02
1.984000  1.725399e-02
1.985000  1.725399e-02
1.986000  1.725399e-02
1.987000  1.725399e-02
1.988000  1.725399e-02
1.989000  1.725399e-02
1.990000  1.725399e-02
1.991000  1.725399e-02
1.992000  1.725399e-02
1.993000  1.725399e-02
1.994000  1.725399e-02
1.995000  1.725399e-02
1.996000  1.725399e-02
1.997000  1.725399e-02
1.998000  1.725399e-02
1.999000  1.725399e-02
2.000000  0.000000e+00
