# hist
0.000000  4.700072e-03
0.001000  4.700072e-03
0.002000  4.700072e-03
0.003000  4.700072e-03
0.004000  4.700072e-03
0.005000  4.700072e-03
0.006000  4.700072e-03
0.007000  4.700072e-03
0.008000  4.700072e-03
0.009000  4.700072e-03
0.010000  4.700072e-03
0.011000  4.700072e-03
0.012000  4.700072e-03
0.013000  4.700072e-03
0.014000  4.700072e-03
0.015000  4.700072e-03
0.016000  4.700072e-03
0.017000  4.700072e-03
0.018000  4.700072e-03
0.019000  4.700072e-03
0.020000  4.700072e-03
0.021000  4.700072e-03
0.022000  4.700072e-03
0.023000  4.700072e-03
0.024000  4.700072e-03
0.025000  4.700072e-03
0.026000  4.700072e-03
0.027000  4.700072e-03
0.028000  4.700072e-03
0.029000  4.700072e-03
0.030000  4.700072e-03
0.031000  4.700072e-03
0.032000  4.700072e-03
0.033000  4.700072e-03
0.034000  4.700072e-03
0.035000  4.700072e-03
0.036000  4.700072e-03
0.037000  4.700072e-03
0.038000  4.700072e-03
0.039000  4.700072e-03
0.040000  4.700072e-03
0.041000  4.700072e-03
0.042000  4.700072e-03
0.043000  4.700072e-03
0.044000  4.700072e-03
0.045000  4.700072e-03
0.046000  4.700072e-03
0.047000  4.700072e-03
0.048000  4.700072e-03
0.049000  4.700072e-03
0.050000  1.349930e-02
0.051000  1.349930e-02
0.052000  1.349930e-02
0.053000  1.349930e-02
0.054000  1.349930e-02
0.055000  1.349930e-02
0.056000  1.349930e-02
0.057000  1.349930e-02
0.058000  1.349930e-02
0.059000  1.349930e-02
0.060000  1.349930e-02
0.061000  1.349930e-02
0.062000  1.349930e-02
0.063000  1.349930e-02
0.064000  1.349930e-02
0.065000  1.349930e-02
0.066000  1.349930e-02
0.067000  1.349930e-02
0.068000  1.349930e-02
0.069000  1.349930e-02
0.070000  1.349930e-02
0.071000  1.349930e-02
0.072000  1.349930e-02
0.073000  1.349930e-02
0.074000  1.349930e-02
0.075000  1.349930e-02
0.076000  1.349930e-02
0.077000  1.349930e-02
0.078000  1.349930e-02
0.079000  1.349930e-02
0.080000  1.349930e-02
0.081000  1.349930e-02
0.082000  1.349930e-02
0.083000  1.349930e-02
0.084000  1.349930e-02
0.085000  1.349930e-02
0.086000  1.349930e-02
0.087000  1.349930e-02
0.088000  1.349930e-02
0.089000  1.349930e-02
0.090000  1.349930e-02
0.091000  1.349930e-02
0.092000  1.349930e-02
0.093000  1.349930e-02
0.094000  1.349930e-02
0.095000  1.349930e-02
0.096000  1.349930e-02
0.097000  1.349930e-02
0.098000  1.349930e-02
0.099000  1.349930e-02
0.100000  3.329915e-02
0.101000  3.329915e-02
0.102000  3.329915e-02
0.103000  3.329915e-02
0.104000  3.329915e-02
0.105000  3.329915e-02
0.106000  3.329915e-02
0.107000  3.329915e-02
0.108000  3.329915e-02
0.109000  3.329915e-02
0.110000  3.329915e-02
0.111000  3.329915e-02
0.112000  3.329915e-02
0.113000  3.329915e-02
0.114000  3.329915e-02
0.115000  3.329915e-02
0.116000  3.329915e-02
0.117000  3.329915e-02
0.118000  3.329915e-02
0.119000  3.329915e-02
0.120000  3.329915e-02
0.121000  3.329915e-02
0.122000  3.329915e-02
0.123000  3.329915e-02
0.124000  3.329915e-02
0.125000  3.329915e-02
0.126000  3.329915e-02
0.127000  3.329915e-02
0.128000  3.329915e-02
0.129000  3.329915e-02
0.130000  3.329915e-02
0.131000  3.329915e-02
0.132000  3.329915e-02
0.133000  3.329915e-02
0.134000  3.329915e-02
0.135000  3.329915e-02
0.136000  3.329915e-02
0.137000  3.329915e-02
0.138000  3.329915e-02
0.139000  3.329915e-02
0.140000  3.329915e-02
0.141000  3.329915e-02
0.142000  3.329915e-02
0.143000  3.329915e-02
0.144000  3.329915e-02
0.145000  3.329915e-02
0.146000  3.329915e-02
0.147000  3.329915e-02
0.148000  3.329915e-02
0.149000  3.329915e-02
0.150000  2.499623e-02
0.151000  2.499623e-02
0.152000  2.499623e-02
0.153000  2.499623e-02
0.154000  2.499623e-02
0.155000  2.499623e-02
0.156000  2.499623e-02
0.157000  2.499623e-02
0.158000  2.499623e-02
0.159000  2.499623e-02
0.160000  2.499623e-02
0.161000  2.499623e-02
0.162000  2.499623e-02
0.163000  2.499623e-02
0.164000  2.499623e-02
0.165000  2.499623e-02
0.166000  2.499623e-02
0.167000  2.499623e-02
0.168000  2.499623e-02
0.169000  2.499623e-02
0.170000  2.499623e-02
0.171000  2.499623e-02
0.172000  2.499623e-02
0.173000  2.499623e-02
0.174000  2.499623e-02
0.175000  2.499623e-02
0.176000  2.499623e-02
0.177000  2.499623e-02
0.178000  2.499623e-02
0.179000  2.499623e-02
0.180000  2.499623e-02
0.181000  2.499623e-02
0.182000  2.499623e-02
0.183000  2.499623e-02
0.184000  2.499623e-02
0.185000  2.499623e-02
0.186000  2.499623e-02
0.187000  2.499623e-02
0.188000  2.499623e-02
0.189000  2.499623e-02
0.190000  2.499623e-02
0.191000  2.499623e-02
0.192000  2.499623e-02
0.193000  2.499623e-02
0.194000  2.499623e-02
0.195000  2.499623e-02
0.196000  2.499623e-02
0.197000  2.499623e-02
0.198000  2.499623e-02
0.199000  2.499623e-02
0.200000  3.515723e-02
0.201000  3.515723e-02
0.202000  3.515723e-02
0.203000  3.515723e-02
0.204000  3.515723e-02
0.205000  3.515723e-02
0.206000  3.515723e-02
0.207000  3.515723e-02
0.208000  3.515723e-02
0.209000  3.515723e-02
0.210000  3.515723e-02
0.211000  3.515723e-02
0.212000  3.515723e-02
0.213000  3.515723e-02
0.214000  3.515723e-02
0.215000  3.515723e-02
0.216000  3.515723e-02
0.217000  3.515723e-02
0.218000  3.515723e-02
0.219000  3.515723e-02
0.220000  3.515723e-02
0.221000  3.515723e-02
0.222000  3.515723e-02
0.223000  3.515723e-02
0.224000  3.515723e-02
0.225000  3.515723e-02
0.226000  3.515723e-02
0.227000  3.515723e-02
0.228000  3.515723e-02
0.229000  3.515723e-02
0.230000  3.515723e-02
0.231000  3.515723e-02
0.232000  3.515723e-02
0.233000  3.515723e-02
0.234000  3.515723e-02
0.235000  3.515723e-02
0.236000  3.515723e-02
0.237000  3.515723e-02
0.238000  3.515723e-02
0.239000  3.515723e-02
0.240000  3.515723e-02
0.241000  3.515723e-02
0.242000  3.515723e-02
0.243000  3.515723e-02
0.244000  3.515723e-02
0.245000  3.515723e-02
0.246000  3.515723e-02
0.247000  3.515723e-02
0.248000  3.515723e-02
0.249000  3.515723e-02
0.250000  2.559852e-02
0.251000  2.559852e-02
0.252000  2.559852e-02
0.253000  2.559852e-02
0.254000  2.559852e-02
0.255000  2.559852e-02
0.256000  2.559852e-02
0.257000  2.559852e-02
0.258000  2.559852e-02
0.259000  2.559852e-02
0.260000  2.559852e-02
0.261000  2.559852e-02
0.262000  2.559852e-02
0.263000  2.559852e-02
0.264000  2.559852e-02
0.265000  2.559852e-02
0.266000  2.559852e-02
0.267000  2.559852e-02
0.268000  2.559852e-02
0.269000  2.559852e-02
0.270000  2.559852e-02
0.271000  2.559852e-02
0.272000  2.559852e-02
0.273000  2.559852e-02
0.274000  2.559852e-02
0.275000  2.559852e-02
0.276000  2.559852e-02
0.277000  2.559852e-02
0.278000  2.559852e-02
0.279000  2.559852e-02
0.280000  2.559852e-02
0.281000  2.559852e-02
0.282000  2.559852e-02
0.283000  2.559852e-02
0.284000  2.559852e-02
0.285000  2.559852e-02
0.286000  2.559852e-02
0.287000  2.559852e-02
0.288000  2.559852e-02
0.289000  2.559852e-02
0.290000  2.559852e-02
0.291000  2.559852e-02
0.292000  2.559852e-02
0.293000  2.559852e-02
0.294000  2.559852e-02
0.295000  2.559852e-02
0.296000  2.559852e-02
0.297000  2.559852e-02
0.298000  2.559852e-02
0.299000  2.559852e-02
0.300000  5.445726e-02
0.301000  5.445726e-02
0.302000  5.445726e-02
0.303000  5.445726e-02
0.304000  5.445726e-02
0.305000  5.445726e-02
0.306000  5.445726e-02
0.307000  5.445726e-02
0.308000  5.445726e-02
0.309000  5.445726e-02
0.310000  5.445726e-02
0.311000  5.445726e-02
0.312000  5.445726e-02
0.313000  5.445726e-02
0.314000  5.445726e-02
0.315000  5.445726e-02
0.316000  5.445726e-02
0.317000  5.445726e-02
0.318000  5.445726e-02
0.319000  5.445726e-02
0.320000  5.445726e-02
0.321000  5.445726e-02
0.322000  5.445726e-02
0.323000  5.445726e-02
0.324000  5.445726e-02
0.325000  5.445726e-02
0.326000  5.445726e-02
0.327000  5.445726e-02
0.328000  5.445726e-02
0.329000  5.445726e-02
0.330000  5.445726e-02
0.331000  5.445726e-02
0.332000  5.445726e-02
0.333000  5.445726e-02
0.334000  5.445726e-02
0.335000  5.445726e-02
0.336000  5.445726e-02
0.337000  5.445726e-02
0.338000  5.445726e-02
0.339000  5.445726e-02
0.340000  5.445726e-02
0.341000  5.445726e-02
0.342000  5.445726e-02
0.343000  5.445726e-02
0.344000  5.445726e-02
0.345000  5.445726e-02
0.346000  5.445726e-02
0.347000  5.445726e-02
0.348000  5.445726e-02
0.349000  5.445726e-02
0.350000  4.880614e-02
0.351000  4.880614e-02
0.352000  4.880614e-02
0.353000  4.880614e-02
0.354000  4.880614e-02
0.355000  4.880614e-02
0.356000  4.880614e-02
0.357000  4.880614e-02
0.358000  4.880614e-02
0.359000  4.880614e-02
0.360000  4.880614e-02
0.361000  4.880614e-02
0.362000  4.880614e-02
0.363000  4.880614e-02
0.364000  4.880614e-02
0.365000  4.880614e-02
0.366000  4.880614e-02
0.367000  4.880614e-02
0.368000  4.880614e-02
0.369000  4.880614e-02
0.370000  4.880614e-02
0.371000  4.880614e-02
0.372000  4.880614e-02
0.373000  4.880614e-02
0.374000  4.880614e-02
0.375000  4.880614e-02
0.376000  4.880614e-02
0.377000  4.880614e-02
0.378000  4.880614e-02
0.379000  4.880614e-02
0.380000  4.880614e-02
0.381000  4.880614e-02
0.382000  4.880614e-02
0.383000  4.880614e-02
0.384000  4.880614e-02
0.385000  4.880614e-02
0.386000  4.880614e-02
0.387000  4.880614e-02
0.388000  4.880614e-02
0.389000  4.880614e-02
0.390000  4.880614e-02
0.391000  4.880614e-02
0.392000  4.880614e-02
0.393000  4.880614e-02
0.394000  4.880614e-02
0.395000  4.880614e-02
0.396000  4.880614e-02
0.397000  4.880614e-02
0.398000  4.880614e-02
0.399000  4.880614e-02
0.400000  5.083726e-02
0.401000  5.083726e-02
0.402000  5.083726e-02
0.403000  5.083726e-02
0.404000  5.083726e-02
0.405000  5.083726e-02
0.406000  5.083726e-02
0.407000  5.083726e-02
0.408000  5.083726e-02
0.409000  5.083726e-02
0.410000  5.083726e-02
0.411000  5.083726e-02
0.412000  5.083726e-02
0.413000  5.083726e-02
0.414000  5.083726e-02
0.415000  5.083726e-02
0.416000  5.083726e-02
0.417000  5.083726e-02
0.418000  5.083726e-02
0.419000  5.083726e-02
0.420000  5.083726e-02
0.421000  5.083726e-02
0.422000  5.083726e-02
0.423000  5.083726e-02
0.424000  5.083726e-02
0.425000  5.083726e-02
0.426000  5.083726e-02
0.427000  5.083726e-02
0.428000  5.083726e-02
0.429000  5.083726e-02
0.430000  5.083726e-02
0.431000  5.083726e-02
0.432000  5.083726e-02
0.433000  5.083726e-02
0.434000  5.083726e-02
0.435000  5.083726e-02
0.436000  5.083726e-02
0.437000  5.083726e-02
0.438000  5.083726e-02
0.439000  5.083726e-02
0.440000  5.083726e-02
0.441000  5.083726e-02
0.442000  5.083726e-02
0.443000  5.083726e-02
0.444000  5.083726e-02
0.445000  5.083726e-02
0.446000  5.083726e-02
0.447000  5.083726e-02
0.448000  5.083726e-02
0.449000  5.083726e-02
0.450000  4.529594e-02
0.451000  4.529594e-02
0.452000  4.529594e-02
0.453000  4.529594e-02
0.454000  4.529594e-02
0.455000  4.529594e-02
0.456000  4.529594e-02
0.457000  4.529594e-02
0.458000  4.529594e-02
0.459000  4.529594e-02
0.460000  4.529594e-02
0.461000  4.529594e-02
0.462000  4.529594e-02
0.463000  4.529594e-02
0.464000  4.529594e-02
0.465000  4.529594e-02
0.466000  4.529594e-02
0.467000  4.529594e-02
0.468000  4.529594e-02
0.469000  4.529594e-02
0.470000  4.529594e-02
0.471000  4.529594e-02
0.472000  4.529594e-02
0.473000  4.529594e-02
0.474000  4.529594e-02
0.475000  4.529594e-02
0.476000  4.529594e-02
0.477000  4.529594e-02
0.478000  4.529594e-02
0.479000  4.529594e-02
0.480000  4.529594e-02
0.481000  4.529594e-02
0.482000  4.529594e-02
0.483000  4.529594e-02
0.484000  4.529594e-02
0.485000  4.529594e-02
0.486000  4.529594e-02
0.487000  4.529594e-02
0.488000  4.529594e-02
0.489000  4.529594e-02
0.490000  4.529594e-02
0.491000  4.529594e-02
0.492000  4.529594e-02
0.493000  4.529594e-02
0.494000  4.529594e-02
0.495000  4.529594e-02
0.496000  4.529594e-02
0.497000  4.529594e-02
0.498000  4.529594e-02
0.499000  4.529594e-02
0.500000  1.384959e-01
0.501000  1.384959e-01
0.502000  1.384959e-01
0.503000  1.384959e-01
0.504000  1.384959e-01
0.505000  1.384959e-01
0.506000  1.384959e-01
0.507000  1.384959e-01
0.508000  1.384959e-01
0.509000  1.384959e-01
0.510000  1.384959e-01
0.511000  1.384959e-01
0.512000  1.384959e-01
0.513000  1.384959e-01
0.514000  1.384959e-01
0.515000  1.384959e-01
0.516000  1.384959e-01
0.517000  1.384959e-01
0.518000  1.384959e-01
0.519000  1.384959e-01
0.520000  1.384959e-01
0.521000  1.384959e-01
0.522000  1.384959e-01
0.523000  1.384959e-01
0.524000  1.384959e-01
0.525000  1.384959e-01
0.526000  1.384959e-01
0.527000  1.384959e-01
0.528000  1.384959e-01
0.529000  1.384959e-01
0.530000  1.384959e-01
0.531000  1.384959e-01
0.532000  1.384959e-01
0.533000  1.384959e-01
0.534000  1.384959e-01
0.535000  1.384959e-01
0.536000  1.384959e-01
0.537000  1.384959e-01
0.538000  1.384959e-01
0.539000  1.384959e-01
0.540000  1.384959e-01
0.541000  1.384959e-01
0.542000  1.384959e-01
0.543000  1.384959e-01
0.544000  1.384959e-01
0.545000  1.384959e-01
0.546000  1.384959e-01
0.547000  1.384959e-01
0.548000  1.384959e-01
0.549000  1.384959e-01
0.550000  1.543784e-01
0.551000  1.543784e-01
0.552000  1.543784e-01
0.553000  1.543784e-01
0.554000  1.543784e-01
0.555000  1.543784e-01
0.556000  1.543784e-01
0.557000  1.543784e-01
0.558000  1.543784e-01
0.559000  1.543784e-01
0.560000  1.543784e-01
0.561000  1.543784e-01
0.562000  1.543784e-01
0.563000  1.543784e-01
0.564000  1.543784e-01
0.565000  1.543784e-01
0.566000  1.543784e-01
0.567000  1.543784e-01
0.568000  1.543784e-01
0.569000  1.543784e-01
0.570000  1.543784e-01
0.571000  1.543784e-01
0.572000  1.543784e-01
0.573000  1.543784e-01
0.574000  1.543784e-01
0.575000  1.543784e-01
0.576000  1.543784e-01
0.577000  1.543784e-01
0.578000  1.543784e-01
0.579000  1.543784e-01
0.580000  1.543784e-01
0.581000  1.543784e-01
0.582000  1.543784e-01
0.583000  1.543784e-01
0.584000  1.543784e-01
0.585000  1.543784e-01
0.586000  1.543784e-01
0.587000  1.543784e-01
0.588000  1.543784e-01
0.589000  1.543784e-01
0.590000  1.543784e-01
0.591000  1.543784e-01
0.592000  1.543784e-01
0.593000  1.543784e-01
0.594000  1.543784e-01
0.595000  1.543784e-01
0.596000  1.543784e-01
0.597000  1.543784e-01
0.598000  1.543784e-01
0.599000  1.543784e-01
0.600000  4.021139e-01
0.601000  4.021139e-01
0.602000  4.021139e-01
0.603000  4.021139e-01
0.604000  4.021139e-01
0.605000  4.021139e-01
0.606000  4.021139e-01
0.607000  4.021139e-01
0.608000  4.021139e-01
0.609000  4.021139e-01
0.610000  4.021139e-01
0.611000  4.021139e-01
0.612000  4.021139e-01
0.613000  4.021139e-01
0.614000  4.021139e-01
0.615000  4.021139e-01
0.616000  4.021139e-01
0.617000  4.021139e-01
0.618000  4.021139e-01
0.619000  4.021139e-01
0.620000  4.021139e-01
0.621000  4.021139e-01
0.622000  4.021139e-01
0.623000  4.021139e-01
0.624000  4.021139e-01
0.625000  4.021139e-01
0.626000  4.021139e-01
0.627000  4.021139e-01
0.628000  4.021139e-01
0.629000  4.021139e-01
0.630000  4.021139e-01
0.631000  4.021139e-01
0.632000  4.021139e-01
0.633000  4.021139e-01
0.634000  4.021139e-01
0.635000  4.021139e-01
0.636000  4.021139e-01
0.637000  4.021139e-01
0.638000  4.021139e-01
0.639000  4.021139e-01
0.640000  4.021139e-01
0.641000  4.021139e-01
0.642000  4.021139e-01
0.643000  4.021139e-01
0.644000  4.021139e-01
0.645000  4.021139e-01
0.646000  4.021139e-01
0.647000  4.021139e-01
0.648000  4.021139e-01
0.649000  4.021139e-01
0.650000  8.139794e-01
0.651000  8.139794e-01
0.652000  8.139794e-01
0.653000  8.139794e-01
0.654000  8.139794e-01
0.655000  8.139794e-01
0.656000  8.139794e-01
0.657000  8.139794e-01
0.658000  8.139794e-01
0.659000  8.139794e-01
0.660000  8.139794e-01
0.661000  8.139794e-01
0.662000  8.139794e-01
0.663000  8.139794e-01
0.664000  8.139794e-01
0.665000  8.139794e-01
0.666000  8.139794e-01
0.667000  8.139794e-01
0.668000  8.139794e-01
0.669000  8.139794e-01
0.670000  8.139794e-01
0.671000  8.139794e-01
0.672000  8.139794e-01
0.673000  8.139794e-01
0.674000  8.139794e-01
0.675000  8.139794e-01
0.676000  8.139794e-01
0.677000  8.139794e-01
0.678000  8.139794e-01
0.679000  8.139794e-01
0.680000  8.139794e-01
0.681000  8.139794e-01
0.682000  8.139794e-01
0.683000  8.139794e-01
0.684000  8.139794e-01
0.685000  8.139794e-01
0.686000  8.139794e-01
0.687000  8.139794e-01
0.688000  8.139794e-01
0.689000  8.139794e-01
0.690000  8.139794e-01
0.691000  8.139794e-01
0.692000  8.139794e-01
0.693000  8.139794e-01
0.694000  8.139794e-01
0.695000  8.139794e-01
0.696000  8.139794e-01
0.697000  8.139794e-01
0.698000  8.139794e-01
0.699000  8.139794e-01
0.700000  1.354925e+00
0.701000  1.354925e+00
0.702000  1.354925e+00
0.703000  1.354925e+00
0.704000  1.354925e+00
0.705000  1.354925e+00
0.706000  1.354925e+00
0.707000  1.354925e+00
0.708000  1.354925e+00
0.709000  1.354925e+00
0.710000  1.354925e+00
0.711000  1.354925e+00
0.712000  1.354925e+00
0.713000  1.354925e+00
0.714000  1.354925e+00
0.715000  1.354925e+00
0.716000  1.354925e+00
0.717000  1.354925e+00
0.718000  1.354925e+00
0.719000  1.354925e+00
0.720000  1.354925e+00
0.721000  1.354925e+00
0.722000  1.354925e+00
0.723000  1.354925e+00
0.724000  1.354925e+00
0.725000  1.354925e+00
0.726000  1.354925e+00
0.727000  1.354925e+00
0.728000  1.354925e+00
0.729000  1.354925e+00
0.730000  1.354925e+00
0.731000  1.354925e+00
0.732000  1.354925e+00
0.733000  1.354925e+00
0.734000  1.354925e+00
0.735000  1.354925e+00
0.736000  1.354925e+00
0.737000  1.354925e+00
0.738000  1.354925e+00
0.739000  1.354925e+00
0.740000  1.354925e+00
0.741000  1.354925e+00
0.742000  1.354925e+00
0.743000  1.354925e+00
0.744000  1.354925e+00
0.745000  1.354925e+00
0.746000  1.354925e+00
0.747000  1.354925e+00
0.748000  1.354925e+00
0.749000  1.354925e+00
0.750000  1.368919e+00
0.751000  1.368919e+00
0.752000  1.368919e+00
0.753000  1.368919e+00
0.754000  1.368919e+00
0.755000  1.368919e+00
0.756000  1.368919e+00
0.757000  1.368919e+00
0.758000  1.368919e+00
0.759000  1.368919e+00
0.760000  1.368919e+00
0.761000  1.368919e+00
0.762000  1.368919e+00
0.763000  1.368919e+00
0.764000  1.368919e+00
0.765000  1.368919e+00
0.766000  1.368919e+00
0.767000  1.368919e+00
0.768000  1.368919e+00
0.769000  1.368919e+00
0.770000  1.368919e+00
0.771000  1.368919e+00
0.772000  1.368919e+00
0.773000  1.368919e+00
0.774000  1.368919e+00
0.775000  1.368919e+00
0.776000  1.368919e+00
0.777000  1.368919e+00
0.778000  1.368919e+00
0.779000  1.368919e+00
0.780000  1.368919e+00
0.781000  1.368919e+00
0.782000  1.368919e+00
0.783000  1.368919e+00
0.784000  1.368919e+00
0.785000  1.368919e+00
0.786000  1.368919e+00
0.787000  1.368919e+00
0.788000  1.368919e+00
0.789000  1.368919e+00
0.790000  1.368919e+00
0.791000  1.368919e+00
0.792000  1.368919e+00
0.793000  1.368919e+00
0.794000  1.368919e+00
0.795000  1.368919e+00
0.796000  1.368919e+00
0.797000  1.368919e+00
0.798000  1.368919e+00
0.799000  1.368919e+00
0.800000  1.623282e+00
0.801000  1.623282e+00
0.802000  1.623282e+00
0.803000  1.623282e+00
0.804000  1.623282e+00
0.805000  1.623282e+00
0.806000  1.623282e+00
0.807000  1.623282e+00
0.808000  1.623282e+00
0.809000  1.623282e+00
0.810000  1.623282e+00
0.811000  1.623282e+00
0.812000  1.623282e+00
0.813000  1.623282e+00
0.814000  1.623282e+00
0.815000  1.623282e+00
0.816000  1.623282e+00
0.817000  1.623282e+00
0.818000  1.623282e+00
0.819000  1.623282e+00
0.820000  1.623282e+00
0.821000  1.623282e+00
0.822000  1.623282e+00
0.823000  1.623282e+00
0.824000  1.623282e+00
0.825000  1.623282e+00
0.826000  1.623282e+00
0.827000  1.623282e+00
0.828000  1.623282e+00
0.829000  1.623282e+00
0.830000  1.623282e+00
0.831000  1.623282e+00
0.832000  1.623282e+00
0.833000  1.623282e+00
0.834000  1.623282e+00
0.835000  1.623282e+00
0.836000  1.623282e+00
0.837000  1.623282e+00
0.838000  1.623282e+00
0.839000  1.623282e+00
0.840000  1.623282e+00
0.841000  1.623282e+00
0.842000  1.623282e+00
0.843000  1.623282e+00
0.844000  1.623282e+00
0.845000  1.623282e+00
0.846000  1.623282e+00
0.847000  1.623282e+00
0.848000  1.623282e+00
0.849000  1.623282e+00
0.850000  2.341293e+00
0.851000  2.341293e+00
0.852000  2.341293e+00
0.853000  2.341293e+00
0.854000  2.341293e+00
0.855000  2.341293e+00
0.856000  2.341293e+00
0.857000  2.341293e+00
0.858000  2.341293e+00
0.859000  2.341293e+00
0.860000  2.341293e+00
0.861000  2.341293e+00
0.862000  2.341293e+00
0.863000  2.341293e+00
0.864000  2.341293e+00
0.865000  2.341293e+00
0.866000  2.341293e+00
0.867000  2.341293e+00
0.868000  2.341293e+00
0.869000  2.341293e+00
0.870000  2.341293e+00
0.871000  2.341293e+00
0.872000  2.341293e+00
0.873000  2.341293e+00
0.874000  2.341293e+00
0.875000  2.341293e+00
0.876000  2.341293e+00
0.877000  2.341293e+00
0.878000  2.341293e+00
0.879000  2.341293e+00
0.880000  2.341293e+00
0.881000  2.341293e+00
0.882000  2.341293e+00
0.883000  2.341293e+00
0.884000  2.341293e+00
0.885000  2.341293e+00
0.886000  2.341293e+00
0.887000  2.341293e+00
0.888000  2.341293e+00
0.889000  2.341293e+00
0.890000  2.341293e+00
0.891000  2.341293e+00
0.892000  2.341293e+00
0.893000  2.341293e+00
0.894000  2.341293e+00
0.895000  2.341293e+00
0.896000  2.341293e+00
0.897000  2.341293e+00
0.898000  2.341293e+00
0.899000  2.341293e+00
0.900000  1.616301e+00
0.901000  1.616301e+00
0.902000  1.616301e+00
0.903000  1.616301e+00
0.904000  1.616301e+00
0.905000  1.616301e+00
0.906000  1.616301e+00
0.907000  1.616301e+00
0.908000  1.616301e+00
0.909000  1.616301e+00
0.910000  1.616301e+00
0.911000  1.616301e+00
0.912000  1.616301e+00
0.913000  1.616301e+00
0.914000  1.616301e+00
0.915000  1.616301e+00
0.916000  1.616301e+00
0.917000  1.616301e+00
0.918000  1.616301e+00
0.919000  1.616301e+00
0.920000  1.616301e+00
0.921000  1.616301e+00
0.922000  1.616301e+00
0.923000  1.616301e+00
0.924000  1.616301e+00
0.925000  1.616301e+00
0.926000  1.616301e+00
0.927000  1.616301e+00
0.928000  1.616301e+00
0.929000  1.616301e+00
0.930000  1.616301e+00
0.931000  1.616301e+00
0.932000  1.616301e+00
0.933000  1.616301e+00
0.934000  1.616301e+00
0.935000  1.616301e+00
0.936000  1.616301e+00
0.937000  1.616301e+00
0.938000  1.616301e+00
0.939000  1.616301e+00
0.940000  1.616301e+00
0.941000  1.616301e+00
0.942000  1.616301e+00
0.943000  1.616301e+00
0.944000  1.616301e+00
0.945000  1.616301e+00
0.946000  1.616301e+00
0.947000  1.616301e+00
0.948000  1.616301e+00
0.949000  1.616301e+00
0.950000  2.015209e+00
0.951000  2.015209e+00
0.952000  2.015209e+00
0.953000  2.015209e+00
0.954000  2.015209e+00
0.955000  2.015209e+00
0.956000  2.015209e+00
0.957000  2.015209e+00
0.958000  2.015209e+00
0.959000  2.015209e+00
0.960000  2.015209e+00
0.961000  2.015209e+00
0.962000  2.015209e+00
0.963000  2.015209e+00
0.964000  2.015209e+00
0.965000  2.015209e+00
0.966000  2.015209e+00
0.967000  2.015209e+00
0.968000  2.015209e+00
0.969000  2.015209e+00
0.970000  2.015209e+00
0.971000  2.015209e+00
0.972000  2.015209e+00
0.973000  2.015209e+00
0.974000  2.015209e+00
0.975000  2.015209e+00
0.976000  2.015209e+00
0.977000  2.015209e+00
0.978000  2.015209e+00
0.979000  2.015209e+00
0.980000  2.015209e+00
0.981000  2.015209e+00
0.982000  2.015209e+00
0.983000  2.015209e+00
0.984000  2.015209e+00
0.985000  2.015209e+00
0.986000  2.015209e+00
0.987000  2.015209e+00
0.988000  2.015209e+00
0.989000  2.015209e+00
0.990000  2.015209e+00
0.991000  2.015209e+00
0.992000  2.015209e+00
0.993000  2.015209e+00
0.994000  2.015209e+00
0.995000  2.015209e+00
0.996000  2.015209e+00
0.997000  2.015209e+00
0.998000  2.015209e+00
0.999000  2.015209e+00
1.000000  2.037869e+00
1.001000  2.037869e+00
1.002000  2.037869e+00
1.003000  2.037869e+00
1.004000  2.037869e+00
1.005000  2.037869e+00
1.006000  2.037869e+00
1.007000  2.037869e+00
1.008000  2.037869e+00
1.009000  2.037869e+00
1.010000  2.037869e+00
1.011000  2.037869e+00
1.012000  2.037869e+00
1.013000  2.037869e+00
1.014000  2.037869e+00
1.015000  2.037869e+00
1.016000  2.037869e+00
1.017000  2.037869e+00
1.018000  2.037869e+00
1.019000  2.037869e+00
1.020000  2.037869e+00
1.021000  2.037869e+00
1.022000  2.037869e+00
1.023000  2.037869e+00
1.024000  2.037869e+00
1.025000  2.037869e+00
1.026000  2.037869e+00
1.027000  2.037869e+00
1.028000  2.037869e+00
1.029000  2.037869e+00
1.030000  2.037869e+00
1.031000  2.037869e+00
1.032000  2.037869e+00
1.033000  2.037869e+00
1.034000  2.037869e+00
1.035000  2.037869e+00
1.036000  2.037869e+00
1.037000  2.037869e+00
1.038000  2.037869e+00
1.039000  2.037869e+00
1.040000  2.037869e+00
1.041000  2.037869e+00
1.042000  2.037869e+00
1.043000  2.037869e+00
1.044000  2.037869e+00
1.045000  2.037869e+00
1.046000  2.037869e+00
1.047000  2.037869e+00
1.048000  2.037869e+00
1.049000  2.037869e+00
1.050000  1.069335e+00
1.051000  1.069335e+00
1.052000  1.069335e+00
1.053000  1.069335e+00
1.054000  1.069335e+00
1.055000  1.069335e+00
1.056000  1.069335e+00
1.057000  1.069335e+00
1.058000  1.069335e+00
1.059000  1.069335e+00
1.060000  1.069335e+00
1.061000  1.069335e+00
1.062000  1.069335e+00
1.063000  1.069335e+00
1.064000  1.069335e+00
1.065000  1.069335e+00
1.066000  1.069335e+00
1.067000  1.069335e+00
1.068000  1.069335e+00
1.069000  1.069335e+00
1.070000  1.069335e+00
1.071000  1.069335e+00
1.072000  1.069335e+00
1.073000  1.069335e+00
1.074000  1.069335e+00
1.075000  1.069335e+00
1.076000  1.069335e+00
1.077000  1.069335e+00
1.078000  1.069335e+00
1.079000  1.069335e+00
1.080000  1.069335e+00
1.081000  1.069335e+00
1.082000  1.069335e+00
1.083000  1.069335e+00
1.084000  1.069335e+00
1.085000  1.069335e+00
1.086000  1.069335e+00
1.087000  1.069335e+00
1.088000  1.069335e+00
1.089000  1.069335e+00
1.090000  1.069335e+00
1.091000  1.069335e+00
1.092000  1.069335e+00
1.093000  1.069335e+00
1.094000  1.069335e+00
1.095000  1.069335e+00
1.096000  1.069335e+00
1.097000  1.069335e+00
1.098000  1.069335e+00
1.099000  1.069335e+00
1.100000  9.599346e-01
1.101000  9.599346e-01
1.102000  9.599346e-01
1.103000  9.599346e-01
1.104000  9.599346e-01
1.105000  9.599346e-01
1.106000  9.599346e-01
1.107000  9.599346e-01
1.108000  9.599346e-01
1.109000  9.599346e-01
1.110000  9.599346e-01
1.111000  9.599346e-01
1.112000  9.599346e-01
1.113000  9.599346e-01
1.114000  9.599346e-01
1.115000  9.599346e-01
1.116000  9.599346e-01
1.117000  9.599346e-01
1.118000  9.599346e-01
1.119000  9.599346e-01
1.120000  9.599346e-01
1.121000  9.599346e-01
1.122000  9.599346e-01
1.123000  9.599346e-01
1.124000  9.599346e-01
1.125000  9.599346e-01
1.126000  9.599346e-01
1.127000  9.599346e-01
1.128000  9.599346e-01
1.129000  9.599346e-01
1.130000  9.599346e-01
1.131000  9.599346e-01
1.132000  9.599346e-01
1.133000  9.599346e-01
1.134000  9.599346e-01
1.135000  9.599346e-01
1.136000  9.599346e-01
1.137000  9.599346e-01
1.138000  9.599346e-01
1.139000  9.599346e-01
1.140000  9.599346e-01
1.141000  9.599346e-01
1.142000  9.599346e-01
1.143000  9.599346e-01
1.144000  9.599346e-01
1.145000  9.599346e-01
1.146000  9.599346e-01
1.147000  9.599346e-01
1.148000  9.599346e-01
1.149000  9.599346e-01
1.150000  8.191914e-01
1.151000  8.191914e-01
1.152000  8.191914e-01
1.153000  8.191914e-01
1.154000  8.191914e-01
1.155000  8.191914e-01
1.156000  8.191914e-01
1.157000  8.191914e-01
1.158000  8.191914e-01
1.159000  8.191914e-01
1.160000  8.191914e-01
1.161000  8.191914e-01
1.162000  8.191914e-01
1.163000  8.191914e-01
1.164000  8.191914e-01
1.165000  8.191914e-01
1.166000  8.191914e-01
1.167000  8.191914e-01
1.168000  8.191914e-01
1.169000  8.191914e-01
1.170000  8.191914e-01
1.171000  8.191914e-01
1.172000  8.191914e-01
1.173000  8.191914e-01
1.174000  8.191914e-01
1.175000  8.191914e-01
1.176000  8.191914e-01
1.177000  8.191914e-01
1.178000  8.191914e-01
1.179000  8.191914e-01
1.180000  8.191914e-01
1.181000  8.191914e-01
1.182000  8.191914e-01
1.183000  8.191914e-01
1.184000  8.191914e-01
1.185000  8.191914e-01
1.186000  8.191914e-01
1.187000  8.191914e-01
1.188000  8.191914e-01
1.189000  8.191914e-01
1.190000  8.191914e-01
1.191000  8.191914e-01
1.192000  8.191914e-01
1.193000  8.191914e-01
1.194000  8.191914e-01
1.195000  8.191914e-01
1.196000  8.191914e-01
1.197000  8.191914e-01
1.198000  8.191914e-01
1.199000  8.191914e-01
1.200000  9.347433e-01
1.201000  9.347433e-01
1.202000  9.347433e-01
1.203000  9.347433e-01
1.204000  9.347433e-01
1.205000  9.347433e-01
1.206000  9.347433e-01
1.207000  9.347433e-01
1.208000  9.347433e-01
1.209000  9.347433e-01
1.210000  9.347433e-01
1.211000  9.347433e-01
1.212000  9.347433e-01
1.213000  9.347433e-01
1.214000  9.347433e-01
1.215000  9.347433e-01
1.216000  9.347433e-01
1.217000  9.347433e-01
1.218000  9.347433e-01
1.219000  9.347433e-01
1.220000  9.347433e-01
1.221000  9.347433e-01
1.222000  9.347433e-01
1.223000  9.347433e-01
1.224000  9.347433e-01
1.225000  9.347433e-01
1.226000  9.347433e-01
1.227000  9.347433e-01
1.228000  9.347433e-01
1.229000  9.347433e-01
1.230000  9.347433e-01
1.231000  9.347433e-01
1.232000  9.347433e-01
1.233000  9.347433e-01
1.234000  9.347433e-01
1.235000  9.347433e-01
1.236000  9.347433e-01
1.237000  9.347433e-01
1.238000  9.347433e-01
1.239000  9.347433e-01
1.240000  9.347433e-01
1.241000  9.347433e-01
1.242000  9.347433e-01
1.243000  9.347433e-01
1.244000  9.347433e-01
1.245000  9.347433e-01
1.246000  9.347433e-01
1.247000  9.347433e-01
1.248000  9.347433e-01
1.249000  9.347433e-01
1.250000  5.916345e-01
1.251000  5.916345e-01
1.252000  5.916345e-01
1.253000  5.916345e-01
1.254000  5.916345e-01
1.255000  5.916345e-01
1.256000  5.916345e-01
1.257000  5.916345e-01
1.258000  5.916345e-01
1.259000  5.916345e-01
1.260000  5.916345e-01
1.261000  5.916345e-01
1.262000  5.916345e-01
1.263000  5.916345e-01
1.264000  5.916345e-01
1.265000  5.916345e-01
1.266000  5.916345e-01
1.267000  5.916345e-01
1.268000  5.916345e-01
1.269000  5.916345e-01
1.270000  5.916345e-01
1.271000  5.916345e-01
1.272000  5.916345e-01
1.273000  5.916345e-01
1.274000  5.916345e-01
1.275000  5.916345e-01
1.276000  5.916345e-01
1.277000  5.916345e-01
1.278000  5.916345e-01
1.279000  5.916345e-01
1.280000  5.916345e-01
1.281000  5.916345e-01
1.282000  5.916345e-01
1.283000  5.916345e-01
1.284000  5.916345e-01
1.285000  5.916345e-01
1.286000  5.916345e-01
1.287000  5.916345e-01
1.288000  5.916345e-01
1.289000  5.916345e-01
1.290000  5.916345e-01
1.291000  5.916345e-01
1.292000  5.916345e-01
1.293000  5.916345e-01
1.294000  5.916345e-01
1.295000  5.916345e-01
1.296000  5.916345e-01
1.297000  5.916345e-01
1.298000  5.916345e-01
1.299000  5.916345e-01
1.300000  4.716357e-01
1.301000  4.716357e-01
1.302000  4.716357e-01
1.303000  4.716357e-01
1.304000  4.716357e-01
1.305000  4.716357e-01
1.306000  4.716357e-01
1.307000  4.716357e-01
1.308000  4.716357e-01
1.309000  4.716357e-01
1.310000  4.716357e-01
1.311000  4.716357e-01
1.312000  4.716357e-01
1.313000  4.716357e-01
1.314000  4.716357e-01
1.315000  4.716357e-01
1.316000  4.716357e-01
1.317000  4.716357e-01
1.318000  4.716357e-01
1.319000  4.716357e-01
1.320000  4.716357e-01
1.321000  4.716357e-01
1.322000  4.716357e-01
1.323000  4.716357e-01
1.324000  4.716357e-01
1.325000  4.716357e-01
1.326000  4.716357e-01
1.327000  4.716357e-01
1.328000  4.716357e-01
1.329000  4.716357e-01
1.330000  4.716357e-01
1.331000  4.716357e-01
1.332000  4.716357e-01
1.333000  4.716357e-01
1.334000  4.716357e-01
1.335000  4.716357e-01
1.336000  4.716357e-01
1.337000  4.716357e-01
1.338000  4.716357e-01
1.339000  4.716357e-01
1.340000  4.716357e-01
1.341000  4.716357e-01
1.342000  4.716357e-01
1.343000  4.716357e-01
1.344000  4.716357e-01
1.345000  4.716357e-01
1.346000  4.716357e-01
1.347000  4.716357e-01
1.348000  4.716357e-01
1.349000  4.716357e-01
1.350000  4.128479e-01
1.351000  4.128479e-01
1.352000  4.128479e-01
1.353000  4.128479e-01
1.354000  4.128479e-01
1.355000  4.128479e-01
1.356000  4.128479e-01
1.357000  4.128479e-01
1.358000  4.128479e-01
1.359000  4.128479e-01
1.360000  4.128479e-01
1.361000  4.128479e-01
1.362000  4.128479e-01
1.363000  4.128479e-01
1.364000  4.128479e-01
1.365000  4.128479e-01
1.366000  4.128479e-01
1.367000  4.128479e-01
1.368000  4.128479e-01
1.369000  4.128479e-01
1.370000  4.128479e-01
1.371000  4.128479e-01
1.372000  4.128479e-01
1.373000  4.128479e-01
1.374000  4.128479e-01
1.375000  4.128479e-01
1.376000  4.128479e-01
1.377000  4.128479e-01
1.378000  4.128479e-01
1.379000  4.128479e-01
1.380000  4.128479e-01
1.381000  4.128479e-01
1.382000  4.128479e-01
1.383000  4.128479e-01
1.384000  4.128479e-01
1.385000  4.128479e-01
1.386000  4.128479e-01
1.387000  4.128479e-01
1.388000  4.128479e-01
1.389000  4.128479e-01
1.390000  4.128479e-01
1.391000  4.128479e-01
1.392000  4.128479e-01
1.393000  4.128479e-01
1.394000  4.128479e-01
1.395000  4.128479e-01
1.396000  4.128479e-01
1.397000  4.128479e-01
1.398000  4.128479e-01
1.399000  4.128479e-01
1.400000  1.803567e-01
1.401000  1.803567e-01
1.402000  1.803567e-01
1.403000  1.803567e-01
1.404000  1.803567e-01
1.405000  1.803567e-01
1.406000  1.803567e-01
1.407000  1.803567e-01
1.408000  1.803567e-01
1.409000  1.803567e-01
1.410000  1.803567e-01
1.411000  1.803567e-01
1.412000  1.803567e-01
1.413000  1.803567e-01
1.414000  1.803567e-01
1.415000  1.803567e-01
1.416000  1.803567e-01
1.417000  1.803567e-01
1.418000  1.803567e-01
1.419000  1.803567e-01
1.420000  1.803567e-01
1.421000  1.803567e-01
1.422000  1.803567e-01
1.423000  1.803567e-01
1.424000  1.803567e-01
1.425000  1.803567e-01
1.426000  1.803567e-01
1.427000  1.803567e-01
1.428000  1.803567e-01
1.429000  1.803567e-01
1.430000  1.803567e-01
1.431000  1.803567e-01
1.432000  1.803567e-01
1.433000  1.803567e-01
1.434000  1.803567e-01
1.435000  1.803567e-01
1.436000  1.803567e-01
1.437000  1.803567e-01
1.438000  1.803567e-01
1.439000  1.803567e-01
1.440000  1.803567e-01
1.441000  1.803567e-01
1.442000  1.803567e-01
1.443000  1.803567e-01
1.444000  1.803567e-01
1.445000  1.803567e-01
1.446000  1.803567e-01
1.447000  1.803567e-01
1.448000  1.803567e-01
1.449000  1.803567e-01
1.450000  8.178848e-02
1.451000  8.178848e-02
1.452000  8.178848e-02
1.453000  8.178848e-02
1.454000  8.178848e-02
1.455000  8.178848e-02
1.456000  8.178848e-02
1.457000  8.178848e-02
1.458000  8.178848e-02
1.459000  8.178848e-02
1.460000  8.178848e-02
1.461000  8.178848e-02
1.462000  8.178848e-02
1.463000  8.178848e-02
1.464000  8.178848e-02
1.465000  8.178848e-02
1.466000  8.178848e-02
1.467000  8.178848e-02
1.468000  8.178848e-02
1.469000  8.178848e-02
1.470000  8.178848e-02
1.471000  8.178848e-02
1.472000  8.178848e-02
1.473000  8.178848e-02
1.474000  8.178848e-02
1.475000  8.178848e-02
1.476000  8.178848e-02
1.477000  8.178848e-02
1.478000  8.178848e-02
1.479000  8.178848e-02
1.480000  8.178848e-02
1.481000  8.178848e-02
1.482000  8.178848e-02
1.483000  8.178848e-02
1.484000  8.178848e-02
1.485000  8.178848e-02
1.486000  8.178848e-02
1.487000  8.178848e-02
1.488000  8.178848e-02
1.489000  8.178848e-02
1.490000  8.178848e-02
1.491000  8.178848e-02
1.492000  8.178848e-02
1.493000  8.178848e-02
1.494000  8.178848e-02
1.495000  8.178848e-02
1.496000  8.178848e-02
1.497000  8.178848e-02
1.498000  8.178848e-02
1.499000  8.178848e-02
1.500000  5.960325e-02
1.501000  5.960325e-02
1.502000  5.960325e-02
1.503000  5.960325e-02
1.504000  5.960325e-02
1.505000  5.960325e-02
1.506000  5.960325e-02
1.507000  5.960325e-02
1.508000  5.960325e-02
1.509000  5.960325e-02
1.510000  5.960325e-02
1.511000  5.960325e-02
1.512000  5.960325e-02
1.513000  5.960325e-02
1.514000  5.960325e-02
1.515000  5.960325e-02
1.516000  5.960325e-02
1.517000  5.960325e-02
1.518000  5.960325e-02
1.519000  5.960325e-02
1.520000  5.960325e-02
1.521000  5.960325e-02
1.522000  5.960325e-02
1.523000  5.960325e-02
1.524000  5.960325e-02
1.525000  5.960325e-02
1.526000  5.960325e-02
1.527000  5.960325e-02
1.528000  5.960325e-02
1.529000  5.960325e-02
1.530000  5.960325e-02
1.531000  5.960325e-02
1.532000  5.960325e-02
1.533000  5.960325e-02
1.534000  5.960325e-02
1.535000  5.960325e-02
1.536000  5.960325e-02
1.537000  5.960325e-02
1.538000  5.960325e-02
1.539000  5.960325e-02
1.540000  5.960325e-02
1.541000  5.960325e-02
1.542000  5.960325e-02
1.543000  5.960325e-02
1.544000  5.960325e-02
1.545000  5.960325e-02
1.546000  5.960325e-02
1.547000  5.960325e-02
1.548000  5.960325e-02
1.549000  5.960325e-02
1.550000  1.862507e-02
1.551000  1.862507e-02
1.552000  1.862507e-02
1.553000  1.862507e-02
1.554000  1.862507e-02
1.555000  1.862507e-02
1.556000  1.862507e-02
1.557000  1.862507e-02
1.558000  1.862507e-02
1.559000  1.862507e-02
1.560000  1.862507e-02
1.561000  1.862507e-02
1.562000  1.862507e-02
1.563000  1.862507e-02
1.564000  1.862507e-02
1.565000  1.862507e-02
1.566000  1.862507e-02
1.567000  1.862507e-02
1.568000  1.862507e-02
1.569000  1.862507e-02
1.570000  1.862507e-02
1.571000  1.862507e-02
1.572000  1.862507e-02
1.573000  1.862507e-02
1.574000  1.862507e-02
1.575000  1.862507e-02
1.576000  1.862507e-02
1.577000  1.862507e-02
1.578000  1.862507e-02
1.579000  1.862507e-02
1.580000  1.862507e-02
1.581000  1.862507e-02
1.582000  1.862507e-02
1.583000  1.862507e-02
1.584000  1.862507e-02
1.585000  1.862507e-02
1.586000  1.862507e-02
1.587000  1.862507e-02
1.588000  1.862507e-02
1.589000  1.862507e-02
1.590000  1.862507e-02
1.591000  1.862507e-02
1.592000  1.862507e-02
1.593000  1.862507e-02
1.594000  1.862507e-02
1.595000  1.862507e-02
1.596000  1.862507e-02
1.597000  1.862507e-02
1.598000  1.862507e-02
1.599000  1.862507e-02
1.600000  4.806323e-02
1.601000  4.806323e-02
1.602000  4.806323e-02
1.603000  4.806323e-02
1.604000  4.806323e-02
1.605000  4.806323e-02
1.606000  4.806323e-02
1.607000  4.806323e-02
1.608000  4.806323e-02
1.609000  4.806323e-02
1.610000  4.806323e-02
1.611000  4.806323e-02
1.612000  4.806323e-02
1.613000  4.806323e-02
1.614000  4.806323e-02
1.615000  4.806323e-02
1.616000  4.806323e-02
1.617000  4.806323e-02
1.618000  4.806323e-02
1.619000  4.806323e-02
1.620000  4.806323e-02
1.621000  4.806323e-02
1.622000  4.806323e-02
1.623000  4.806323e-02
1.624000  4.806323e-02
1.625000  4.806323e-02
1.626000  4.806323e-02
1.627000  4.806323e-02
1.628000  4.806323e-02
1.629000  4.806323e-02
1.630000  4.806323e-02
1.631000  4.806323e-02
1.632000  4.806323e-02
1.633000  4.806323e-02
1.634000  4.806323e-02
1.635000  4.806323e-02
1.636000  4.806323e-02
1.637000  4.806323e-02
1.638000  4.806323e-02
1.639000  4.806323e-02
1.640000  4.806323e-02
1.641000  4.806323e-02
1.642000  4.806323e-02
1.643000  4.806323e-02
1.644000  4.806323e-02
1.645000  4.806323e-02
1.646000  4.806323e-02
1.647000  4.806323e-02
1.648000  4.806323e-02
1.649000  4.806323e-02
1.650000  1.315880e-02
1.651000  1.315880e-02
1.652000  1.315880e-02
1.653000  1.315880e-02
1.654000  1.315880e-02
1.655000  1.315880e-02
1.656000  1.315880e-02
1.657000  1.315880e-02
1.658000  1.315880e-02
1.659000  1.315880e-02
1.660000  1.315880e-02
1.661000  1.315880e-02
1.662000  1.315880e-02
1.663000  1.315880e-02
1.664000  1.315880e-02
1.665000  1.315880e-02
1.666000  1.315880e-02
1.667000  1.315880e-02
1.668000  1.315880e-02
1.669000  1.315880e-02
1.670000  1.315880e-02
1.671000  1.315880e-02
1.672000  1.315880e-02
1.673000  1.315880e-02
1.674000  1.315880e-02
1.675000  1.315880e-02
1.676000  1.315880e-02
1.677000  1.315880e-02
1.678000  1.315880e-02
1.679000  1.315880e-02
1.680000  1.315880e-02
1.681000  1.315880e-02
1.682000  1.315880e-02
1.683000  1.315880e-02
1.684000  1.315880e-02
1.685000  1.315880e-02
1.686000  1.315880e-02
1.687000  1.315880e-02
1.688000  1.315880e-02
1.689000  1.315880e-02
1.690000  1.315880e-02
1.691000  1.315880e-02
1.692000  1.315880e-02
1.693000  1.315880e-02
1.694000  1.315880e-02
1.695000  1.315880e-02
1.696000  1.315880e-02
1.697000  1.315880e-02
1.698000  1.315880e-02
1.699000  1.315880e-02
1.700000  1.648725e-02
1.701000  1.648725e-02
1.702000  1.648725e-02
1.703000  1.648725e-02
1.704000  1.648725e-02
1.705000  1.648725e-02
1.706000  1.648725e-02
1.707000  1.648725e-02
1.708000  1.648725e-02
1.709000  1.648725e-02
1.710000  1.648725e-02
1.711000  1.648725e-02
1.712000  1.648725e-02
1.713000  1.648725e-02
1.714000  1.648725e-02
1.715000  1.648725e-02
1.716000  1.648725e-02
1.717000  1.648725e-02
1.718000  1.648725e-02
1.719000  1.648725e-02
1.720000  1.648725e-02
1.721000  1.648725e-02
1.722000  1.648725e-02
1.723000  1.648725e-02
1.724000  1.648725e-02
1.725000  1.648725e-02
1.726000  1.648725e-02
1.727000  1.648725e-02
1.728000  1.648725e-02
1.729000  1.648725e-02
1.730000  1.648725e-02
1.731000  1.648725e-02
1.732000  1.648725e-02
1.733000  1.648725e-02
1.734000  1.648725e-02
1.735000  1.648725e-02
1.736000  1.648725e-02
1.737000  1.648725e-02
1.738000  1.648725e-02
1.739000  1.648725e-02
1.740000  1.648725e-02
1.741000  1.648725e-02
1.742000  1.648725e-02
1.743000  1.648725e-02
1.744000  1.648725e-02
1.745000  1.648725e-02
1.746000  1.648725e-02
1.747000  1.648725e-02
1.748000  1.648725e-02
1.749000  1.648725e-02
1.750000  3.636951e-02
1.751000  3.636951e-02
1.752000  3.636951e-02
1.753000  3.636951e-02
1.754000  3.636951e-02
1.755000  3.636951e-02
1.756000  3.636951e-02
1.757000  3.636951e-02
1.758000  3.636951e-02
1.759000  3.636951e-02
1.760000  3.636951e-02
1.761000  3.636951e-02
1.762000  3.636951e-02
1.763000  3.636951e-02
1.764000  3.636951e-02
1.765000  3.636951e-02
1.766000  3.636951e-02
1.767000  3.636951e-02
1.768000  3.636951e-02
1.769000  3.636951e-02
1.770000  3.636951e-02
1.771000  3.636951e-02
1.772000  3.636951e-02
1.773000  3.636951e-02
1.774000  3.636951e-02
1.775000  3.636951e-02
1.776000  3.636951e-02
1.777000  3.636951e-02
1.778000  3.636951e-02
1.779000  3.636951e-02
1.780000  3.636951e-02
1.781000  3.636951e-02
1.782000  3.636951e-02
1.783000  3.636951e-02
1.784000  3.636951e-02
1.785000  3.636951e-02
1.786000  3.636951e-02
1.787000  3.636951e-02
1.788000  3.636951e-02
1.789000  3.636951e-02
1.790000  3.636951e-02
1.791000  3.636951e-02
1.792000  3.636951e-02
1.793000  3.636951e-02
1.794000  3.636951e-02
1.795000  3.636951e-02
1.796000  3.636951e-02
1.797000  3.636951e-02
1.798000  3.636951e-02
1.799000  3.636951e-02
1.800000  3.613683e-02
1.801000  3.613683e-02
1.802000  3.613683e-02
1.803000  3.613683e-02
1.804000  3.613683e-02
1.805000  3.613683e-02
1.806000  3.613683e-02
1.807000  3.613683e-02
1.808000  3.613683e-02
1.809000  3.613683e-02
1.810000  3.613683e-02
1.811000  3.613683e-02
1.812000  3.613683e-02
1.813000  3.613683e-02
1.814000  3.613683e-02
1.815000  3.613683e-02
1.816000  3.613683e-02
1.817000  3.613683e-02
1.818000  3.613683e-02
1.819000  3.613683e-02
1.820000  3.613683e-02
1.821000  3.613683e-02
1.822000  3.613683e-02
1.823000  3.613683e-02
1.824000  3.613683e-02
1.825000  3.613683e-02
1.826000  3.613683e-02
1.827000  3.613683e-02
1.828000  3.613683e-02
1.829000  3.613683e-02
1.830000  3.613683e-02
1.831000  3.613683e-02
1.832000  3.613683e-02
1.833000  3.613683e-02
1.834000  3.613683e-02
1.835000  3.613683e-02
1.836000  3.613683e-02
1.837000  3.613683e-02
1.838000  3.613683e-02
1.839000  3.613683e-02
1.840000  3.613683e-02
1.841000  3.613683e-02
1.842000  3.613683e-02
1.843000  3.613683e-02
1.844000  3.613683e-02
1.845000  3.613683e-02
1.846000  3.613683e-02
1.847000  3.613683e-02
1.848000  3.613683e-02
1.849000  3.613683e-02
1.850000  1.263167e-02
1.851000  1.263167e-02
1.852000  1.263167e-02
1.853000  1.263167e-02
1.854000  1.263167e-02
1.855000  1.263167e-02
1.856000  1.263167e-02
1.857000  1.263167e-02
1.858000  1.263167e-02
1.859000  1.263167e-02
1.860000  1.263167e-02
1.861000  1.263167e-02
1.862000  1.263167e-02
1.863000  1.263167e-02
1.864000  1.263167e-02
1.865000  1.263167e-02
1.866000  1.263167e-02
1.867000  1.263167e-02
1.868000  1.263167e-02
1.869000  1.263167e-02
1.870000  1.263167e-02
1.871000  1.263167e-02
1.872000  1.263167e-02
1.873000  1.263167e-02
1.874000  1.263167e-02
1.875000  1.263167e-02
1.876000  1.263167e-02
1.877000  1.263167e-02
1.878000  1.263167e-02
1.879000  1.263167e-02
1.880000  1.263167e-02
1.881000  1.263167e-02
1.882000  1.263167e-02
1.883000  1.263167e-02
1.884000  1.263167e-02
1.885000  1.263167e-02
1.886000  1.263167e-02
1.887000  1.263167e-02
1.888000  1.263167e-02
1.889000  1.263167e-02
1.890000  1.263167e-02
1.891000  1.263167e-02
1.892000  1.263167e-02
1.893000  1.263167e-02
1.894000  1.263167e-02
1.895000  1.263167e-02
1.896000  1.263167e-02
1.897000  1.263167e-02
1.898000  1.263167e-02
1.899000  1.263167e-02
1.900000  2.129687e-02
1.901000  2.129687e-02
1.902000  2.129687e-02
1.903000  2.129687e-02
1.904000  2.129687e-02
1.905000  2.129687e-02
1.906000  2.129687e-02
1.907000  2.129687e-02
1.908000  2.129687e-02
1.909000  2.129687e-02
1.910000  2.129687e-02
1.911000  2.129687e-02
1.912000  2.129687e-02
1.913000  2.129687e-02
1.914000  2.129687e-02
1.915000  2.129687e-02
1.916000  2.129687e-02
1.917000  2.129687e-02
1.918000  2.129687e-02
1.919000  2.129687e-02
1.920000  2.129687e-02
1.921000  2.129687e-02
1.922000  2.129687e-02
1.923000  2.129687e-02
1.924000  2.129687e-02
1.925000  2.129687e-02
1.926000  2.129687e-02
1.927000  2.129687e-02
1.928000  2.129687e-02
1.929000  2.129687e-02
1.930000  2.129687e-02
1.931000  2.129687e-02
1.932000  2.129687e-02
1.933000  2.129687e-02
1.934000  2.129687e-02
1.935000  2.129687e-02
1.936000  2.129687e-02
1.937000  2.129687e-02
1.938000  2.129687e-02
1.939000  2.129687e-02
1.940000  2.129687e-02
1.941000  2.129687e-02
1.942000  2.129687e-02
1.943000  2.129687e-02
1.944000  2.129687e-02
1.945000  2.129687e-02
1.946000  2.129687e-02
1.947000  2.129687e-02
1.948000  2.129687e-02
1.949000  2.129687e-02
1.950000  1.274919e-02
1.951000  1.274919e-02
1.952000  1.274919e-02
1.953000  1.274919e-02
1.954000  1.274919e-02
1.955000  1.274919e-02
1.956000  1.274919e-02
1.957000  1.274919e-02
1.958000  1.274919e-02
1.959000  1.274919e-02
1.960000  1.274919e-02
1.961000  1.274919e-02
1.962000  1.274919e-02
1.963000  1.274919e-02
1.964000  1.274919e-02
1.965000  1.274919e-02
1.966000  1.274919e-02
1.967000  1.274919e-02
1.968000  1.274919e-02
1.969000  1.274919e-02
1.970000  1.274919e-02
1.971000  1.274919e-02
1.972000  1.274919e-02
1.973000  1.274919e-02
1.974000  1.274919e-02
1.975000  1.274919e-02
1.976000  1.274919e-02
1.977000  1.274919e-02
1.978000  1.274919e-02
1.979000  1.274919e-02
1.980000  1.274919e-02
1.981000  1.274919e-02
1.982000  1.274919e-02
1.983000  1.274919e-02
1.984000  1.274919e-02
1.985000  1.274919e-02
1.986000  1.274919e-02
1.987000  1.274919e-02
1.988000  1.274919e-02
1.989000  1.274919e-02
1.990000  1.274919e-02
1.991000  1.274919e-02
1.992000  1.274919e-02
1.993000  1.274919e-02
1.994000  1.274919e-02
1.995000  1.274919e-02
1.996000  1.274919e-02
1.997000  1.274919e-02
1.998000  1.274919e-02
1.999000  1.274919e-02
2.000000  0.000000e+00
