# bin_5_4
3.878682898207651640e-07
-3.449767528486869707e-07
3.649559298430594194e-07
-3.258871815589646717e-07
3.436166092328058774e-07
-3.076700379113173780e-07
3.237538516462327928e-07
-2.902727777674930923e-07
3.052833466984837558e-07
-2.736397906518122741e-07
2.881324950384749607e-07
-2.577121748466020665e-07
2.722401499353297453e-07
-2.424273608125768512e-07
2.575565529459200444e-07
-2.277185770355332472e-07
2.440434635240202372e-07
-2.135141575678416258e-07
2.316744850663165384e-07
-1.997366839477523631e-07
2.204355892988856810e-07
-1.863019585284630115e-07
2.103258404598091641e-07
-1.731178036574377267e-07
2.013583196697355987e-07
-1.600826888732221452e-07
1.935612448259994585e-07
-1.470841906514838470e-07
1.869792742119081196e-07
-1.339972987225830826e-07
1.816749728750538774e-07
-1.206825972240750653e-07
1.777304039271646696e-07
-1.069843643319840524e-07
1.752487884318689415e-07
-9.272865970117580921e-08
1.743561488808144845e-07
-7.772149923221372036e-08
1.752028164332493634e-07
-6.174725745117304845e-08
1.779646366999980023e-07
-4.456748702987750998e-08
1.828436563401723645e-07
-2.592040399897091741e-08
1.900680052686977205e-07
-5.521358896720177285e-09
1.998906169401044342e-07
1.693531040586898090e-08
2.125863489441061923e-07
4.177256615344619928e-08
2.284469857212421548e-07
6.932454380694210060e-08
2.477735348037104506e-07
9.992739624503792231e-08
2.708651840161933538e-07
1.339064710362459652e-07
2.980042899395885971e-07
1.715592221446011692e-07
3.294368547272544287e-07
2.131333980839765615e-07
3.653481528895801987e-07
2.588003340938003312e-07
4.058335514060156004e-07
3.086236640930155699e-07
4.508651740152344998e-07
3.625245120347095593e-07
5.002559556537679793e-07
4.202452758583074657e-07
5.536238495301876635e-07
4.813155004436845990e-07
6.103604931109886949e-07
5.450250198073534650e-07
6.696104323849151216e-07
6.104114068778610185e-07
7.302688600366771960e-07
6.762705307702477399e-07
7.910073728687857954e-07
7.412002140053508413e-07
8.503379109319809469e-07
8.036868924061110259e-07
9.067239624689213915e-07
8.622428476067128402e-07
9.587442503933087698e-07
9.155958923940220391e-07
1.005306337882893510e-06
9.629233059559650576e-07
1.045895069813147627e-06
1.004106851874971503e-06
1.080823537615557721e-06
1.039966642250220636e-06
1.111434078776515989e-06
1.072411431872792445e-06
1.140178168463994598e-06
1.104427786071875364e-06
1.170494878686389027e-06
1.139830191018592388e-06
1.206419142895280987e-06
1.182720871726093082e-06
1.251895834166616842e-06
1.236673163788785993e-06
1.309862020413689647e-06
1.303758930645931873e-06
1.381283026708684366e-06
1.383673327535585815e-06
1.464459211241568154e-06
1.473324595864149266e-06
1.554998425322814042e-06
1.567275789534094891e-06
1.646785804124905825e-06
1.659257698297100416e-06
1.733995044541836664e-06
1.744560940963156474e-06
1.813663837090437812e-06
1.822520361403368501e-06
1.887752102415922877e-06
1.897783890937328426e-06
1.963279374811934278e-06
1.979061415485438115e-06
2.049584556463879417e-06
2.075019104952192816e-06
2.153250354488925524e-06
2.188910162367848340e-06
2.273348294042615038e-06
2.315455123274748318e-06
2.400899395523425056e-06
2.443512359505247135e-06
2.524819977609559103e-06
2.564609498552093447e-06
2.641538332121039485e-06
2.681488522940567987e-06
2.760058432762717206e-06
2.807652754551909472e-06
2.895063614712396602e-06
2.954839753706193138e-06
3.051564944996467377e-06
3.119272921599459894e-06
3.217692528969038006e-06
3.284732681329562246e-06
3.378771657150764819e-06
3.444169867589443508e-06
3.539076072281939730e-06
3.612433836363692072e-06
3.718350334136029138e-06
3.805434650191047153e-06
3.920757801914297880e-06
4.012859947532388816e-06
4.126371173301441593e-06
4.216128644744464350e-06
4.329391148862238962e-06
4.426973390137522956e-06
4.552866297720782784e-06
4.665094081393465062e-06
4.799263175283605986e-06
4.913245113471944193e-06
5.044264565702464992e-06
5.159695598970285809e-06
5.299521082442943033e-06
5.430427684810941481e-06
5.582078332874747923e-06
5.716823097064095280e-06
5.865369392261517746e-06
6.001521555870203109e-06
6.160210286791872628e-06
6.311417581667334456e-06
6.477276750628569974e-06
6.626584414228076969e-06
6.790172016473131364e-06
6.948018104912433882e-06
7.124118296362621147e-06
7.286303631144146538e-06
7.456601305677822733e-06
7.618425119906727531e-06
7.797864077153536096e-06
7.965583963318397962e-06
8.138036970922538218e-06
8.300826743631088171e-06
8.478659091881765288e-06
8.643337146480819703e-06
8.810438463846363621e-06
8.969840410690729026e-06
9.139734817913900601e-06
9.292281090620267583e-06
9.449535240447136671e-06
9.601037203709615850e-06
9.753410840593920882e-06
9.891177499938901360e-06
1.003938515357061709e-05
1.017296404891706973e-05
1.030816523490704918e-05
1.043912143754373784e-05
1.056936511206017878e-05
1.069143531304538944e-05
1.082236070505759993e-05
1.093949212218575183e-05
1.106903544024192113e-05
1.118846559307418285e-05
1.131653939204954777e-05
1.144138064458801444e-05
1.157112824113071022e-05
1.170164081128090221e-05
1.183583689895950881e-05
1.197147091346743546e-05
1.211073056157981284e-05
1.225031221931750078e-05
1.239326436967373363e-05
1.253481570885698098e-05
1.267900005650610670e-05
1.282017149477080318e-05
1.296318033953424631e-05
1.310222186870666415e-05
1.324284149085637744e-05
1.337956604098168178e-05
1.351848030699551418e-05
1.365457190096083333e-05
1.379413302418428232e-05
1.393237966676043943e-05
1.407530600721434087e-05
1.421794118373011176e-05
1.436552048674452324e-05
1.451262811417316053e-05
1.466365374543087563e-05
1.481294549385808741e-05
1.496449594135958670e-05
1.511306478322240886e-05
1.526294496389525682e-05
1.540988206741096504e-05
1.555874936028318865e-05
1.570612763934576674e-05
1.585689130797861409e-05
1.600754997313634558e-05
1.616202735836201758e-05
1.631606361321426925e-05
1.647250786772010177e-05
1.662687745646291321e-05
1.678206747914360691e-05
1.693464057631128826e-05
1.708844613936203239e-05
1.724114132558215713e-05
1.739661624729149514e-05
1.755205327897344433e-05
1.770993867976313927e-05
1.786644718673806344e-05
1.802349313707497458e-05
1.817807150979980531e-05
1.833333430135206511e-05
1.848765304712074843e-05
1.864421459231061602e-05
1.880045247173303745e-05
1.895782410075776643e-05
1.911304893419575742e-05
1.926811832616792767e-05
1.942156596049048108e-05
1.957646865790876959e-05
1.973101078583710245e-05
1.988637542208848602e-05
2.003957932385665695e-05
2.019234622716034404e-05
2.034373983876339143e-05
2.049633862301276287e-05
2.064803873500691087e-05
2.079936817300139922e-05
2.094831194602325250e-05
2.109732725804564575e-05
2.124564515420869921e-05
2.139412018311736988e-05
2.154022717014733473e-05
2.168560405423813743e-05
2.182994832853174438e-05
2.197441760048766095e-05
2.211656092537220042e-05
2.225766917055250024e-05
2.239757514999986059e-05
2.253709551378087618e-05
2.267399978606139883e-05
2.280993780803250898e-05
2.294456129742591632e-05
2.307783767405208788e-05
2.320851499684910266e-05
2.333865859525557069e-05
2.346665706270551960e-05
2.359272993579185397e-05
2.371714059199361017e-05
2.384016175941084393e-05
2.396033996598642406e-05
2.407949315494363024e-05
2.419599476192753923e-05
2.431056990202290133e-05
2.442313171044737150e-05
2.453319017387953343e-05
2.464108680187635907e-05
2.474675850835973893e-05
2.484967237211319199e-05
2.495060007384388302e-05
2.504839904037219525e-05
2.514424789559291666e-05
2.523680480542452010e-05
2.532723215574520287e-05
2.541433118932609020e-05
2.549910467759165534e-05
2.558051433768710121e-05
2.565936975980371443e-05
2.573481238705609540e-05
2.580753891787229852e-05
2.587677145793265554e-05
2.594310323563999251e-05
2.600586456921344809e-05
2.606561055792285596e-05
2.612169758943850447e-05
2.617460731795444800e-05
2.622376395402859739e-05
2.626962967647684873e-05
2.631165507880450755e-05
2.635025807906813281e-05
2.638493344469166612e-05
2.641606059863417592e-05
2.644315891734262089e-05
2.646657911626355689e-05
2.648586876837370942e-05
2.650136423020087314e-05
2.651262898933082744e-05
2.651996841324400972e-05
2.652297912494037437e-05
2.652196489389051448e-05
2.651655683206054131e-05
2.650703616096695370e-05
2.649307400475938432e-05
2.647496359358668822e-05
2.645238851577353859e-05
2.642562186605954409e-05
2.639435938962142746e-05
2.635883572176860726e-05
2.631872418217424056e-05
2.627420135075840955e-05
2.622492460601927249e-05
2.617104799663233790e-05
2.611226107274430150e-05
2.604874157281123032e-05
2.598027159407488213e-05
2.590710313284794904e-05
2.582910120471317833e-05
2.574654194623084974e-05
2.565929986850962083e-05
2.556760891200721242e-05
2.547126893495007846e-05
2.537040545034662905e-05
2.526477291290279558e-05
2.515448566676461726e-05
2.503931542669643215e-05
2.491939481489820543e-05
2.479455922398024047e-05
2.466498591503934299e-05
2.453057978821817893e-05
2.439160491909065975e-05
2.424808653149447616e-05
2.410034655352596435e-05
2.394833497259037108e-05
2.379213358225975078e-05
2.363145942601280525e-05
2.346628317640831569e-05
2.329646851107354985e-05
2.312230206304723994e-05
2.294396645108260138e-05
2.276180436484260685e-05
2.257578228977877261e-05
2.238599792042743117e-05
2.219239663513067779e-05
2.199517854508877023e-05
2.179424812430283390e-05
2.158963291383439204e-05
2.138129673314400118e-05
2.116970523217913251e-05
2.095521272670884579e-05
2.073802876165334441e-05
2.051786220933757410e-05
2.029470450054852803e-05
2.006864286283762438e-05
1.983997578608916190e-05
1.960889679652101189e-05
1.937593897453551158e-05
1.914118666999927403e-05
1.890426408397993140e-05
1.866493673261669891e-05
1.842407701700984028e-05
1.818221391693960204e-05
1.793914290197753573e-05
1.769466432864294581e-05
1.744904622491034199e-05
1.720242783255859789e-05
1.695550894108934149e-05
1.670829458467640538e-05
1.646036048712304372e-05
1.621215326065516711e-05
1.596416289756214015e-05
1.571635665292109738e-05
1.546902234563229283e-05
1.522165940440668339e-05
1.497519528771327517e-05
1.472978329473074438e-05
1.448504269286685826e-05
1.424131038893487907e-05
1.399901667937502656e-05
1.375822686183461181e-05
1.351861279592978339e-05
1.328092555840645378e-05
1.304502732524255758e-05
1.281100601007661013e-05
1.257894105601716833e-05
1.234928930743039516e-05
1.212175074977421150e-05
1.189657464916881663e-05
1.167403481045682797e-05
1.145396732402947801e-05
1.123662381671790882e-05
1.102213843503330245e-05
1.081031643403384042e-05
1.060161530035463181e-05
1.039578887320245044e-05
1.019304769796785477e-05
9.993465353233821019e-06
9.796953379573747022e-06
9.603785301505275693e-06
9.413711694218265604e-06
9.227066035630763268e-06
9.043617563358051395e-06
8.863617706935243592e-06
8.686862175279948950e-06
8.513549528727286185e-06
8.343553736755754914e-06
8.177001059699630099e-06
8.013758956305870392e-06
7.853919047183343296e-06
7.697406789531830966e-06
7.544278389222154912e-06
7.394424491490495492e-06
7.247891302738645437e-06
7.104618840943217213e-06
6.964608137062617299e-06
6.827764203131031697e-06
6.694110563391256678e-06
6.563579784111346371e-06
6.436157590670973756e-06
6.311746005326423604e-06
6.190333574950834160e-06
6.071870747804312123e-06
5.956320704167634359e-06
5.843583602063612879e-06
5.733637251665418247e-06
5.626420685091901807e-06
5.521900846779733975e-06
5.419968563755368082e-06
5.320597348459208377e-06
5.223722047622890765e-06
5.129302945848660257e-06
5.037231545476496057e-06
4.947472809003307243e-06
4.859967392869778678e-06
4.774668018415923699e-06
4.691467034364790358e-06
4.610321638829052627e-06
4.531176236605971293e-06
4.453982985533088284e-06
4.378634881096511462e-06
4.305083528226294216e-06
4.233277513598815703e-06
4.163169744320237482e-06
4.094657029279847644e-06
4.027690172449693098e-06
3.962224130503024087e-06
3.898217937558580492e-06
3.835575109417518194e-06
3.774250329687675702e-06
3.714211043502447539e-06
3.655428160421815478e-06
3.597817121307701074e-06
3.541339756966126296e-06
3.485977097816283523e-06
3.431713653419936891e-06
3.378474854197064732e-06
3.326228864157274651e-06
3.274963111286456061e-06
3.224663957503080639e-06
3.175256868275781368e-06
3.126703385164329007e-06
3.078983996087505329e-06
3.032078390321603494e-06
2.985900213890061693e-06
2.940399672023516090e-06
2.895552993121430553e-06
2.851341973821700122e-06
2.807689313811183455e-06
2.764557057983619279e-06
2.721943182647027592e-06
2.679859875099501582e-06
2.638262261996640999e-06
2.597141124586093624e-06
2.556515086894257033e-06
2.516409321843679111e-06
2.476777709145627491e-06
2.437594890243565656e-06
2.398850547975081766e-06
2.360540654603556268e-06
2.322595164450154217e-06
2.284977792103647664e-06
2.247682211744729625e-06
2.210732269406170426e-06
2.174101644480643023e-06
2.137799935885358615e-06
2.101844580251210355e-06
2.066256118926778851e-06
2.030973282712989111e-06
1.995947093519215810e-06
1.961126750112718488e-06
1.926496796531319121e-06
1.892016554373694807e-06
1.857717554999251924e-06
1.823657980584954856e-06
1.789926987417612194e-06
1.756525402173770784e-06
1.723425850849071599e-06
1.690529979345239791e-06
1.657748525003178677e-06
1.624972215932269039e-06
1.592203453303585829e-06
1.559506023255984149e-06
1.527022469573796670e-06
1.494822796552259518e-06
1.462949998519140882e-06
1.431354030280569152e-06
1.400006085923518421e-06
1.368856777638555214e-06
1.337949870604208921e-06
1.307331818092223225e-06
1.277106411771167895e-06
1.247327651741552082e-06
1.218073191941088845e-06
1.189328386519432835e-06
1.161050364327379856e-06
1.133132706200644164e-06
1.105595772437967666e-06
1.078528679815934856e-06
1.052050953632688206e-06
1.026103332005426119e-06
1.000600788992041917e-06
9.755257888297547143e-07
9.509921268096214115e-07
9.269500484231462549e-07
9.032633551968795179e-07
8.799134471256913309e-07
8.571133427446019180e-07
8.348500004645575902e-07
8.129020196075628612e-07
7.912253218427054484e-07
7.700836094344395855e-07
7.494445373181901102e-07
7.290729430423658730e-07
7.089590397836992068e-07
6.892989868377285411e-07
6.700585398568083429e-07
6.511625699568475566e-07
6.325771429027848405e-07
6.143838465871266593e-07
5.965155808915093812e-07
5.788897785078058401e-07
5.616944192314638610e-07
5.449189053033228526e-07
5.282942718669678240e-07
5.121091694512056110e-07
4.962099424465009996e-07
4.805843421970480873e-07
4.653914262007060433e-07
4.504712859891688203e-07
4.358637106644780222e-07
4.215328777837125730e-07
4.075881788940111089e-07
3.939868799789749557e-07
3.806242693016774584e-07
3.676094440395165642e-07
3.548978917482073445e-07
3.425315896812556600e-07
3.304524335553688869e-07
3.186222550475849919e-07
3.071854340697018583e-07
2.960263593828908265e-07
2.851416361349921996e-07
2.745824129242233002e-07
2.643613144820076669e-07
2.543857623951045228e-07
2.446992150740779798e-07
2.353454251759062708e-07
2.262051956273213082e-07
2.173442217697754144e-07
2.087951904759889063e-07
2.004614847483409493e-07
1.924301409249796073e-07
1.846904704939080936e-07
1.771547657371669192e-07
1.699430571884545043e-07
1.629077090706094558e-07
1.561426198868681044e-07
1.496007576828416548e-07
1.432750844537217788e-07
1.372104629781170968e-07
1.313278972866921116e-07
1.256972393787382727e-07
1.202310997562657452e-07
1.149981912085411923e-07
1.099371821375020467e-07
1.050989832468481233e-07
1.004295649210497566e-07
9.595127306701552068e-08
9.162587544264128566e-08
8.748074259920705968e-08
8.350295904196238297e-08
7.971063953853046413e-08
7.607364406052521816e-08
7.258052664743197019e-08
6.920753867734070755e-08
6.597173658723849125e-08
6.287669878468718395e-08
5.992587508217457043e-08
5.709329191480157569e-08
5.437587819074883937e-08
5.177914332656325530e-08
4.931178533852542533e-08
4.694655401983148996e-08
4.467181860508390796e-08
4.250056351547421598e-08
4.044208916245058715e-08
3.847427196687897851e-08
3.659800045656096388e-08
3.481184487892448305e-08
3.308195333562554207e-08
3.141348093665512006e-08
2.985734535623527159e-08
2.839260396841013225e-08
2.697382180354742028e-08
2.561487781704691079e-08
2.431987520499200718e-08
2.308798075537030568e-08
2.192218600787107923e-08
2.080916812863937532e-08
1.975080632561652504e-08
1.874493072606513560e-08
1.777820291838073632e-08
1.688044828809800116e-08
1.600829190995020411e-08
1.517367815072633065e-08
1.439354327118936350e-08
1.364529529903151437e-08
1.294210364819742469e-08
1.227215160093346438e-08
1.162845400924704952e-08
1.100958233531022427e-08
1.045549582633414932e-08
9.900110446811752051e-09
9.375096257062153393e-09
8.880081701203736730e-09
8.413591578118178277e-09
7.956595757420130107e-09
7.546130726178802787e-09
7.153573765151953348e-09
6.759277924611735493e-09
6.410296946874375985e-09
6.060979348147542761e-09
5.731668495729220027e-09
5.435073642311611655e-09
5.153085369417722224e-09
4.876722586734527358e-09
4.617207199939887916e-09
4.365490293945466065e-09
4.137801128892398738e-09
3.911099179527570615e-09
3.690824895622628224e-09
3.498541068970322893e-09
3.306565687631829592e-09
3.137180412993128317e-09
2.960795095316773075e-09
2.799344552665956560e-09
2.643744204461315820e-09
2.514425525741874501e-09
2.372854832807890996e-09
2.243845347414531632e-09
2.121942081296372321e-09
2.010152295941858161e-09
1.900780522256436593e-09
1.799409811064555056e-09
1.697299327851179192e-09
1.605985604837931452e-09
1.518093868173777062e-09
1.440794837611939702e-09
1.364286109483734133e-09
1.291430923169809791e-09
1.216816019368276371e-09
1.148134758348470992e-09
1.083655805079156620e-09
1.029368119729785564e-09
9.751450932427005483e-10
9.199534232828136510e-10
8.739308065752315441e-10
8.266430127530099200e-10
7.784183294831442504e-10
7.389413937618380545e-10
6.959530977963547794e-10
6.564178135282318435e-10
6.247813298328774810e-10
5.951497503507864945e-10
5.555823031767005652e-10
5.283863337134030502e-10
4.987992889004944849e-10
4.759123870565256224e-10
4.494690564824394674e-10
4.242018547577770478e-10
3.988974987330872446e-10
3.778642845801422880e-10
3.577276503816895067e-10
3.421048109558176000e-10
3.227314412165982044e-10
3.023233471314051844e-10
2.879763729810525658e-10
2.732424061791602743e-10
2.590704820374267922e-10
2.423180614914006356e-10
2.316043386193909463e-10
2.212164932617835074e-10
2.074844376651576823e-10
1.943778486590152369e-10
1.851544928263403878e-10
1.779770367149750460e-10
1.667886409504086456e-10
1.567292574812872737e-10
1.512235306646092018e-10
1.408318072100802841e-10
1.333421252576725323e-10
1.284434040154928328e-10
1.207362491331617460e-10
1.121741266392931693e-10
1.095618399295332300e-10
1.025037842934884844e-10
9.688512136511349839e-11
9.261685069795208852e-11
8.577842785953406640e-11
8.386325184468410762e-11
7.813692392058604316e-11
7.397237965284289020e-11
7.102616726734445404e-11
6.660084012451337955e-11
6.352377167597931500e-11
5.911411539018416505e-11
5.793222531018578810e-11
5.342681604635073650e-11
5.142479224712941905e-11
4.850293961229363368e-11
4.628915935399112410e-11
4.330811657496402359e-11
4.209598779872372432e-11
3.881917084907083642e-11
3.728875205010864802e-11
3.545397718653180604e-11
3.342823133884626067e-11
3.209303872204479185e-11
3.011913364838833956e-11
2.867114407434945322e-11
2.744458484498786684e-11
2.559082403956409039e-11
2.471928124258481692e-11
2.312155604242473975e-11
2.239918546353936800e-11
2.076792752356978667e-11
2.010417785120581935e-11
1.878855962021465540e-11
1.802043576358518531e-11
1.696720897588562223e-11
1.637240422578012018e-11
1.523859697515077869e-11
1.464920381341023108e-11
1.382683196300211346e-11
1.317647003057576633e-11
1.243978583606631250e-11
1.192111327945092615e-11
1.122699420050102387e-11
1.073589995251090180e-11
1.007389809631636625e-11
9.728187882417438368e-12
9.123980458920776492e-12
8.695581877491535318e-12
8.174977019458871231e-12
7.818590753217394257e-12
7.406243778302146114e-12
7.000001576354882424e-12
6.625286546348970545e-12
6.370626413938616362e-12
5.923580162424664952e-12
5.661157370844045665e-12
5.355552474526179343e-12
5.077007966044622030e-12
4.758003764961926058e-12
4.520419244514524918e-12
4.247999476032431440e-12
4.023756810215145788e-12
3.769106620910237250e-12
3.604329355472412342e-12
3.332131439313273083e-12
3.152654643186635432e-12
2.943084662831685574e-12
2.744832497198417982e-12
2.603176603694919545e-12
2.386971770110525798e-12
2.248659031113917762e-12
2.088258682510362413e-12
1.919727065209075738e-12
1.785863440332477848e-12
1.627811008196821556e-12
1.532322732037858473e-12
1.385894500046189674e-12
1.281802693544722682e-12
1.142360271935694829e-12
1.069169177901183230e-12
9.469118131967254728e-13
8.802603863824500622e-13
7.830307640088316429e-13
7.086255952670491037e-13
6.271569326772502365e-13
5.846720706288466075e-13
5.179580053826066224e-13
4.718668423609932903e-13
4.254043003710914720e-13
3.956384264651820484e-13
3.626119830180403876e-13
3.382981540082074846e-13
3.094033859674916688e-13
3.072000634175572428e-13
2.841096478996168574e-13
2.770266784431929484e-13
2.662409931264793449e-13
2.696377174722742885e-13
2.527943217765702499e-13
2.500844376613507243e-13
2.413785543771504080e-13
2.328739014844836273e-13
2.170494916131066750e-13
2.110596612925632819e-13
1.886394762125556658e-13
1.776840154250345162e-13
1.567464251966111428e-13
1.379453499846343269e-13
1.208228687456230960e-13
1.065065637558317779e-13
8.981228404127147667e-14
8.274460470450089038e-14
7.003595934287661199e-14
6.858142724309283797e-14
6.191401181785122978e-14
6.670392939338448790e-14
6.211795638680622562e-14
6.688907552486457887e-14
6.310212767079461105e-14
6.498601428154951282e-14
6.061304671304478429e-14
5.776223420230712774e-14
4.947619155191393465e-14
4.499008112887606467e-14
3.590701328344678246e-14
3.196971438281130401e-14
2.414247411273761207e-14
2.431809989588134034e-14
2.186353455432596221e-14
2.531777928722844480e-14
2.481759377157329585e-14
2.855244136813570979e-14
2.593072484822424585e-14
2.484828537516018586e-14
1.936939633015433296e-14
1.710742399747261498e-14
1.196897889569487295e-14
1.225011217348818849e-14
1.066372683974191469e-14
1.248529996427203952e-14
1.234767157453492966e-14
1.416022382172998505e-14
1.228396501171955428e-14
1.188882375689285586e-14
7.504625000739257275e-15
6.457392848303282541e-15
4.803414623882703606e-15
7.284065633718797640e-15
7.926306653260855772e-15
8.618876692900542887e-15
6.090376558550751290e-15
5.024420056969933685e-15
3.471391748840908401e-15
4.181775557493795899e-15
3.970969264934289513e-15
5.376850608213396186e-15
4.585091658164649056e-15
3.650410943059679769e-15
1.603812156124195943e-15
2.814340554680439736e-15
3.321715719042627211e-15
3.524893565007020193e-15
2.050194169207310289e-15
2.226270128645374128e-15
1.346303834842349013e-15
2.270871072294142766e-15
2.468589856678460306e-15
1.796174461177625110e-15
5.306650456965092623e-16
1.984772208980092879e-15
1.519792702072848876e-15
1.422311876014531222e-15
8.042405913261259855e-16
9.883271635312172636e-16
1.461950914321132982e-15
9.109238893236919037e-16
4.516924852482545225e-16
1.222502360291251996e-15
6.360795527729363630e-16
8.517847613247090119e-16
2.610115975965088324e-16
1.174074198640029830e-15
1.476020892085259592e-16
7.156506039071750063e-16
4.417698446037136596e-16
5.737993558164477589e-16
1.891044174282947866e-16
7.173735397187064136e-16
8.024456338021429176e-17
5.486442857567119583e-16
2.139633814750921285e-16
3.519986602225857771e-16
2.374981398297554383e-16
3.219957339802766187e-16
1.460915249597050293e-16
3.498729786570216584e-16
6.387138053009034581e-17
3.483475124600557170e-16
2.669583878866603121e-17
3.171218854575718356e-16
1.565469668164101331e-17
2.776102300829764297e-16
1.208960372358801869e-17
2.415034579462551119e-16
8.749006806130221732e-18
2.114221730715234349e-16
4.483223021662113230e-18
1.866316304056688262e-16
-1.983557774591064175e-19
1.658977038689390614e-16
-4.735460925064532330e-18
1.482483722433306841e-16
-8.811515006531218313e-18
1.330144815967279081e-16
-1.230126648685109807e-17
1.197355495203306975e-16
-1.518691501224565197e-17
1.080805478231478330e-16
-1.750268259421205416e-17
9.779923944898044362e-17
-1.930462429580203821e-17
8.869434501961003359e-17
-2.065536154755180948e-17
8.060546921572071950e-17
-2.161668971501627442e-17
7.339938375997202232e-17
-2.224619595516358972e-17
6.696378959959407683e-17
-2.259590276154253870e-17
6.120306063257176276e-17
-2.271193023465428837e-17
5.603517674568359730e-17
-2.263466213736426804e-17
5.138941269401337189e-17
-2.239914846558048714e-17
4.720453464463502882e-17
-2.203560446876497097e-17
4.342735535985722381e-17
-2.156993230356473048e-17
4.001155374641081194e-17
-2.102422739867263235e-17
3.691669643876514635e-17
-2.041725075192689959e-17
3.410741802661534236e-17
-1.976485909944691057e-17
3.155272865898612012e-17
-1.908039081678208620e-17
2.922542569966671403e-17
-1.837500847484904604e-17
2.710159138498233071e-17
-1.765800069361726262e-17
2.516016240832773472e-17
-1.693704669504577380e-17
2.338256001135692710e-17
-1.621844707463985882e-17
2.175237133473390454e-17
-1.550732454926963469e-17
2.025507439837534547e-17
-1.480779797508556637e-17
1.887780036922038073e-17
-1.412313285808369440e-17
1.760912777295073678e-17
-1.345587120718093355e-17
1.643890413744095906e-17
-1.280794335341556968e-17
1.535809129801649343e-17
-1.218076393093241721e-17
1.435863114077351225e-17
-1.157531416842352240e-17
1.343332896245721021e-17
-1.099221213848206775e-17
1.257575218023147556e-17
-1.043177260728385415e-17
1.178014230329511072e-17
-9.894057765422208175e-18
1.104133854914894065e-17
-9.378920063958857420e-18
1.035471151717542537e-17
-8.886038078013934181e-18
9.716105806721827878e-18
-8.414946317792334172e-18
9.121790408946070022e-18
-7.965059665250033751e-18
8.568416055008669607e-18
-7.535693087331850535e-18
8.052978741664680929e-18
-7.126077044379434654e-18
