# bin_4_2
1.828621778003109210e-07
-1.532041900469974652e-07
1.711388911279802029e-07
-1.448788852699359962e-07
1.602506836263234102e-07
-1.369117603419925220e-07
1.501341763376649888e-07
-1.292935875620051994e-07
1.407327201694447162e-07
-1.220129336291557086e-07
1.319958020542383082e-07
-1.150564336703684539e-07
1.238785502857091655e-07
-1.084089896503342693e-07
1.163413300286311317e-07
-1.020538992183154491e-07
1.093494223252350596e-07
-9.597292057207205948e-08
1.028727805099804919e-07
-9.014627646012522502e-08
9.688585893606084732e-08
-8.455260194582017447e-08
9.136751017796877959e-08
-7.916883796362813429e-08
8.630094643908291656e-08
-7.397007475326228102e-08
8.167376034993331554e-08
-6.892934823768721212e-08
7.747800115121669355e-08
-6.401739504154230767e-08
7.371029862904951986e-08
-5.920237229639790725e-08
7.037202635983376207e-08
-5.444955302526706658e-08
6.746949155242956896e-08
-4.972101031510770676e-08
6.501413482205604873e-08
-4.497531034285272232e-08
6.302271594963021640e-08
-4.016724048672072420e-08
6.151745496895738433e-08
-3.524760804018139657e-08
6.052608692437268324e-08
-3.016315594326677240e-08
6.008177830381046580e-08
-2.485665381091984055e-08
6.022283852678691980e-08
-1.926723765072750227e-08
6.099214631199902221e-08
-1.333108523494261982e-08
6.243619595313880248e-08
-6.982528875234225633e-09
6.460365569035627687e-08
-1.557176626910154011e-10
6.754332237278183527e-08
7.213054362461164666e-09
7.130135767621569953e-08
1.518224465762957909e-08
7.591770621853734342e-08
2.380109978965948256e-08
8.142163394434801158e-08
3.310480277294042836e-08
8.782639421160884960e-08
4.310878704983026075e-08
9.512313980216659025e-08
5.380241040342884173e-08
1.032743623380671465e-07
6.514237329271432895e-08
1.122073618991552051e-07
7.704651833455959139e-08
1.218085308221075914e-07
8.938895440341810148e-08
1.319195628044117105e-07
1.019977873528341743e-07
1.423370360572454355e-07
1.146570603751724899e-07
1.528171024490776621e-07
1.271147247577196907e-07
1.630871342220105577e-07
1.390984459003112324e-07
1.728659846602085041e-07
1.503406256080752638e-07
1.818938153479988191e-07
1.606129866506442415e-07
1.899710273845531098e-07
1.697692303031413692e-07
1.970035550818727841e-07
1.777915540120234523e-07
2.030486441218048065e-07
1.848333442341560133e-07
2.083515624687281388e-07
1.912466849559486097e-07
2.133602947524194006e-07
1.975805635797004591e-07
2.187035962797434183e-07
2.045355842315530252e-07
2.251198837045854239e-07
2.128658541401666100e-07
2.333325852014571175e-07
2.232305521693504851e-07
2.438832901994331206e-07
2.360171011807679325e-07
2.569564793239613879e-07
2.511820466687303019e-07
2.722535206091828959e-07
2.681765787065429353e-07
2.889878462575389554e-07
2.860271548675022664e-07
3.060617232436016785e-07
3.036111948545066303e-07
3.224327263767062018e-07
3.200929730146736159e-07
3.375831108291207297e-07
3.353765586722482652e-07
3.518953165633854065e-07
3.503377848245727643e-07
3.666781065509677844e-07
3.665977568825932166e-07
3.836690855536559490e-07
3.857768589421059784e-07
4.041121254830054662e-07
4.085186437950638319e-07
4.278929412323179266e-07
4.339229431328960736e-07
4.534417779302354086e-07
4.600327813430161038e-07
4.788165651989466805e-07
4.853883753752828332e-07
5.034547935000282658e-07
5.105844161149051427e-07
5.290975992266903874e-07
5.381904400181074849e-07
5.585375962603865425e-07
5.704737667839069715e-07
5.928274038373574467e-07
6.068992976785123071e-07
6.299691064965619036e-07
6.446894993507738865e-07
6.674770396172887048e-07
6.827592793310623368e-07
7.063387767647264026e-07
7.240351713148446573e-07
7.503853971843742073e-07
7.716659771150976877e-07
8.006422622718008036e-07
8.240579210933096897e-07
8.537791910979426211e-07
8.781397687687493741e-07
9.090633921985380490e-07
9.363825387074068910e-07
9.710370954455356135e-07
1.002731244032339499e-06
1.040518644260698855e-06
1.074424913971405220e-06
1.113464070955522952e-06
1.149711840359166898e-06
1.192374707875265248e-06
1.233697413602164591e-06
1.280721000675648136e-06
1.325168677936237817e-06
1.374003368374238886e-06
1.421275155162954984e-06
1.474465413318059208e-06
1.527147464073220253e-06
1.584239439460004569e-06
1.639293935680281850e-06
1.698591091319691945e-06
1.757891495538235119e-06
1.822023883861173113e-06
1.884690771412511625e-06
1.950166534881869638e-06
2.015122520287294879e-06
2.084388532266745300e-06
2.152433460639315656e-06
2.222162099583860583e-06
2.290865192317862138e-06
2.362792905141125059e-06
2.432819944084739034e-06
2.503395771987014507e-06
2.572774679049320936e-06
2.643763379084568861e-06
2.711484381078146613e-06
2.779353059210247231e-06
2.845753238158002477e-06
2.911225939060363739e-06
2.973350633904054940e-06
3.035983602904610272e-06
3.095080292712657416e-06
3.152886661799222724e-06
3.208982897223702043e-06
3.263313218263910522e-06
3.315300783877677569e-06
3.367369003736930992e-06
3.416300709998215348e-06
3.466207960791240606e-06
3.513993821299208538e-06
3.562411686341466314e-06
3.610358167911751517e-06
3.658614515085539987e-06
3.707488537319383409e-06
3.756728614999788773e-06
3.806941056230739174e-06
3.857624596995830370e-06
3.909115249479822272e-06
3.960944949742205794e-06
4.013108794968349334e-06
4.065227512313645621e-06
4.117108912237618228e-06
4.168502409606975063e-06
4.219233750106305189e-06
4.269243399847603126e-06
4.318533937850690435e-06
4.367264349296046325e-06
4.415656345741503083e-06
4.464012543034218677e-06
4.512670002878062552e-06
4.561889654257037499e-06
4.611925583047380479e-06
4.662790651737131830e-06
4.714502404801846455e-06
4.766753242699341999e-06
4.819366855259650024e-06
4.871878452484407207e-06
4.924177471779443447e-06
4.975949838810999133e-06
5.027425182668542359e-06
5.078606780782502158e-06
5.130050418036307799e-06
5.181869773345119163e-06
5.234576964371152590e-06
5.287975309352366690e-06
5.342193520276185751e-06
5.396612899092764106e-06
5.451159971758096351e-06
5.505244078065636846e-06
5.559143725953192395e-06
5.612731141821331271e-06
5.666724918496628402e-06
5.721122267146986201e-06
5.776427027634245750e-06
5.832107418355161809e-06
5.888157038618859233e-06
5.943803003940755178e-06
5.999287654481696409e-06
6.054405293212424468e-06
6.109962957074858376e-06
6.165874141689909840e-06
6.222532888032459158e-06
6.279158321083834937e-06
6.335744014985820946e-06
6.391736758628235732e-06
6.447848019389106750e-06
6.504074724623945132e-06
6.560983824039866591e-06
6.617820963384482127e-06
6.674569172644226147e-06
6.730699705650162883e-06
6.787023458799348122e-06
6.843467756947561492e-06
6.900344061686532361e-06
6.956728119411107299e-06
7.012875412352119618e-06
7.068709010875118066e-06
7.125018187811252137e-06
7.181115915911370158e-06
7.236978475881908969e-06
7.292249085858685054e-06
7.347828928533822281e-06
7.403235067309667572e-06
7.458408406112755149e-06
7.512918366273201602e-06
7.567659629095712573e-06
7.622078378789154725e-06
7.676138961627355226e-06
7.729633786127180329e-06
7.783323882230249499e-06
7.836347640132407195e-06
7.889007897952513470e-06
7.941347195669875886e-06
7.993525451039478399e-06
8.044824770777207258e-06
8.096148511651034372e-06
8.146852225702508481e-06
8.197082115587732729e-06
8.246865215774794062e-06
8.296263950330557544e-06
8.344859252681881349e-06
8.393329236536831197e-06
8.440768891256078023e-06
8.488008052445048763e-06
8.534354027534826948e-06
8.580239838298912332e-06
8.625342845407470830e-06
8.669819627105114807e-06
8.713557243571066124e-06
8.756600520849221178e-06
8.798847062289903142e-06
8.840401929643068048e-06
8.881119506595895098e-06
8.921141342228397625e-06
8.960262218178345704e-06
8.998685734560549513e-06
9.036180380166523675e-06
9.072955726753511097e-06
9.108741634251300032e-06
9.143766400799708055e-06
9.177751049016966305e-06
9.210903602419362964e-06
9.242923521925349757e-06
9.274022957947467984e-06
9.303909598126629163e-06
9.332789588106362518e-06
9.360377633829575447e-06
9.386907371656687303e-06
9.412121251984465064e-06
9.436260592366749130e-06
9.459081304219913193e-06
9.480839484086558727e-06
9.501299178209313880e-06
9.520687727283714760e-06
9.538751944609055868e-06
9.555701544705743125e-06
9.571280216145509643e-06
9.585691036854998936e-06
9.598684606152206269e-06
9.610483908021375091e-06
9.620872848651615086e-06
9.630071152462622175e-06
9.637856214132933631e-06
9.644423738757374370e-06
9.649527031372608112e-06
9.653325406572556595e-06
9.655574798291208859e-06
9.656450375659633557e-06
9.655745322048388894e-06
9.653643812042573036e-06
9.649920346678788103e-06
9.644704447091865697e-06
9.637732723393028662e-06
9.629136953160824831e-06
9.618742008136242538e-06
9.606804539723058371e-06
9.593246496421448872e-06
9.578284477504726358e-06
9.561686199171634168e-06
9.543497217089837739e-06
9.523465077759027720e-06
9.501783649056251143e-06
9.478409645765223864e-06
9.453591110421379138e-06
9.427131328104828854e-06
9.399061258430688515e-06
9.369173983197843367e-06
9.337701484080758940e-06
9.304588911580430108e-06
9.269943994787653495e-06
9.233489152478743252e-06
9.195338511897736673e-06
9.155456825987079076e-06
9.114025400246184331e-06
9.070814496039759413e-06
9.025945562651483694e-06
8.979460859170739566e-06
8.931554361400993126e-06
8.881881578065049928e-06
8.830448204745583950e-06
8.777327408515432376e-06
8.722768768628341685e-06
8.666576716976307100e-06
8.608956278542608540e-06
8.549930287707693002e-06
8.489467734598776745e-06
8.427403619808905119e-06
8.363948168017437768e-06
8.298831014243444168e-06
8.232213262972841661e-06
8.164326729441086258e-06
8.095139301359833100e-06
8.024521200069244763e-06
7.952836076839850434e-06
7.879873591006488439e-06
7.805729295167039702e-06
7.730335347444854845e-06
7.653783489560768872e-06
7.576047698613102764e-06
7.497294072849495143e-06
7.417627658653150590e-06
7.336945597926151039e-06
7.255245025816736874e-06
7.172791066767634359e-06
7.089549810018609848e-06
7.005582827172632051e-06
6.920743263284886399e-06
6.835150209808833794e-06
6.748991875130492576e-06
6.662351109039433134e-06
6.575204620245544249e-06
6.487655961584054171e-06
6.399531393814166529e-06
6.311056295002129422e-06
6.222305347690532320e-06
6.133439572612704232e-06
6.044245048590433228e-06
5.955015406476885407e-06
5.865680815398089376e-06
5.776267776475923322e-06
5.686849822686355047e-06
5.597660366806147735e-06
5.508577142606188829e-06
5.419669696362660696e-06
5.330877989405369380e-06
5.242584093376071831e-06
5.154586693104430338e-06
5.066951152630788595e-06
4.979787406623409902e-06
4.893118837592212654e-06
4.807030398422967000e-06
4.721580996757054250e-06
4.636678061572120721e-06
4.552521353526366486e-06
4.469185916512171674e-06
4.386525486134031710e-06
4.304739754836080440e-06
4.223842829185880898e-06
4.143855209712029324e-06
4.064795578254886060e-06
3.986713605392766210e-06
3.909725384821985960e-06
3.833672136939393383e-06
3.758790983514549562e-06
3.684953819649694343e-06
3.612252013607318401e-06
3.540675782684928063e-06
3.470270596747525320e-06
3.400960152681703131e-06
3.332894819389559604e-06
3.265913470666272187e-06
3.200165568313004414e-06
3.135537650163192627e-06
3.072114562320577701e-06
3.009853600538843402e-06
2.948772240998581680e-06
2.888872040858494357e-06
2.830166056988069998e-06
2.772659827700753118e-06
2.716355457340853724e-06
2.661253169946141829e-06
2.607374800331296478e-06
2.554696889657546929e-06
2.503224110984334895e-06
2.452919957169511754e-06
2.403793124573164971e-06
2.355790801198857019e-06
2.308902490558972674e-06
2.263075605625806051e-06
2.218321861216559645e-06
2.174593798670841259e-06
2.131903240659714337e-06
2.090217572091103600e-06
2.049573659442866611e-06
2.009938340711227490e-06
1.971322749366331498e-06
1.933676987240420419e-06
1.897005708160623876e-06
1.861240113292980222e-06
1.826356308053430737e-06
1.792288238957126350e-06
1.759048844693543332e-06
1.726603809616775156e-06
1.694972807833909238e-06
1.664131061371069673e-06
1.634105444257553711e-06
1.604843943492545979e-06
1.576316927043783708e-06
1.548444494995757650e-06
1.521220999944440449e-06
1.494607483279601118e-06
1.468624956499215076e-06
1.443260274056555870e-06
1.418545098979866308e-06
1.394426063755873712e-06
1.370858602016837578e-06
1.347763166786673210e-06
1.325153556058496002e-06
1.303028732570806922e-06
1.281424093951136863e-06
1.260304519157748462e-06
1.239649982782426145e-06
1.219381525815200950e-06
1.199485612754588850e-06
1.179962764626997035e-06
1.160875455577597041e-06
1.142186916079707728e-06
1.123836675978344752e-06
1.105753331683771448e-06
1.087993325947027762e-06
1.070587644773937005e-06
1.053520368578152646e-06
1.036687638076683172e-06
1.020093876967707828e-06
1.003782229499942607e-06
9.877820638738654032e-07
9.719937276225645350e-07
9.563938648720858961e-07
9.410274548307093837e-07
9.259352489804087260e-07
9.110105448503616454e-07
8.962416830554969643e-07
8.816940976025232698e-07
8.673697327691696003e-07
8.531503478774389165e-07
8.390996233615776643e-07
8.252621688562061509e-07
8.115528652835951022e-07
7.979513420012598748e-07
7.845606856686710777e-07
7.712769133955248211e-07
7.581162201349485094e-07
7.451285436499256917e-07
7.322306458436294067e-07
7.194615048473004654e-07
7.068539342537786247e-07
6.942909596943223201e-07
6.819017633340786098e-07
6.695760601597151485e-07
6.573738547606645650e-07
6.452663533340651481e-07
6.332332910151096781e-07
6.213257386472655904e-07
6.094768009156527418e-07
5.977468079368447774e-07
5.860788368445737763e-07
5.745311843711863584e-07
5.630587682297449733e-07
5.516972550497637601e-07
5.404204551552106620e-07
5.292593063916456278e-07
5.181928565619343566e-07
5.072384280115445790e-07
4.963849806796158938e-07
4.856516172775290750e-07
4.750302280590651087e-07
4.645334065698399975e-07
4.541586365854713043e-07
4.439196458855119103e-07
4.338121697182560117e-07
4.238422545652101429e-07
4.140055957517084895e-07
4.043084671563612196e-07
3.947471919316550714e-07
3.853265803765750774e-07
3.760458666181478314e-07
3.669109587793994598e-07
3.579197170624952528e-07
3.490747324682264208e-07
3.403751538167671114e-07
3.318266725910453221e-07
3.234326606728095917e-07
3.151989626712613917e-07
3.071231262822019143e-07
2.991981257939298117e-07
2.914105314180738707e-07
2.837525827190261310e-07
2.762225627361128683e-07
2.688269321126063009e-07
2.615716004375373698e-07
2.544586862288347534e-07
2.474836199481316652e-07
2.406418874679864235e-07
2.339319860702557536e-07
2.273526804436041660e-07
2.208977613716763934e-07
2.145620075329232309e-07
2.083515797151123766e-07
2.022775978639561895e-07
1.963370950145653869e-07
1.905100281204100205e-07
1.847866107098778390e-07
1.791801742783284781e-07
1.737037173219628454e-07
1.683436047171522583e-07
1.630815801644803410e-07
1.579216605479934051e-07
1.528788994613638707e-07
1.479506599715149271e-07
1.431285389862391087e-07
1.384188512533766769e-07
1.338406832074826283e-07
1.293900196116183627e-07
1.250250016758608234e-07
1.207254607960818692e-07
1.165451205043228354e-07
1.125016509733508100e-07
1.085360028003430955e-07
1.046664078105880574e-07
1.009534780125649307e-07
9.733190458160198812e-08
9.375686500891024103e-08
9.030724908820979199e-08
8.698356928626453018e-08
8.370091156663215065e-08
8.052319448738911203e-08
7.750429401790754519e-08
7.455627923758216932e-08
7.164565304375952566e-08
6.882271197842490064e-08
6.614088376449348643e-08
6.352507528550191995e-08
6.096776025006704554e-08
5.850480588788342144e-08
5.612987835871263098e-08
5.385970419335749703e-08
5.164606353848370790e-08
4.949844485471857367e-08
4.743507974907779191e-08
4.546954079917630882e-08
4.354512266115493162e-08
4.168699745589420583e-08
3.991715186440559087e-08
3.818925747063181897e-08
3.654271918559306298e-08
3.493496104600462812e-08
3.340771223944909840e-08
3.192220442460450573e-08
3.051771161766686703e-08
2.916503890533268874e-08
2.786002966829261586e-08
2.661386153970996979e-08
2.539141395668584707e-08
2.425612275180509425e-08
2.313716812575023468e-08
2.206983891642689875e-08
2.106420234373024231e-08
2.008453099052150634e-08
1.914987272779987630e-08
1.826996481696642017e-08
1.740195687796794222e-08
1.657374799628479351e-08
1.578736432186005062e-08
1.504048825001371992e-08
1.432095209955824347e-08
1.364571412804077931e-08
1.298374815740004274e-08
1.236140036956184877e-08
1.175516282676375032e-08
1.117863976213960889e-08
1.064397730012713958e-08
1.012559607552417510e-08
9.631018063434510299e-09
9.152686457634041048e-09
8.702324849831987300e-09
8.267781432136575389e-09
7.861014525179084731e-09
7.469224883073677223e-09
7.090639800623562422e-09
6.735392102373775600e-09
6.399174305979897992e-09
6.077294473719238610e-09
5.774737461114439876e-09
5.481498672263932345e-09
5.206802909096874889e-09
4.941011217151029639e-09
4.687315853776343183e-09
4.449818744604731266e-09
4.220341298533797061e-09
4.003398684047312394e-09
3.797948579439470966e-09
3.608289688522895536e-09
3.419442208793876010e-09
3.242837391604888067e-09
3.079902529092683767e-09
2.920823387211688157e-09
2.761868023170387625e-09
2.620658939461795512e-09
2.487328472196376223e-09
2.356916266770070530e-09
2.232988609476714347e-09
2.116716776473815317e-09
2.007865489287175437e-09
1.903162199276663383e-09
1.799434120907180361e-09
1.707158814310220210e-09
1.619935719295733931e-09
1.533748931172811820e-09
1.452371043719722752e-09
1.379108803082831251e-09
1.304507279117921021e-09
1.234916971813595207e-09
1.171537981661201974e-09
1.108230292395689441e-09
1.050115647299602248e-09
9.969515685438638400e-10
9.406662298962349248e-10
8.920504677035476419e-10
8.441237610093772506e-10
8.038198489236705967e-10
7.594754788015892837e-10
7.179238518839422317e-10
6.802279373548888439e-10
6.464053174279583802e-10
6.120739667854027840e-10
5.761373769970350922e-10
5.482054934108619695e-10
5.190485071027732922e-10
4.919859136256539649e-10
4.647640240242267268e-10
4.420659527995691113e-10
4.179292478957274766e-10
3.962646142454701616e-10
3.740077226930273747e-10
3.552459975306441410e-10
3.362962513637230045e-10
3.179753264047015010e-10
3.017667946170325146e-10
2.865241258545961500e-10
2.701703027425048627e-10
2.569791444822385401e-10
2.427519237695566459e-10
2.297930800262153276e-10
2.186174647725327703e-10
2.064844948875926793e-10
1.965244822306863000e-10
1.854630384320605072e-10
1.757914910409468709e-10
1.664546833452875731e-10
1.577239494006593254e-10
1.501656800515130579e-10
1.420605943931094101e-10
1.346168665107563272e-10
1.271681859856775600e-10
1.209956661858609062e-10
1.147162979812257283e-10
1.086462136812327093e-10
1.024502180194056205e-10
9.750695784184541556e-11
9.276763432982872849e-11
8.797759591075524902e-11
8.290494683747441461e-11
7.877040955529451364e-11
7.492080962100435202e-11
7.098758137083013317e-11
6.711477510757779685e-11
6.397264472495654780e-11
6.076860410765275769e-11
5.734836039211327032e-11
5.427768013429872165e-11
5.178995611307547674e-11
4.903872644895016500e-11
4.639828950708065384e-11
4.434153451151159728e-11
4.196316752704602659e-11
3.958738715760007870e-11
3.789482838274141924e-11
3.565388862072359828e-11
3.393740785146937898e-11
3.247353098114793491e-11
3.036312726807217712e-11
2.915932916962414415e-11
2.747614513156695964e-11
2.627734908297977661e-11
2.487365118473941740e-11
2.346560245439744753e-11
2.255884381183819756e-11
2.122612652840348609e-11
2.023549491852214088e-11
1.909747568860373304e-11
1.837535592708946049e-11
1.720702614524338375e-11
1.639666502294208712e-11
1.560836123398206170e-11
1.492216581440018535e-11
1.403155637657635580e-11
1.335805245193719380e-11
1.270536231411264194e-11
1.207906940149782800e-11
1.140425131946407109e-11
1.095063300476608087e-11
1.027771273862017441e-11
9.796696594151875584e-12
9.314408133999515663e-12
8.837618505126056434e-12
8.507304597356516292e-12
7.885861665308647982e-12
7.600351680382310947e-12
7.201551419192813002e-12
6.792608111831114810e-12
6.502229387742769333e-12
6.086139126573335547e-12
5.852549057934036126e-12
5.526370869820543677e-12
5.197244253197281881e-12
4.939038762988719165e-12
4.720893082969974311e-12
4.427350654616578286e-12
4.218801679991862043e-12
3.951933199995109147e-12
3.771578341754141241e-12
3.497702739489059478e-12
3.365674969326552941e-12
3.129013739033715185e-12
2.974206197471617781e-12
2.764438904126200304e-12
2.626229817487900408e-12
2.449172168838793470e-12
2.298815758973572004e-12
2.133401024632863441e-12
2.001089040691687055e-12
1.860714175319223500e-12
1.741622295064996965e-12
1.590974327712460845e-12
1.490536669791198777e-12
1.360103735519610431e-12
1.268871517091591217e-12
1.140443036650552630e-12
1.071722392733528687e-12
9.599232177474656333e-13
8.781301217920135342e-13
7.874335166775207047e-13
7.310961550349489127e-13
6.439748606190299717e-13
5.932146608986772073e-13
5.270101988328114086e-13
4.737093545888248746e-13
4.277592128422385939e-13
3.945009717902061020e-13
3.469900012893719387e-13
3.306460929026501720e-13
2.926990422226471054e-13
2.839168884162461505e-13
2.585383742991071558e-13
2.502828552249011311e-13
2.399906008199484502e-13
2.312844258644790969e-13
2.228372646743900444e-13
2.189255881780495099e-13
2.143625027391811200e-13
2.076395453732096769e-13
1.992981531919489848e-13
1.930077062626450654e-13
1.814962938460913516e-13
1.717577344964415613e-13
1.573370202447138873e-13
1.447265961254930653e-13
1.307884034163363319e-13
1.172409086830015539e-13
9.929245088813740897e-14
9.039589454841370886e-14
7.475282857329234939e-14
6.779014320387650681e-14
5.858742467011270387e-14
5.634047550784384829e-14
5.152403823693200918e-14
5.233810120996463417e-14
5.307910384946969133e-14
5.388701416538434093e-14
5.482197777923683768e-14
5.395857112224476019e-14
5.010391791033428044e-14
4.800969475848623911e-14
4.127393294967991573e-14
3.691898209787569762e-14
2.977649727086511050e-14
2.550372328649534540e-14
2.153526271255796185e-14
1.953179800106712799e-14
1.861043430357602301e-14
1.999663057650934175e-14
2.168921356000931469e-14
2.282103911856409637e-14
2.181837181148607515e-14
2.040751580653269354e-14
1.675043193768400137e-14
1.356802657036361393e-14
1.063152237649419328e-14
9.797219570476570154e-15
8.554540922509336757e-15
9.982929993380881027e-15
1.082171009956366019e-14
1.178198591516789438e-14
1.079606578573700069e-14
9.068922943688567768e-15
5.956637296196530207e-15
5.483650310627863681e-15
4.628548994213411829e-15
5.961919742835674614e-15
6.146533875476997567e-15
6.848607414149019003e-15
5.727804168536736923e-15
4.127346669197541610e-15
2.692097818176359185e-15
3.147075856726699582e-15
3.814453821984976371e-15
4.296867202538020784e-15
3.725547604543823432e-15
2.938780747012673547e-15
1.653916242732778406e-15
2.089719275543439667e-15
2.750196464064324828e-15
2.923276420924328732e-15
1.959650800348608339e-15
1.527478173909642232e-15
1.158171668170919434e-15
2.092381045594460434e-15
1.924912177203566145e-15
1.310156818774866034e-15
8.404939376420124730e-16
1.258671027570682738e-15
1.464470743103871421e-15
1.191429675405580582e-15
5.105241917347536413e-16
1.028797901003124655e-15
1.024995295909280670e-15
8.731389410826714767e-16
3.577113392374487439e-16
9.269948768364328973e-16
6.942796617112456645e-16
5.017261291280239964e-16
4.232972630515999886e-16
7.860096394854421955e-16
2.861061161198818191e-16
4.527246397287451893e-16
4.884861123367269790e-16
3.695921848332925467e-16
2.511885022273429670e-16
5.098823345515257595e-16
1.453530602688644070e-16
3.813224185114677993e-16
2.471716355394067995e-16
2.263580088292636174e-16
2.588037248642926081e-16
2.091405732533733346e-16
1.757144968617228088e-16
2.388927566547480821e-16
1.016065679287515375e-16
2.428111188953155161e-16
6.619860871135726637e-17
2.209684722857478662e-16
5.336846628848745492e-17
1.915509172000973780e-16
4.729129741381297185e-17
1.645149902781903426e-16
4.176934244140463851e-17
1.421604529918597235e-16
3.576088871513413625e-17
1.239415684368176225e-16
2.963969631048569903e-17
1.088738736522993794e-16
2.383735783444433917e-17
9.617982626441399118e-17
1.859090694945447692e-17
8.532724727007839171e-17
1.398348866972182736e-17
7.595296094976377062e-17
1.001268206149472454e-17
6.779804453634659049e-17
6.635690903217722220e-18
6.066813085675532758e-17
3.793805461422130426e-18
5.441082640102651903e-17
1.424622272099905935e-18
4.890276648345893350e-17
-5.321646444840232872e-19
4.404185293979110318e-17
-2.132220341629761965e-18
3.974230948685400200e-17
-3.425646215993488129e-18
3.593132903128739957e-17
-4.456857624838559915e-18
3.254666899735774202e-17
-5.264845823038885076e-18
2.953484447063993604e-17
-5.883610805995577071e-18
2.684972054861074271e-17
-6.342654904587187784e-18
2.445138530609584102e-17
-6.667480451860209731e-18
2.230522922841860117e-17
-6.880063327743334518e-18
2.038118203443219786e-17
-6.999289241778461260e-18
1.865307321590351125e-17
-7.041348034921887074e-18
1.709809186433248807e-17
-7.020085525841644454e-18
1.569632772895273976e-17
-6.947314868685215699e-18
1.443037945237749624e-17
-6.833090382183158773e-18
1.328501907292783620e-17
-6.685947333282182427e-18
1.224690387255897714e-17
-6.513111216867584610e-18
1.130432839626679389e-17
-6.320679933323719401e-18
1.044701064498070000e-17
-6.113782033219924278e-18
9.665907497662862946e-18
-5.896713960450609208e-18
8.953055145918383611e-18
-5.673058864790219470e-18
8.301431034522069178e-18
-5.445789365271826180e-18
7.704834277193833311e-18
-5.217356287935736842e-18
7.157782032391202007e-18
-4.989765214981697740e-18
6.655419604689712777e-18
-4.764642430926679036e-18
6.193442451252283900e-18
-4.543291681053183359e-18
5.768028444428834894e-18
-4.326742927814410865e-18
5.375779054603587312e-18
-4.115794188827490871e-18
5.013668237832782192e-18
-3.911047360395132442e-18
4.678998036152955755e-18
-3.712938837799191513e-18
4.369359995997152895e-18
-3.521765592489660856e-18
4.082601671922882925e-18
-3.337707335032946204e-18
3.816797564589158398e-18
-3.160845238482781031e-18
