# bin_2_1
-7.546900301310256404e-08
9.199018588842590016e-08
-7.170910104155392053e-08
8.586301642342651388e-08
-6.806505182415569319e-08
8.019224429765078503e-08
-6.454296238171430459e-08
7.493963351813332303e-08
-6.114657771216840014e-08
7.007102034152437156e-08
-5.787763878070284364e-08
6.555588484406936188e-08
-5.473618029728640834e-08
6.136698267259190871e-08
-5.172077603256928878e-08
5.748003077124894139e-08
-4.882873768419534206e-08
5.387344076931288003e-08
-4.605627265828252705e-08
5.052809562930285161e-08
-4.339860535260009614e-08
4.742716481853993461e-08
-4.085006575547594769e-08
4.455595447343559007e-08
-3.840414883165478468e-08
4.190178931779581904e-08
-3.605354780050140833e-08
3.945392267884649427e-08
-3.379016450971032746e-08
3.720347183995994448e-08
-3.160509979993698157e-08
3.514337490349700314e-08
-2.948862767147994968e-08
3.326836553579615454e-08
-2.743015713913325658e-08
3.157496051772457353e-08
-2.541818723649862635e-08
3.006145417725240363e-08
-2.344026156859816341e-08
2.872791241477368340e-08
-2.148293088870275498e-08
2.757615605841004374e-08
-1.953173440807199619e-08
2.660972201437313543e-08
-1.757121342916624034e-08
2.583378639374488303e-08
-1.558497404123775130e-08
2.525503142839563498e-08
-1.355581905582472312e-08
2.488143371918510488e-08
-1.146597309799110215e-08
2.472194833828735466e-08
-9.297427798694046773e-09
2.478606053640079306e-08
-7.032435822248211720e-09
2.508317591616917918e-08
-4.654182608808194859e-09
2.562182148569519219e-08
-2.147660349752828624e-09
2.640863673536485980e-08
4.992399656027958503e-10
2.744714642503045346e-08
3.294420415306473903e-09
2.873632899425249005e-08
6.240080755292675501e-09
3.026902798474669711e-08
9.331105292332904055e-09
3.203030134165025912e-08
1.255345628680546488e-08
3.399586575611126814e-08
1.588276755105197376e-08
3.613086939605552221e-08
1.928341330618163892e-08
3.838930992129258687e-08
2.270841054897960151e-08
4.071449455428815837e-08
2.610058383335860883e-08
4.304099288478059882e-08
2.939545105357859693e-08
4.529852967807692598e-08
3.252624099229054793e-08
4.741816039742370926e-08
3.543127976057426379e-08
4.934081668887470966e-08
3.806363370129259869e-08
5.102785567042030656e-08
4.040233303395618469e-08
5.247257336624746000e-08
4.246372490286137218e-08
5.371078385225696073e-08
4.431059546407541427e-08
5.482765611541387964e-08
4.605585911248575404e-08
5.595731659547757966e-08
4.785719668627173782e-08
5.727170493788535363e-08
4.989954062694098729e-08
5.895636752433497037e-08
5.236431569391773563e-08
6.117379831282787321e-08
5.538822694753764688e-08
6.401973434751522625e-08
5.901993481987624434e-08
6.748379372740271300e-08
6.318887205337907314e-08
7.143100259969233218e-08
6.770398620790228886e-08
7.562164319569727698e-08
7.229736626833263244e-08
7.977933776059268652e-08
7.671480134798789748e-08
8.369879879355177241e-08
8.083186907212371070e-08
8.735791284408927503e-08
8.474695861395662919e-08
9.097534901163074284e-08
8.878807352606091677e-08
9.495495596847455020e-08
9.339027114359637870e-08
9.970175006839562886e-08
9.886795215637940161e-08
1.053808682627765864e-07
1.052012978696941447e-07
1.117774019080305371e-07
1.120120495620702087e-07
1.184164916647405389e-07
1.188309729753906837e-07
1.249472527733986275e-07
1.255308876735500130e-07
1.315279774292023486e-07
1.325556864063500391e-07
1.388073567926706650e-07
1.406119361324047971e-07
1.473627688790945733e-07
1.499798215035220007e-07
1.570828111148871356e-07
1.601892220344141717e-07
1.673052482022272380e-07
1.706524591637743323e-07
1.777890276705142953e-07
1.816433079577539799e-07
1.892883030867557429e-07
1.941429558897752776e-07
2.026178761338509472e-07
2.084455439491111599e-07
2.174269980039834352e-07
2.237747829730332873e-07
2.330050259776901077e-07
2.400009033909424701e-07
2.500157718048531649e-07
2.583034379647373906e-07
2.694943798285990381e-07
2.789496168967343820e-07
2.908266495470602902e-07
3.010116585733615246e-07
3.136528135811063111e-07
3.251834330122816766e-07
3.393123693069615138e-07
3.524042615594288962e-07
3.675899228866735131e-07
3.816489991293320857e-07
3.978677287994919713e-07
4.135587978419068982e-07
4.314998438789678683e-07
4.487475682572045824e-07
4.677093891313659206e-07
4.861288810253871028e-07
5.066182913700008401e-07
5.268889406059018260e-07
5.487270868380254219e-07
5.700095526638409723e-07
5.929590084163374842e-07
6.158702803356560539e-07
6.401454847588964704e-07
6.638639945613670088e-07
6.888662298236846753e-07
7.138047069457692193e-07
7.396824490935388607e-07
7.649300224198048099e-07
7.911603588352318990e-07
8.170987536143739680e-07
8.433760881745679012e-07
8.690590094668925342e-07
8.953901412922484505e-07
9.209041666613289331e-07
9.464660811048658046e-07
9.715946812611946994e-07
9.965896223189821897e-07
1.020726764558785223e-06
1.045050341446422915e-06
1.068413243263522201e-06
1.091683934492955410e-06
1.114464142105869197e-06
1.136846265005227963e-06
1.158977400382668109e-06
1.180867106174857560e-06
1.202447259602639941e-06
1.224117079446188023e-06
1.245433142353333142e-06
1.267048694822818744e-06
1.288367617519616147e-06
1.310028839046564851e-06
1.331467080714185669e-06
1.353171558027147803e-06
1.374667893476794469e-06
1.396282691268308142e-06
1.417637416639254049e-06
1.438939052434026771e-06
1.459907858700991669e-06
1.480688201087216804e-06
1.501109875258105176e-06
1.521301430866576800e-06
1.541205939992842053e-06
1.560954281002839707e-06
1.580581292801412028e-06
1.600200601391447706e-06
1.619888264059253063e-06
1.639694719148207002e-06
1.659679072160109415e-06
1.679791105477669216e-06
1.700046989414258314e-06
1.720306831836911508e-06
1.740578308361759502e-06
1.760699472534125980e-06
1.780744041346522811e-06
1.800602901436738239e-06
1.820458223012973947e-06
1.840257378859429017e-06
1.860239042690618102e-06
1.880318187620276966e-06
1.900680243045170234e-06
1.921121995404719513e-06
1.941741201918732418e-06
1.962261719588905995e-06
1.982803939827466369e-06
2.003162803034461114e-06
2.023592731891323437e-06
2.043988162876374040e-06
2.064652132443257324e-06
2.085413547540507910e-06
2.106452049227511025e-06
2.127452227957372528e-06
2.148537651538342109e-06
2.169443156612427469e-06
2.190444602497526014e-06
2.211415554223589597e-06
2.232673332281763879e-06
2.253982376583108446e-06
2.275487707025245866e-06
2.296842917418843722e-06
2.318252073204754120e-06
2.339547560508250630e-06
2.361079555666299189e-06
2.382643216303906871e-06
2.404398469638348661e-06
2.425985941500973269e-06
2.447621473919651139e-06
2.469157330420219840e-06
2.490930248702981208e-06
2.512667064819829693e-06
2.534484271607593094e-06
2.556091411331338375e-06
2.577820123020417683e-06
2.599520581197490671e-06
2.621367391592579577e-06
2.643001683251599073e-06
2.664678196223364894e-06
2.686280082985532969e-06
2.708029801437371130e-06
2.729565413998916847e-06
2.751116186122628628e-06
2.772570143646609858e-06
2.794124057150252192e-06
2.815427895457138010e-06
2.836759034427390738e-06
2.857979380882015144e-06
2.879197559841235470e-06
2.900159475647329523e-06
2.921200442057211776e-06
2.942039199512324866e-06
2.962809439688184063e-06
2.983420568088908561e-06
3.004021756836141896e-06
3.024337480170384494e-06
3.044683809236739221e-06
3.064768383515041822e-06
3.084787051417739523e-06
3.104612119496588221e-06
3.124309174907514406e-06
3.143793366315367462e-06
3.163179544795415573e-06
3.182289381936882312e-06
3.201324218817257757e-06
3.220037077418326502e-06
3.238681282599115806e-06
3.256986354985866894e-06
3.275195283846493746e-06
3.293061673447062357e-06
3.310814412093702492e-06
3.328216289087263311e-06
3.345469711082069356e-06
3.362364784030778567e-06
3.379095527777308527e-06
3.395456663843807403e-06
3.411624136191500564e-06
3.427406295228978063e-06
3.442979215802390494e-06
3.458154885319773485e-06
3.473093235360672097e-06
3.487617545493484657e-06
3.501886746668011132e-06
3.515723313459530447e-06
3.529278395641153870e-06
3.542384505041384518e-06
3.555192366694883291e-06
3.567534039332227138e-06
3.579550893183029055e-06
3.591090681489458610e-06
3.602295932742107029e-06
3.613011277550449553e-06
3.623372477973926859e-06
3.633236548653715272e-06
3.642739993218779287e-06
3.651740373154170939e-06
3.660365880155259482e-06
3.668482734547626655e-06
3.676217172522126446e-06
3.683433492934247811e-06
3.690252467395694514e-06
3.696543771150239670e-06
3.702421742467816510e-06
3.707753799911196654e-06
3.712648342372877095e-06
3.716975546182188917e-06
3.720840470183280641e-06
3.724118985554512867e-06
3.726912321745610030e-06
3.729101650260173645e-06
3.730791283966823907e-06
3.731867216930075089e-06
3.732433062827542204e-06
3.732379885349039646e-06
3.731812290196486555e-06
3.730627148279342704e-06
3.728920691927923092e-06
3.726591316229621185e-06
3.723732946928755426e-06
3.720245669755405519e-06
3.716216705283223702e-06
3.711550846347544352e-06
3.706336368163441559e-06
3.700477555960121565e-06
3.694056831841761568e-06
3.686982807483019707e-06
3.679333577632809644e-06
3.671019105954462389e-06
3.662111149583204789e-06
3.652527863095934244e-06
3.642353434061461469e-06
3.631521458506070844e-06
3.620121398907293606e-06
3.608086199223853272e-06
3.595493007436825339e-06
3.582258798453333123e-06
3.568433394541174235e-06
3.553927005200573586e-06
3.538805513324143300e-06
3.523012105088903048e-06
3.506639950831783273e-06
3.489651276773149321e-06
3.472125325488490291e-06
3.453987440844446167e-06
3.435277606127505390e-06
3.415915235269288375e-06
3.395965298186800283e-06
3.375395728921067939e-06
3.354294100408728123e-06
3.332614974678303533e-06
3.310413397946611301e-06
3.287626856818016235e-06
3.264311936309366840e-06
3.240424822344792778e-06
3.216032787592963540e-06
3.191094899492527695e-06
3.165679096870235309e-06
3.139754421207819253e-06
3.113374920554419690e-06
3.086487589823071855e-06
3.059140949311481818e-06
3.031318258097687935e-06
3.003096725427601683e-06
2.974443729923354823e-06
2.945400519732367213e-06
2.915931897612405547e-06
2.886099870225323834e-06
2.855886845899093368e-06
2.825368458340305034e-06
2.794505858519129510e-06
2.763310564739614420e-06
2.731788844489034493e-06
2.700057379992549681e-06
2.668047839083199085e-06
2.635758715812837892e-06
2.603252886308879571e-06
2.570602482978225123e-06
2.537703748155078931e-06
2.504645549298603756e-06
2.471457878976998991e-06
2.438141688289854703e-06
2.404696784162799958e-06
2.371182808520587035e-06
2.337598946560381813e-06
2.303977928351695137e-06
2.270303858158629273e-06
2.236643423965542146e-06
2.202988711711409570e-06
2.169357914938835590e-06
2.135795510840364646e-06
2.102304186574095125e-06
2.068879823490011499e-06
2.035612672763631813e-06
2.002411053683391956e-06
1.969417864514663303e-06
1.936540176282278870e-06
1.903882384110788460e-06
1.871397117759219360e-06
1.839139178492072275e-06
1.807104791043225088e-06
1.775320595531798868e-06
1.743790457077051771e-06
1.712537836527791887e-06
1.681563817370525517e-06
1.650893036325798819e-06
1.620525043131268386e-06
1.590484242402733112e-06
1.560765118559650171e-06
1.531394127077581063e-06
1.502364849157848059e-06
1.473703251032601671e-06
1.445398897974932257e-06
1.417482605827340369e-06
1.389943247411551382e-06
1.362803247383029702e-06
1.336058685054248392e-06
1.309735298553383000e-06
1.283818153453405925e-06
1.258333069865046249e-06
1.233273243536397950e-06
1.208657295780766548e-06
1.184471027206811866e-06
1.160734236704955511e-06
1.137434014026882964e-06
1.114583781047744729e-06
1.092165226463412743e-06
1.070188932855006300e-06
1.048639555872975686e-06
1.027526520455340103e-06
1.006827758317199165e-06
9.865553184773487237e-07
9.666938149286161969e-07
9.472571695813558496e-07
9.282269499562424846e-07
9.096180150154599007e-07
8.914191476799514106e-07
8.736436169315621976e-07
8.562712219936977204e-07
8.393093700314894628e-07
8.227395022568648728e-07
8.065634793523207186e-07
7.907536459199121888e-07
7.753097907239098838e-07
7.602139012209863087e-07
7.454721862280119583e-07
7.310670358800181429e-07
7.170083171727316924e-07
7.032881561682432171e-07
6.899146844875959580e-07
6.768658276658124207e-07
6.641376536776177017e-07
6.517078209907714047e-07
6.395722132577809081e-07
6.277068333346617118e-07
6.161155655664756701e-07
6.047935778673962644e-07
5.937531791092879203e-07
5.829783506607436080e-07
5.724655420567911953e-07
5.621930444051279817e-07
5.521546479928442693e-07
5.423277131841675434e-07
5.327178059945896867e-07
5.233253604126680114e-07
5.141622252184472204e-07
5.052076414665152819e-07
4.964494969203752008e-07
4.878671629176388765e-07
4.794650042991842398e-07
4.712372413334434933e-07
4.631947986315063085e-07
4.553276176948111471e-07
4.476260320834745654e-07
4.400615370455187050e-07
4.326383976435474133e-07
4.253642898836678494e-07
4.182485747860222676e-07
4.112600085276124493e-07
4.043830350941347650e-07
3.976171893742884575e-07
3.909847360388876519e-07
3.844683645770112801e-07
3.780485143570464464e-07
3.717148709125736255e-07
3.654918721585098153e-07
3.593720791590537745e-07
3.533381886958490583e-07
3.473790418148054014e-07
3.415218478905642270e-07
3.357575418755955969e-07
3.300666346787238570e-07
3.244482598761169430e-07
3.189282954156161115e-07
3.134780485170710890e-07
3.080886864826405903e-07
3.027745376523159522e-07
2.975320342440555613e-07
2.923350096179392115e-07
2.872067633790634958e-07
2.821322818152812968e-07
2.771083874951188122e-07
2.721475537627356221e-07
2.672396358623392584e-07
2.623783576683264323e-07
2.575874115530523199e-07
2.528339757912808562e-07
2.481414151236778696e-07
2.434869733115251090e-07
2.388809052325375759e-07
2.343179993328467224e-07
2.297933985925448756e-07
2.253162392698699620e-07
2.208836515701189632e-07
2.165044294700078742e-07
2.121720933786698333e-07
2.078903636976309837e-07
2.036549485830760961e-07
1.994644053610672014e-07
1.953157831748307043e-07
1.912111678720670070e-07
1.871564906394952796e-07
1.831541779927128008e-07
1.792063471502963465e-07
1.753093818206554982e-07
1.714625972197489856e-07
1.676608975657614480e-07
1.639069220748471348e-07
1.602021014577271185e-07
1.565531483054134984e-07
1.529567889049753574e-07
1.494110668733254470e-07
1.459097482294641106e-07
1.424570742477158642e-07
1.390548401075307520e-07
1.357082440347746183e-07
1.324119422139314945e-07
1.291644435720551855e-07
1.259635833422657100e-07
1.228184843671870262e-07
1.197311643175918946e-07
1.167006019531842833e-07
1.137171133975748172e-07
1.107832442143917865e-07
1.079025001472105903e-07
1.050784679537602331e-07
1.023024591961345512e-07
9.957427738834756086e-08
9.689458716192254296e-08
9.426430564570906862e-08
9.167627595642302861e-08
8.913850739499398909e-08
8.665790874983173890e-08
8.423107547081281056e-08
8.184558202606077806e-08
7.950829857461512952e-08
7.722170297586493058e-08
7.498238501281917826e-08
7.278635285564712057e-08
7.063417102647187797e-08
6.852052142822019790e-08
6.645852584564324133e-08
6.444763955137285102e-08
6.247655474984076812e-08
6.054614332674205372e-08
5.866163787292296545e-08
5.681577689787750156e-08
5.501038165429410729e-08
5.324255168804464618e-08
5.152611045818038009e-08
4.985208775109606328e-08
4.821681661317575499e-08
4.662239651037537392e-08
4.506337963076561951e-08
4.353758085749134340e-08
4.205248051501080118e-08
4.060826781164270417e-08
3.920197450589989820e-08
3.783635446206497198e-08
3.650399087460569342e-08
3.520639254560997676e-08
3.394693455171345268e-08
3.271656611489675858e-08
3.152667771633195311e-08
3.036845300898239381e-08
2.924728633191683413e-08
2.815820403244155901e-08
2.709650081891629123e-08
2.607015352450716338e-08
2.507684722588215157e-08
2.411884631244833509e-08
2.318260862600991765e-08
2.227439500431016850e-08
2.139993724123416892e-08
2.056031722934621615e-08
1.974098220250869868e-08
1.894394961677675599e-08
1.817900403731465491e-08
1.744368352783919423e-08
1.672797855128142676e-08
1.603676266985772251e-08
1.537219271846961015e-08
1.473045701799717569e-08
1.411647883454206735e-08
1.352478832787858798e-08
1.294680243277664624e-08
1.239543203050871382e-08
1.186746612400834421e-08
1.135064432780876429e-08
1.085889743779667661e-08
1.038662174215124381e-08
9.929794578923204016e-09
9.494989887143141743e-09
9.074760812792353185e-09
8.668446784265802588e-09
8.280853274850080761e-09
7.908249165239814720e-09
7.551234550367963429e-09
7.212417869927113003e-09
6.883458424838600977e-09
6.567876659807699408e-09
6.266755560287397751e-09
5.976061545467717589e-09
5.700736011854111398e-09
5.437797438013905176e-09
5.183944171632555456e-09
4.940994184034028661e-09
4.708696214667885203e-09
4.487094928869997562e-09
4.273574151240582981e-09
4.069733365530161731e-09
3.875943649639554893e-09
3.691219992537829157e-09
3.515451090810138200e-09
3.346356436013953397e-09
3.184686461683025969e-09
3.031451470405262297e-09
2.883613922936723014e-09
2.743730062231998253e-09
2.610622880692860786e-09
2.482929441227892765e-09
2.360595939386739052e-09
2.244416649047991792e-09
2.134596127550881965e-09
2.028638157422605103e-09
1.929184002508286845e-09
1.832494525882542303e-09
1.740263207381426776e-09
1.655075767704465245e-09
1.573726705556130491e-09
1.493953942930473198e-09
1.420405705950168571e-09
1.348180466606971732e-09
1.280348669983635988e-09
1.216295680227092114e-09
1.154175840512079514e-09
1.096388263739519229e-09
1.042194174646407568e-09
9.877840999056374475e-10
9.377961501598793517e-10
8.904200041883321608e-10
8.453983242563401036e-10
8.023493495909859929e-10
7.611331671326539843e-10
7.234328866246310949e-10
6.853097746527674820e-10
6.515022419168231775e-10
6.174867085189938391e-10
5.854189096472162935e-10
5.557123638350993548e-10
5.282701987550624053e-10
5.007506635941873352e-10
4.756264877884955316e-10
4.502462123896326550e-10
4.279941368167279414e-10
4.056221049937039771e-10
3.847679309402653403e-10
3.654581817666364208e-10
3.462858374491363200e-10
3.284245468255127731e-10
3.115157143806079478e-10
2.958209768070537707e-10
2.796484196085097407e-10
2.657571392868941583e-10
2.523723328419379852e-10
2.392119581387882403e-10
2.267661047584844089e-10
2.150483880393468846e-10
2.038954162572881497e-10
1.940618412369981503e-10
1.834292450263893659e-10
1.743179421808091319e-10
1.651647991187171289e-10
1.565816266707045739e-10
1.487633561288663744e-10
1.410964298692534833e-10
1.338764682028151839e-10
1.268562967437937462e-10
1.208028770109631019e-10
1.143089908721779608e-10
1.084467309891131311e-10
1.028792642487350838e-10
9.764752775342790386e-11
9.254618610226156193e-11
8.769979496712684354e-11
8.338203632715808746e-11
7.923453223794360803e-11
7.495995645448786637e-11
7.125190436024321849e-11
6.759272085147182055e-11
6.401824544096276340e-11
6.083380690654756944e-11
5.789597982447460798e-11
5.487111107683339680e-11
5.227548799316786204e-11
4.952219019012949766e-11
4.679614338063983706e-11
4.454411897393342739e-11
4.210368948519530478e-11
4.011758219687633947e-11
3.811923574923757840e-11
3.620016383692049506e-11
3.439406405073910090e-11
3.260222592243467440e-11
3.111567558314057564e-11
2.940502961043556050e-11
2.795802295074035627e-11
2.640472526238842190e-11
2.515341324629978465e-11
2.393819261503874180e-11
2.275848332134965527e-11
2.156105767145070864e-11
2.052481240036442782e-11
1.952406136433809134e-11
1.855397951635531858e-11
1.747789575241005134e-11
1.663005332244356854e-11
1.586358056982433785e-11
1.514460531915409545e-11
1.432682406786603903e-11
1.362832122007901220e-11
1.289592565262547195e-11
1.222056565627804338e-11
1.165813212733148463e-11
1.115811241254526934e-11
1.052459298193322816e-11
1.000098869396098360e-11
9.502259151137558991e-12
8.989649160733773998e-12
8.599321557322079030e-12
8.214447822044964669e-12
7.714526219045420492e-12
7.336949425991241694e-12
6.963525655484163667e-12
6.700759080612653592e-12
6.318055517746513068e-12
5.944911850387628041e-12
5.684518472359178259e-12
5.407940605371553398e-12
5.151377472026262236e-12
4.820095432816349710e-12
4.593748277743837360e-12
4.398077029775962815e-12
4.151841028853131283e-12
3.880765812642458675e-12
3.743588814084066147e-12
3.532950789226605290e-12
3.308100133033743385e-12
3.149678688889284992e-12
3.004135103836630651e-12
2.777173047198170551e-12
2.651376335808271722e-12
2.517490751326302160e-12
2.316580998614328265e-12
2.223596909654069120e-12
2.083214433130256959e-12
1.917457050118237657e-12
1.854914992035366949e-12
1.677559926553470969e-12
1.600171413086959410e-12
1.473860173102415002e-12
1.364573969247012945e-12
1.284770026326990767e-12
1.159960800639463417e-12
1.103437089712093939e-12
9.809591736848587796e-13
9.312291799144857941e-13
8.225144088432360753e-13
7.741733302736432675e-13
6.857839340837852506e-13
6.355084492828064381e-13
5.626762599809162035e-13
5.181107298499127206e-13
4.609466756616221789e-13
4.218487435580461822e-13
3.733934265271575131e-13
3.396089939692969992e-13
3.044497626345917313e-13
2.836994033252411216e-13
2.557494067518708404e-13
2.371449961190726305e-13
2.170980167312025014e-13
2.093512533219064755e-13
1.969895433309394327e-13
1.899086697711919625e-13
1.813434452095217768e-13
1.790417954683203638e-13
1.720768653915913234e-13
1.699559024477995893e-13
1.645517923326992934e-13
1.594431117044183579e-13
1.506751525939100097e-13
1.464197639048109321e-13
1.359821230603880671e-13
1.253655082191200896e-13
1.139687591902277065e-13
1.046902977716511379e-13
9.059157410874945136e-14
7.975134896694148163e-14
6.954176276431773637e-14
6.044631086803665825e-14
5.212569251121824294e-14
4.737900969154323516e-14
4.392460712912861731e-14
4.193592389063118590e-14
4.082780792741604180e-14
4.326484747577146081e-14
4.129811134539199111e-14
4.416761115980109073e-14
4.197141351493023189e-14
4.079686366960559970e-14
3.753093119850803213e-14
3.330273907533391914e-14
2.834571436521922569e-14
2.421231285753342942e-14
1.914307794307781874e-14
1.750930734889474218e-14
1.467777167713670072e-14
1.601382025598654660e-14
1.548581161305647667e-14
1.775071328558568846e-14
1.719567618683348954e-14
1.784854948516010976e-14
1.546705690686901806e-14
1.388184962427186306e-14
1.039886834424595744e-14
8.839126622203177612e-15
6.947309899496641756e-15
7.412026716323869983e-15
7.604237438057464289e-15
9.102473805639934104e-15
8.922462256270235489e-15
8.693388965439887805e-15
6.721076945750481743e-15
5.379278833691975858e-15
3.790647170578751641e-15
4.063388909798243444e-15
4.339851692176533696e-15
5.381328431259784544e-15
5.094547047956648761e-15
4.574176638088093362e-15
3.043469349519002959e-15
2.545799914889406126e-15
2.247585044444718450e-15
3.136850320418558575e-15
3.255985997128899134e-15
3.168602568373227396e-15
2.012058642673498565e-15
1.592953157914268533e-15
1.517869991327029262e-15
2.280822231201647999e-15
2.150777198256203174e-15
1.743987758062549505e-15
9.672891502864619605e-16
1.213147839685632220e-15
1.428478914197838397e-15
1.625059167566488525e-15
9.642182307508554015e-16
7.851660264356942305e-16
8.644408869632292989e-16
1.283810030760818127e-15
7.929803873414467960e-16
5.833322543369108796e-16
6.481458034444707763e-16
9.554874790971048446e-16
5.335926705069045360e-16
4.736819765691976527e-16
5.402167431628038168e-16
7.103082414457680809e-16
2.704805695549448969e-16
4.545894829149088395e-16
4.928115468973622665e-16
3.588823972578717059e-16
2.411810155329505533e-16
4.810155900524707674e-16
2.136846603920558603e-16
2.773524539826816360e-16
3.152326995717518728e-16
2.149290844020244429e-16
1.964209318691539487e-16
2.992126107630496802e-16
8.342000132005685845e-17
2.907211203757812525e-16
8.927559180335173104e-17
2.079901683764552291e-16
1.254131667987051424e-16
1.410171563973944112e-16
1.335416660291772161e-16
1.100154522794104344e-16
1.181578318514781666e-16
9.832160030455802796e-17
9.640907710308795482e-17
9.178316457876671037e-17
7.695888759628030125e-17
8.524229931281532579e-17
6.159541333557242138e-17
7.802943738170452446e-17
4.969964747564543649e-17
7.061515020155333243e-17
4.034635278799914714e-17
6.345535575962081222e-17
3.283390595301050407e-17
5.680071219245224784e-17
2.669578367440723655e-17
5.074876994208703845e-17
2.162267013810967559e-17
4.531204458782091512e-17
1.740048866000540255e-17
4.046178289503951637e-17
1.387309131333214991e-17
3.615163389670373030e-17
1.092123246300054425e-17
3.232963081459333699e-17
8.450620750609574362e-18
2.894403433071752978e-17
6.384835581932292810e-18
2.594604963559339076e-17
4.660881204159976779e-18
2.329095994322360510e-17
3.226224752507645214e-18
2.093845880484223996e-17
2.036711375654509715e-18
1.885258186246323560e-17
1.055026557942527147e-18
1.700144630323973607e-17
2.495187303549994250e-19
1.535690765017146358e-17
-4.067287467533691771e-19
1.389419191144265240e-17
-9.366452274635279057e-19
1.259153340190871884e-17
-1.359785018141998422e-18
1.142983345432067229e-17
-1.692834880260194695e-18
1.039234694557470345e-17
-1.950038517134303942e-18
9.464398956389722267e-18
-2.143554051971655599e-18
8.633131348746059472e-18
-2.283756585446442107e-18
7.887277760183227555e-18
-2.379495287351826173e-18
7.216964826583073578e-18
-2.438312463899957379e-18
6.613537252147617781e-18
-2.466630665564706002e-18
6.069404255873481669e-18
-2.469912756937366623e-18
5.577905079528861994e-18
-2.452799037224000590e-18
5.133191349379365444e-18
-2.419224830941895988e-18
4.730124309749935879e-18
-2.372521372571263725e-18
4.364185118577812490e-18
-2.315502443377275275e-18
4.031396602866722632e-18
-2.250538766192917795e-18
3.728255030498944212e-18
-2.179621917986450377e-18
3.451670652105510869e-18
-2.104419238261472000e-18
3.198915883782703282e-18
-2.026320988796067706e-18
2.967580170867575641e-18
-1.946480867282609490e-18
2.755530661814957436e-18
-1.865850782163264643e-18
2.560877962979283823e-18
-1.785210698555813196e-18
2.381946306787574915e-18
-1.705194229954366375e-18
2.217247579318899708e-18
-1.626310570084726688e-18
2.065458703069621683e-18
-1.548963257960007350e-18
1.925401956369600129e-18
