# bin_3_2
-2.901757850787297783e-08
5.075528887451286594e-08
-2.803123471770969046e-08
4.686406774338809677e-08
-2.697464251478571965e-08
4.332354998921121580e-08
-2.586658466000273787e-08
4.010047463742008671e-08
-2.472215042426328814e-08
3.716589435889259391e-08
-2.355318380435929963e-08
3.449473287153909880e-08
-2.236865280744577876e-08
3.206541667228570574e-08
-2.117494839779100701e-08
2.985957369647077317e-08
-1.997611973817121529e-08
2.786179259942508136e-08
-1.877405245021534248e-08
2.605943801984718892e-08
-1.756859363672342396e-08
2.444251656858821063e-08
-1.635762929569604618e-08
2.300359036629411108e-08
-1.513711703352640056e-08
2.173773383336664976e-08
-1.390107844194486645e-08
2.064253033172505899e-08
-1.264155492668562944e-08
1.971810396065021921e-08
-1.134853189209059419e-08
1.896718161266826978e-08
-1.000983706797719084e-08
1.839517832553142181e-08
-8.611021021481983301e-09
1.801029698335908072e-08
-7.135229647582795724e-09
1.782363047518869866e-08
-5.563083144709224543e-09
1.784925041623277792e-08
-3.872579024167532442e-09
1.810426156527802030e-08
-2.039043270705534925e-09
1.860879498927814006e-08
-3.515974196037902218e-11
1.938590614349782243e-08
2.168884287888649138e-09
2.046133584302712128e-08
4.605090612956085734e-09
2.186308400912820170e-08
7.307125989470160521e-09
2.362073805072083192e-08
1.030952056405347389e-08
2.576449164205592979e-08
1.364652228918760752e-08
2.832378739316719145e-08
1.735054221765349736e-08
3.132552084584019706e-08
2.145013362540257408e-08
3.479175805477449767e-08
2.596747020043412211e-08
3.873694842710005299e-08
3.091532692413030359e-08
4.316466534104633377e-08
3.629363148981823444e-08
4.806398413703056920e-08
4.208574586069691738e-08
5.340571621323808679e-08
4.825476464608916573e-08
5.913886155809457348e-08
5.474027618177347011e-08
6.518781672118663718e-08
6.145621917195298708e-08
7.145106793050224787e-08
6.829065956699805108e-08
7.780228199059306519e-08
7.510847391217902731e-08
8.409483174299972079e-08
8.175799377847232474e-08
9.017078419521501288e-08
8.808255506324537840e-08
9.587513827363436506e-08
9.393749558874974331e-08
1.010755107380666657e-07
9.921233960198533703e-08
1.056864243986649905e-07
1.038566107947780450e-07
1.096958029403469686e-07
1.079059306188264666e-07
1.131893005676415102e-07
1.115029673671920139e-07
1.163660027036129764e-07
1.149058673047587129e-07
1.195374628735805765e-07
1.184758442833716016e-07
1.231019983428910921e-07
1.226367982037333111e-07
1.274889280179446721e-07
1.278044657759386035e-07
1.330741742723474434e-07
1.342915504559487874e-07
1.400796969256218851e-07
1.422080488349628740e-07
1.484829903626125386e-07
1.513895992208207835e-07
1.579747373984444396e-07
1.613947830335876661e-07
1.680047275346923441e-07
1.716057775966400752e-07
1.779388119697823071e-07
1.814370075860383107e-07
1.873070879188915653e-07
1.906024394456058548e-07
1.960618904410175213e-07
1.993295792829657890e-07
2.047101658153820534e-07
2.083747843693670556e-07
2.141850621527312322e-07
2.187406820236865593e-07
2.254219280917671479e-07
2.311516685310806756e-07
2.388032904809233019e-07
2.455623786462870191e-07
2.538365515166192491e-07
2.611025339602223361e-07
2.694312473075731430e-07
2.766935117925929773e-07
2.847836260989231358e-07
2.920456827791180883e-07
3.002634579950175542e-07
3.081851472917046280e-07
3.173698270402054745e-07
3.267424485877943438e-07
3.374366476152263365e-07
3.483652384861584505e-07
3.602107992870575144e-07
3.719730385352069500e-07
3.841709745807233710e-07
3.962156052872488064e-07
4.087668966025761054e-07
4.217273538228195957e-07
4.357400002926241641e-07
4.507704764651360582e-07
4.669688089083799660e-07
4.840217392993226211e-07
5.016444395693169360e-07
5.196902824180958671e-07
5.381274387294323610e-07
5.574726629595971639e-07
5.779412342461909486e-07
6.000763695811113157e-07
6.234576596344171728e-07
6.480994119427673315e-07
6.732411664919950704e-07
6.993793952147407810e-07
7.264343331081633234e-07
7.554798665607389109e-07
7.860815788505923538e-07
8.185145093793248456e-07
8.516286908082049794e-07
8.860547641651156195e-07
9.215774897750026100e-07
9.594917815851202216e-07
9.989499547254435119e-07
1.040128764435651438e-06
1.081832779152552714e-06
1.125325993539780006e-06
1.170356988293581499e-06
1.217650881406078203e-06
1.265495289657913314e-06
1.314562292824358394e-06
1.364558810178975847e-06
1.416713108008787368e-06
1.469229235658618210e-06
1.522459858880446177e-06
1.575983007240631800e-06
1.631118097604441695e-06
1.685856100504782532e-06
1.740677249501219749e-06
1.795300821860301403e-06
1.850582287871675177e-06
1.904284007200180811e-06
1.957768598636041630e-06
2.010497680411279930e-06
2.062351406340626312e-06
2.112197141193990853e-06
2.161947065182614745e-06
2.209427323101766438e-06
2.255774466257953703e-06
2.300776942254838396e-06
2.344396568211969777e-06
2.386247619882100285e-06
2.427828958275968927e-06
2.467178690069007198e-06
2.506871456876992385e-06
2.544944641027561629e-06
2.583299199293168754e-06
2.621036605246699289e-06
2.659015108165184592e-06
2.697063666917875496e-06
2.735510241416003810e-06
2.774271851755658332e-06
2.813572137258979990e-06
2.853089992064202090e-06
2.893093607522936207e-06
2.932989868219620613e-06
2.973122825439818960e-06
3.012732566960203480e-06
3.052273310241847326e-06
3.090961767872286853e-06
3.129415311033326734e-06
3.166944038328882556e-06
3.204355732634144885e-06
3.241091019121832042e-06
3.278098856233765514e-06
3.314881819924837611e-06
3.352395837109778767e-06
3.390064212122206674e-06
3.428693890335926022e-06
3.467514894031713625e-06
3.507121872187242551e-06
3.546578075418131716e-06
3.586374678290409403e-06
3.625596409129515212e-06
3.664851859640085240e-06
3.703454300693426507e-06
3.742255609776615664e-06
3.780799468766282811e-06
3.820035665622392978e-06
3.859476319085618330e-06
3.899859324226898069e-06
3.940414139010843865e-06
3.981573101588246452e-06
4.022407208608625057e-06
4.063362390294306757e-06
4.103757285577802201e-06
4.144373518414338391e-06
4.184855304071526869e-06
4.226082841143577997e-06
4.267555240950004060e-06
4.309768385384530720e-06
4.351850333375464227e-06
4.394107191638160901e-06
4.435843328414750103e-06
4.477766872880537159e-06
4.519603898025139359e-06
4.562151797288247508e-06
4.604853009617425033e-06
4.647992305126077197e-06
4.690722295049182040e-06
4.733473648809056005e-06
4.775927129427828645e-06
4.818908538458456570e-06
4.862014073987153277e-06
4.905515891540549348e-06
4.948591261799445682e-06
4.991654855758425071e-06
5.034496018119143222e-06
5.077856407363928618e-06
5.121183727776007682e-06
5.164585421380449949e-06
5.207471500559735536e-06
5.250546749478312757e-06
5.293630402866053473e-06
5.336978971677641554e-06
5.379832453257960943e-06
5.422663042896372785e-06
5.465395000942746696e-06
5.508400790543520044e-06
5.550923724850599545e-06
5.593355379015652870e-06
5.635648471289666688e-06
5.678095478981276457e-06
5.719982872979003215e-06
5.761829855964283511e-06
5.803521590433747117e-06
5.845097269135490009e-06
5.886120549367263495e-06
5.927265372235997934e-06
5.968008184558307698e-06
6.008453885613608935e-06
6.048634092071190995e-06
6.088700682138710511e-06
6.128149125098210123e-06
6.167597708086641924e-06
6.206502677174024685e-06
6.245145353824914606e-06
6.283440045471117343e-06
6.321303859359320337e-06
6.358776327607988600e-06
6.395913288770752507e-06
6.432482685346385241e-06
6.468790877463324960e-06
6.504417805103851359e-06
6.539815059942608905e-06
6.574489230760263326e-06
6.608872732940772524e-06
6.642539674077493413e-06
6.675876426072965681e-06
6.708485821786966811e-06
6.740694770830570844e-06
6.772166342143933156e-06
6.803199047076884303e-06
6.833472681790075265e-06
6.863245393030069260e-06
6.892234682030433126e-06
6.920688282876292141e-06
6.948329644317040615e-06
6.975383056783722003e-06
7.001594598628267320e-06
7.027186395319546694e-06
7.051905549781978164e-06
7.075965232213634178e-06
7.099131910868723194e-06
7.121608308676206511e-06
7.143165839340391968e-06
7.163986072544492069e-06
7.183855661756826417e-06
7.202952556249567838e-06
7.221056673546222799e-06
7.238337120286925408e-06
7.254597845822702438e-06
7.270013051737308165e-06
7.284401491033478648e-06
7.297932865584182675e-06
7.310443842362182746e-06
7.322099903814482237e-06
7.332719700534809829e-06
7.342436441752521589e-06
7.351058795019945448e-06
7.358705211843078898e-06
7.365189401391781751e-06
7.370646532979056605e-06
7.374929304315109703e-06
7.378202906740799868e-06
7.380341718905436943e-06
7.381486192854945361e-06
7.381472437678581216e-06
7.380384992654058804e-06
7.378033661146952961e-06
7.374509178402774668e-06
7.369684039337837556e-06
7.363711307046091241e-06
7.356505747142689886e-06
7.348190399187410078e-06
7.338624340923998720e-06
7.327883033003510462e-06
7.315834340567844070e-06
7.302602938371319379e-06
7.288104612165308585e-06
7.272449988537121053e-06
7.255503062811486067e-06
7.237327598438588251e-06
7.217822166022006655e-06
7.197106256175936282e-06
7.175091362449383093e-06
7.151828897417779493e-06
7.127182755447155833e-06
7.101248725603166568e-06
7.074002670534586315e-06
7.045573419919158828e-06
7.015864266635592138e-06
6.984913532889550815e-06
6.952636617863652888e-06
6.919150015336954170e-06
6.884401524056999091e-06
6.848432027859305365e-06
6.811123116119359959e-06
6.772572569356190996e-06
6.732769579840657348e-06
6.691796595360306286e-06
6.649594149882655438e-06
6.606281212073002166e-06
6.561787812938452208e-06
6.516124896442793101e-06
6.469280904245559319e-06
6.421343864103987396e-06
6.372191951205788219e-06
6.321967459799151450e-06
6.270742370263763640e-06
6.218505720818686402e-06
6.165218776422529038e-06
6.110977087594582420e-06
6.055696083651795851e-06
5.999460884230991702e-06
5.942302415937447598e-06
5.884312717009585028e-06
5.825488087865392436e-06
5.765814744752074666e-06
5.705298329473756123e-06
5.644017006887265050e-06
5.581987397174831840e-06
5.519365923885246194e-06
5.456031522665540616e-06
5.392059027167090941e-06
5.327431789246230814e-06
5.262288383428123801e-06
5.196657031775843458e-06
5.130553212395013555e-06
5.063928673221696534e-06
4.996926180391266606e-06
4.929588367883262278e-06
4.861983635323322880e-06
4.794013065876619417e-06
4.725831163854249029e-06
4.657505226776902842e-06
4.589080751241940542e-06
4.520483694216226862e-06
4.451890987738761083e-06
4.383351599543018962e-06
4.314838287920434536e-06
4.246376879529639748e-06
4.178154517830262696e-06
4.110079238181570098e-06
4.042183955037798371e-06
3.974613401459262788e-06
3.907326543961451947e-06
3.840300571104916840e-06
3.773731714884077537e-06
3.707496649237276897e-06
3.641695332484563633e-06
3.576417894554574152e-06
3.511570421852981378e-06
3.447347801038670951e-06
3.383674029141973754e-06
3.320631169748479296e-06
3.258286709895994590e-06
3.196583835336118703e-06
3.135663546771399265e-06
3.075409297078264123e-06
3.015970866839169508e-06
2.957236712481907550e-06
2.899332873490329640e-06
2.842175494013540579e-06
2.785875066298199912e-06
2.730388155095381903e-06
2.675808870019219661e-06
2.622090940721378168e-06
2.569305449247958179e-06
2.517414784168551593e-06
2.466455054473263383e-06
2.416374428960830394e-06
2.367209614813556838e-06
2.318929598060051616e-06
2.271586618796968577e-06
2.225157990783100769e-06
2.179691771661683898e-06
2.135160004501096305e-06
2.091572720501457217e-06
2.048876136359491185e-06
2.007080270712217089e-06
1.966165109776345377e-06
1.926164073719077916e-06
1.887061339398530853e-06
1.848875212169182832e-06
1.811564176314499321e-06
1.775115680194607172e-06
1.739485354449864971e-06
1.704697336515866182e-06
1.670750774008707820e-06
1.637660218122369485e-06
1.605369042794974779e-06
1.573854069012782380e-06
1.543088426947959931e-06
1.513101164919133825e-06
1.483872930314130374e-06
1.455387614408063243e-06
1.427588796161489916e-06
1.400473790154498787e-06
1.374036296973232860e-06
1.348286604351906589e-06
1.323171035496773129e-06
1.298666611237812609e-06
1.274762197688818459e-06
1.251480071757618482e-06
1.228773355958595238e-06
1.206613590268599418e-06
1.184995252320995436e-06
1.163931965763480137e-06
1.143367242294867311e-06
1.123287201877245507e-06
1.103697439644965446e-06
1.084574944832531655e-06
1.065868035134969003e-06
1.047609937893393686e-06
1.029775144486819601e-06
1.012314950619006860e-06
9.952500490605607255e-07
9.785843040238391739e-07
9.622504550589941904e-07
9.462772340504076178e-07
9.306356189026106569e-07
9.153053032295561097e-07
9.002979646075686940e-07
8.855593521195988041e-07
8.711159719068583853e-07
8.569563459156147118e-07
8.430531654576123704e-07
8.294138323969204240e-07
8.160029880724033580e-07
8.028501310870480056e-07
7.899018440557177921e-07
7.771772828910220305e-07
7.646496768953457451e-07
7.523460747467618582e-07
7.402269302162173218e-07
7.282967053031500100e-07
7.165335292318026506e-07
7.049532034708216703e-07
6.935278076212583032e-07
6.822628150272667483e-07
6.711443100877414205e-07
6.601817509280660696e-07
6.493465371510529860e-07
6.386409588255915134e-07
6.280572397152070561e-07
6.176094327311938203e-07
6.072728699069444766e-07
5.970459590301017725e-07
5.869198819318477947e-07
5.769116505454124016e-07
5.670029701405994311e-07
5.571926767733883504e-07
5.474698918080156382e-07
5.378519645099236738e-07
5.283239976946609338e-07
5.188860129220389809e-07
5.095260926921127872e-07
5.002615769787072434e-07
4.910769376176978574e-07
4.819716006676014063e-07
4.729350808306627568e-07
4.639836777050487323e-07
4.550983708789738801e-07
4.462816532555774324e-07
4.375279140467310503e-07
4.288485900886943014e-07
4.202280856692882581e-07
4.116808464067510871e-07
4.031996540404028094e-07
3.947989771361298509e-07
3.864783172931953063e-07
3.782475815095360066e-07
3.701015444015142117e-07
3.620576995893973598e-07
3.540994722724461008e-07
3.462370741401723416e-07
3.384558643217649001e-07
3.307676865237814181e-07
3.231689271297052818e-07
3.156746058536543585e-07
3.082908203340927435e-07
3.010323888766887055e-07
2.938942819903312926e-07
2.868728267804347781e-07
2.799490030824382743e-07
2.731200777698261203e-07
2.663823811688563770e-07
2.597578371121816590e-07
2.532595186769040285e-07
2.469028765294810605e-07
2.406700298254721435e-07
2.345430722552739798e-07
2.284963830957026228e-07
2.225396830026220114e-07
2.166891455353767685e-07
2.109720639999303435e-07
2.053787565622123390e-07
1.998915970865271632e-07
1.944850808420194749e-07
1.891704276562011686e-07
1.839581636465427046e-07
1.788597091319434386e-07
1.738600807802887317e-07
1.689612481723216530e-07
1.641595722223822185e-07
1.594537992193831266e-07
1.548229491577868952e-07
1.502791358323234048e-07
1.458380667667107847e-07
1.415001703178744428e-07
1.372281612390502386e-07
1.330311403893342210e-07
1.289342369008632054e-07
1.249374647319342372e-07
1.210122670968818163e-07
1.171842738023577926e-07
1.134480276462005783e-07
1.097785628782961848e-07
1.061953751345902558e-07
1.027208133643097908e-07
9.929084301409339584e-08
9.593899977397969672e-08
9.269739806062699264e-08
8.951585096916497769e-08
8.641243773367851507e-08
8.341139845018647667e-08
8.046042955535416238e-08
7.761323341149935884e-08
7.482113896908867748e-08
7.210411348575581397e-08
6.947395321277822876e-08
6.691126979989809736e-08
6.441648895846576551e-08
6.201054632641129909e-08
5.966551037287704135e-08
5.737834034117949964e-08
5.519028044115078287e-08
5.303728750555514420e-08
5.097567980644175819e-08
4.896703487274627540e-08
4.701582717611830321e-08
4.513966651061462029e-08
4.331846458394006048e-08
4.156852666007893969e-08
3.987395265190047975e-08
3.822731285765392214e-08
3.664357188417188040e-08
3.511306258556795644e-08
3.365196918641458343e-08
3.222994872947887732e-08
3.085733974214908114e-08
2.952714137736994553e-08
2.826031191182088552e-08
2.704062098333648828e-08
2.586628183582905556e-08
2.473048136920491450e-08
2.364409921914097097e-08
2.259712116436971396e-08
2.158988401822535598e-08
2.062263347199913497e-08
1.969760517468353382e-08
1.880507690617032235e-08
1.795147388594549689e-08
1.713510744997723227e-08
1.634839026099010165e-08
1.559148590279765866e-08
1.487170092949397148e-08
1.418074196191587523e-08
1.352153147924068802e-08
1.288979896578021674e-08
1.227998728073101361e-08
1.170040357366888250e-08
1.114669921396093987e-08
1.061410617918562849e-08
1.010977694521421760e-08
9.623052521033103331e-09
9.161587647148191932e-09
8.720521608848831278e-09
8.295964707630487010e-09
7.892826655303908657e-09
7.504750817634461655e-09
7.138804620542572271e-09
6.792239126440894279e-09
6.454502794436354307e-09
6.135234319616609159e-09
5.831719808657205845e-09
5.543223224153800031e-09
5.268403967359698865e-09
5.002792804472054697e-09
4.754878994194047110e-09
4.516406759116608495e-09
4.289265266063544491e-09
4.072403891318653157e-09
3.867260916365648912e-09
3.671968046288744463e-09
3.486307771837468326e-09
3.309283242408662191e-09
3.140724152763214586e-09
2.981883190744352111e-09
2.829590822920992167e-09
2.684797303463942935e-09
2.547973325566717636e-09
2.414179452003003235e-09
2.291989100557973219e-09
2.173307036357385126e-09
2.058630234643643423e-09
1.954353267999126888e-09
1.852652384739201309e-09
1.756651189127362561e-09
1.666179484543857259e-09
1.579459911458301279e-09
1.498058880740308315e-09
1.420451819226256322e-09
1.346229957452684938e-09
1.277371539855778309e-09
1.209502709346523683e-09
1.147361964695215193e-09
1.086022439148875870e-09
1.029147263330590317e-09
9.748519866172128035e-10
9.248315424991139819e-10
8.758099577805761120e-10
8.312003783153508548e-10
7.868877919940896149e-10
7.464646523264375718e-10
7.066540276715653619e-10
6.698818444387283988e-10
6.346236213344610372e-10
6.012629016941633405e-10
5.694850411477958137e-10
5.397187318829724417e-10
5.118088757067337753e-10
4.849775466329171234e-10
4.590472172568414123e-10
4.348146947296673962e-10
4.123521948114612757e-10
3.909770966266729181e-10
3.701108723866512193e-10
3.506912060321863644e-10
3.324710037126692770e-10
3.148078382088059538e-10
2.977633969681887831e-10
2.824890377469294155e-10
2.679055120299923826e-10
2.537072118700364470e-10
2.404971621921769587e-10
2.279692208645565660e-10
2.154813386044785941e-10
2.046741709413937494e-10
1.944435001436205849e-10
1.841082256535064700e-10
1.745197472276540613e-10
1.649995554057719830e-10
1.561780102806111472e-10
1.488674606544103249e-10
1.408850713500472438e-10
1.335852580564193177e-10
1.262674651729630760e-10
1.198827288084022702e-10
1.138901450643590268e-10
1.077559901863828397e-10
1.022542867463919515e-10
9.668060545346677347e-11
9.179146438255131569e-11
8.712635182914130929e-11
8.280185198248245747e-11
7.816854335030800923e-11
7.419060636016009202e-11
7.061214600373344121e-11
6.712440406081851200e-11
6.352248405205132560e-11
6.024089201517691737e-11
5.716938994282944893e-11
5.403874674447651143e-11
5.128835625076419618e-11
4.892077209827298963e-11
4.615618892695965068e-11
4.373022520551445894e-11
4.191045706507184250e-11
3.964237862189270630e-11
3.747657219539946193e-11
3.572768989629784002e-11
3.373627204143265408e-11
3.205036001003714805e-11
3.053685767700617943e-11
2.883744602427864580e-11
2.751655290416231102e-11
2.605904815370664788e-11
2.478830146405870286e-11
2.354152998234089083e-11
2.227953062659167891e-11
2.127239170989237792e-11
1.992675100189037372e-11
1.918659935321138684e-11
1.817583755937220678e-11
1.736601836349724601e-11
1.630083847643561534e-11
1.555646024534316003e-11
1.465562894978667103e-11
1.409822966783760949e-11
1.337401935553829088e-11
1.264512378567498381e-11
1.205783481154624952e-11
1.135036337364319160e-11
1.083540768453941280e-11
1.029693247516775453e-11
9.833992182953601525e-12
9.337367681371937146e-12
8.749754999125566301e-12
8.376308821343341885e-12
8.005678279326533142e-12
7.584287098677127498e-12
7.103735314738433840e-12
6.841277682473478261e-12
6.454987016883944595e-12
6.145247928205191089e-12
5.795100095614620266e-12
5.494336487824723103e-12
5.262283723206353959e-12
4.975896276922726911e-12
4.630102501480178779e-12
4.507651285021686933e-12
4.217781200319868999e-12
3.951191182498342292e-12
3.757652655344786091e-12
3.581474141199963583e-12
3.336102899446928736e-12
3.151136848096885248e-12
3.020165897221565855e-12
2.775725289973591163e-12
2.663297538496647588e-12
2.477881808677100966e-12
2.303098256743394004e-12
2.203088309021305961e-12
2.001017040142198040e-12
1.916259176090576330e-12
1.765346521650126686e-12
1.627868128409104874e-12
1.543064282719434193e-12
1.383779934107159331e-12
1.314875403875623208e-12
1.183255030788625380e-12
1.106858038060646570e-12
9.912406719073731442e-13
9.206661077269129374e-13
8.238385448658853457e-13
7.652713574716311641e-13
6.754006775624116831e-13
6.244510558301586173e-13
5.442420564775150449e-13
5.074022174703466520e-13
4.489081758013871675e-13
4.143020680898717478e-13
3.628513584452132375e-13
3.369100018047509558e-13
3.054927535938768267e-13
2.881270547663001325e-13
2.602096835818806883e-13
2.499287726218382966e-13
2.339392571972251339e-13
2.291151941452127395e-13
2.155072428236008873e-13
2.162472225286012737e-13
2.058731882364664628e-13
2.018171557550196871e-13
1.957992853304473001e-13
1.929463265439658336e-13
1.784050681212580171e-13
1.741453079643913556e-13
1.635353766085382604e-13
1.498932261633557186e-13
1.366686338003541414e-13
1.256347941946620671e-13
1.077496774475853233e-13
9.787255087497715087e-14
8.151701914084335503e-14
7.447297960256747438e-14
6.184494227809626236e-14
5.681777250348664355e-14
5.251512371556737854e-14
4.889893486558911530e-14
5.037055587426399528e-14
5.009006683660473479e-14
5.104477128838764436e-14
5.200165244301167371e-14
5.028788044185330180e-14
4.887311727273315667e-14
4.467830794054570598e-14
3.976095212140954116e-14
3.435774714883601517e-14
2.857392797742389703e-14
2.421124201691731675e-14
2.021415891784907498e-14
1.843027886514481868e-14
1.793239806275626385e-14
1.905330371159410006e-14
2.039138541889279452e-14
2.129811225402777436e-14
2.107527892812605437e-14
1.910109737296816960e-14
1.616894896264997189e-14
1.279450540464211644e-14
1.031790224393729577e-14
8.605484434118023877e-15
8.580280457193032312e-15
9.249099849634474576e-15
1.056210951067009953e-14
1.097532651671233524e-14
1.037071240454583662e-14
8.189494357528620745e-15
6.217427824095774631e-15
4.737275883972348027e-15
4.790060666350553000e-15
5.232352560528141829e-15
6.162600898704101339e-15
6.279501662214914026e-15
5.585695340332472604e-15
3.774363861733071554e-15
2.724038633525475626e-15
2.784003780524424462e-15
3.752159304275035982e-15
3.994181886684482505e-15
3.679401803945153600e-15
2.545699819416361223e-15
1.792028950189115049e-15
1.847964057531473001e-15
2.698472582281381177e-15
2.632283365028499212e-15
2.064321337209706820e-15
1.232552528152756978e-15
1.273729034530815972e-15
1.840918785042402621e-15
1.961359278926662951e-15
1.105837823659987457e-15
9.254101150427605630e-16
1.075307183715203768e-15
1.501358222859240875e-15
1.012021672518136819e-15
6.151501380515267000e-16
8.285576551714547031e-16
1.127291372236203899e-15
6.741750357767649541e-16
4.836342776523263297e-16
7.456965571128711422e-16
7.804278936717647465e-16
3.634115615776358125e-16
5.052499072942344019e-16
6.473351410286399803e-16
3.652207947975730667e-16
3.378310125559835101e-16
5.522680890592322400e-16
2.635922153801841722e-16
3.225668722701204640e-16
4.012314829455882727e-16
2.179396901764128203e-16
2.833076725296401051e-16
3.106257634229884149e-16
1.403230179911067414e-16
3.175557748925953043e-16
1.282196730968209276e-16
2.345367097224527126e-16
1.606036194815117536e-16
1.602249192700427419e-16
1.682243662752709647e-16
1.228936171239231365e-16
1.511464899651146890e-16
1.072163189220043086e-16
1.266641377128395689e-16
9.814471022412730805e-17
1.042494575271964278e-16
8.978154910457969563e-17
8.609627001231136005e-17
8.113021898143326022e-17
7.169409693370080578e-17
7.253879010758441865e-17
6.011595461044993868e-17
6.440973102261094955e-17
5.063178062963823338e-17
5.696033444112740586e-17
4.274469136647213134e-17
5.026163468170055718e-17
3.611821113047095482e-17
4.430351153939789049e-17
3.051462018018786284e-17
3.903773567265037534e-17
2.575717013528993141e-17
3.440126707539057196e-17
2.170859952348446738e-17
3.032789161122260272e-17
1.825882745507376894e-17
2.675373214292461952e-17
1.531758342602577389e-17
2.361966376527240986e-17
1.280972084579565604e-17
2.087218319637692868e-17
1.067204677863209926e-17
1.846351435779049796e-17
8.851054153597713981e-18
1.635134684627361881e-17
7.301222767870865896e-18
1.449841098049615584e-17
5.983699626209435832e-18
1.287199470314118577e-17
4.865245694550222533e-18
1.144345651800978504e-17
3.917378221302487381e-18
1.018776156689560981e-17
3.115662012099329756e-18
9.083053409479905374e-18
2.439117476060480782e-18
8.110266144833534399e-18
1.869722252430183930e-18
7.252777373208840957e-18
1.391989236003460359e-18
6.496100166981591743e-18
9.926076696875698924e-19
5.827611258976663173e-18
6.601369270816827655e-19
5.236312126356159046e-18
3.847445599033545242e-19
4.712619632134644952e-18
1.579818139011794366e-19
4.248182943076018245e-18
-2.740904973954883473e-20
3.835723742574828908e-18
-1.776603024922588337e-19
3.468896884799455761e-18
-2.981211338051168551e-19
3.142169053613823090e-18
-3.933801704193797304e-19
2.850713158476948130e-18
-4.673709728992659208e-19
2.590316478752084321e-18
-5.234629020786142766e-19
2.357300827529221055e-18
-5.645393967837152953e-19
2.148453168216925144e-18
-5.930654174400063220e-19
1.960965360349535998e-18
-6.111455670112668789e-19
1.792381846640747802e-18
-6.205741408404697966e-19
1.640554235684554974e-18
-6.228782490593502008e-19
1.503601922016499263e-18
-6.193549328116499941e-19
1.379877924714731933e-18
-6.111030906020057306e-19
1.267939298783970844e-18
-5.990509191980079421e-19
1.166521515364955480e-18
-5.839794686563740855e-19
1.074516313517419652e-18
