# bin_1_1
1.595870408868539756e-08
1.559176549139673767e-09
1.433199391969836191e-08
8.994984531850390632e-10
1.289501302181396524e-08
3.676009573784634150e-10
1.162539596315667444e-08
-5.456830270029057746e-11
1.050388356462312988e-08
-3.822870422644186394e-10
9.513951427752506199e-09
-6.283929446832529251e-10
8.641495563230979943e-09
-8.035652360879229531e-10
7.874568555548808597e-09
-9.165592568976247833e-10
7.203160319131389581e-09
-9.743991582192164675e-10
6.619019164705577947e-09
-9.825330038027352287e-10
6.115508581164238505e-09
-9.449541102497775631e-10
5.687496676255612018e-09
-8.642917094824304930e-10
5.331274784371600868e-09
-7.418741830186293326e-10
5.044502535974982407e-09
-5.777674574562611268e-10
4.826176376980128171e-09
-3.707916895461284274e-10
4.676618643430973611e-09
-1.185191926869489098e-10
4.597483559117107809e-09
1.827423312775987782e-10
4.591776108587693618e-09
5.379768274140395140e-10
4.663878418179805834e-09
9.534910530644451651e-10
4.819576949770191315e-09
1.436942395869130893e-09
5.066081736629806699e-09
1.997353308108962544e-09
5.412026638902558283e-09
2.645099993470797793e-09
5.867436407547754924e-09
3.391859542211090926e-09
6.443643330699490022e-09
4.250496326237768896e-09
7.153132072068526430e-09
5.234864645184402719e-09
8.009288212141514198e-09
6.359501138449163243e-09
9.026022062019469128e-09
7.639177550280258020e-09
1.021723799586853843e-08
9.088283661922946914e-09
1.159611913421185098e-08
1.072001179502818940e-08
1.317420166176431650e-08
1.254532101350688722e-08
1.496022252778178673e-08
1.457167267087206850e-08
1.695874224128056467e-08
1.680155175405327671e-08
1.916857306706216997e-08
1.923082344007795474e-08
2.158108477246175158e-08
2.184702378501438375e-08
2.417851756746461687e-08
2.462774844391512768e-08
2.693250393957554589e-08
2.753938250477230320e-08
2.980308591047812662e-08
3.053650171042199170e-08
3.273860105370597983e-08
3.356235851394814762e-08
3.567688398622026803e-08
3.655092247150566373e-08
3.854826107991205547e-08
3.943094084159576161e-08
4.128076603325254388e-08
4.213237619921560165e-08
4.380782294973796232e-08
4.459531143215339050e-08
4.607827900718268422e-08
4.678093967208429160e-08
4.806808158801838501e-08
4.868355478646525863e-08
4.979208621514615790e-08
5.034156271605034755e-08
5.131353407835169488e-08
5.184458602612913248e-08
5.274786108641532924e-08
5.333302131657855934e-08
5.425706669056084398e-08
5.498638824604733963e-08
5.603140933712738012e-08
5.699805725179645213e-08
5.825729181254888627e-08
5.953699256836433848e-08
6.107424787479004899e-08
6.270214847797757741e-08
6.452972470383236687e-08
6.648139015378864866e-08
6.854652026120246574e-08
7.073218615326432597e-08
7.292141086577464967e-08
7.520223941236718483e-08
7.737055526987070451e-08
7.960038347283808817e-08
8.162379943542454156e-08
8.370879833829371657e-08
8.554555819886213561e-08
8.749970117419544572e-08
8.923160562200943107e-08
9.119519963820167010e-08
9.301593643115006361e-08
9.520908302950792705e-08
9.734273592541192848e-08
9.995472801051395860e-08
1.025287249410319215e-07
1.055935504720171513e-07
1.085402679956766484e-07
1.118886421897389026e-07
1.149678814035158215e-07
1.183297243546096348e-07
1.213047924153058125e-07
1.245330805596834718e-07
1.273980017770175387e-07
1.306426943256111801e-07
1.336865252126018771e-07
1.373101046095463594e-07
1.408792791769257605e-07
1.451082151417348342e-07
1.492361686820473149e-07
1.538870877782247070e-07
1.582299823032438259e-07
1.629174119879554442e-07
1.672057167750329471e-07
1.719034902315051207e-07
1.764007675058377737e-07
1.815811195268197894e-07
1.867837172507626409e-07
1.927426987597683147e-07
1.986001265524977262e-07
2.049586865462393997e-07
2.109729364290398948e-07
2.174178516149123930e-07
2.236928780988518659e-07
2.307358063644057434e-07
2.379098092326785075e-07
2.459096464714538758e-07
2.538173469188325819e-07
2.622126141441436428e-07
2.703600750514582055e-07
2.791813172069569385e-07
2.881727159000883060e-07
2.981247597843287694e-07
3.081482764658617777e-07
3.187351969773173063e-07
3.291385030285569917e-07
3.402950528209749787e-07
3.517449928108721594e-07
3.641580278587709606e-07
3.765595952360638918e-07
3.894783534652812581e-07
4.024276797907087327e-07
4.163777459103031314e-07
4.305983790148129657e-07
4.454107180133742002e-07
4.600644739958663022e-07
4.755331649433829052e-07
4.913254507901796245e-07
5.077425188689380607e-07
5.239060688637841502e-07
5.407439356228083877e-07
5.578259798042244165e-07
5.753631216067042666e-07
5.925557332974042659e-07
6.103934648633459754e-07
6.282553463724784978e-07
6.462362414957739076e-07
6.639502291304272943e-07
6.822452612807155855e-07
7.000659009997947550e-07
7.179677069940767083e-07
7.358113058200800858e-07
7.536505102051588170e-07
7.709869021733388694e-07
7.887259235803789054e-07
8.058270340174156303e-07
8.230774222557406885e-07
8.401224673192823829e-07
8.569980917772609058e-07
8.738323335864788127e-07
8.906295606430091474e-07
9.072194752588461697e-07
9.240685560416352081e-07
9.405560561427122266e-07
9.574730959806054512e-07
9.739963685082141238e-07
9.909661918227779329e-07
1.007561727863160741e-06
1.024532453409678477e-06
1.041130424860959978e-06
1.057995197428125304e-06
1.074456036572147060e-06
1.091073433186478857e-06
1.107247714740248176e-06
1.123499841312890451e-06
1.139299624839474188e-06
1.155158515171400864e-06
1.170612208091958860e-06
1.186173410357846931e-06
1.201427850410350473e-06
1.216877822804464634e-06
1.232129059531918781e-06
1.247647434183010403e-06
1.263026659123235305e-06
1.278676102733089500e-06
1.294165168092697270e-06
1.309854315390416890e-06
1.325310285779617570e-06
1.340882850356510015e-06
1.356178438860001614e-06
1.371576110102826281e-06
1.386744158482070681e-06
1.402089557233070021e-06
1.417311608425720387e-06
1.432793437677359841e-06
1.448204911046615278e-06
1.463858862853178523e-06
1.479380602414411838e-06
1.495041296561411282e-06
1.510486810420807653e-06
1.526027345111670777e-06
1.541390133770360656e-06
1.556935736180398862e-06
1.572420806032804375e-06
1.588160372126257382e-06
1.603844528699922337e-06
1.619701285044348985e-06
1.635396790425537331e-06
1.651184182769768689e-06
1.666823029750189839e-06
1.682637710938140012e-06
1.698414824062837882e-06
1.714408152860118736e-06
1.730313196164133161e-06
1.746316677207315707e-06
1.762157206422550248e-06
1.778116648965732551e-06
1.794020892419582508e-06
1.810119947116671885e-06
1.826137366859400257e-06
1.842230475978995627e-06
1.858165386478076050e-06
1.874213393532259806e-06
1.890213930989840636e-06
1.906356418644860326e-06
1.922362639179272519e-06
1.938407873549507560e-06
1.954345358853905425e-06
1.970420619804923717e-06
1.986402030972938576e-06
2.002409168861930028e-06
2.018266207788486597e-06
2.034223280355033966e-06
2.050091622806846280e-06
2.065974427160072586e-06
2.081696588823876149e-06
2.097495688933915933e-06
2.113182220136319610e-06
2.128850314870183240e-06
2.144366127348303134e-06
2.159936758159129958e-06
2.175337954902642340e-06
2.190705318150353924e-06
2.205952702870660386e-06
2.221191439205446126e-06
2.236227556555810615e-06
2.251274403978087948e-06
2.266151828022632469e-06
2.280960938636180426e-06
2.295625927258627341e-06
2.310230103546619118e-06
2.324634825558859803e-06
2.339010752788779110e-06
2.353152359540420420e-06
2.367249757768216469e-06
2.381131751527081961e-06
2.394926763879228169e-06
2.408520080713890269e-06
2.421995176719483477e-06
2.435272202088485683e-06
2.448414567809558240e-06
2.461345401605046957e-06
2.474134905588635851e-06
2.486702289181415390e-06
2.499118394601857088e-06
2.511293910808886533e-06
2.523306543752677038e-06
2.535070201579751161e-06
2.546662249642281229e-06
2.557989215944798187e-06
2.569130428321365512e-06
2.580000116455693844e-06
2.590672146024115451e-06
2.601056779396480017e-06
2.611230027940358040e-06
2.621107914541449189e-06
2.630759452338324604e-06
2.640100613789563386e-06
2.649202198303425953e-06
2.657985676168412945e-06
2.666514009399313464e-06
2.674707005183726411e-06
2.682634612942270932e-06
2.690222107754617766e-06
2.697530766507105935e-06
2.704485332960142180e-06
2.711149717252673323e-06
2.717455489499900241e-06
2.723460222595355498e-06
2.729094095434648730e-06
2.734416553948320975e-06
2.739362201726509030e-06
2.743984834040234644e-06
2.748220181404604395e-06
2.752122849579535775e-06
2.755630757569687685e-06
2.758794095238800638e-06
2.761551533690105910e-06
2.763951371797694569e-06
2.765936226541827890e-06
2.767554171839738160e-06
2.768749576978716618e-06
2.769568091286013063e-06
2.769957747030237266e-06
2.769961387699001616e-06
2.769526896308123125e-06
2.768694005913693191e-06
2.767413920096619416e-06
2.765726541133095640e-06
2.763583693977776430e-06
2.761024612902371130e-06
2.758008859509870373e-06
2.754580374370070409e-06
2.750702846248477679e-06
2.746423192604046230e-06
2.741711220777513125e-06
2.736607730670641370e-06
2.731074281921937528e-06
2.725144236484186819e-06
2.718771933097162153e-06
2.711980774957779081e-06
2.704720331140731849e-06
2.697018578872839946e-06
2.688843291618603416e-06
2.680238737967364560e-06
2.671185496738204724e-06
2.661726074246216171e-06
2.651833038433756207e-06
2.641528834887537873e-06
2.630765017489602747e-06
2.619556409401426737e-06
2.607876192326281413e-06
2.595770026533275530e-06
2.583239772196529388e-06
2.570339194177047105e-06
2.557049420124756046e-06
2.543376811233623043e-06
2.529264290953953839e-06
2.514714816894356463e-06
2.499711756036470537e-06
2.484316581829666640e-06
2.468545829764526720e-06
2.452441767409236782e-06
2.435977152661793801e-06
2.419156596588142149e-06
2.401947850124287230e-06
2.384375924018424559e-06
2.366434430517120468e-06
2.348161267220470839e-06
2.329558108335595912e-06
2.310663050209797533e-06
2.291451671107614816e-06
2.271928656774845819e-06
2.252072069600991273e-06
2.231929428572975217e-06
2.211509060514119525e-06
2.190827735790780404e-06
2.169860493278231176e-06
2.148654056066886442e-06
2.127226506213757183e-06
2.105574745128368671e-06
2.083654721096013752e-06
2.061514548488529980e-06
2.039200405131956281e-06
2.016748771074565679e-06
1.994118781784810691e-06
1.971304972381617473e-06
1.948307510584639479e-06
1.925174936485895724e-06
1.901918024895417698e-06
1.878549264266373095e-06
1.855054827484113811e-06
1.831479562598177988e-06
1.807855020222851593e-06
1.784156148167530583e-06
1.760350919366872901e-06
1.736542230702875669e-06
1.712687174824029211e-06
1.688811787206233587e-06
1.664946626292820434e-06
1.641050275609876202e-06
1.617165046025294730e-06
1.593352559270904247e-06
1.569551297857505890e-06
1.545822848646444496e-06
1.522156121703461687e-06
1.498521478446022472e-06
1.475021050945518506e-06
1.451583564207197060e-06
1.428284016469096149e-06
1.405098506813723359e-06
1.382033404974359054e-06
1.359116529949087678e-06
1.336335487091564792e-06
1.313724139525033604e-06
1.291285021329380840e-06
1.269019951412690650e-06
1.246948766625629496e-06
1.225077154146333897e-06
1.203387180773844078e-06
1.181932533967410755e-06
1.160699011416352768e-06
1.139698901847536937e-06
1.118910865842177456e-06
1.098392846675337706e-06
1.078105794667219234e-06
1.058084577907926082e-06
1.038316812685158677e-06
1.018810633082000858e-06
9.995729137093901218e-07
9.806180750783361554e-07
9.619260695792551997e-07
9.435188753067397631e-07
9.253946365617309545e-07
9.075574467754797414e-07
8.899990533686830625e-07
8.727321409986471208e-07
8.557504751701383720e-07
8.390615831982990113e-07
8.226470001098965901e-07
8.065359602768750895e-07
7.907028146729987488e-07
7.751629754815437953e-07
7.599039302482168482e-07
7.449386559521581966e-07
7.302495060338649321e-07
7.158521094666643535e-07
7.017280220132139216e-07
6.878929018726087787e-07
6.743364145841248296e-07
6.610607183110904543e-07
6.480586720558150187e-07
6.353349082470919795e-07
6.228806354813319287e-07
6.106990340029546881e-07
5.987778829191622617e-07
5.871247552190059498e-07
5.757255038480488841e-07
5.645820744308262057e-07
5.536802347745874573e-07
5.430273972105684667e-07
5.326116503052433633e-07
5.224333844601017791e-07
5.124800337868519522e-07
5.027583379539976833e-07
4.932597644196563876e-07
4.839848330810213273e-07
4.749211641789154416e-07
4.660728622501562483e-07
4.574298756138499752e-07
4.489884782596747685e-07
4.407329519882053486e-07
4.326631432611236119e-07
4.247681074608459832e-07
4.170435076526358654e-07
4.094768497289623143e-07
4.020731224993236417e-07
3.948282015695468411e-07
3.877425312055342645e-07
3.808084230208159705e-07
3.740316818536916632e-07
3.674047879289876416e-07
3.609226402833574816e-07
3.545732718262481203e-07
3.483568611920919044e-07
3.422661562609910070e-07
3.363001355799187520e-07
3.304494583465833731e-07
3.247167449105148436e-07
3.190947362051345002e-07
3.135755008418081976e-07
3.081466926888410021e-07
3.028091121330321934e-07
2.975621137065677937e-07
2.924105693486831859e-07
2.873524767833352994e-07
2.823923169792834967e-07
2.775213591216937191e-07
2.727309708487618002e-07
2.680086659550769267e-07
2.633574532091715264e-07
2.587770454477615405e-07
2.542672104931678378e-07
2.498189104551005981e-07
2.454329737674540227e-07
2.411111561114189035e-07
2.368605298060354984e-07
2.326779641496328063e-07
2.285568505632703569e-07
2.244836989561181151e-07
2.204556264142396551e-07
2.164765570738472386e-07
2.125551660196929930e-07
2.086884192126372786e-07
2.048736445220739098e-07
2.011108785629959473e-07
1.974005179431136978e-07
1.937301947791246390e-07
1.900945821559787895e-07
1.865041537004822840e-07
1.829701598390303100e-07
1.794837079581359464e-07
1.760373989336543657e-07
1.726315168599609446e-07
1.692626531015347495e-07
1.659310314790099020e-07
1.626527692358914263e-07
1.594233655485047726e-07
1.562253199954958299e-07
1.530644624740825225e-07
1.499473671242526598e-07
1.468713433608887556e-07
1.438439823291098756e-07
1.408492775119927890e-07
1.378821820446422513e-07
1.349606411876826038e-07
1.320759282600737914e-07
1.292278219966531217e-07
1.264072599056005786e-07
1.236245221142307938e-07
1.208901855515392322e-07
1.181869330153793852e-07
1.155201569576226159e-07
1.128917619318996888e-07
1.103063650357291558e-07
1.077432474351256127e-07
1.052166181798521989e-07
1.027287150655480331e-07
1.002742801446922046e-07
9.785439515068250343e-08
9.548497091940477377e-08
9.314735707142918154e-08
9.084539575122452851e-08
8.858253075968106876e-08
8.634761370626620842e-08
8.414779578759506146e-08
8.199066774797010729e-08
7.986332363095480163e-08
7.778308317934367467e-08
7.573212043927039109e-08
7.372083111187821394e-08
7.174596293332176241e-08
6.980708265890531898e-08
6.790896464389311641e-08
6.604380109023089782e-08
6.421883072393643457e-08
6.242753844634406436e-08
6.067622500249980839e-08
5.895936913453661925e-08
5.728065308264949172e-08
5.563626000605594761e-08
5.402655095668362558e-08
5.244828115113785674e-08
5.090511141246764073e-08
4.939866001594155246e-08
4.792636824983212294e-08
4.648286159143852411e-08
4.507052308334543196e-08
4.369298539262547791e-08
4.234618276818924705e-08
4.102760256346434313e-08
3.974101236780586813e-08
3.848487093690740634e-08
3.725448131448636130e-08
3.605716453388148766e-08
3.489346784322111385e-08
3.375402111166828662e-08
3.263970308530230028e-08
3.155816322374891406e-08
3.050410063201906502e-08
2.947249459799131726e-08
2.846806697448300216e-08
2.749677331569994776e-08
2.654682197735963543e-08
2.562249283192008357e-08
2.472260330783534927e-08
2.384418740392970197e-08
2.299524788323180131e-08
2.216755764146719108e-08
2.136824559334215431e-08
2.059547620456072620e-08
1.983586934449220494e-08
1.910253240991089650e-08
1.838804865719727409e-08
1.769602911859042712e-08
1.702986888354827480e-08
1.638020881892486223e-08
1.574955340838310691e-08
1.513999238100090488e-08
1.455147178052380972e-08
1.398437008980901925e-08
1.343252595919605523e-08
1.289505309687919913e-08
1.237875233162522247e-08
1.188053891022787576e-08
1.140223528869029270e-08
1.093651580735614541e-08
1.049062028174741358e-08
1.005858760642240581e-08
9.641432203984395573e-09
9.236715631898571515e-09
8.850092239825849158e-09
8.476116761833666611e-09
8.116667964848217926e-09
7.771297155441123094e-09
7.438145822983384865e-09
7.115509434130281660e-09
6.810005710561778324e-09
6.514442426036276613e-09
6.228765231455911329e-09
5.956988210302639961e-09
5.692971497567845084e-09
5.437872369558426970e-09
5.197224606797373834e-09
4.961364015880102507e-09
4.739536698010672126e-09
4.525507433464888304e-09
4.320093377998466399e-09
4.124679914229601203e-09
3.935267848444326732e-09
3.755561081608914328e-09
3.581752580404646290e-09
3.416570672493766954e-09
3.257327086479485836e-09
3.106530436910230520e-09
2.961231831478513591e-09
2.821827861489862655e-09
2.687717487809771410e-09
2.561516290842592515e-09
2.439814812162886841e-09
2.323725119149028819e-09
2.213873360082720960e-09
2.108246704194159963e-09
2.006085848550693507e-09
1.910536644826547822e-09
1.818496051871978029e-09
1.730524625408836047e-09
1.646315213166550494e-09
1.565780238283959203e-09
1.489601644061858167e-09
1.417569359159497995e-09
1.349074829411157403e-09
1.282809258221795621e-09
1.219488794413890426e-09
1.158817876577545595e-09
1.101800817199608360e-09
1.047776627282395866e-09
9.957475361648991001e-10
9.467813395553568011e-10
8.996719923273950036e-10
8.549978542776516087e-10
8.116890654839146045e-10
7.715582659048006524e-10
7.330106531467045847e-10
6.963140006955611645e-10
6.615804594654217971e-10
6.287141707302260066e-10
5.958544299076805957e-10
5.662395326007493958e-10
5.387093728695544575e-10
5.110022583580804296e-10
4.849875763848911653e-10
4.609485933820065381e-10
4.371005240124604293e-10
4.160552770584557066e-10
3.941225643625093042e-10
3.744236510401433389e-10
3.551027663612186591e-10
3.373210243292860240e-10
3.206069595472954193e-10
3.033654277522783079e-10
2.888846581674611922e-10
2.740076237918104699e-10
2.601217204395135651e-10
2.465448534861619497e-10
2.342271711476477881e-10
2.221812922437833596e-10
2.107971186881882284e-10
2.000985392911851814e-10
1.903704642671185341e-10
1.802145977334773874e-10
1.713990554866568254e-10
1.623379270100852225e-10
1.540590332254772210e-10
1.462747080084378946e-10
1.390123342798699007e-10
1.317150442493445940e-10
1.253148680657821816e-10
1.185437407234304235e-10
1.127792641223107500e-10
1.069210094850884752e-10
1.016360864395233748e-10
9.645415959718436526e-11
9.143700696880109378e-11
8.681142874757333752e-11
8.235522103075714831e-11
7.826049325332542291e-11
7.423870317501216105e-11
7.054577011861910117e-11
6.697477404519098891e-11
6.356765587511780035e-11
6.028544495184346416e-11
5.727329034594663486e-11
5.438258216518455766e-11
5.154000352147167899e-11
4.894496644307195239e-11
4.663011870570640127e-11
4.427989542259673150e-11
4.188755283535057117e-11
3.982941009211120281e-11
3.788940429719682036e-11
3.586800651751649697e-11
3.408709111209687642e-11
3.251078278295989090e-11
3.079084009064579063e-11
2.921003430254292662e-11
2.777447824926791286e-11
2.639572055990831234e-11
2.506277381015612721e-11
2.377978966046641383e-11
2.266405656312131068e-11
2.144072189350395580e-11
2.040787902335208165e-11
1.942448685982438492e-11
1.835102437555059936e-11
1.758062213996546663e-11
1.658238491994505594e-11
1.584041888606706654e-11
1.498122936847314351e-11
1.428779246092484117e-11
1.358272965168877689e-11
1.287044736130498498e-11
1.223754206460734152e-11
1.164316243466118564e-11
1.108819070036643761e-11
1.047725141034359832e-11
9.982624210042633542e-12
9.500268473603439828e-12
9.012727928610333304e-12
8.560734261406695889e-12
8.161250429949097162e-12
7.734605763748609217e-12
7.358335965474043496e-12
6.989404621558600212e-12
6.636680150308704406e-12
6.322063904346130180e-12
5.973788273128021559e-12
5.704188363546313213e-12
5.393165014507595295e-12
5.133351371765159277e-12
4.887860078979165442e-12
4.609665428927350021e-12
4.406562289179322717e-12
4.149395496445920651e-12
3.954265300910758959e-12
3.734402621939888765e-12
3.554941533115714830e-12
3.360697286908872882e-12
3.181706866937353837e-12
3.007785871984217921e-12
2.843276127256115090e-12
2.690481584961377621e-12
2.542050527553535589e-12
2.400663417595323867e-12
2.257460735884637814e-12
2.119298483812428427e-12
1.997214778435218135e-12
1.877928928709657097e-12
1.762294918574342430e-12
1.646102583299150034e-12
1.537680292884196490e-12
1.435094618466381192e-12
1.340781517926607875e-12
1.242969493321450583e-12
1.150269082544605493e-12
1.065440317619694785e-12
9.842970371978921355e-13
9.024687053266596928e-13
8.278181209397917673e-13
7.582767172112696785e-13
6.940935738761944270e-13
6.298548223211170672e-13
5.687316380344171167e-13
5.168246003291288678e-13
4.672333482863964412e-13
4.195293349587142064e-13
3.767408938227476461e-13
3.434068371869978550e-13
3.065430370345149761e-13
2.783532840216543806e-13
2.541244706535610839e-13
2.283845231200620368e-13
2.147988756070999163e-13
1.994180996066832031e-13
1.844294205904751670e-13
1.800564305154140397e-13
1.679796242376876774e-13
1.654836967956559725e-13
1.596587301768925914e-13
1.571225489590702159e-13
1.525978941528119893e-13
1.477916051097156602e-13
1.449883877188904475e-13
1.374678941558221743e-13
1.323954557638314094e-13
1.227888981586882026e-13
1.140497140308846665e-13
1.045184553288659758e-13
9.350033804883236580e-14
8.246898404831546574e-14
7.241753696342063726e-14
6.287300357418109061e-14
5.485085828925522336e-14
4.714212227112410127e-14
4.317399374541687216e-14
3.923281666027226567e-14
3.758374659850806524e-14
3.696538797008621431e-14
3.805694949410175106e-14
3.805784939624712347e-14
3.911459347875219539e-14
3.875473065162014755e-14
3.697795181841956781e-14
3.431999535835565415e-14
3.051979603133680307e-14
2.555622717166055818e-14
2.162179084628006141e-14
1.730858879003177306e-14
1.515925087910364358e-14
1.385561723295168935e-14
1.399512421888028703e-14
1.487015866722304757e-14
1.547754737271433361e-14
1.603909944377014450e-14
1.539789014730204738e-14
1.439540139045640980e-14
1.221746933364124806e-14
1.002300353341236923e-14
7.715284513667255972e-15
6.553081889068195166e-15
6.295380098648042424e-15
7.127815059225700706e-15
7.932487093495677136e-15
8.313143236937418161e-15
7.595000547020432579e-15
6.316413620592289942e-15
4.826318201334363969e-15
3.821014229271723777e-15
3.331813817254033270e-15
3.762734071897214780e-15
4.628138218068189913e-15
5.077869487294527282e-15
4.219753501845840000e-15
2.781896672201210955e-15
1.877112452218210403e-15
2.204884520975085347e-15
2.845347611267846217e-15
3.089274217122016741e-15
2.712653095670700828e-15
1.967383295464088281e-15
1.233724131670587999e-15
1.483656816202091998e-15
2.078236378596459352e-15
1.991951317175426449e-15
1.378692136769390886e-15
1.132170556103287958e-15
9.505230435793827531e-16
1.255754948627829545e-15
1.550013279948669331e-15
9.334024123986415311e-16
5.233475201664624374e-16
9.588654128335810520e-16
1.021601657489399260e-15
8.825126068065388451e-16
3.480010333158616873e-16
6.980625651505645353e-16
8.463151114559658700e-16
4.644144338602003949e-16
4.294987877279859776e-16
5.035977272708301421e-16
6.322713245549433882e-16
2.531683643995528308e-16
3.852605314509102268e-16
4.942158279524878877e-16
2.714142140727504952e-16
2.539345842361210667e-16
4.244062177845779412e-16
1.885045934701572318e-16
2.553343024173475069e-16
2.918178785939716099e-16
1.750375841764166389e-16
2.048956200255419960e-16
2.421338886702431964e-16
1.006186542170558392e-16
2.429810033838937685e-16
9.608233160202093253e-17
1.759153841588558588e-16
1.242859285753138400e-16
1.167973690341118297e-16
1.322745130168708886e-16
8.700013970899577745e-17
1.204715699891821547e-16
7.442184230760892727e-17
1.024514474478947304e-16
6.727564939400893476e-17
8.568085100735047874e-17
6.088916208888457699e-17
7.196424327486607169e-17
5.441043068733838530e-17
6.098376711687210632e-17
4.805443974682045538e-17
5.207449327304513725e-17
4.209807300247538571e-17
4.470646317042596880e-17
3.668791586978577352e-17
3.851884863202063697e-17
3.186545255682690775e-17
3.326771657810238130e-17
2.761435361788431102e-17
2.878084364928669986e-17
2.389192552093058200e-17
2.493002284473948292e-17
2.064601845155229276e-17
2.161540536483157065e-17
1.782334030714829540e-17
1.875660321210039767e-17
1.537328397237842347e-17
1.628740502885818741e-17
1.324951174109220453e-17
1.415243949902120568e-17
1.141043856616346303e-17
1.230492848040920088e-17
9.819185013347112552e-18
1.070508256486051208e-17
8.443286066175255909e-18
9.318898304085374719e-18
7.254300255180870438e-18
8.117221772211491212e-18
6.227392113119797790e-18
7.074998633715041579e-18
5.340924300464007507e-18
6.170661077660451434e-18
4.576076596323095633e-18
5.385619160657964460e-18
3.916498889386505140e-18
4.703834242567388177e-18
3.347999982435279533e-18
4.111458506139108427e-18
2.858271283194588399e-18
3.596528605381973932e-18
2.436643114346236392e-18
3.148704242982190826e-18
2.073870776470672396e-18
2.759044390162618632e-18
1.761947359547105439e-18
2.419815310079789725e-18
1.493940351857919797e-18
2.124325552465871358e-18
1.263849270205972397e-18
1.866783959551501121e-18
1.066481790203796178e-18
1.642177332159937376e-18
8.973460633502306453e-19
1.446164961219660878e-18
7.525572072338018300e-19
1.274987626135642338e-18
6.287561356321331593e-19
1.125389053591770357e-18
5.230391578614663460e-19
9.945480877449336324e-19
4.328969298004834456e-19
8.800201057116177955e-19
3.561615477680871774e-19
7.796863991106727612e-19
2.909607117298437451e-19
6.917104367707316567e-19
2.356780267985244171e-19
6.145000661246825397e-19
1.889186347988578775e-19
5.466748507842336441e-19
1.494794751825489466e-19
4.870378474186722247e-19
1.163235609490965127e-19
4.345512278393721219e-19
8.855774070609580236e-20
3.883152196323369945e-19
6.541348909082459259e-20
3.475499406357043924e-19
4.623033213501133829e-20
