# bin_2_2
5.597750113748571919e-08
5.623663617931428654e-08
5.646317590391608039e-08
5.669766082531802683e-08
5.693940231025266419e-08
5.717352652280482280e-08
5.740462341797941838e-08
5.763239794133361529e-08
5.785658930865830095e-08
5.807690604993447920e-08
5.829285382558374441e-08
5.850696059864375441e-08
5.871392360519720986e-08
5.891396564947435697e-08
5.911055168022709787e-08
5.930141984481191502e-08
5.948635109831182216e-08
5.966474586008327653e-08
5.983643297636055747e-08
6.000110218459158252e-08
6.015171795915162867e-08
6.030787342218357695e-08
6.046047169483018063e-08
6.058229298388605535e-08
6.070688231926253121e-08
6.082125598450512176e-08
6.092646036152239706e-08
6.102167551415180582e-08
6.110683388366534433e-08
6.118108209489227064e-08
6.124356477912498808e-08
6.129502830095193404e-08
6.133458155791921651e-08
6.136157694936589703e-08
6.137629281251450864e-08
6.137645947216045468e-08
6.139590520897672833e-08
6.133975912035474401e-08
6.129958382840547091e-08
6.124489127017257212e-08
6.117522680507954048e-08
6.109018167789720442e-08
6.098939297360669218e-08
6.087247157121467271e-08
6.073834335342457447e-08
6.059201985291610092e-08
6.042194601615580284e-08
6.023729753056693674e-08
6.003484969681358909e-08
5.981431070439264692e-08
5.957544298334548734e-08
5.931782807736391995e-08
5.903037062414734979e-08
5.874589447532319381e-08
5.843095324119939855e-08
5.809638285001259300e-08
5.774214647421359455e-08
5.736775149124337979e-08
5.697315272483465270e-08
5.655819768915976608e-08
5.612367083939129479e-08
5.566689154472586245e-08
5.519023514051067456e-08
5.469300460490651471e-08
5.417611878822106687e-08
5.363248958997219927e-08
5.307654265294654311e-08
5.249636071007774973e-08
5.189546446402392991e-08
5.127425088376942795e-08
5.063264459269631617e-08
4.997087162408330069e-08
4.928914665865563788e-08
4.858765423717545913e-08
4.786626383181563084e-08
4.712664728420579102e-08
4.636780392867421995e-08
4.559045919438693177e-08
4.479501293574232628e-08
4.398200881852436491e-08
4.315201448236866629e-08
4.230565799392461511e-08
4.144333374784366152e-08
4.056568771142895149e-08
3.967330936839683346e-08
3.876695239593642267e-08
3.784754462686413920e-08
3.691522344759170925e-08
3.597152249789043906e-08
3.501701320876375962e-08
3.405246664230360402e-08
3.307876924018392510e-08
3.209690152994107234e-08
3.110793287419963101e-08
3.011283285596523966e-08
2.911258389226338179e-08
2.810806797341705991e-08
2.710138361262009820e-08
2.609086705376706982e-08
2.507644757520231911e-08
2.406211924424307089e-08
2.305068935016127886e-08
2.204042422252462477e-08
2.105530949152998816e-08
2.004507067937271902e-08
1.905543443598634736e-08
1.807402464178554627e-08
1.710180745005626040e-08
1.614007533508994799e-08
1.519074813086837962e-08
1.425434734414648005e-08
1.333238624344785745e-08
1.242590949346473136e-08
1.153636270693618705e-08
1.066489041486986987e-08
9.812647300458521093e-09
8.980879229415148764e-09
8.170591923644462944e-09
7.382913378526801108e-09
6.618837338561883646e-09
5.879284855190159523e-09
5.165333244060556780e-09
4.477660674014757820e-09
3.816898886295942851e-09
3.184006206515747260e-09
2.580094342092907806e-09
2.004761389390178259e-09
1.458867526135971670e-09
9.427328823084726149e-10
4.564192723986908243e-10
6.061379526508813279e-13
-4.252073747583904833e-10
-8.209010055070072852e-10
-1.186716668192913592e-09
-1.522928703111378903e-09
-1.830136078615649925e-09
-2.108784748355286281e-09
-2.359575160169879924e-09
-2.583473861372741178e-09
-2.781286337796956484e-09
-2.954198860209796870e-09
-3.103435802505296492e-09
-3.230272477027883126e-09
-3.336213850897038071e-09
-3.422809571384456781e-09
-3.491642241670395502e-09
-3.544519463870564359e-09
-3.583203185684729580e-09
-3.609592906704014145e-09
-3.625484594835249685e-09
-3.632448456489325093e-09
-3.631681811831051981e-09
-3.624898649676229253e-09
-3.614157895571977287e-09
-3.601738914287089259e-09
-3.589718116690113073e-09
-3.579847462630567996e-09
-3.573862058563209586e-09
-3.573043480683042004e-09
-3.578162210542480865e-09
-3.590076065840604328e-09
-3.608677171436987672e-09
-3.634824819908911732e-09
-3.667189389404759178e-09
-3.705390590152343201e-09
-3.748303596851496522e-09
-3.795308501026216124e-09
-3.846809960440740962e-09
-3.900837003040804253e-09
-3.954028067402227425e-09
-4.003962592000264639e-09
-4.048612062141656443e-09
-4.085989724434989098e-09
-4.113878424922775430e-09
-4.129781577042605753e-09
-4.130986312430976621e-09
-4.114767622537134160e-09
-4.078709723887951812e-09
-4.021081434744003128e-09
-3.941129426205167245e-09
-3.839250221470819464e-09
-3.716905241188062176e-09
-3.576676745710263570e-09
-3.422130903362220695e-09
-3.257400258496608192e-09
-3.087194025288445332e-09
-2.916274033606474656e-09
-2.749358833142711504e-09
-2.591037333223299586e-09
-2.445343979465922671e-09
-2.315817539085291450e-09
-2.205048785865724144e-09
-2.114529275685084129e-09
-2.044461503273613030e-09
-1.993736131582022327e-09
-1.959763495374636531e-09
-1.938725534253004257e-09
-1.925462679374948036e-09
-1.913984787930418177e-09
-1.897863667766097334e-09
-1.871171284519923912e-09
-1.829409608035840934e-09
-1.770412529107339967e-09
-1.694700379558251625e-09
-1.605103931564975365e-09
-1.506147908415252031e-09
-1.403368932844994115e-09
-1.302841152450119702e-09
-1.210474248109879860e-09
-1.131140252309481820e-09
-1.067754481313810822e-09
-1.020519505962985756e-09
-9.870095293938299100e-10
-9.627363026340414613e-10
-9.420529849617946255e-10
-9.192282880750584548e-10
-8.896336299824319214e-10
-8.508861202240576154e-10
-8.033602991903780511e-10
-7.499674034235665983e-10
-6.951379137328416656e-10
-6.437140484768731419e-10
-5.995998349658242747e-10
-5.644192291920890598e-10
-5.372111241107649138e-10
-5.149672007723731429e-10
-4.939270504194480477e-10
-4.708422565532826646e-10
-4.440798535897367298e-10
-4.142445260247202387e-10
-3.836911080219488645e-10
-3.551951093339497310e-10
-3.306692614781417368e-10
-3.104218987388367372e-10
-2.932154286156435113e-10
-2.768866554424916360e-10
-2.599133139664317934e-10
-2.419868445061067063e-10
-2.240041413419704576e-10
-2.073590740030228964e-10
-1.929952319530893399e-10
-1.806980995356962024e-10
-1.695212636544423580e-10
-1.585758006527828045e-10
-1.476339381280729140e-10
-1.371309258120916038e-10
-1.276742968205989257e-10
-1.194688277108460639e-10
-1.122053911809043496e-10
-1.054362911820780249e-10
-9.898752509280606997e-11
-9.301267258120952814e-11
-8.771300785783565217e-11
-8.309253647494791232e-11
-7.897928974744719165e-11
-7.524426536144423621e-11
-7.188864313495510687e-11
-6.896285608360043775e-11
-6.644888190831253646e-11
-6.427816511132714043e-11
-6.241054835729712475e-11
-6.083256353188499003e-11
-5.953050014591854194e-11
-5.848171864095719345e-11
-5.766072821683587660e-11
-5.704555223188379047e-11
-5.661597245746208732e-11
-5.635151238919913948e-11
-5.623244330567132571e-11
-5.623989702985081875e-11
-5.635547660347938596e-11
-5.656207372797250954e-11
-5.684463047901029375e-11
-5.719004468717634984e-11
-5.758574752692535825e-11
-5.801928984477352309e-11
-5.848003946298644781e-11
-5.895351948049777587e-11
-5.942997352986780793e-11
-5.989936183572909193e-11
-6.035323422201545371e-11
-6.078441722886968866e-11
-6.118648534962345134e-11
-6.155333324070543682e-11
-6.187907628880078593e-11
-6.215822007154605819e-11
-6.238557613808400871e-11
-6.255672744006669609e-11
-6.266861561185620336e-11
-6.271961825799801124e-11
-6.270810569210863012e-11
-6.263313218498998037e-11
-6.249396737089794251e-11
-6.229009489447019299e-11
-6.202112776592178186e-11
-6.168709253904780486e-11
-6.128871814846126385e-11
-6.082745453843119804e-11
-6.030522786591307392e-11
-5.972425669291065495e-11
-5.908674885148243870e-11
-5.839550072800588361e-11
-5.765320607274053619e-11
-5.686222275729697053e-11
-5.602542434320652343e-11
-5.514587930572421352e-11
-5.422680716666298800e-11
-5.327152139920562225e-11
-5.228337812919481085e-11
-5.126577282859946956e-11
-5.022201305609255289e-11
-4.915539772536700308e-11
-4.806956476901810782e-11
-4.696783984041504368e-11
-4.585295568428674670e-11
-4.472783746729454434e-11
-4.359535608054597328e-11
-4.245759233433766708e-11
-4.131885864536693991e-11
-4.018153860112262632e-11
-3.904660904259525608e-11
-3.791753764153307161e-11
-3.679675832743273844e-11
-3.568567703365450294e-11
-3.458599355997366820e-11
-3.349935773918357291e-11
-3.242694273731082881e-11
-3.137094684886575396e-11
-3.033247831590077603e-11
-2.931217082753121990e-11
-2.831162684192930620e-11
-2.733176178523129125e-11
-2.637274122658103626e-11
-2.543522507403490524e-11
-2.451966370514577373e-11
-2.362703941017920093e-11
-2.275703806325110567e-11
-2.190993269487142049e-11
-2.108659595040135983e-11
-2.028608618697649794e-11
-1.950908471690921053e-11
-1.875529264485738265e-11
-1.802442243070308947e-11
-1.731628467362422383e-11
-1.663118649540864832e-11
-1.596774219535745490e-11
-1.532570702726702704e-11
-1.470571304063305733e-11
-1.410698455720195093e-11
-1.352912502843987146e-11
-1.297152625675349715e-11
-1.243387791762242574e-11
-1.191565340130695260e-11
-1.141639332024571065e-11
-1.093554410138733013e-11
-1.047266854313192868e-11
-1.002731815312520899e-11
-9.599062188073263372e-12
-9.187252566778113020e-12
-8.791867188158002962e-12
-8.411934988375574853e-12
-8.047021927342111495e-12
-7.696808440940424814e-12
-7.360371261901517046e-12
-7.037788766729398844e-12
-6.728607953369374793e-12
-6.431912241811215960e-12
-6.147742289422518319e-12
-5.875420658904267687e-12
-5.614660388644577700e-12
-5.364598585694408888e-12
-5.125208082908226146e-12
-4.896001142979701982e-12
-4.676694871294320849e-12
-4.466926125162346732e-12
-4.266301567381844482e-12
-4.074414292759192781e-12
-3.891036585321792722e-12
-3.715688725184963284e-12
-3.548083472713548740e-12
-3.387903303092511271e-12
-3.234816790972726664e-12
-3.088472000406926019e-12
-2.948504737460206187e-12
-2.814729326001620884e-12
-2.686648889453300009e-12
-2.564042644376166595e-12
-2.446640901984309231e-12
-2.334455441107054269e-12
-2.227267611380805946e-12
-2.125215285824269618e-12
-2.028247520090465517e-12
-1.936385098636061959e-12
-1.849580718669462670e-12
-1.767913681362133653e-12
-1.691030785048893769e-12
-1.618357279272557526e-12
-1.549206257195442680e-12
-1.482767084605155720e-12
-1.418112486966989254e-12
