# bin_2_1
4.599804668022216385e-08
4.616199779534547718e-08
4.632340638478569458e-08
4.647771319258144945e-08
4.663895857238693269e-08
4.679277591311774172e-08
4.694368191150136031e-08
4.709147670353050549e-08
4.723592232633449947e-08
4.737692552264661937e-08
4.751388833204128468e-08
4.764749624677912740e-08
4.777878724628416214e-08
4.790180163789849474e-08
4.802218352351994972e-08
4.813778652186304245e-08
4.824840013781348287e-08
4.835384453723469069e-08
4.845376195271880803e-08
4.854806494349825356e-08
4.863004546778814994e-08
4.871892232446784477e-08
4.880582215495270335e-08
4.886444366207248926e-08
4.892768425252480591e-08
4.898295244582992264e-08
4.903143837506612761e-08
4.907248627759655306e-08
4.910619076494905309e-08
4.913187662144763840e-08
4.914892899487493396e-08
4.915807373557587466e-08
4.915879101214372596e-08
4.915069313972738144e-08
4.913382981329593287e-08
4.910774747507171712e-08
4.910230672492959119e-08
4.902762647746401585e-08
4.897310688101661574e-08
4.890884629128827314e-08
4.883460224675575129e-08
4.875018083424293595e-08
4.865543799911067686e-08
4.855020458805029444e-08
4.843365759969161268e-08
4.831104680105447990e-08
4.817090426249382045e-08
4.802280908628006106e-08
4.786369474102983717e-08
4.769348867897691117e-08
4.751217337338270554e-08
4.731954223923213009e-08
4.710486938277813802e-08
4.690075629121275213e-08
4.667441275753040742e-08
4.643674669227062368e-08
4.618793607818651027e-08
4.592771196134445392e-08
4.565617076466517045e-08
4.537358207244122122e-08
4.508070968017508824e-08
4.477520578343506470e-08
4.445955323795688202e-08
4.413324691826785682e-08
4.379728122869080124e-08
4.344513236917097074e-08
4.309068195880773203e-08
4.272263509207294220e-08
4.234453492345834451e-08
4.195685652675174762e-08
4.155958555739365033e-08
4.115306821031108084e-08
4.073755052331476837e-08
4.031328959813503006e-08
3.988016193101098206e-08
3.943981784733151878e-08
3.899124040232583211e-08
3.853518057772283029e-08
3.807204518212555959e-08
3.760205520208072241e-08
3.712570314939376087e-08
3.664345829789324192e-08
3.615557074622567507e-08
3.566248269902033889e-08
3.516454704721385016e-08
3.466225648986213430e-08
3.415623458898785395e-08
3.364625878545748201e-08
3.313343405796034270e-08
3.261796217183950211e-08
3.210028091004894225e-08
3.158080309393787631e-08
3.105997540239881414e-08
3.053831327724825911e-08
3.001617581661913917e-08
2.949402333392140480e-08
2.897221099696249093e-08
2.845124756845155045e-08
2.793158561787011068e-08
2.741338486491068141e-08
2.689701387587411148e-08
2.638325806170058468e-08
2.586963367761237665e-08
2.536527215179807795e-08
2.486120632221474068e-08
2.436073152476733371e-08
2.386436791517966186e-08
2.337218132547653983e-08
2.288452418234024315e-08
2.240220650102967344e-08
2.192476371478973647e-08
2.145267543517570601e-08
2.098595352802792336e-08
2.052497812942985680e-08
2.006983776022724533e-08
1.962063775027361510e-08
1.917758101432295343e-08
1.874066005057431864e-08
1.831000155032554471e-08
1.788560979842493910e-08
1.746760145742536295e-08
1.705592904664806105e-08
1.665061893742594294e-08
1.625168640589028846e-08
1.585868417987232187e-08
1.547274895554138635e-08
1.509267877457959999e-08
1.471882828366024725e-08
1.435109909229705666e-08
1.398928051560370725e-08
1.363381790922102868e-08
1.328410116118529012e-08
1.294027972102972892e-08
1.260224750337929297e-08
1.226993472061522755e-08
1.194331434891960278e-08
1.162229047303588211e-08
1.130685461285906681e-08
1.099692652254205196e-08
1.069254936360924326e-08
1.039363318856998438e-08
1.010019657632635648e-08
9.812246049215957153e-09
9.529781191191838092e-09
9.252805545447724253e-09
8.981394442216971914e-09
8.715517239392036537e-09
8.455238463853282764e-09
8.200585758796838752e-09
7.951617361785037683e-09
7.708348227449850081e-09
7.470860679252478655e-09
7.239170391635891331e-09
7.013312188541758423e-09
6.793194227755693783e-09
6.578810117638739393e-09
6.370196358096592583e-09
6.167391694159055869e-09
5.970369773247130520e-09
5.779336927027015472e-09
5.594085798715574179e-09
5.414649285726753577e-09
5.241037188545268912e-09
5.073161994776961274e-09
4.910990930808015688e-09
4.754367995743214185e-09
4.603349059566018225e-09
4.457607299165709608e-09
4.316922515721059703e-09
4.181310786922104277e-09
4.050855635796768390e-09
3.925254582411725310e-09
3.804110920537777384e-09
3.687161520097342679e-09
3.574200205024188318e-09
3.465030772762635898e-09
3.359403749526835894e-09
3.257050547271252969e-09
3.157659477066989386e-09
3.060890927591373690e-09
2.966404613948058281e-09
2.873913334550715323e-09
2.783181140610647486e-09
2.694027265369228371e-09
2.606385575735381730e-09
2.520221400968416161e-09
2.435594058531525443e-09
2.352671413364379069e-09
2.271584243353806683e-09
2.192542782054021744e-09
2.115371117822230659e-09
2.041532583618362206e-09
1.970038108546935669e-09
1.901501031040533175e-09
1.836099982350128700e-09
1.774014475820407180e-09
1.715239895680143066e-09
1.659765349606599016e-09
1.607557215142351249e-09
1.558307299059296641e-09
1.511734852492957143e-09
1.467268622026153573e-09
1.424769443139974938e-09
1.383272521628994882e-09
1.342392431003667478e-09
1.301747906005329727e-09
1.261225372832749335e-09
1.220792605084647256e-09
1.180606233205628323e-09
1.140901612943739754e-09
1.102016665486948630e-09
1.064369749827052704e-09
1.028392792922982511e-09
9.944244244781134802e-10
9.625733298949195895e-10
9.328012516351324916e-10
9.048281815140751424e-10
8.783105546237627204e-10
8.527173110760803330e-10
8.275668534604213733e-10
8.025434763685531316e-10
7.775115240399558864e-10
7.525492142825556177e-10
7.279024088073466137e-10
7.039491608334767133e-10
6.810560302010701529e-10
6.594385259742039995e-10
6.389590795977027464e-10
6.195265645754520641e-10
6.007760967872419420e-10
5.823786082591370039e-10
5.641266969213522305e-10
5.460168421691044791e-10
5.282494738043944340e-10
5.110539285273521987e-10
4.946062384278069802e-10
4.789457403016411629e-10
4.639187883397845836e-10
4.493057656913269263e-10
4.349200260863893323e-10
4.207300815346022213e-10
4.068458412709614330e-10
3.934317363798703654e-10
3.805738469059804430e-10
3.682195975337576669e-10
3.562344867261485516e-10
3.445027261005086833e-10
3.329982832034622465e-10
3.217921624041229417e-10
3.109672840901028931e-10
3.005360098957534137e-10
2.904393108613568299e-10
2.806061897557943745e-10
2.710158545068034890e-10
2.616969876625039815e-10
2.526778429230421424e-10
2.439499831132222251e-10
2.354816000472211467e-10
2.272526824497816303e-10
2.192658098029301716e-10
2.115266411514802786e-10
2.040279554087356682e-10
1.967579163771722709e-10
1.897091389846698203e-10
1.828775433747834150e-10
1.762590699250884947e-10
1.698484491302816347e-10
1.636403252296188661e-10
1.576294409612641237e-10
1.518106178878663607e-10
1.461789271266242271e-10
1.407297340152452003e-10
1.354582515452845895e-10
1.303593507903006639e-10
1.254284232212776132e-10
1.206612433766104218e-10
1.160535429412505172e-10
1.116009987946911056e-10
1.072993467881684267e-10
1.031444044772744777e-10
9.913200447714489774e-11
9.525806290408123703e-11
9.151864552219110491e-11
8.790999466287182715e-11
8.442845523176953826e-11
8.107034056326167177e-11
7.783197752412722864e-11
7.470976639896269025e-11
7.170003213700972565e-11
6.879886775539044360e-11
6.600317005858200309e-11
6.330965102173852411e-11
6.071513637544678017e-11
5.821650558508692167e-11
5.581071278154975925e-11
5.349475844334288886e-11
5.126571007287111550e-11
4.912069390444142091e-11
4.705693357576828433e-11
4.507170701382818741e-11
4.316254978137416208e-11
4.132659672927536070e-11
3.956116769493127210e-11
3.786406928189458577e-11
3.623291388002199118e-11
3.466566520270172062e-11
3.315981118069797238e-11
3.171331949445971847e-11
3.032414283296684274e-11
2.899029591115886137e-11
2.770979598441542838e-11
2.648052624812600648e-11
2.530078314566803631e-11
2.416914905257617376e-11
2.308321888319501769e-11
2.204171313351630098e-11
2.104305814501976398e-11
2.008624450241411896e-11
1.916864323999203916e-11
1.828903177409438898e-11
1.744687922689705395e-11
1.664032707076773925e-11
1.586723778044889242e-11
1.512760960483060570e-11
1.441930085538921321e-11
1.374175117699821427e-11
1.309337946563043977e-11
1.247318924122520431e-11
1.188017848814078417e-11
1.131318600745827550e-11
1.077147422266565507e-11
1.025322103163287456e-11
9.758461497899206066e-12
9.285909347095487747e-12
8.834611774152179323e-12
8.403810335346764155e-12
7.992645122735480678e-12
7.600217707445497513e-12
7.225836003896970599e-12
6.868917251845972894e-12
6.528401918502053447e-12
6.203844769949452353e-12
5.894443067300169307e-12
5.599741913741415155e-12
5.318880160560565339e-12
5.051458664071200090e-12
4.796700684422016857e-12
4.554233188841340708e-12
4.323399076550980821e-12
4.103677282103385824e-12
3.894692287646642346e-12
3.695874461635798444e-12
3.506782061982341352e-12
3.326935195106915287e-12
3.155980329894001002e-12
2.993458887607488459e-12
2.839007272478803252e-12
2.692228826103194646e-12
2.552724624109675271e-12
2.420286973383827872e-12
2.294408473749632941e-12
2.174907130198855621e-12
2.061606343477372748e-12
1.953952240240584118e-12
1.851766645321182091e-12
1.754779622372733724e-12
1.662779443991739284e-12
1.575441669564124198e-12
1.492597486658730948e-12
1.414025774373442764e-12
1.339639326540863754e-12
1.269048108378446027e-12
1.202138317178709038e-12
1.138662935422459753e-12
1.078490357300184735e-12
1.021395392712512994e-12
9.674328461691410713e-13
9.162173262723023111e-13
8.676626834238890062e-13
8.216937236617549893e-13
7.780727365326434753e-13
7.367823984754454344e-13
6.976813147182206857e-13
6.606628749001926394e-13
6.256500698398393398e-13
5.925413580435638405e-13
5.612546194572990965e-13
5.316860473310289220e-13
5.037238206703070435e-13
4.772509814841995216e-13
4.521542842520071148e-13
4.283154256048480762e-13
4.056212559289664893e-13
3.839642728686245120e-13
3.632397790995060016e-13
3.434133259377859784e-13
3.244854591234117523e-13
3.065225832568405003e-13
2.895964054894300383e-13
2.738127692212432444e-13
