# k_h
7.194021600298587573e-05
1.004006553557700867e-04
1.401204062858596715e-04
1.955537736648692326e-04
2.729172701947389407e-04
3.808867477346213298e-04
5.315702874213457108e-04
7.418660679832098700e-04
1.035357476212083860e-03
1.444957801140844388e-03
2.016601152718067603e-03
2.814393490552901354e-03
3.927802667021750536e-03
4.060935694724321365e-03
4.198581911623478803e-03
4.340893123298882571e-03
4.488028120249511546e-03
4.640150349587203807e-03
4.797428846359252062e-03
4.960038233548403654e-03
5.128159187734125310e-03
5.301978904753924283e-03
5.481690168380738172e-03
5.667492281645537290e-03
5.859592929482460889e-03
6.058204453438519564e-03
6.263548042625187960e-03
6.475851405411960429e-03
6.695351097732780629e-03
6.922291126102207356e-03
7.156922947615384188e-03
7.399507332593204326e-03
7.650314830243586627e-03
7.909622974693775177e-03
8.177720941603183746e-03
8.454904891550537455e-03
8.741484954953197134e-03
9.037778712809084111e-03
9.344115853309633082e-03
9.660835377871991939e-03
9.988290257751941681e-03
1.032684464007616217e-02
1.067687384784221996e-02
1.103876810520887375e-02
1.141292881220579321e-02
1.179977133870124643e-02
1.219972502440213810e-02
1.261323690414429058e-02
1.304076332598925331e-02
1.348278205841779709e-02
1.393978204578161760e-02
1.441227272152900175e-02
1.490077842026948235e-02
1.540584210306406195e-02
1.592802442610263824e-02
1.646790653467178692e-02
1.702608913183212280e-02
1.760318875312805523e-02
1.819985173642634999e-02
1.881673745810985912e-02
1.945453323423862804e-02
2.011394686996936451e-02
2.079571224749087940e-02
2.150058373808861126e-02
2.222934924066067089e-02
2.298281528055667530e-02
2.376182004809379578e-02
2.456722967326640389e-02
2.539994008839130055e-02
2.626087330281734467e-02
2.715098857879637978e-02
2.807127498090267181e-02
2.902275323867797852e-02
3.000648319721222271e-02
3.102355636656285026e-02
3.207510337233542702e-02
3.316229209303856590e-02
3.428633138537406921e-02
3.544846922159194946e-02
3.665000200271607139e-02
3.789225593209266663e-02
3.917662054300308228e-02
4.050451517105101845e-02
4.187741875648498535e-02
4.329685866832733154e-02
4.476441070437432029e-02
4.628170654177665017e-02
4.785043001174926758e-02
4.947232455015183189e-02
5.114919692277907631e-02
5.288290604948996804e-02
5.467537790536882575e-02
5.652860552072527106e-02
5.919305607676506042e-02
6.185751035809518295e-02
6.452196091413497925e-02
6.718641519546508789e-02
6.985086947679519653e-02
7.251531630754469437e-02
7.517977058887483077e-02
7.784422487020492554e-02
8.050867915153503418e-02
8.317312598228453202e-02
8.583758026361465454e-02
8.850203454494477706e-02
9.116648882627485795e-02
9.383093565702436967e-02
9.649538993835451994e-02
9.915984421968461471e-02
1.018242985010146956e-01
1.044887453317642351e-01
1.071531996130943298e-01
1.098176538944244385e-01
1.124821081757545471e-01
1.151465550065040588e-01
1.178110092878341675e-01
1.204754635691642900e-01
1.231399103999138156e-01
1.258043646812438687e-01
1.284688115119934082e-01
1.311332732439041138e-01
1.337977200746536255e-01
1.364621818065643311e-01
1.391266286373138428e-01
1.417910754680633545e-01
1.444555371999740601e-01
1.471199840307235718e-01
1.497844308614730835e-01
1.524488925933837891e-01
1.551133394241333008e-01
1.577778011560440063e-01
1.604422479867935181e-01
1.631066948175430298e-01
1.657711565494537354e-01
1.684356033802032471e-01
1.711000502109527865e-01
1.737645119428634644e-01
1.764289587736129761e-01
1.790934205055237094e-01
1.817578673362731378e-01
1.844223141670227051e-01
1.870867758989333551e-01
1.897512227296829224e-01
1.924156695604324063e-01
1.950801312923431396e-01
1.977445781230926514e-01
2.004090398550033569e-01
2.030734866857528409e-01
2.057379335165024081e-01
2.084023952484130859e-01
2.110668420791625699e-01
2.195084095001220981e-01
2.282876074314117432e-01
2.374179065227508822e-01
2.469133883714675903e-01
2.567886412143707275e-01
2.670588493347167969e-01
2.777397930622100830e-01
2.888479232788085938e-01
3.004003465175628662e-01
3.124147951602935791e-01
3.249097466468811035e-01
3.379044234752655029e-01
3.514188528060913086e-01
3.654737472534179688e-01
3.800908029079437256e-01
3.952924311161041260e-01
4.111020863056183416e-01
4.275439977645874579e-01
4.446435272693634033e-01
4.624269604682922918e-01
4.809216260910033625e-01
5.001559853553771973e-01
5.201596021652221680e-01
5.409632325172424316e-01
5.625989437103271484e-01
5.850999951362609863e-01
6.085008978843688965e-01
6.328377723693847656e-01
6.581479907035827637e-01
8.140501976013183594e-01
1.006882548332214355e+00
1.245393037796020508e+00
1.540402054786682129e+00
1.905292749404907227e+00
2.356618881225585938e+00
2.914855241775512695e+00
3.605326652526855913e+00
4.459357261657714844e+00
5.515690803527832031e+00
6.822248458862302911e+00
8.438303947448732245e+00
1.043717098236084162e+01
1.290953063964843928e+01
1.596754264831543324e+01
1.974993705749511363e+01
2.442830657958984730e+01
3.021488761901855113e+01
