# bin_5_5
6.648316706294373499e-04
6.653574935899694539e-04
6.647878602904009997e-04
6.652760046531476772e-04
6.647370511670302367e-04
6.651893443957754108e-04
6.646787729861959202e-04
6.650968992228076552e-04
6.646125102192815097e-04
6.649980165547678427e-04
6.645377006483672161e-04
6.648920031125665634e-04
6.644537341992324056e-04
6.647781235427160798e-04
6.643599521457688043e-04
6.646555994927860322e-04
6.642556468088167817e-04
6.645236092708561859e-04
6.641400618912948446e-04
6.643812882408354093e-04
6.640123936164401804e-04
6.642277301292636707e-04
6.638717928551053681e-04
6.640619894401693065e-04
6.637173684514660350e-04
6.638830851975240435e-04
6.635481919764575414e-04
6.636900062496568081e-04
6.633633041505984087e-04
6.634817183835880214e-04
6.631617231876666546e-04
6.632571734970038688e-04
6.629424553033316271e-04
6.630153210642016808e-04
6.627045076113939615e-04
6.627551220962362311e-04
6.624469035823567437e-04
6.624755657356150816e-04
6.621687011595244095e-04
6.621756885233118055e-04
6.618690135048022451e-04
6.618545962303250089e-04
6.615470321714101353e-04
6.615114879374844057e-04
6.612020522578242101e-04
6.611456817696487924e-04
6.608334987809213979e-04
6.607566413310743750e-04
6.604409531044911491e-04
6.603440014431193788e-04
6.600241777663651537e-04
6.599075912506885411e-04
6.595831374775667014e-04
6.594474521576897249e-04
6.591180134291102412e-04
6.589638473991562021e-04
6.586292073905438511e-04
6.584572594217238907e-04
6.581173314854628321e-04
6.579283707118321152e-04
6.575831790989488832e-04
6.573780234240226162e-04
6.570276722742070296e-04
6.568071533063932167e-04
6.564517814047199622e-04
6.562166942414902979e-04
6.558564142920681166e-04
6.556074515030220354e-04
6.552422740190094134e-04
6.549799448786945786e-04
6.546096888707829062e-04
6.543342273812540301e-04
6.539584229347464176e-04
6.536696914926856542e-04
6.532874830146131236e-04
6.529848825879748259e-04
6.525949457388694266e-04
6.522773477294365428e-04
6.518778372532875670e-04
6.515435560607897320e-04
6.511321048947447043e-04
6.507789323163467058e-04
6.503527229971716632e-04
6.499780442618094444e-04
6.495339698151768315e-04
6.491349741877639823e-04
6.486698952831764170e-04
6.482438798022161679e-04
6.477549663329049221e-04
6.472997083103125809e-04
6.467848265717065538e-04
6.462989701285914036e-04
6.457570442548924523e-04
6.452404133229706256e-04
6.446716589886339333e-04
6.441253839871124553e-04
6.435312965116213833e-04
6.429576398405927170e-04
6.423406352796705906e-04
6.417424402850762429e-04
6.411051144730019278e-04
6.404848980544967365e-04
6.398289930338467218e-04
6.391878518581921038e-04
6.385131861675614594e-04
6.378498574174435885e-04
6.371536326998348014e-04
6.364641671314772743e-04
6.357411131220709524e-04
6.350195711551164879e-04
6.342632208285335551e-04
6.335034907134043684e-04
6.327084212899207558e-04
6.319066772545393462e-04
6.310708945757403758e-04
6.302275579720739490e-04
6.293536616142327228e-04
6.284734366632692892e-04
6.275672992522635845e-04
6.266564545818667899e-04
6.257233090880229840e-04
6.247850562623102292e-04
6.238249111275776101e-04
6.228557804670626806e-04
6.218616972626439185e-04
6.208524607526589786e-04
6.198144205717475656e-04
6.187565482859408829e-04
6.176693895539931735e-04
6.165626937262952368e-04
6.154313371411233380e-04
6.142848480885750506e-04
6.131197557773690422e-04
6.119421694326695853e-04
6.107469501657777737e-04
6.095350658697829601e-04
6.082999868667834670e-04
6.070406121335870800e-04
6.057536713524481337e-04
6.044410314138377264e-04
6.031054865178451553e-04
6.017511765083912150e-04
6.003820337233604747e-04
5.989974384167663082e-04
5.975962703126954474e-04
5.961717475857845590e-04
5.947223950018491571e-04
5.932446553504549342e-04
5.917453561370745498e-04
5.902265757035639326e-04
5.886965794907303472e-04
5.871505789317412382e-04
5.855883039535181214e-04
5.839991449778389552e-04
5.823870632371256793e-04
5.807513297259978176e-04
5.791050196601468889e-04
5.774453215805754264e-04
5.757744374485019353e-04
5.740786584592328864e-04
5.723624263288137025e-04
5.706250564648199675e-04
5.688818822251772746e-04
5.671263341896276219e-04
5.653578660509388102e-04
5.635631477579372854e-04
5.617550192725978856e-04
5.599354495233368600e-04
5.581123826059011025e-04
5.562678029815097810e-04
5.544061325057899952e-04
5.525288084765767483e-04
5.506506893406034470e-04
5.487543978171868916e-04
5.468403523641764000e-04
5.449089172432952958e-04
5.429763478839506234e-04
5.410230738335086026e-04
5.390512050762417138e-04
5.370641734902850380e-04
5.350720067192438027e-04
5.330512268263277835e-04
5.310158392430847736e-04
5.289670103041778457e-04
5.268996446530220968e-04
5.248037591584472699e-04
5.227018602464591178e-04
5.205710694475434736e-04
5.184201914180164338e-04
5.162528043577768126e-04
5.140622292097177465e-04
5.118466551712806635e-04
5.096207836464813814e-04
5.073606245758429702e-04
5.050936854500690703e-04
5.027970060903680415e-04
5.004874044964938975e-04
4.981570521800137222e-04
4.958087634030539136e-04
4.934448423065915549e-04
4.910622293027025942e-04
4.886649280360003513e-04
4.862501629366413670e-04
4.838195783069638642e-04
4.813725340453942634e-04
4.789078059567369373e-04
4.764267048989496035e-04
4.739259606355907006e-04
4.714083484761581776e-04
4.688695552363640606e-04
4.663135506226674621e-04
4.637357637262310784e-04
4.611412078737344832e-04
4.585254609902317106e-04
4.558943105632633479e-04
4.532434480809745974e-04
4.505789329344838247e-04
4.478962008549767300e-04
4.452009912721295723e-04
4.424881106735957179e-04
4.397626554934979770e-04
4.370188346205537222e-04
4.342613486395633673e-04
4.314843902094037337e-04
4.286929530721012146e-04
4.258819417660618606e-04
4.230571230191653418e-04
4.202142408322813352e-04
4.173594598020023672e-04
4.144885914611704252e-04
4.116071929572533974e-04
4.087102705396623500e-04
4.058023438864308621e-04
4.028778829599755865e-04
3.999412958605672854e-04
3.969878104786592416e-04
3.940228357154940434e-04
3.910427589426747385e-04
3.880533799665063580e-04
3.850508218504407375e-04
3.820396919675623300e-04
3.790149845068747870e-04
3.759805573562818295e-04
3.729319151803323529e-04
3.698740843966272359e-04
3.668040223120291030e-04
3.637271141203498302e-04
3.606396077482795998e-04
3.575452430653701516e-04
3.544393369034340912e-04
3.513259190107358805e-04
3.482019957998748732e-04
3.450728702197492122e-04
3.419354852326204398e-04
3.387934142127598425e-04
3.356422821780625284e-04
3.324859401211800541e-04
3.293219714146370844e-04
3.261553022879563955e-04
3.229826207812893073e-04
3.198068023010202233e-04
3.166243754939091827e-04
3.134400027883728389e-04
3.102516585505895978e-04
3.070626461892555690e-04
3.038691368989375127e-04
3.006749628324573869e-04
2.974785403184550714e-04
2.942834727405348703e-04
2.910861049352415648e-04
2.878899312327924784e-04
2.846935539954970800e-04
2.815001976878826230e-04
2.783064298309240289e-04
2.751160774304591797e-04
2.719276830002438053e-04
2.687435611401075772e-04
2.655612444492374776e-04
2.623850485215916545e-04
2.592123847165189883e-04
2.560456572914942283e-04
2.528840388450186594e-04
2.497301339600751656e-04
2.465814101126704433e-04
2.434418619084054625e-04
2.403089545209556881e-04
2.371855161235719408e-04
2.340705498332795601e-04
2.309657415868328714e-04
2.278704528708002666e-04
2.247868336486043435e-04
2.217133817210236422e-04
2.186530134134033313e-04
2.156037127906776125e-04
2.125687360528848494e-04
2.095458985957712793e-04
2.065384085045940908e-04
2.035442907356799713e-04
2.005665224481764132e-04
1.976033151372226851e-04
1.946574200559183967e-04
1.917272507982184721e-04
1.888154222210091326e-04
1.859204467589572302e-04
1.830447893854686848e-04
1.801871042900513682e-04
1.773497781934860900e-04
1.745314836474341541e-04
1.717345019283867042e-04
1.689576053798196129e-04
1.662029867829219816e-04
1.634694769890614652e-04
1.607592134134450210e-04
1.580710414169125952e-04
1.554069863315825665e-04
1.527659609887966957e-04
1.501499284915886021e-04
1.475578562207808641e-04
1.449916224190793792e-04
1.424502015032498158e-04
1.399353943471152322e-04
1.374462248750478888e-04
1.349844415936731889e-04
1.325490726665497058e-04
1.301417687495645887e-04
1.277615681314964906e-04
1.254100799326047589e-04
1.230863771686164143e-04
1.207919514165271482e-04
1.185258804589176684e-04
1.162896349495009336e-04
1.140822865737074147e-04
1.119051997620230650e-04
1.097574722384474699e-04
1.076403929859281886e-04
1.055530735530010216e-04
1.034966927449773350e-04
1.014703908461107683e-04
9.947528804279207059e-05
9.751049704540322861e-05
9.557706766852286763e-05
9.367410478456998906e-05
9.180259955500311056e-05
8.996163475766042990e-05
8.815213104066619816e-05
8.637315530265113187e-05
8.462556965941227651e-05
8.290845746517668782e-05
8.122256018137559983e-05
7.956697157558943474e-05
7.794240308356252013e-05
7.634787435848923605e-05
7.478405260921201130e-05
7.324994568951335517e-05
7.174614565983563404e-05
7.027168968996329442e-05
6.882705538944225649e-05
6.741128979299310521e-05
6.602485508603655399e-05
6.466676084477648487e-05
6.333738954150162849e-05
6.203574408033978081e-05
6.076217113342160061e-05
5.951567063776019785e-05
5.829651729269450476e-05
5.710371812879246690e-05
5.593751835447941943e-05
5.479691429571234318e-05
5.368210511635588519e-05
5.259208075061072753e-05
5.152699733811123416e-05
5.048586356815970523e-05
4.946879756298689420e-05
4.847479744082369176e-05
4.750394475446069410e-05
4.655524952143480890e-05
4.562875949109178005e-05
4.472348823821388128e-05
4.383947137567847187e-05
4.297571864838346529e-05
4.213221411556930529e-05
4.130798805558089803e-05
4.050303366651114957e-05
3.971639653945976695e-05
3.894800325882005347e-05
3.819689666777672924e-05
3.746304539390876226e-05
3.674553795880716798e-05
3.604430174820729500e-05
3.535841767705270980e-05
3.468784238236403354e-05
3.403172717792420570e-05
3.338999937042438183e-05
3.276182853499575229e-05
3.214718405614626232e-05
3.154529263560788827e-05
3.095610383134523452e-05
3.037884653810053989e-05
2.981351761630759116e-05
2.925939427535363652e-05
2.871642798242862843e-05
2.818390671179573064e-05
2.766181104637262467e-05
2.714946256413055064e-05
2.664680830780276292e-05
2.615318581710471981e-05
2.566859323819540670e-05
2.519243740151293014e-05
2.472470332292805057e-05
2.426484167057993543e-05
2.381291110908390524e-05
2.336844663784008245e-05
2.293151137806674804e-05
2.250161426776711119e-05
2.207885170043529720e-05
2.166277487255634801e-05
2.125340437735392994e-05
2.085023413894503025e-05
2.045329472115002068e-05
2.006213029834509663e-05
1.967675806155264710e-05
1.929675038345754238e-05
1.892221675681212765e-05
1.855284501186069005e-05
1.818875476652193223e-05
1.782961344911993681e-05
1.747553502985354888e-05
1.712620884721694381e-05
1.678168512398253801e-05
1.644162194577987481e-05
1.610614845596899548e-05
1.577506730899420106e-05
1.544855676220918691e-05
1.512641149035857074e-05
1.480877527895547931e-05
1.449538799410993685e-05
1.418624893201981957e-05
1.388100529862026456e-05
1.357974352835072342e-05
1.328231846366977143e-05
1.298893386337301295e-05
1.269944017424889910e-05
1.241396919157827343e-05
1.213232015984175153e-05
1.185457454738480544e-05
1.158057486610623976e-05
1.131053894876455714e-05
1.104437198406769879e-05
1.078210169858037309e-05
1.052338804801842695e-05
1.026827720638309957e-05
1.001673463257893644e-05
9.769022666567511902e-06
9.525023817078340983e-06
9.284788230851874057e-06
9.048173398542224219e-06
8.815348083890093715e-06
8.586179218748771040e-06
8.360648086006597742e-06
8.138533219930405973e-06
7.920025642343661630e-06
7.705168657658138307e-06
7.494078528761565625e-06
7.286549400643609597e-06
7.082673387291374348e-06
6.882336063002839470e-06
6.685501518699768207e-06
6.492047849004156484e-06
6.302287095757400853e-06
6.116158291444103176e-06
5.933552277508942954e-06
5.754352520811520293e-06
5.578684110950299614e-06
5.406335446838064834e-06
5.237510607176561772e-06
5.072248790448242707e-06
4.910426482481098364e-06
4.751868215590380889e-06
4.596688991901202347e-06
4.444860370635114222e-06
4.296600075013616935e-06
4.151575942824522583e-06
4.009781352936361291e-06
3.871270914083184402e-06
3.736186345559298637e-06
3.604373606940904030e-06
3.475682094519398146e-06
3.350177358176943857e-06
3.228021953907413440e-06
3.109007851406022707e-06
2.993027427910036996e-06
2.880162658112033485e-06
2.770528257978106952e-06
2.663834988932417349e-06
2.560107808559028837e-06
2.459434332604070161e-06
2.361729514299284583e-06
2.266821893389207989e-06
2.174878982683888807e-06
2.085709299173007914e-06
1.999323324386361770e-06
1.915753625399340201e-06
1.834850600895492498e-06
1.756588388937465425e-06
1.681097835977376885e-06
1.608101395819584618e-06
1.537769313715642978e-06
1.469904323884699455e-06
1.404585882017857887e-06
1.341705159959977780e-06
1.281172037007851580e-06
1.222972037634660905e-06
1.166992426577313154e-06
1.113177768423815287e-06
1.061388718778148905e-06
1.011568619504935151e-06
9.636277068114746070e-07
9.174715528522508168e-07
8.730150320082477148e-07
8.301816072917126339e-07
7.889330816424062154e-07
7.491736282778008757e-07
7.108591541602999288e-07
6.739029223354052785e-07
6.382815751816216163e-07
6.038996657163820362e-07
5.707374414172686218e-07
5.387298587525269617e-07
5.079038739525546266e-07
4.782208011606184082e-07
4.497234817128855940e-07
4.223802585240424866e-07
3.962193894937455543e-07
3.711639048692763733e-07
3.471952393155960851e-07
3.242195204350025382e-07
3.022378304840183976e-07
2.812096610137156365e-07
2.611983579587282227e-07
2.421999327373963408e-07
2.242509692542385083e-07
2.072639747546581617e-07
1.911827061460341886e-07
1.758842677409881058e-07
1.613690747673507292e-07
1.476462092939298174e-07
1.348255378959785149e-07
1.228989765686475883e-07
1.118164133729572783e-07
1.013945593256741667e-07
9.154609261973067071e-08
8.223643510773848710e-08
7.357850774118597471e-08
6.559883466100183802e-08
5.826040513896795786e-08
5.139337493163513648e-08
4.495442274210757695e-08
3.898381235921075120e-08
3.359272983713723148e-08
2.870424008263339159e-08
2.419894543367760610e-08
1.999274111675710189e-08
1.616732482186286939e-08
1.271076774061539942e-08
9.566077406035961036e-09
6.692964810052629509e-09
4.176325329000048935e-09
1.928462264351304528e-09
-1.821124194894047818e-10
-2.120897827411735772e-09
-3.716720415475021961e-09
-5.129595718929647425e-09
-6.499881600420703014e-09
-7.641330114210542457e-09
-8.481011777110686996e-09
-9.368958964149126576e-09
-1.021343347316035593e-08
-1.073349698473968452e-08
-1.115530362321826377e-08
-1.161045812402434901e-08
-1.184899444236451891e-08
-1.205427738094188676e-08
-1.226148357928151129e-08
-1.234103844211717653e-08
-1.236547207269376394e-08
-1.237741385606456829e-08
-1.237376087798050375e-08
-1.218874260396991421e-08
-1.202478264708349799e-08
-1.189415385951054622e-08
-1.167460938230174938e-08
-1.157112362361017607e-08
-1.122885155733556902e-08
-1.107746726307686000e-08
-1.082495687206735858e-08
-1.051433166317369636e-08
-1.017833594676797764e-08
-9.895599070339501212e-09
-9.658316262714332058e-09
-9.274294454057772137e-09
-9.008364733550727663e-09
-8.765568273608299871e-09
-8.444687441024327008e-09
-8.078050584538507930e-09
-7.834742315348085718e-09
-7.535555698361577982e-09
-7.237402510982474325e-09
-6.984256404424439090e-09
-6.721680468271255510e-09
-6.459925397741075447e-09
-6.158778935706997077e-09
-5.862874619333757658e-09
-5.645624137408925415e-09
-5.445687004198955644e-09
-5.203063060696794205e-09
-4.891283648606545616e-09
-4.700328370397842461e-09
-4.539502078417586169e-09
-4.300090524402782161e-09
-4.098739864773452158e-09
-3.906800718668166933e-09
-3.716167394265827655e-09
-3.522327660325266953e-09
-3.353766094596281439e-09
-3.173803747485843564e-09
-3.043685538510547411e-09
-2.915190457690205800e-09
-2.735930609559782450e-09
-2.582447121998710623e-09
-2.452185622762941979e-09
-2.319000860528807115e-09
-2.193482862982319545e-09
-2.118435056641461728e-09
-2.028755832898987392e-09
-1.865696302014200031e-09
-1.767851191582703373e-09
-1.676713505226582858e-09
-1.591710250839777285e-09
-1.531954809890138205e-09
-1.444557349797597389e-09
-1.347606882812651505e-09
-1.268676309249673058e-09
-1.197504629791146199e-09
-1.140024597976568546e-09
-1.076913949885698502e-09
-1.005895429043013782e-09
-9.523509215742275739e-10
-8.931330108633971276e-10
-8.583687585369096732e-10
-7.928026492510245676e-10
-7.352663568492727724e-10
-6.997093180549260726e-10
-6.777842237328851498e-10
-6.296154331692458964e-10
-5.784831835170709993e-10
-5.588664681617779758e-10
-5.333982925400732116e-10
-4.984299075012787756e-10
-4.720150704033434510e-10
-4.399111637880540021e-10
-4.092048221606960653e-10
-3.884045848094691578e-10
-3.592665499440614225e-10
-3.489730233444452754e-10
-3.261739053142093074e-10
-3.020593709410367247e-10
-2.831534548100536210e-10
-2.622015204992015692e-10
-2.553485288980041582e-10
-2.474142039050143320e-10
-2.137799112834728227e-10
-2.050401169037190266e-10
-1.910366668255120033e-10
-1.808598401322166211e-10
-1.726385073281009140e-10
-1.517055155753763533e-10
-1.532625640730140722e-10
-1.381147271948694029e-10
-1.389457255798510534e-10
-1.185545476197758675e-10
-1.220452065125561008e-10
-1.080999401862780475e-10
-1.064703562395166802e-10
-9.634715832615878536e-11
-9.299573606373454674e-11
-8.628469485675598385e-11
-8.090611484582532895e-11
-7.245719323945403003e-11
-7.309657618013597426e-11
-6.274185498978546906e-11
-6.283102053327797574e-11
-5.597840341959119059e-11
-5.360298502525112801e-11
-4.984739932041630611e-11
-4.894862315292138674e-11
-4.659288234187942154e-11
-4.080271062975102886e-11
-4.323121409368306912e-11
-3.644991730819271496e-11
-3.616975201738409418e-11
-3.454154857903418969e-11
-2.970380651777565418e-11
-2.794638686477858435e-11
-2.660059879292120206e-11
-2.591461882988297380e-11
-2.625298600241690675e-11
-2.386201921860697681e-11
-2.217762968404169852e-11
-2.210816656051583234e-11
-1.883543087526734044e-11
-1.776052746847975550e-11
-1.446149848624899642e-11
-1.667890375769819160e-11
-1.567595980953333256e-11
-1.583711367006248365e-11
-1.400234231567607428e-11
-1.510895653051674002e-11
-1.255855953634785281e-11
-1.074351847940789622e-11
-1.071181533335868394e-11
-1.090701373529551169e-11
-9.446072672855321698e-12
-1.192819085992998859e-11
-1.014951611634841411e-11
-7.466486272353551443e-12
-8.426861461582802848e-12
-7.122949672291575880e-12
-8.837264910081232869e-12
-9.317518090654298747e-12
-6.104892082983524228e-12
-6.967073608549171111e-12
-5.714353030367429905e-12
-7.674813132883897068e-12
-6.484857067734508188e-12
-6.091162749153109265e-12
-5.370665392311389675e-12
-5.356269007884475961e-12
-6.042554343096827633e-12
-6.096883612101851307e-12
-4.789017038111492088e-12
-4.184428913812305029e-12
-5.453105159558935108e-12
-5.381371536705540479e-12
-3.930703139616484169e-12
-4.328698335823982408e-12
-5.067353588712524258e-12
-4.458201719772735429e-12
-3.596977352072854810e-12
-4.213048556971169300e-12
-4.599551751190663005e-12
-3.410389239500982148e-12
-3.900370238362151617e-12
-4.230191190546664979e-12
-2.917601420362088397e-12
-3.660531606343331532e-12
-3.852435434826801750e-12
-3.218302094081082601e-12
-3.498685395831393494e-12
-3.711342447197926904e-12
-2.506522092898980494e-12
-3.904170380264052340e-12
-2.508970329972153730e-12
-3.565869103724791791e-12
-2.792829274228306234e-12
-2.779466312363798696e-12
-3.199588440705031652e-12
-2.525743837950154167e-12
-2.965430787629860356e-12
-2.396626389721052638e-12
-2.888091652004941421e-12
-2.318396816257476489e-12
-2.627454073610312344e-12
-2.137450974098836102e-12
-2.514139364896249807e-12
-2.155370564679016942e-12
-2.245129345911529137e-12
-2.151417376482671805e-12
-2.091003633381740720e-12
-1.948024337624313870e-12
-1.948413918291325740e-12
-1.837692605739481037e-12
-1.768326684053821079e-12
-1.696648250744037899e-12
-1.548556162077190571e-12
-1.507827927237192828e-12
-1.529557222395068312e-12
-1.337394726299440078e-12
-1.353929412708887471e-12
-1.237068827631166236e-12
-1.164963404414960459e-12
-1.066280392901423159e-12
-9.946602205631862133e-13
-9.555745303671576922e-13
-7.934768079366537238e-13
-7.788252015286104660e-13
-6.989467774417737784e-13
-6.630691021739101229e-13
-5.602673990260498680e-13
-5.037865591572059802e-13
-4.316663559925262355e-13
-3.501787789812882216e-13
-2.971990207133718750e-13
-2.588373336586739203e-13
-2.041773761423630515e-13
-1.797844831718604283e-13
-8.112141245444262054e-14
-9.411562229018389756e-14
-1.841978109512135630e-14
-2.946699447143834862e-15
1.442919737954597656e-14
3.688618856019679181e-14
6.336633649915263634e-14
6.956948794929945949e-14
7.593638428719661117e-14
8.281757637555597900e-14
7.430876501930850270e-14
8.439561235469513122e-14
5.717615526905938301e-14
5.700382092317297216e-14
4.635840647965738874e-14
2.812926512774301898e-14
1.867552412284403944e-14
-1.165639187355420702e-14
-1.262568826872649981e-14
-2.376981095809644887e-14
-3.864759898235782132e-14
-6.731333448130002854e-14
-5.240689952877908525e-14
-5.957278020390066161e-14
-6.940924595010020690e-14
-7.533580544187371048e-14
-5.201258411766603752e-14
-5.382876635368464218e-14
-5.375497138904274021e-14
-3.136724782385014909e-14
-2.034713820722198122e-14
-1.957648652204518674e-14
4.368381554940315488e-15
1.015011301547056561e-14
1.475969695772039330e-14
2.923820641600298824e-14
2.705649341760651768e-14
2.934164161743225988e-14
2.784371351970880456e-14
2.477734803751683365e-14
1.691757060858689057e-14
1.170600424344749859e-14
5.777259022398586512e-15
-4.931904155887947725e-15
-2.674059001462322989e-15
-1.289928037580347373e-14
-4.126902226756241487e-15
-1.015655091904350809e-14
2.551208989445645038e-15
6.872609404237079183e-16
1.424809253783467019e-14
1.309198598666845255e-14
2.166784600093209318e-14
1.827256072211590828e-14
2.092072750764611548e-14
1.455831365809811378e-14
1.275571138115247973e-14
6.322264180095612648e-15
6.007869359508933749e-15
2.968768160831379577e-15
5.812053106029071889e-15
7.002506922364001592e-15
1.218662819034806369e-14
1.315575213386135309e-14
1.662844987664660186e-14
1.539443885064674480e-14
1.524998340795228702e-14
1.178963745340086306e-14
1.109159470470950748e-14
8.032494648954805491e-15
9.445647832634350071e-15
9.520377203654002143e-15
1.277180255921957765e-14
1.411151454717237816e-14
1.578101348336857864e-14
1.395428622598321936e-14
1.261193942796803994e-14
9.583542497701402762e-15
1.040371820135272892e-14
1.104233256484979145e-14
1.434813769123414064e-14
1.423422101451285098e-14
1.419122260858560534e-14
1.152996365665896841e-14
1.164523085361934900e-14
1.143198811270068282e-14
1.329572255464060144e-14
1.312066586849819365e-14
1.380270151494636905e-14
1.258771951658913293e-14
1.246252572167801854e-14
1.155514012081317461e-14
1.313349980307354976e-14
1.363293693986154305e-14
1.362941412071708637e-14
1.163956483157054561e-14
1.239014150894769380e-14
1.326507934341763802e-14
1.373770908585606071e-14
1.225623598141920384e-14
1.275381481356910215e-14
1.276538064789747334e-14
1.329816166102916413e-14
1.292846211956772223e-14
1.284416771583946341e-14
1.239926109970449433e-14
1.365179776241770593e-14
1.277152451148090066e-14
1.260527941809715597e-14
1.311200861142291111e-14
1.318713350059928376e-14
1.261072143477489507e-14
1.308909790563322340e-14
1.293811311828024866e-14
1.310185530823334553e-14
1.261460756890607685e-14
1.337027806396099796e-14
1.267710328186166938e-14
1.308439760583332644e-14
1.295310017092871151e-14
1.300117252475195624e-14
1.286660859005000875e-14
1.316242741519882298e-14
1.275070451034887085e-14
1.319910507342355863e-14
1.279523107112664016e-14
1.312076943649642153e-14
1.288253637725289006e-14
1.305522393257128585e-14
1.292854121899054738e-14
1.303447745076728163e-14
1.293800734355868118e-14
1.303710502687075234e-14
1.293473843382098536e-14
1.304418675958352961e-14
1.293114662547144627e-14
1.304899962456755247e-14
1.293015038716956827e-14
1.305093007744185664e-14
1.293130826174889142e-14
1.305087967310694883e-14
1.293371067667857291e-14
1.304969163488486551e-14
1.293670676765616421e-14
1.304790039379904486e-14
1.293992257031795293e-14
1.304580887437701118e-14
1.294315970912949389e-14
1.304358438821357126e-14
1.294631665475176038e-14
1.304132013746896291e-14
1.294934317091298277e-14
1.303906903352581940e-14
1.295221612264519850e-14
1.303686156708944632e-14
1.295492684373189174e-14
1.303471530683363596e-14
1.295747446097104467e-14
1.303264008448101737e-14
1.295986228329908288e-14
1.303064092646074606e-14
1.296209579745977214e-14
1.302871977494900967e-14
1.296418152921359609e-14
1.302687653540272198e-14
1.296612638447184006e-14
1.302510973597955699e-14
1.296793726393342727e-14
1.302341695479054192e-14
1.296962083712153585e-14
1.302179510359428970e-14
1.297118341136027907e-14
1.302024061966552162e-14
1.297263085776092420e-14
1.301874959724826429e-14
1.297396857170992616e-14
1.301731787777174194e-14
1.297520145410700041e-14
1.301594111148135421e-14
1.297633390469919478e-14
1.301461479842450455e-14
1.297736982223436383e-14
1.301333431434763688e-14
1.297831260790730938e-14
1.301209492509473933e-14
1.297916516990469843e-14
1.301089179217412902e-14
1.297992992759201499e-14
1.300971997127239746e-14
1.298060881439403840e-14
1.300857440502722347e-14
1.298120327880192992e-14
1.300744991097090120e-14
1.298171428304389168e-14
1.300634116535974861e-14
1.298214229917462543e-14
1.300524268335601091e-14
1.298248730245959943e-14
1.300414879597601492e-14
1.298274876188241698e-14
1.300305362401411150e-14
1.298292562779075769e-14
1.300195104923965523e-14
1.298301631663688713e-14
1.300083468295513549e-14
1.298301869278142369e-14
1.299969783214944776e-14
1.298293004755408600e-14
1.299853346333125428e-14
1.298274707550659417e-14
1.299733416424551702e-14
1.298246584810390465e-14
1.299609210364568571e-14
1.298208178500163156e-14
1.299479898939921364e-14
1.298158962322424931e-14
1.299344602518162938e-14
1.298098338453853604e-14
1.299202386621355141e-14
