# bin_4_2
1.926357280273547658e-04
1.923151874933778970e-04
1.926180247976597799e-04
1.923159042037603456e-04
1.926000756604398739e-04
1.923152273506378320e-04
1.925817765175275704e-04
1.923131162405634258e-04
1.925630193646628199e-04
1.923095221133432737e-04
1.925436919375616803e-04
1.923043880587888455e-04
1.925236773941171441e-04
1.922976489577802467e-04
1.925028540454616784e-04
1.922892314634084188e-04
1.924810951506320726e-04
1.922790540384940368e-04
1.924582687921214336e-04
1.922670270704369370e-04
1.924342378525848308e-04
1.922530530853461543e-04
1.924088601156725108e-04
1.922370270872707362e-04
1.923819885169065005e-04
1.922188370499100930e-04
1.923534715719216279e-04
1.921983645907552425e-04
1.923231540129137723e-04
1.921754858590875227e-04
1.922908776633078785e-04
1.921500726688519286e-04
1.922564825809998162e-04
1.921219939057819078e-04
1.922198084969409834e-04
1.920911172341099264e-04
1.921806965702128802e-04
1.920573111192352544e-04
1.921389914700265581e-04
1.920204471708941121e-04
1.920945437798743675e-04
1.919804027917665899e-04
1.920472126961010064e-04
1.919370640899508102e-04
1.919968689625936359e-04
1.918903289786820586e-04
1.919433979429115080e-04
1.918401103403769513e-04
1.918867026794750436e-04
1.917863390753313669e-04
1.918267067272914916e-04
1.917289667873345468e-04
1.917633564763257395e-04
1.916679677808109949e-04
1.916966225957348301e-04
1.916033399615812538e-04
1.916265001501991677e-04
1.915351041510840804e-04
1.915530068615592949e-04
1.914633012569788692e-04
1.914761789347519652e-04
1.913879867057442937e-04
1.913960638537526163e-04
1.913092215608647010e-04
1.913127096101364531e-04
1.912270598545070697e-04
1.912261499875605000e-04
1.911415318869783681e-04
1.911363858272098969e-04
1.910526236353493482e-04
1.910433626807202072e-04
1.909602529944001974e-04
1.909469459428828324e-04
1.908642443639223881e-04
1.908468954475064493e-04
1.907643040759184213e-04
1.907428425585428302e-04
1.906600002425674618e-04
1.906342738714049564e-04
1.905507516287291154e-04
1.905205265314493938e-04
1.904358308263034549e-04
1.904008005289953265e-04
1.903143869212176617e-04
1.902741926751138615e-04
1.901854914860216632e-04
1.901397547700390612e-04
1.900482085839997975e-04
1.899965742830274926e-04
1.899016841886537812e-04
1.898438695173446328e-04
1.897452431336628408e-04
1.896810832414566172e-04
1.895784733978165594e-04
1.895079506925306670e-04
1.894012704231734219e-04
1.893245126305447218e-04
1.892138118787355789e-04
1.891310459426516900e-04
1.890164403897105056e-04
1.889278977541946898e-04
1.888094523301441397e-04
1.887152369683311591e-04
1.885928256463868574e-04
1.884927774420576006e-04
1.883659626635954211e-04
1.882595685959762390e-04
1.881275585455406392e-04
1.880139704562768660e-04
1.878757064518365907e-04
1.877539025548591409e-04
1.876082892245448368e-04
1.874773585649238403e-04
1.873235756209978701e-04
1.871830210223746505e-04
1.870207721823895447e-04
1.868706585307920492e-04
1.867001760449604406e-04
1.865409629134064671e-04
1.863626623122537898e-04
1.861947073682377555e-04
1.860086005635007433e-04
1.858315777467773569e-04
1.856368131397042611e-04
1.854494949746380108e-04
1.852444759464934429e-04
1.850452267793065706e-04
1.848284343007506627e-04
1.846162220038603319e-04
1.843871893637874222e-04
1.841622534813604705e-04
1.839216820410599445e-04
1.836849618360736900e-04
1.834335122896249364e-04
1.831850772775951730e-04
1.829219060474549506e-04
1.826601377961157614e-04
1.823831458090886175e-04
1.821061527679426317e-04
1.818142064860801918e-04
1.815220614974767221e-04
1.812162683860886567e-04
1.809105740909545447e-04
1.805920602467590602e-04
1.802727608073794829e-04
1.799400372375745843e-04
1.796048840977612648e-04
1.792560677141235670e-04
1.789047160284930283e-04
1.785412436518015312e-04
1.781761077700007648e-04
1.777997232073265951e-04
1.774206723155020093e-04
1.770294469298210754e-04
1.766344360618590152e-04
1.762281513980722819e-04
1.758194643894854081e-04
1.754013363829706827e-04
1.749806314094828940e-04
1.745495913374536117e-04
1.741147841385987864e-04
1.736707249666897981e-04
1.732248260382931125e-04
1.727714265134318078e-04
1.723154155248534638e-04
1.718507976954506582e-04
1.713836875916180510e-04
1.709105122047188533e-04
1.704363131232338770e-04
1.699554084530810992e-04
1.694719601984263620e-04
1.689831419195519751e-04
1.684940260470305974e-04
1.679997324847344359e-04
1.675030951140142653e-04
1.670017811844072911e-04
1.665002463972717892e-04
1.659938780447841190e-04
1.654849571630772351e-04
1.649720141212432563e-04
1.644579785469646102e-04
1.639381576699226923e-04
1.634156549332634989e-04
1.628890941400622737e-04
1.623588562500864112e-04
1.618223337586924737e-04
1.612831659346609708e-04
1.607373056827289288e-04
1.601864556220126534e-04
1.596301511595999887e-04
1.590679889234974942e-04
1.584990625074234061e-04
1.579255982646345048e-04
1.573441286818325947e-04
1.567584550406671262e-04
1.561654930465795497e-04
1.555676420884121532e-04
1.549639603467103444e-04
1.543550018812283090e-04
1.537412705099589871e-04
1.531224585972667444e-04
1.524993635712545417e-04
1.518715383676887370e-04
1.512394814021812001e-04
1.506027977953453630e-04
1.499615788982146258e-04
1.493154611988502310e-04
1.486642488882214321e-04
1.480076134569077977e-04
1.473452767420412631e-04
1.466770256385608055e-04
1.460027062815146123e-04
1.453223154496044553e-04
1.446359473947630362e-04
1.439438170663509119e-04
1.432462352356469646e-04
1.425434973064169605e-04
1.418359446320954862e-04
1.411237181670976738e-04
1.404069688559932735e-04
1.396855145336765045e-04
1.389592517525472170e-04
1.382277442110643728e-04
1.374908356754728992e-04
1.367481390819082210e-04
1.359997752726463567e-04
1.352456780771621383e-04
1.344863609244203821e-04
1.337219884260530038e-04
1.329531637224773064e-04
1.321798516038692739e-04
1.314023159462669244e-04
1.306200662815450240e-04
1.298330603392350616e-04
1.290407075612696910e-04
1.282432160379092672e-04
1.274404356458266093e-04
1.266330825535910167e-04
1.258212665870921641e-04
1.250056237014910614e-04
1.241858035932018735e-04
1.233618945790726843e-04
1.225331862890214544e-04
1.216998857674327371e-04
1.208617970441892961e-04
1.200197542990946113e-04
1.191738230858975403e-04
1.183245462300653439e-04
1.174713079895768224e-04
1.166141446801182872e-04
1.157525344558715666e-04
1.148871885099467201e-04
1.140182284072536735e-04
1.131463666034209642e-04
1.122710329543818411e-04
1.113922707777790307e-04
1.105096021143956911e-04
1.096238709979219299e-04
1.087351722686131605e-04
1.078439728842378560e-04
1.069494936892180552e-04
1.060520147635879423e-04
1.051515533295723572e-04
1.042490307968271221e-04
1.033439630171548200e-04
1.024364056791166624e-04
1.015260872995738233e-04
1.006140137467882495e-04
9.969991459269714478e-05
9.878383820449601182e-05
9.786545257226652694e-05
9.694576489182392507e-05
9.602443458369681569e-05
9.510152373707234335e-05
9.417694114915738763e-05
9.325159759629038348e-05
9.232482490558512945e-05
9.139699937831625770e-05
9.046833761524775857e-05
8.953916708623918357e-05
8.860890668557140594e-05
8.767858352653341814e-05
8.674777433500655726e-05
8.581672579570403430e-05
8.488564933320028451e-05
8.395477293138181086e-05
8.302382703187036347e-05
8.209365840955674877e-05
8.116354138386649736e-05
8.023443121068303714e-05
7.930585289103234928e-05
7.837835171546721680e-05
7.745182001009971327e-05
7.652653589714369659e-05
7.560259068715578963e-05
7.468016868681996137e-05
7.375935909156043819e-05
7.284041800343933051e-05
7.192339226943101748e-05
7.100858401888064154e-05
7.009598075684287093e-05
6.918595154602243265e-05
6.827846420978141281e-05
6.737390008190563518e-05
6.647218998802300455e-05
6.557373407847640826e-05
6.467845556802290100e-05
6.378673261441532934e-05
6.289845967913905238e-05
6.201400978963819547e-05
6.113327671918402425e-05
6.025661845499819897e-05
5.938392487899538119e-05
5.851557382911984578e-05
5.765148005318735411e-05
5.679202986180734354e-05
5.593715347715550769e-05
5.508725749450003618e-05
5.424228839270838902e-05
5.340263090397642239e-05
5.256821586485622500e-05
5.173940925391925361e-05
5.091613465606820881e-05
5.009874661823996420e-05
4.928716958653103384e-05
4.848177447776157769e-05
4.768252061156457534e-05
4.688978093632366215e-05
4.610351201211417319e-05
4.532406428666607337e-05
4.455136644070970632e-05
4.378572247813356135e-05
4.302704851464908504e-05
4.227565075144572201e-05
4.153147277183234283e-05
4.079482514735869404e-05
4.006562627174787064e-05
3.934411804138844641e-05
3.863015537720491179e-05
3.792395131425087420e-05
3.722542402647523115e-05
3.653490756595884726e-05
3.585243655483441155e-05
3.517833339000939376e-05
3.451248811791413437e-05
3.385502805453532543e-05
3.320577555330450446e-05
3.256496935128990573e-05
3.193263982098007035e-05
3.130910881544363616e-05
3.069427358846814547e-05
3.008822022276009270e-05
2.949078912216432176e-05
2.890223960038889537e-05
2.832257484405181248e-05
2.775194607720677553e-05
2.719011067190126190e-05
2.663717602444842089e-05
2.609311708980361461e-05
2.555812022688879975e-05
2.503196243838140677e-05
2.451473373598392721e-05
2.400646815155344267e-05
2.350735866002978675e-05
2.301705027194301783e-05
2.253547362951878016e-05
2.206263860801917066e-05
2.159874630128755553e-05
2.114355811095656296e-05
2.069720909553365477e-05
2.025968505569583573e-05
1.983089585929911577e-05
1.941059214523308050e-05
1.899888758956163630e-05
1.859541112965095065e-05
1.820017531495017431e-05
1.781331150472789310e-05
1.743468879955778543e-05
1.706404607862305550e-05
1.670162677567575498e-05
1.634711665138158929e-05
1.600046488643496015e-05
1.566146587995969288e-05
1.533004665720199780e-05
1.500602433019809723e-05
1.468939257751980632e-05
1.438011532195030041e-05
1.407792705239564381e-05
1.378263746020401373e-05
1.349433813802673721e-05
1.321283807700171090e-05
1.293802591559920946e-05
1.266956752378005787e-05
1.240736708121922008e-05
1.215142482838447936e-05
1.190164943855249977e-05
1.165783459747320220e-05
1.141990206258941019e-05
1.118747442258750523e-05
1.096056296352323443e-05
1.073905112176251373e-05
1.052292223329931704e-05
1.031176779579691513e-05
1.010567698785007393e-05
9.904402771475980406e-06
9.707765373925787640e-06
9.515638224399925504e-06
9.328074574466440700e-06
9.144779464105259230e-06
8.965628979556680597e-06
8.790364750462176724e-06
8.619189271786677759e-06
8.451749774005786335e-06
8.287913944077891096e-06
8.127627056338245464e-06
7.970739291925475073e-06
7.817176761104739191e-06
7.666843525105748077e-06
7.519488771675860074e-06
7.375147488494730995e-06
7.233772533121482616e-06
7.095068653834507608e-06
6.959093459271495329e-06
6.825741227610410354e-06
6.694908404159519644e-06
6.566497113930936378e-06
6.440437691375721607e-06
6.316753971084425705e-06
6.195180528126512928e-06
6.075858585828940047e-06
5.958579941521469039e-06
5.843345027966874970e-06
5.730069136989065391e-06
5.618725043159083361e-06
5.509162136088133347e-06
5.401465983280215261e-06
5.295415079466838301e-06
5.191091967525459774e-06
5.088333754975096171e-06
4.987162277073326516e-06
4.887492949209324654e-06
4.789288812522087926e-06
4.692513296959885180e-06
4.597136995404749659e-06
4.503136496797955398e-06
4.410483333212591669e-06
4.319156715552577911e-06
4.229160204534574509e-06
4.140460868304236796e-06
4.053053430953522824e-06
3.966896890994363767e-06
3.881994892037990228e-06
3.798293916314071424e-06
3.715778433939277030e-06
3.634392431473829019e-06
3.554142313885721237e-06
3.474979633281477834e-06
3.396913428615356773e-06
3.319913786734165810e-06
3.244022984868309706e-06
3.169222072637980661e-06
3.095536639188924215e-06
3.022935746154709048e-06
2.951441351160256087e-06
2.881004186457270069e-06
2.811612803155889921e-06
2.743211977284221041e-06
2.675821905896461148e-06
2.609420856953264230e-06
2.544041141283115858e-06
2.479677296706596544e-06
2.416378072006727490e-06
2.354118882563119925e-06
2.292891475758270873e-06
2.232633159179067979e-06
2.173348244375429247e-06
2.115009773334265732e-06
2.057649787881078034e-06
2.001273128545876038e-06
1.945933047441168637e-06
1.891602817253958661e-06
1.838255960414647993e-06
1.785823871998279149e-06
1.734324903265102340e-06
1.683769477800642439e-06
1.634208758983348251e-06
1.585629256300828138e-06
1.538028027443016501e-06
1.491338505034906058e-06
1.445549643751390380e-06
1.400667336266271669e-06
1.356766512155971739e-06
1.313831523118183038e-06
1.271813086197208198e-06
1.230640700682085522e-06
1.190369282805791152e-06
1.151042758593583499e-06
1.112660437895095406e-06
1.075124744286425314e-06
1.038434084568911644e-06
1.002634845260504160e-06
9.677681349534261059e-07
9.337424601009686818e-07
9.005269577700097570e-07
8.681649631825816214e-07
8.367057853302314538e-07
8.060476445903372020e-07
7.761674657989959193e-07
7.471291880623147447e-07
7.189418344168208237e-07
6.914827996138721309e-07
6.648019336120690729e-07
6.389485196139650176e-07
6.138358207482931259e-07
5.894293627050448339e-07
5.658290287214287604e-07
5.429311546283824653e-07
5.207358606308484406e-07
4.992920772182794209e-07
4.785087277124521729e-07
4.584107988191122230e-07
4.390299187369487882e-07
4.202353323209155487e-07
4.021430960013659273e-07
3.846381277165061399e-07
3.677598798864285986e-07
3.514748526710962977e-07
3.357397562273794590e-07
3.205972944183975655e-07
3.059610746468897023e-07
2.918775663138200974e-07
2.782713254112955932e-07
2.651848749922594937e-07
2.525567261367509960e-07
2.404055138538017951e-07
2.286882222166657876e-07
2.174192365624120681e-07
2.065618798036025817e-07
1.961167592548654982e-07
1.860566295346846913e-07
1.763847477029102743e-07
1.670782692640319805e-07
1.581350179006380510e-07
1.495387293248250083e-07
1.412903327219061200e-07
1.333738612375781956e-07
1.257837203984878147e-07
1.185042691815606883e-07
1.115306812884713925e-07
1.048486043384622765e-07
9.845233067587533528e-08
9.233114930088238764e-08
8.648173855112198278e-08
8.089335430178827904e-08
7.556024214456398729e-08
7.047363374312276199e-08
6.563208597992172848e-08
6.103310751747090902e-08
5.667811278992936316e-08
5.256114527274353685e-08
4.867133952659027688e-08
4.498980487646764483e-08
4.150152013549328532e-08
3.819677607846263646e-08
3.507481496269147961e-08
3.213591324902172361e-08
2.937783532160462967e-08
2.679180633555145056e-08
2.436858218272157396e-08
2.210169350190666940e-08
1.998519375380470128e-08
1.800779534691396942e-08
1.615825688545503709e-08
1.443695199277689354e-08
1.285154705299179340e-08
1.139715216618679212e-08
1.004986653458658808e-08
8.792906856403976691e-09
7.633249844397223472e-09
6.580940106801655804e-09
5.619926175769532814e-09
4.726145692479406773e-09
3.896453058451274811e-09
3.141222787633139160e-09
2.454950675481334635e-09
1.825187326616801183e-09
1.254143194133873903e-09
7.599277616703666844e-10
3.403363640889363712e-10
-4.885080017854956642e-11
-4.374840906545119783e-10
-7.780373517604957526e-10
-1.049195861895175235e-09
-1.311241193420861299e-09
-1.553103312356848913e-09
-1.710195701321569324e-09
-1.842667205753541753e-09
-2.004587058728898990e-09
-2.121599874039731151e-09
-2.186021827399589774e-09
-2.286508947941967887e-09
-2.366841519383890047e-09
-2.363548589074979531e-09
-2.359278386290512067e-09
-2.395924791370775764e-09
-2.429718346386352361e-09
-2.400706867528713951e-09
-2.378817840889767326e-09
-2.377919664974550187e-09
-2.361848267377947074e-09
-2.335187993093330014e-09
-2.276498520609938758e-09
-2.232248318896429375e-09
-2.196001131051459194e-09
-2.148272216813144033e-09
-2.070491448145062778e-09
-2.017455088816446846e-09
-1.968444838456323327e-09
-1.895720225691102592e-09
-1.846083523142527455e-09
-1.778642103515208464e-09
-1.735184799205254875e-09
-1.673513357621434104e-09
-1.629487012534474410e-09
-1.563635726164244999e-09
-1.498818306463939076e-09
-1.441482021282882862e-09
-1.375952925661906092e-09
-1.340266388858611742e-09
-1.267009323525112301e-09
-1.224190717364919162e-09
-1.179339921010000389e-09
-1.116918375485586664e-09
-1.071365888519880324e-09
-1.024424410975875907e-09
-9.616332017371530129e-10
-9.259835488359747287e-10
-8.910870982081336227e-10
-8.522423600835470134e-10
-8.092391691647686592e-10
-7.732971771450482143e-10
-7.252516404991046707e-10
-6.950589710212824094e-10
-6.566557054338249853e-10
-6.312144820911746644e-10
-6.067678078063701922e-10
-5.665963657506109093e-10
-5.353084171755741982e-10
-5.046931064690970857e-10
-4.823927049956022735e-10
-4.554302904883854221e-10
-4.350923660942669784e-10
-4.083446188442265033e-10
-3.863676232579266090e-10
-3.714882710487684671e-10
-3.526524169639188060e-10
-3.323606816748545810e-10
-3.147767219781880539e-10
-2.937683490651281760e-10
-2.787788972942008685e-10
-2.601743299847839578e-10
-2.464866591629908316e-10
-2.350296240406220170e-10
-2.202318116122337401e-10
-2.100056088758386121e-10
-1.993321160542171445e-10
-1.887548894460492022e-10
-1.724738596002118795e-10
-1.653608910314522394e-10
-1.563872561391219643e-10
-1.425560267986191938e-10
-1.330790819209822997e-10
-1.328611697168220430e-10
-1.236944275653302222e-10
-1.135601199797732738e-10
-1.077363024208806937e-10
-1.026076494089422636e-10
-9.657101975638991012e-11
-8.921647243227941396e-11
-8.339688860047872885e-11
-8.277050990284285419e-11
-7.643185249088650644e-11
-6.957574861161874879e-11
-6.649614581216245776e-11
-6.354398529693473143e-11
-5.660570137470530702e-11
-5.498056165524029892e-11
-5.281855901035570682e-11
-4.800910330615404944e-11
-4.669210779108773413e-11
-4.384559716834891664e-11
-3.883862452687353031e-11
-4.022620568268206596e-11
-3.717775098206936920e-11
-3.610167023815980430e-11
-2.977127243877649076e-11
-2.945115288845844810e-11
-2.933391233278001442e-11
-2.748442161107537795e-11
-2.383075925321372966e-11
-2.216804566029833456e-11
-2.470056981549850057e-11
-2.097259299004711782e-11
-1.997513064280113790e-11
-1.841275994301330576e-11
-1.871719721370409049e-11
-1.581590671729488200e-11
-1.561860912260180078e-11
-1.428298927952891795e-11
-1.485957311134779036e-11
-1.317331302958507856e-11
-1.262625772103744768e-11
-1.262525925686236411e-11
-1.150848951578753169e-11
-1.018149765346532378e-11
-1.094490486023894736e-11
-9.429149291090158191e-12
-9.626217128688895658e-12
-9.504350894801385230e-12
-8.145667311777124953e-12
-8.436958581283273641e-12
-7.159877201147642399e-12
-7.537604177251614404e-12
-7.224874036496691308e-12
-7.058785427190998929e-12
-6.876694002508506129e-12
-5.879850442859235014e-12
-5.869884438499811513e-12
-5.637529916103835755e-12
-5.886956169919383171e-12
-5.231437945844103036e-12
-4.995922741015270769e-12
-4.895274005619605263e-12
-5.327799113622267471e-12
-4.838310704066248851e-12
-4.353253002120173335e-12
-4.154688767730059483e-12
-4.559672244418172891e-12
-4.320571974403734414e-12
-3.977204529129260418e-12
-3.921799754421892245e-12
-4.052868038695417303e-12
-3.642366699179519300e-12
-3.424988297672826865e-12
-3.627005155384625032e-12
-3.699870066262588235e-12
-3.323892111968449108e-12
-3.331392249178394063e-12
-3.408482094227962396e-12
-3.012729205448806080e-12
-3.028902859781038126e-12
-3.220367701623550186e-12
-2.820769653417928573e-12
-3.066086281443484319e-12
-2.937630537679112655e-12
-2.582879351367189022e-12
-3.004594972615022480e-12
-2.621606861573259214e-12
-2.766585524254905825e-12
-2.533271958829479020e-12
-2.529669079084041035e-12
-2.659898714457526625e-12
-2.311181633305930943e-12
-2.457685709004714142e-12
-2.321732903224457163e-12
-2.402615892732746336e-12
-2.097896071714378359e-12
-2.289275521556312569e-12
-2.195313878171200117e-12
-2.108882689248575535e-12
-1.947673573672527753e-12
-2.033461808545962306e-12
-1.955200689817600115e-12
-1.881768092716059250e-12
-1.811992148714068640e-12
-1.829982140793589918e-12
-1.650472871944768803e-12
-1.713705505269696469e-12
-1.629775368920980112e-12
-1.556448376166192355e-12
-1.511513444760917356e-12
-1.321807760953328886e-12
-1.455152681356320221e-12
-1.286636198537840012e-12
-1.227738513558783840e-12
-1.214708951745481128e-12
-1.088879267206769443e-12
-1.113831751689274175e-12
-9.694854714135716065e-13
-9.255462440101302099e-13
-9.053651242791335243e-13
-8.334068482718162164e-13
-7.230538142787204524e-13
-7.046080870537999461e-13
-6.108704261360752626e-13
-5.905510335459338299e-13
-4.916918083960061304e-13
-5.022150784095165476e-13
-3.802429547619085843e-13
-3.698734463710385848e-13
-2.907790069390846983e-13
-2.754806927207962244e-13
-2.004088172862178013e-13
-1.702759779383297444e-13
-1.254620672078480517e-13
-1.054258604271058153e-13
-6.302848250108821402e-14
-3.715081849662010252e-14
1.835864515312037276e-15
-1.842274254863228755e-15
3.485859132514382478e-14
3.274980683507101656e-14
6.076488372368792706e-14
4.183080407019439317e-14
7.344101067504658625e-14
5.549546140468455902e-14
5.619361028367001913e-14
4.010575697324177426e-14
5.069271638081726911e-14
2.404101000490745847e-14
2.483411505452099244e-14
5.554474676142168488e-15
-9.178561454337282223e-15
-2.141579655660857145e-14
-2.530863713552849097e-14
-4.795365756453954539e-14
-4.325889017392961230e-14
-6.217190713486052296e-14
-5.523663011156561987e-14
-6.484321787503518650e-14
-6.006178987469713630e-14
-5.594790386421822810e-14
-5.134041864555399649e-14
-4.557372083307908423e-14
-3.547799231816368252e-14
-2.441376085482002215e-14
-1.536777149176028372e-14
-7.274284893921711797e-15
2.850986001454356328e-15
8.080774019256062973e-15
1.432641714315984420e-14
1.544364844252289815e-14
1.688500176792281892e-14
1.601175143640805089e-14
1.396117278704576000e-14
5.558310742636719508e-15
4.371564734239717472e-15
-4.931235427653895395e-15
-7.464465212928147213e-15
-1.294348440919005466e-14
-1.247401258534206632e-14
-1.449995868684832485e-14
-1.130772167994812723e-14
-7.257912010459340362e-15
-2.884485622939788829e-15
2.469407798863821810e-15
6.378291416650311503e-15
7.410217276944764232e-15
9.987144463099675886e-15
7.657696471860760779e-15
6.830300059305435351e-15
2.630653403991120698e-15
2.189642184257126106e-16
-2.273639038728120527e-15
-3.405997994207674904e-15
-3.453766286011744867e-15
-1.155407386527521711e-15
2.045977600168695741e-15
5.061012642586554303e-15
6.241262897516510704e-15
6.905264724164341156e-15
5.099352101582393383e-15
3.162556061051920950e-15
1.044747250577810605e-15
6.991057740990911712e-16
-1.357614404581404353e-16
1.708658638019644460e-15
3.354004412268679225e-15
5.332590062597976257e-15
5.534880243253837134e-15
4.790629792999012054e-15
2.279898704169971271e-15
2.058966419568602599e-15
1.425873230784956877e-15
2.999888932127442802e-15
3.705021163875225742e-15
4.996328466743986036e-15
4.576115841428624591e-15
3.379539256710167832e-15
2.124107733577787257e-15
2.627820964294056654e-15
3.546234107829661116e-15
4.389088414318909310e-15
4.245077663148240111e-15
3.754634129962666447e-15
2.602664391384807031e-15
3.056334063722576794e-15
3.913826338262826332e-15
4.374326677778105450e-15
3.659174619898174439e-15
3.326831295803189210e-15
3.004257998396419325e-15
4.032476842349018116e-15
4.103619984857986315e-15
3.623817468829384302e-15
3.206403754121144573e-15
3.661540207807129086e-15
4.005624511732853450e-15
3.870472570949725706e-15
3.232162797458818242e-15
3.773720852735283641e-15
3.879476991102718910e-15
3.817729345930010143e-15
3.330635069987665885e-15
3.927961360934527802e-15
3.795388865616551336e-15
3.637215351675670344e-15
3.580548949798649136e-15
3.996882849039751032e-15
3.555774478211725470e-15
3.721816208034647019e-15
3.812180440617454320e-15
3.726210687077383283e-15
3.623175230656714781e-15
3.914597998210747221e-15
3.583471546193464062e-15
3.822767250119357115e-15
3.731402519348258295e-15
3.714647696025774121e-15
3.773199431231881208e-15
3.739984353587461410e-15
3.719568676900734372e-15
3.801429682115915047e-15
3.675335559502981630e-15
3.830135541321115975e-15
3.666795005203140022e-15
3.829807018786249489e-15
3.676642261169545565e-15
3.819709131352177856e-15
3.689566495155535324e-15
3.809871641021609800e-15
3.700155554820038512e-15
3.802618545880885983e-15
3.707954870031742721e-15
3.797549807171988465e-15
3.713735437980149565e-15
3.793890265569297009e-15
3.718216078855938513e-15
3.791079469033423091e-15
3.721860669174420749e-15
3.788785724641468005e-15
3.724941627166706506e-15
3.786823138387377107e-15
3.727618411070018727e-15
3.785087108406933925e-15
3.729987960164216449e-15
3.783516895307371135e-15
3.732112541716615121e-15
3.782075639492426494e-15
3.734034560008894823e-15
3.780739841184839110e-15
3.735784503037222669e-15
3.779493734030851567e-15
3.737385338744864540e-15
3.778326189155842213e-15
3.738855046230914379e-15
3.777228955320377158e-15
3.740208137563290338e-15
3.776195625598093933e-15
3.741456612872655601e-15
3.775221012147477836e-15
3.742610585004201652e-15
3.774300757334510469e-15
3.743678703898801807e-15
3.773431085893586199e-15
3.744668455128126441e-15
3.772608643400036088e-15
3.745586376577091561e-15
3.771830388753915636e-15
3.746438220057792461e-15
3.771093521165112518e-15
3.747229074837328323e-15
3.770395429516614363e-15
3.747963463997486801e-15
3.769733656443969611e-15
3.748645420913825071e-15
3.769105872169174394e-15
3.749278550912500969e-15
3.768509854875895023e-15
3.749866081532671786e-15
3.767943475498390105e-15
3.750410903931124999e-15
3.767404685420965748e-15
3.750915607243256759e-15
3.766891506198127943e-15
3.751382507263365959e-15
3.766402020533515561e-15
3.751813670455753195e-15
3.765934364146673424e-15
3.752210934105483912e-15
3.765486718140808847e-15
3.752575923215654884e-15
3.765057301675580973e-15
3.752910064610892451e-15
3.764644364803850895e-15
3.753214598687667626e-15
3.764246181322060154e-15
3.753490589068211769e-15
3.763861041616880272e-15
3.753738930457285636e-15
3.763487245389495779e-15
3.753960354888728704e-15
3.763123094282108704e-15
3.754155436554778858e-15
3.762766884354344143e-15
3.754324595375994572e-15
3.762416898418275385e-15
3.754468099443307164e-15
3.762071398227337009e-15
3.754586066460658062e-15
3.761728616543510435e-15
3.754678464318648988e-15
3.761386749116878068e-15
3.754745110908020531e-15
