# bin_5_2
2.196146032901392551e-04
2.192645240003184980e-04
2.195936988060487760e-04
2.192630308805890789e-04
2.195723226025785664e-04
2.192598520487374150e-04
2.195503458191785202e-04
2.192549248707005040e-04
2.195276340738585913e-04
2.192481766840170387e-04
2.195040470234745555e-04
2.192395246626434693e-04
2.194794379733900486e-04
2.192288757193926131e-04
2.194536535538678585e-04
2.192161264657582450e-04
2.194265334832092647e-04
2.192011632522117477e-04
2.193979104404035962e-04
2.191838623158023057e-04
2.193676100751500277e-04
2.191640900651097392e-04
2.193354511854176130e-04
2.191417035367153841e-04
2.193012460977769834e-04
2.191165510600267055e-04
2.192648012876359813e-04
2.190884731708139322e-04
2.192259182799458192e-04
2.190573038152473606e-04
2.191843948716115447e-04
2.190228718862807615e-04
2.191400267163258128e-04
2.189850031321863419e-04
2.190926093075947444e-04
2.189435224706086955e-04
2.190419403891105275e-04
2.188982567314979894e-04
2.189878228067096162e-04
2.188490378343065340e-04
2.189300677956817131e-04
2.187957063800975981e-04
2.188684986673663439e-04
2.187381156037162752e-04
2.188029548173165036e-04
2.186761355837224226e-04
2.187332959237086412e-04
2.186096575463789525e-04
2.186594061357629952e-04
2.185385980240156436e-04
2.185811979685343064e-04
2.184629025375142307e-04
2.184986155226373294e-04
2.183825483683211129e-04
2.184116365395296971e-04
2.182975458752921261e-04
2.183202726915563577e-04
2.182079377023158533e-04
2.182245674038000411e-04
2.181137951326792663e-04
2.181245904317412191e-04
2.180152107963181506e-04
2.180204284013533759e-04
2.179122869609243526e-04
2.179121705947136857e-04
2.178051187768054273e-04
2.177998894785180954e-04
2.176937721484334669e-04
2.176836158773336519e-04
2.175782564235493688e-04
2.175633093365117725e-04
2.174584928684007322e-04
2.174388251372348256e-04
2.173342809551107827e-04
2.173098806176548901e-04
2.172052657976335146e-04
2.171760248558621015e-04
2.170709115253802212e-04
2.170366172184823653e-04
2.169304867519581553e-04
2.168908214711346241e-04
2.167830691961721359e-04
2.167376226169379007e-04
2.166275763959740525e-04
2.165758727532887120e-04
2.164628276396919442e-04
2.164043693036888771e-04
2.162876380293980976e-04
2.162219633740818179e-04
2.161009385274788449e-04
2.160276874975375881e-04
2.159019060902069389e-04
2.158208813429597986e-04
2.156900768793634608e-04
2.156012831663858180e-04
2.154654060414257948e-04
2.153690477941912164e-04
2.152282344890591175e-04
2.151246543655746610e-04
2.149791326272493144e-04
2.148686850593436743e-04
2.147186184858163266e-04
2.146014934277331080e-04
2.144467943490641190e-04
2.143228348299939243e-04
2.141630034497726831e-04
2.140315870659971042e-04
2.138656547099392438e-04
2.137257176460354295e-04
2.135523639918231100e-04
2.134026172406478764e-04
2.132204784449868301e-04
2.130597883857829344e-04
2.128678742466502184e-04
2.126956678540228396e-04
2.124936948074976828e-04
2.123101579143252574e-04
2.120985550815096478e-04
2.119044083984496707e-04
2.116838557641968364e-04
2.114796905484121390e-04
2.112503339063976878e-04
2.110358335879860604e-04
2.107966692636739322e-04
2.105703179498360405e-04
2.103193508757048372e-04
2.100790924060376885e-04
2.098144355700782226e-04
2.095590255962081810e-04
2.092802025174710567e-04
2.090101006870052620e-04
2.087181987060463711e-04
2.084348020138796962e-04
2.081308539555264375e-04
2.078343958409774577e-04
2.075174206610959620e-04
2.072058746474752611e-04
2.068732078963638301e-04
2.065441771980535866e-04
2.061944385166002949e-04
2.058481451334908221e-04
2.054829403953633280e-04
2.051216399308287085e-04
2.047425850243126842e-04
2.043662986439595390e-04
2.039714931780471229e-04
2.035772890894817970e-04
2.031642825577397739e-04
2.027517500008748654e-04
2.023225039854392433e-04
2.018948922354262638e-04
2.014517459743461573e-04
2.010088657724138814e-04
2.005492101618725040e-04
2.000882741403103729e-04
1.996117471692740800e-04
1.991357159129596892e-04
1.986465056801351304e-04
1.981574595377570973e-04
1.976539801287824426e-04
1.971489516468218008e-04
1.966308615724305525e-04
1.961136570953146132e-04
1.955856399707338420e-04
1.950573153362273173e-04
1.945165930936686789e-04
1.939755494302811503e-04
1.934253955095424334e-04
1.928767055572945836e-04
1.923179386610657942e-04
1.917584283294493993e-04
1.911905280650239090e-04
1.906247277292174593e-04
1.900507168652414689e-04
1.894759343127055560e-04
1.888935660509939555e-04
1.883131663605706213e-04
1.877249671877340436e-04
1.871355638388473325e-04
1.865394909933226568e-04
1.859441615853687363e-04
1.853398997375881128e-04
1.847342994312754934e-04
1.841222178459935466e-04
1.835075510050237699e-04
1.828836002477898716e-04
1.822585535565894848e-04
1.816238672877871390e-04
1.809850618073459601e-04
1.803384521763143431e-04
1.796866514774466154e-04
1.790254381695178957e-04
1.783608401922456312e-04
1.776852547796556423e-04
1.770067077050896051e-04
1.763181491341913936e-04
1.756256234424987707e-04
1.749249923568762187e-04
1.742197379387345937e-04
1.735077170477966721e-04
1.727911859320656893e-04
1.720684778105354069e-04
1.713416134471432465e-04
1.706086308135013052e-04
1.698715901199178977e-04
1.691280996125108372e-04
1.683802342225556952e-04
1.676253235392341631e-04
1.668654441835278317e-04
1.660978913457545898e-04
1.653248165346116313e-04
1.645437177370217934e-04
1.637569137371306998e-04
1.629622436013017850e-04
1.621621941733994291e-04
1.613549093270904330e-04
1.605428881395709292e-04
1.597243739383528071e-04
1.589016204854467164e-04
1.580727296629955115e-04
1.572395297475265156e-04
1.563999148047225520e-04
1.555553697390254044e-04
1.547038042725497223e-04
1.538466959673128777e-04
1.529823290268982766e-04
1.521124693869666423e-04
1.512358947214622815e-04
1.503545562623343759e-04
1.494673866882831163e-04
1.485760510443672822e-04
1.476791675305888822e-04
1.467778429080870864e-04
1.458704227343514143e-04
1.449578526808059827e-04
1.440388158215459579e-04
1.431146879083051201e-04
1.421847629068776788e-04
1.412506423765189935e-04
1.403115793778736994e-04
1.393686146094210126e-04
1.384204529626723002e-04
1.374676950242801027e-04
1.365092326016913160e-04
1.355461855218240109e-04
1.345781799880376014e-04
1.336065690954643106e-04
1.326306995722326717e-04
1.316511298773470943e-04
1.306667008905230954e-04
1.296780375111651683e-04
1.286847686211238908e-04
1.276881797323983314e-04
1.266879365968461696e-04
1.256845212175819644e-04
1.246769093429853754e-04
1.236656513134317791e-04
1.226506428245711607e-04
1.216330187290251184e-04
1.206122917451010491e-04
1.195886012687242297e-04
1.185612996331220168e-04
1.175313698891037451e-04
1.164988990239614449e-04
1.154642776021015346e-04
1.144266765458302278e-04
1.133866932292053239e-04
1.123445758612971989e-04
1.113008846952868048e-04
1.102548458230393126e-04
1.092069259138794607e-04
1.081574359972904914e-04
1.071067968108182551e-04
1.060543066876615790e-04
1.050006333134802082e-04
1.039460355600574457e-04
1.028905185875924233e-04
1.018337854479948920e-04
1.007767875209943922e-04
9.971919583448577904e-05
9.866105789147459632e-05
9.760283899351687763e-05
9.654473462409021343e-05
9.548638221564391426e-05
9.442865126874715426e-05
9.337117809476790748e-05
9.231428645405331899e-05
9.125831939613349630e-05
9.020307485289339128e-05
8.914904131526362526e-05
8.809626942818991424e-05
8.704481865126845403e-05
8.599512835236193433e-05
8.494697916454344217e-05
8.390100281754544066e-05
8.285689668031773235e-05
8.181526701254600016e-05
8.077590000914084778e-05
7.973932874235271993e-05
7.870540632469288564e-05
7.767457734394347490e-05
7.664677857017358016e-05
7.562241421032326932e-05
7.460145562677011758e-05
7.358425654471780733e-05
7.257083439126546325e-05
7.156153558112850698e-05
7.055638782417273964e-05
6.955570396206377931e-05
6.855953398611505591e-05
6.756818543674091471e-05
6.658171039884020891e-05
6.560039296962465020e-05
6.462430459879228467e-05
6.365372113698147794e-05
6.268871422232869298e-05
6.172954333168138180e-05
6.077630073648407133e-05
5.982924511101258137e-05
5.888846415752747946e-05
5.795420151767912494e-05
5.702655626893512249e-05
5.610576135188197644e-05
5.519190988005386316e-05
5.428520671924918042e-05
5.338574266501087376e-05
5.249371524194628395e-05
5.160920292070535149e-05
5.073238893281019454e-05
4.986336553172119750e-05
4.900231643575936639e-05
4.814933125181029280e-05
4.730458499786635113e-05
4.646816693926624669e-05
4.564024297430758131e-05
4.482090118939751483e-05
4.401030261311378056e-05
4.320855005000664480e-05
4.241581701626538517e-05
4.163221134958850969e-05
4.085788661210321170e-05
4.009292274758064438e-05
3.933742804892189602e-05
3.859144171003788042e-05
3.785503317758440747e-05
3.712823446170437913e-05
3.641112544699121533e-05
3.570374654008973624e-05
3.500616903328117020e-05
3.431842627532735246e-05
3.364059681307066672e-05
3.297274593276551579e-05
3.231497428237824709e-05
3.166734170041521650e-05
3.102988044823694498e-05
3.040256482261669479e-05
2.978537105395019332e-05
2.917828284092671611e-05
2.858130968838091309e-05
2.799443785152345385e-05
2.741764954480341670e-05
2.685093509282089234e-05
2.629430868126347851e-05
2.574774235469200654e-05
2.521115977930298794e-05
2.468448310370954251e-05
2.416769327999769782e-05
2.366078473145744130e-05
2.316370536338207783e-05
2.267636933359336594e-05
2.219868145852715353e-05
2.173051293345860984e-05
2.127172976413221417e-05
2.082230844348593001e-05
2.038229016373921970e-05
1.995163640908684624e-05
1.953019919271301141e-05
1.911778417995065011e-05
1.871417307056739629e-05
1.831931177320252253e-05
1.793323405258348622e-05
1.755587619157720261e-05
1.718705570350895085e-05
1.682653532849375414e-05
1.647413015483855867e-05
1.612982350738253613e-05
1.579347459102139892e-05
1.546489225203026216e-05
1.514387807140455791e-05
1.483034627838932649e-05
1.452415220845684728e-05
1.422500945606334511e-05
1.393275754103377106e-05
1.364741457764770897e-05
1.336886496949619307e-05
1.309673578072200759e-05
1.283087182465549224e-05
1.257137749886065910e-05
1.231808115556836101e-05
1.207064340553585497e-05
1.182899897985656583e-05
1.159308886318882816e-05
1.136263691358656759e-05
1.113753763485288046e-05
1.091758651490442735e-05
1.070253853687330754e-05
1.049241640393884540e-05
1.028697172806692648e-05
1.008593594968041832e-05
9.889474187137006303e-06
9.697285900607479733e-06
9.509253336788531642e-06
9.325360221016775614e-06
9.145426670234912842e-06
8.969276721853385251e-06
8.796792556455213180e-06
8.627876490424392375e-06
8.462240127620307249e-06
8.299933545728698173e-06
8.140794506024076304e-06
7.984717902029510528e-06
7.831750211340431057e-06
7.681660705734267181e-06
7.534464812432391972e-06
7.389957831417873964e-06
7.248019183968684370e-06
7.108582633165241735e-06
6.971522906380490542e-06
6.836887312273114188e-06
6.704552209803098094e-06
6.574536634729883229e-06
6.446678100868181887e-06
6.320906491393057013e-06
6.197080812720179376e-06
6.075205998169048961e-06
5.955254929143145027e-06
5.837241069976237232e-06
5.721066452127280270e-06
5.606644140071863393e-06
5.493878527276821129e-06
5.382762368907727325e-06
5.273309013345908306e-06
5.165515861184647857e-06
5.059302377674246313e-06
4.954572345394430121e-06
4.851290538973836127e-06
4.749506510874380375e-06
4.649231962319133214e-06
4.550378182994498349e-06
4.452854666181515612e-06
4.356685683985450824e-06
4.261930858065873471e-06
4.168541352397504156e-06
4.076411150747267343e-06
3.985551871690735054e-06
3.896037806756262118e-06
3.807818241328677780e-06
3.720799796971167869e-06
3.635021453070522829e-06
3.550540432115637210e-06
3.467266946158503565e-06
3.385170072012149914e-06
3.304320622313633342e-06
3.224682338174289210e-06
3.146196198743714854e-06
3.068930965951707954e-06
2.992844481920454458e-06
2.917898592921342748e-06
2.844163079380213844e-06
2.771579458852333348e-06
2.700122919347899316e-06
2.629861742034504666e-06
2.560719782189694590e-06
2.492738796618425947e-06
2.425884198258521228e-06
2.360158791183836207e-06
2.295586679380486936e-06
2.232119155752728439e-06
2.169781083999373996e-06
2.108548848436091070e-06
2.048448900840711629e-06
1.989445798261443357e-06
1.931544260273629009e-06
1.874739454414719185e-06
1.819042574582732339e-06
1.764430103001766098e-06
1.710896037684787728e-06
1.658441974716451470e-06
1.607074260904977887e-06
1.556772307550510946e-06
1.507525192653408709e-06
1.459335910966494428e-06
1.412208874073640630e-06
1.366123652392702864e-06
1.321065942775794148e-06
1.277037886542782326e-06
1.234042597257499076e-06
1.192059043595641792e-06
1.151070280220577391e-06
1.111076874154903278e-06
1.072081060532308097e-06
1.034061482697071282e-06
9.970002837370669097e-07
9.608968538286014055e-07
9.257532060659361920e-07
8.915484481649773956e-07
8.582650982283683686e-07
8.259011183894683262e-07
7.944575903180993861e-07
7.639131627178361746e-07
7.342498469005665653e-07
7.054617337820630372e-07
6.775464072308788062e-07
6.504800494722870469e-07
6.242420167465024621e-07
5.988203246762728210e-07
5.742086811235633509e-07
5.503810081955245189e-07
5.273159328862496197e-07
5.049993110210952209e-07
4.834257922131837572e-07
4.625724438156265671e-07
4.424228030257774002e-07
4.229638355744794088e-07
4.041921097739917565e-07
3.860842731702948250e-07
3.686223916175991107e-07
3.517854669769661266e-07
3.355629134017418512e-07
3.199251813099033844e-07
3.048526646410345963e-07
2.903244375261083861e-07
2.763359022679406704e-07
2.628675256988570195e-07
2.499098756961711539e-07
2.374457929368788775e-07
2.254675250927187561e-07
2.139473531515492688e-07
2.028655400954167102e-07
1.921975604773469827e-07
1.819377710626567352e-07
1.720733374862949425e-07
1.626052204156697687e-07
1.535246885512465007e-07
1.448277590086947709e-07
1.364898115634806504e-07
1.284932886965112456e-07
1.208186758710972364e-07
1.134687887597120233e-07
1.064428220501361301e-07
9.974526480027589701e-08
9.335880635750681895e-08
8.726485716692990975e-08
8.143874481641961812e-08
7.588147929014129610e-08
7.059896911313058314e-08
6.559916847583103295e-08
6.086079601124338893e-08
5.636053592632071523e-08
5.208247849232192238e-08
4.804147212529317122e-08
4.424348283886912722e-08
4.067470685842109762e-08
3.729941149088433647e-08
3.411238485550220269e-08
3.112828905409748833e-08
2.835154094959137918e-08
2.574463116729921259e-08
2.328832422944517864e-08
2.099796798087809246e-08
1.888483858493277762e-08
1.690979826883683476e-08
1.505621230975884770e-08
1.334632709991619096e-08
1.177927235806192138e-08
1.031156006424693983e-08
8.952846633375710261e-09
7.720020946327858928e-09
6.579557992758779603e-09
5.519844022806880613e-09
4.571839956157588509e-09
3.699748841085531422e-09
2.896547964186204228e-09
2.187883090002064653e-09
1.539901491533761855e-09
9.499736424638009441e-10
4.358866555307253055e-10
-4.356301142875245820e-11
-4.622604637460430648e-10
-8.445096655378367316e-10
-1.188041225812009026e-09
-1.484497505444465591e-09
-1.748927907280863636e-09
-1.965906326482391983e-09
-2.151192329117120489e-09
-2.297099428617707994e-09
-2.420542723582549132e-09
-2.523337948350526443e-09
-2.614704209278028919e-09
-2.691865950830795477e-09
-2.754331480130225853e-09
-2.796427305143425176e-09
-2.816379363175637972e-09
-2.815839749250311726e-09
-2.802081712323100223e-09
-2.782100021555993552e-09
-2.758598983272428218e-09
-2.730816716017579632e-09
-2.696201310137068066e-09
-2.655023523902703647e-09
-2.607720118750244952e-09
-2.555373113579495511e-09
-2.495060708801326292e-09
-2.427222963632704459e-09
-2.355544810635423229e-09
-2.288818752693144954e-09
-2.227061941929594322e-09
-2.163543939154840132e-09
-2.089756179633117244e-09
-2.012883938342332489e-09
-1.944244635797457912e-09
-1.888046334495961857e-09
-1.830907310547594857e-09
-1.764630447094295944e-09
-1.688932303985379960e-09
-1.611514701411449505e-09
-1.536915240377369303e-09
-1.476799582294292444e-09
-1.427445055496580162e-09
-1.371205818993635993e-09
-1.303827846654990348e-09
-1.253790330565308353e-09
-1.214409674395057431e-09
-1.150895592976550732e-09
-1.073740212453119251e-09
-1.027309110065455637e-09
-9.935194047837868108e-10
-9.461397699007015285e-10
-8.944727188740551218e-10
-8.569488483592236329e-10
-8.259378231114628816e-10
-7.800788600081427114e-10
-7.319100947445315936e-10
-7.105377602851825707e-10
-6.679162708720468221e-10
-6.269659449024123197e-10
-6.029325711217193397e-10
-5.693571809765150824e-10
-5.292888486027592705e-10
-5.019561756613286377e-10
-4.827741878191853924e-10
-4.528995644720462182e-10
-4.357806022623426496e-10
-4.044890239725728842e-10
-3.820241084282349793e-10
-3.752194390617195292e-10
-3.457003702728973784e-10
-3.247240013291501780e-10
-3.039711030023178716e-10
-2.926653554534905744e-10
-2.779864601486543724e-10
-2.555539526720596576e-10
-2.480773941948898714e-10
-2.318960914832685314e-10
-2.225697062085377239e-10
-2.074977598019296961e-10
-1.950339188557294305e-10
-1.802110324786236258e-10
-1.717101196053194422e-10
-1.553766992732329541e-10
-1.526932606578795787e-10
-1.471977350079134406e-10
-1.326132095140855702e-10
-1.287512796234653013e-10
-1.188470319350712344e-10
-1.094320327887927893e-10
-1.079199834342039158e-10
-9.969554899360254461e-11
-9.489956391490903895e-11
-8.857080367311792853e-11
-8.396895180425679200e-11
-7.748131579075538149e-11
-7.537160781456034143e-11
-6.661521894230819568e-11
-6.592032733184907259e-11
-6.009290444192425899e-11
-5.732008124597754565e-11
-5.600844301355840316e-11
-5.455672964028501666e-11
-4.523082108476860715e-11
-4.277603296775513370e-11
-3.785093572321736785e-11
-4.072936600752121754e-11
-3.792497593433900391e-11
-3.756085976385051677e-11
-3.452285388381134223e-11
-3.159815671609563422e-11
-3.000612971595971980e-11
-2.588252582973658360e-11
-2.483287893611506509e-11
-2.378678394386255493e-11
-2.273382067479798834e-11
-2.358244536301237386e-11
-2.151948533916276971e-11
-1.849612020583850276e-11
-1.766549246245268015e-11
-1.774901440563056333e-11
-1.748439341804274173e-11
-1.578337890707468990e-11
-1.434314923020095170e-11
-1.221505810625733009e-11
-1.260059818537789440e-11
-1.338396547406983437e-11
-1.373232632314556952e-11
-1.077026728516750573e-11
-9.155128390121445085e-12
-9.803557105603351584e-12
-1.001254480350789689e-11
-9.797907214201715101e-12
-8.333513132649725801e-12
-8.091524144194136220e-12
-8.798187539445615121e-12
-7.831856592296341917e-12
-5.967659880336838821e-12
-7.493942334092765115e-12
-7.090447269597879295e-12
-6.747699991979518259e-12
-5.751807787289296580e-12
-5.739029343536922492e-12
-6.248698751295807012e-12
-4.914164060806434187e-12
-5.704292701496229238e-12
-5.499951253967227406e-12
-4.210650336926528999e-12
-5.028511925347654810e-12
-4.908116277545005092e-12
-4.532499386886874154e-12
-4.178995799172290145e-12
-4.554282975043630908e-12
-3.606505520379952315e-12
-5.246560246746896919e-12
-2.832627651650342123e-12
-4.278364866822914077e-12
-3.817261478539848625e-12
-3.480073650727289890e-12
-3.646044664557679575e-12
-3.259416444365553669e-12
-4.025275339130221651e-12
-2.570541085669284406e-12
-3.849108049387239738e-12
-2.866782814885110709e-12
-3.207631203514416198e-12
-2.906204453666826244e-12
-3.248958984763281569e-12
-2.749732129501986072e-12
-3.040519066154983887e-12
-2.722401831426486172e-12
-2.747269084343825875e-12
-2.770795724289823261e-12
-2.690586249145922290e-12
-2.589393469739562790e-12
-2.653243940662575189e-12
-2.296086968456000129e-12
-2.597925254299652212e-12
-2.262270811894703192e-12
-2.547632456460845556e-12
-2.171658228109812012e-12
-2.381509090885718400e-12
-2.082103750289089454e-12
-2.244253234303165951e-12
-1.992345074510557546e-12
-2.065445269295984182e-12
-1.932139359420032894e-12
-1.985411672007402591e-12
-1.829651643138799076e-12
-1.841275633197592823e-12
-1.707516649691382128e-12
-1.731846737211392596e-12
-1.626297195622206836e-12
-1.641264913306690348e-12
-1.473953888276457253e-12
-1.457987856239125185e-12
-1.387737078894985326e-12
-1.362660885760080187e-12
-1.251342754876496858e-12
-1.243618407399124714e-12
-1.102541119176427666e-12
-1.086219821362840288e-12
-1.032835493451070228e-12
-9.568206082526619222e-13
-8.973228081278983661e-13
-8.512103157665976753e-13
-7.485309376841129946e-13
-7.117180004153291599e-13
-6.278468286969441817e-13
-6.028838388826350654e-13
-5.060036298712866577e-13
-4.798727684234879590e-13
-4.121655423372303448e-13
-3.743638222459151448e-13
-2.955047540737336225e-13
-2.882211619320429405e-13
-1.925254910981039274e-13
-1.660894428558198875e-13
-1.362231773626112130e-13
-1.084225673608075777e-13
-4.884050595708366371e-14
-5.727160405401737678e-14
1.375090472964642366e-15
3.049226707752114671e-15
4.084323774551862500e-14
4.001286691311728274e-14
4.976264676525118586e-14
5.152743438107165215e-14
6.792009321509543858e-14
5.408834239023425066e-14
6.020057606896889297e-14
5.432179090109392775e-14
3.551768857238683530e-14
3.160428925401027379e-14
2.085385639040864796e-14
6.149714578739048696e-15
-6.039930843923043304e-15
-1.744509252671433672e-14
-3.472504161632351733e-14
-3.620345007940328373e-14
-5.143562676194395340e-14
-5.673925196465284873e-14
-6.112524016583977874e-14
-6.279191261756444194e-14
-5.799723403094975066e-14
-6.361828996169790300e-14
-5.078744336897950602e-14
-4.545630022453902661e-14
-3.243702119661831586e-14
-3.117606137817783715e-14
-1.225066688460529236e-14
-6.004725216744692234e-15
2.879038292206220952e-15
7.780911125603967931e-15
1.853303593165322708e-14
1.494444262698592404e-14
1.948998825671398700e-14
1.556502126512354785e-14
1.275489263711895572e-14
6.970945597940128185e-15
3.376026860878361443e-15
-5.041799850151238865e-15
-5.476862243673638468e-15
-1.360598636125717439e-14
-1.130797366081015537e-14
-1.374012853759695825e-14
-1.041298913236916996e-14
-7.206433652060984281e-15
-3.083364362929901265e-15
1.804230160130846884e-15
6.291815834887168150e-15
8.989675689220810291e-15
1.065305522173824836e-14
9.145980985801213862e-15
7.453451522280088236e-15
3.274423120047488536e-15
3.755242334799487169e-16
-2.958407776233149626e-15
-3.025983582356804847e-15
-2.735096855496915303e-15
1.751029983389095722e-16
2.278898593667745543e-15
5.659982977661318878e-15
6.430067320841374259e-15
7.251150142560301981e-15
5.583196443492790062e-15
4.325017235673788901e-15
1.529853213937894848e-15
8.456117495893560193e-16
2.051022132284353834e-16
2.260659300633853746e-15
3.937497423555791572e-15
6.139458471612808819e-15
5.814542009851990412e-15
5.223546476919118812e-15
3.009555145956934845e-15
2.488961512693983503e-15
1.965855049186203263e-15
3.376931341090603737e-15
4.265021814635478912e-15
5.665124793842957167e-15
4.970144420268842151e-15
4.021639660345617781e-15
2.522252775676877965e-15
3.179336653538681635e-15
4.009086640661181051e-15
5.100010057821325337e-15
4.597509319760031037e-15
4.277110806653719535e-15
3.253369400779877317e-15
3.545763795477819717e-15
4.234808356649268516e-15
5.164324477781046540e-15
4.133367959605149798e-15
3.672883146719316882e-15
3.720422076338636448e-15
4.519257731756298236e-15
4.498536827935702971e-15
4.357996796358847619e-15
3.563157349798851301e-15
4.246614539177829999e-15
4.559574111524845355e-15
4.334718918558641234e-15
3.823075727009170914e-15
4.235186993630657223e-15
4.460336527983023921e-15
4.308436390157167236e-15
3.872284316756919350e-15
4.450188710249880443e-15
4.316594511444493631e-15
4.179297182578249484e-15
4.080184433511794140e-15
4.554377316303063471e-15
4.053337617583465177e-15
4.271660966883767794e-15
4.318934784727713693e-15
4.271010161892479605e-15
4.131786006396068406e-15
4.457669280651419096e-15
4.096068415933630889e-15
4.360244507400409865e-15
4.249715739582344630e-15
4.247982659235213915e-15
4.293825202843271516e-15
4.272638777172959338e-15
4.240151165294031208e-15
4.334383662036798003e-15
4.195882577350946097e-15
4.362892592458834189e-15
4.187864760924050469e-15
4.361938580099443308e-15
4.198458963210105548e-15
4.351149385053248726e-15
4.212077664680703055e-15
4.340723785854760932e-15
4.223230502377645410e-15
4.333005671578250118e-15
4.231476387719360269e-15
4.327568279482195395e-15
4.237617111541420154e-15
4.323608337193209593e-15
4.242396250251030878e-15
4.320545565056768380e-15
4.246294166862931965e-15
4.318035530868419370e-15
4.249593929347532925e-15
4.315884127870683253e-15
4.252462076302499384e-15
4.313981237828072376e-15
4.255000487377113840e-15
4.312262222465290494e-15
4.257275048818811480e-15
4.310687331735168516e-15
4.259330927722992007e-15
4.309230835342162758e-15
4.261200791191266500e-15
4.307875189497614898e-15
4.262909369113690118e-15
4.306607812457391237e-15
4.264476092409814797e-15
4.305419241089388309e-15
4.265916686494874367e-15
4.304302040862733565e-15
4.267244176505553987e-15
4.303250140649849253e-15
4.268469548125980258e-15
4.302258414775132940e-15
4.269602198887243256e-15
4.301322413356898786e-15
4.270650257222933550e-15
4.300438184004867404e-15
4.271620815061100857e-15
4.299602151120881712e-15
4.272520102064624349e-15
4.298811032285247158e-15
4.273353619178371439e-15
4.298061778971763144e-15
4.274126243172671338e-15
4.297351533418277900e-15
4.274842309736620089e-15
4.296677596388126069e-15
4.275505680543233993e-15
4.296037402332182823e-15
4.276119797978531890e-15
4.295428499618108432e-15
4.276687730176302618e-15
4.294848534245179460e-15
4.277212208356336847e-15
4.294295235963536457e-15
4.277695657891676997e-15
4.293766406007817346e-15
4.278140224255477509e-15
4.293259905966726053e-15
4.278547794649428318e-15
4.292773647364109511e-15
4.278920016010496619e-15
4.292305581721335253e-15
4.279258309912113351e-15
4.291853690878953397e-15
4.279563884805777472e-15
4.291415977444871402e-15
4.279837745883746825e-15
4.290990455283899062e-15
4.280080702911930735e-15
4.290575139963181971e-15
4.280293376235232488e-15
4.290168039083794475e-15
4.280476201133774936e-15
4.289767142510862230e-15
4.280629430770372772e-15
4.289370412454199570e-15
4.280753137803967650e-15
4.288975773411439734e-15
4.280847214881994930e-15
4.288581101991803342e-15
4.280911374113007290e-15
4.288184216657728307e-15
4.280945145685507861e-15
