# bin_5_2
1.983170066301668208e-07
-1.676664005766963825e-07
1.859815944496606885e-07
-1.587677962799702869e-07
1.745196624068043764e-07
-1.502472449361170107e-07
1.638660527484762928e-07
-1.420932590301077733e-07
1.539627536556449174e-07
-1.342920478648915856e-07
1.447583098825314769e-07
-1.268277536333749808e-07
1.362073403586568439e-07
-1.196826064147138960e-07
1.282701552511941614e-07
-1.128370033498712246e-07
1.209124650576917155e-07
-1.062695162519715123e-07
1.141051766819082862e-07
-9.995683159824564148e-08
1.078242725017514349e-07
-9.387362525221246448e-08
1.020507672455112890e-07
-8.799237454561245288e-08
9.677074046521964773e-08
-8.228311070803200670e-08
9.197543880757841929e-08
-7.671311605572816771e-08
8.766144343358835599e-08
-7.124657029471831580e-08
8.383089399890506831e-08
-6.584415640005507773e-08
8.049175905210025841e-08
-6.046263649926610727e-08
7.765813605389466492e-08
-5.505441728641216897e-08
7.535055933753880386e-08
-4.956712987818844811e-08
7.359628557900249439e-08
-4.394325944227355336e-08
7.242951467077640698e-08
-3.811987114638531436e-08
7.189149275669243949e-08
-3.202849462528925009e-08
7.203042627313809612e-08
-2.559524427634667643e-08
7.290111962137165094e-08
-1.874127362613895043e-08
7.456422929340238145e-08
-1.138367937430870317e-08
7.708500706992720595e-08
-3.436991361873737379e-09
8.053138923246521770e-08
5.184601946374700088e-09
8.497127662516961628e-08
1.456413677022930936e-08
9.046885238646522109e-08
2.477772022317390036e-08
9.707980444758120590e-08
3.588922748882712855e-08
1.048453702623667239e-07
4.794380818996866568e-08
1.137852138975600519e-07
6.096027819381322232e-08
1.238892940828281883e-07
7.492265531069516036e-08
1.351090988281282907e-07
8.977135284849816537e-08
1.473489198063219783e-07
1.053948827571717849e-07
1.604582142889458896e-07
1.216233294221824817e-07
1.742265404146987957e-07
1.382253084569849300e-07
1.883830028914345012e-07
1.549105534976810867e-07
2.026025242378622288e-07
1.713405651737781885e-07
2.165214172924605591e-07
1.871497347546469772e-07
2.297644726440033686e-07
2.019787883083827098e-07
2.419848335706936452e-07
2.155210120833059602e-07
2.529160384743677180e-07
2.275792665808309676e-07
2.624325629397799092e-07
2.381281533921848034e-07
2.706109996817211632e-07
2.473710572306790937e-07
2.777791020682407477e-07
2.557768714685988062e-07
2.845353745958168783e-07
2.640775280138512112e-07
2.917196554853349897e-07
2.732073575844641592e-07
3.003179477200922447e-07
2.841718014486228524e-07
3.112956490885074596e-07
2.978488344513277309e-07
3.253743508804053686e-07
3.147524190121424518e-07
3.427973822642609437e-07
3.348196429976969754e-07
3.631612415579386760e-07
3.573110503879716477e-07
3.854090747484632309e-07
3.809183721943574499e-07
4.080669714207213157e-07
4.041330852864377705e-07
4.297338928601693237e-07
4.258291313313986426e-07
4.497091200993911692e-07
4.458683345918812124e-07
4.684940657317816314e-07
4.654102080637340908e-07
4.878267804588660841e-07
4.866085816670666383e-07
5.100161712050980074e-07
5.116134825962600468e-07
5.367077627217737954e-07
5.412653380353866592e-07
5.677273062351335242e-07
5.743365186073315848e-07
6.009503199773090865e-07
6.081821616172917124e-07
6.337502226270014535e-07
6.408178693992196405e-07
6.653405114625562237e-07
6.730014779430383239e-07
6.980095784602074454e-07
7.081254553182643242e-07
7.354449934499179942e-07
7.491706135447516421e-07
7.789994281364448486e-07
7.953617652983337323e-07
8.259375002884628737e-07
8.429162232456690855e-07
8.728626998064637142e-07
8.903055213069530813e-07
9.210137644843772817e-07
9.413558616635142339e-07
9.754212687752368225e-07
1.000179304510546637e-06
1.037351935590178715e-06
1.064533940588444180e-06
1.102236501430637865e-06
1.130191412931836798e-06
1.168969179141785961e-06
1.200325445126942124e-06
1.243489060541422353e-06
1.280071750021198954e-06
1.326746757394678212e-06
1.365591116936328709e-06
1.413185832484576258e-06
1.454392140477047973e-06
1.506003641760504123e-06
1.553156467338866292e-06
1.609698856395332617e-06
1.660124653181408368e-06
1.718124752762914014e-06
1.771365932356118458e-06
1.834176475393129009e-06
1.893651867844847988e-06
1.960634222660826058e-06
2.022263024298979988e-06
2.091142318066853942e-06
2.157440855492608904e-06
2.231760617958177364e-06
2.301598533267807454e-06
2.376753560401416478e-06
2.448777401847456712e-06
2.528149019666521787e-06
2.603561336920746285e-06
2.682854834721552247e-06
2.758584726411989639e-06
2.840324504817054855e-06
2.917486172815058557e-06
2.997165587177053255e-06
3.073380710533835941e-06
3.153630906594674576e-06
3.227827645878734055e-06
3.304204027561048741e-06
3.377109171659629608e-06
3.450844023597530271e-06
3.518750619142122601e-06
3.589467737283371766e-06
3.654226075083519489e-06
3.719407334390078625e-06
3.781143909577523191e-06
3.842630479498955328e-06
3.899839677385909222e-06
3.959172456436675307e-06
4.013121666177141046e-06
4.070242607320214543e-06
4.123247902684219754e-06
4.178783765424167836e-06
4.232301845200978825e-06
4.287736460920818155e-06
4.342517191744230813e-06
4.399142267424023061e-06
4.455547709818704041e-06
4.513858594271392357e-06
4.571765438663976624e-06
4.631402727931345415e-06
4.690115569186248397e-06
4.750110509473878891e-06
4.808570776681367577e-06
4.867801908910022492e-06
4.925066814176579025e-06
4.982822280798353433e-06
5.038593745929232407e-06
5.095007356154450877e-06
5.149899470181205342e-06
5.205975691235227634e-06
5.261268937400415559e-06
5.318358044741108549e-06
5.375255500273203655e-06
5.434189171734027947e-06
5.492985638834157584e-06
5.553448143248770925e-06
5.613267783731678735e-06
5.674007780648769710e-06
5.733508984869407972e-06
5.793433643537968886e-06
5.852068430079920405e-06
5.911354104168645333e-06
5.969999853410600715e-06
6.029994870542462872e-06
6.090060748741510278e-06
6.151776731653632131e-06
6.213506866933233814e-06
6.276306874628752239e-06
6.338386769776359827e-06
6.400778307443763061e-06
6.462142644976826807e-06
6.523961081362649836e-06
6.585432541182859029e-06
6.648111988381702483e-06
6.711013283559712386e-06
6.775053138674266803e-06
6.838742650451224380e-06
6.902686524967535906e-06
6.965727658885247924e-06
7.029043420479504842e-06
7.092143817970341734e-06
7.156279937862194789e-06
7.220552294785819475e-06
7.285401706006086564e-06
7.349542728540103454e-06
7.413626376241389583e-06
7.477203454286616674e-06
7.541479305916415451e-06
7.605883784583363382e-06
7.670751648272483979e-06
7.734919231710563482e-06
7.798933151380789237e-06
7.862580372362058581e-06
7.926860801016019799e-06
7.991046908549981594e-06
8.055166701839030805e-06
8.118478142938156730e-06
8.181905369415627907e-06
8.245323785031639913e-06
8.308943873333274842e-06
8.371785801251067864e-06
8.434394040835130083e-06
8.496839401628476213e-06
8.559487522558443113e-06
8.621386727499857834e-06
8.682932756602505694e-06
8.744254690443441268e-06
8.805574842179851383e-06
8.866028877592767147e-06
8.926192022171513420e-06
8.986105906144947945e-06
9.045597954801694917e-06
9.104239976193044071e-06
9.162825225517221283e-06
9.220792031732489826e-06
9.278070194534458553e-06
9.334942820036646122e-06
9.391394407072536647e-06
9.446907581306682254e-06
9.502179444611416994e-06
9.556621582403677958e-06
9.610422380385653045e-06
9.663696926021603128e-06
9.716072733671170388e-06
9.767858089726217264e-06
9.818888420374559715e-06
9.869057843594582137e-06
9.918590731176329115e-06
9.967091926381687844e-06
1.001498885853925830e-05
1.006178508020317106e-05
1.010789602530911674e-05
1.015290434398251587e-05
1.019715356391336301e-05
1.024028765102901873e-05
1.028256418562608993e-05
1.032371122634264241e-05
1.036394273185118859e-05
1.040301959574326824e-05
1.044110511427240282e-05
1.047800800588323219e-05
1.051388036276843925e-05
1.054853911153480727e-05
1.058210250625824877e-05
1.061441205529289528e-05
1.064557967962446896e-05
1.067544965446045920e-05
1.070411268322033708e-05
1.073143575688849179e-05
1.075750213506168913e-05
1.078218166739623732e-05
1.080554467988491067e-05
1.082748526776196640e-05
1.084807315145410544e-05
1.086719961722291588e-05
1.088492250517295859e-05
1.090114814383498767e-05
1.091592614593337974e-05
1.092916136497970238e-05
1.094088200369396454e-05
1.095100031092904809e-05
1.095954554268900888e-05
1.096642757846292260e-05
1.097167253530286629e-05
1.097521434179673338e-05
1.097708652784334861e-05
1.097722736756215922e-05
1.097566856092552250e-05
1.097235523631092039e-05
1.096731681182137050e-05
1.096050454710662621e-05
1.095194971455062292e-05
1.094162366943425153e-05
1.092957176136305938e-05
1.091577024208031651e-05
1.090024544763437225e-05
1.088295118056633657e-05
1.086387972267831097e-05
1.084296219474438787e-05
1.082017504634109136e-05
1.079546712084605671e-05
1.076884618308910411e-05
1.074028597230853751e-05
1.070979993740604602e-05
1.067736901110590534e-05
1.064302633282794994e-05
1.060679177072813857e-05
1.056872104262763788e-05
1.052882688045267557e-05
1.048710144186881056e-05
1.044349105527056127e-05
1.039796175076304430e-05
1.035049981177724812e-05
1.030112606471508389e-05
1.024984447535333998e-05
1.019666435068980054e-05
1.014161024691630979e-05
1.008473329561633035e-05
1.002604578021988622e-05
9.965523931398688470e-06
9.903158272761482345e-06
9.839005575958889311e-06
9.773134669586062891e-06
9.705570003388755524e-06
9.636312591175392575e-06
9.565365656269927239e-06
9.492712909705649493e-06
9.418349873653995055e-06
9.342387827233863791e-06
9.264987204146100456e-06
9.186217560624961650e-06
9.106047867578345449e-06
9.024422513106438348e-06
8.941287836469524524e-06
8.856765445442248995e-06
8.771044584071101125e-06
8.684203315786658201e-06
8.596209262088098092e-06
8.506999147347998839e-06
8.416584207867658211e-06
8.325138964790344018e-06
8.232703051885665403e-06
8.139279393167021600e-06
8.044875763053047245e-06
7.949617016824245199e-06
7.853558838025675735e-06
7.756635317253769891e-06
7.658922136415256520e-06
7.560656884978987306e-06
7.461917916293866919e-06
7.362551946796700125e-06
7.262649386177714219e-06
7.162528017855515050e-06
7.062201630828164546e-06
6.961547604617074157e-06
6.860726437692080437e-06
6.759879122090350182e-06
6.658936336574825767e-06
6.558009375723032784e-06
6.457101645879233237e-06
6.356197507304844381e-06
6.255533678054233885e-06
6.155059644765325911e-06
6.054737809945040653e-06
5.954932780997110510e-06
5.855521119912628180e-06
5.756589455691331822e-06
5.658293874357099889e-06
5.560626121367347980e-06
5.463583935747645005e-06
5.367230069619696674e-06
5.271629522115630800e-06
5.176675414843422778e-06
5.082591211173550101e-06
4.989364814367781372e-06
4.897051698556908068e-06
4.805829015404868740e-06
4.715594659877954316e-06
4.626493486488812514e-06
4.538436138009741772e-06
4.451439314530316689e-06
4.365555170335290348e-06
4.280784624878921064e-06
4.197276744840317619e-06
4.115003446228468074e-06
4.034066463413833244e-06
3.954383735382540162e-06
3.875970311558749745e-06
3.798772941781493293e-06
3.722880042765651916e-06
3.648331303608636816e-06
3.575193733856661716e-06
3.503415888150171980e-06
3.432964174385743308e-06
3.363799020133986349e-06
3.295966874396063906e-06
3.229518897793593637e-06
3.164478571105559604e-06
3.100788402919865169e-06
3.038384390956999757e-06
2.977265612422475942e-06
2.917504012000720574e-06
2.859116774901260783e-06
2.802022000339346593e-06
2.746147508483313846e-06
2.691534659075584589e-06
2.638241993667352876e-06
2.586212452923892051e-06
2.535343853573821032e-06
2.485656126059920448e-06
2.437214526362257467e-06
2.389952157175440825e-06
2.343772716338559527e-06
2.298713603103307965e-06
2.254813139943991442e-06
2.211964034170303529e-06
2.170130186161224043e-06
2.129366990515732317e-06
2.089615397664058291e-06
2.050804983593747111e-06
2.012987944517472261e-06
1.976098471858392591e-06
1.940086094956224834e-06
1.905000084623540193e-06
1.870757904589337279e-06
1.837322614710764666e-06
1.804740022547817261e-06
1.772912813456788773e-06
1.741866432726190350e-06
1.711543830662226884e-06
1.681933677516389425e-06
1.653036515181955060e-06
1.624786921342114259e-06
1.597192015922449241e-06
1.570211471549931924e-06
1.543853131740596560e-06
1.518063992903654510e-06
1.492834365798005369e-06
1.468144126813854615e-06
1.443988223758856408e-06
1.420327724732694685e-06
1.397144511594473062e-06
1.374427635786777038e-06
1.352169616448827566e-06
1.330337170835211058e-06
1.308909962513446180e-06
1.287881590129806435e-06
1.267245513135899605e-06
1.246971678514791315e-06
1.227039468702448960e-06
1.207445119688472567e-06
1.188184134133656879e-06
1.169229260808940827e-06
1.150560628202637335e-06
1.132176570884224115e-06
1.114075241839078172e-06
1.096232514290331320e-06
1.078630822609043300e-06
1.061270579805935553e-06
1.044152787926298543e-06
1.027256645869635023e-06
1.010567438670099570e-06
9.940865989554250244e-07
9.778166478284591197e-07
9.617387483797174513e-07
9.458399046562120153e-07
9.301201631317575390e-07
9.145815073429236595e-07
8.992058815097819655e-07
8.839809404710445779e-07
8.689044857862343206e-07
8.539789960791628907e-07
8.391886153587672015e-07
8.245244639078176369e-07
8.099862100060645758e-07
7.955809911933430284e-07
7.812990171509712044e-07
7.671380970365588466e-07
7.531000398933972772e-07
7.391945681278192212e-07
7.254118843246292817e-07
7.117488420462593666e-07
6.982005682760375432e-07
6.847722683064413581e-07
6.714514291450132477e-07
6.582370862181348738e-07
6.451278875188780023e-07
6.321376287966289476e-07
6.192644754601453892e-07
6.065163629165124055e-07
5.938931281866475190e-07
5.814031809798633300e-07
5.690354765655121430e-07
5.567885484481440345e-07
5.446572481128543067e-07
5.326548268644976333e-07
5.207858409749262840e-07
5.090668157337132058e-07
4.975024189987127099e-07
4.861006985863281532e-07
4.748492665917211014e-07
4.637445682491986241e-07
4.527819032340297800e-07
4.419778682080993057e-07
4.313424136475162040e-07
4.208882914611399302e-07
4.106055037789826260e-07
4.004846062172268165e-07
3.905120743858017230e-07
3.807003255740093752e-07
3.710633632532715453e-07
3.616140554035575838e-07
3.523355302825117211e-07
3.432121656084444979e-07
3.342376083517313965e-07
3.254344786073774300e-07
3.168120950698999832e-07
3.083596491234472041e-07
3.000479919559341815e-07
2.918813611322090887e-07
2.838803613921665245e-07
2.760517370032013492e-07
2.683623085542151497e-07
2.608022433436694203e-07
2.533942035478674956e-07
2.461520045077183587e-07
2.390405934671844454e-07
2.320527490912278666e-07
2.252168555838052839e-07
2.185339775304242995e-07
2.119664752926406018e-07
2.055325952332087951e-07
1.992517478786207366e-07
1.930940347808047507e-07
1.870557659978948873e-07
1.811711760699690818e-07
1.754065468402153622e-07
1.697622804039023322e-07
1.642660181093659915e-07
1.588861456142320106e-07
1.536262604803843256e-07
1.485055547809994398e-07
1.434867388584098394e-07
1.386006592614405493e-07
1.338244951684625878e-07
1.291660523359880164e-07
1.246341301250420192e-07
1.202164854260301581e-07
1.159287589060637199e-07
1.117558643731564156e-07
1.077057357556306178e-07
1.037621936360843928e-07
9.992535450364016903e-08
9.618813097202185277e-08
9.255539668446558417e-08
8.902855935714660921e-08
8.561315402522493549e-08
8.230953867761161959e-08
7.911439113521998745e-08
7.601932799742114133e-08
7.301736252926058380e-08
7.010626396660841010e-08
6.728695256043790382e-08
6.456137227345336814e-08
6.192808639560475742e-08
5.938536613426469091e-08
5.693076436249427417e-08
5.456549443915195196e-08
5.228690508654347689e-08
5.008943789403390856e-08
4.796349855486980750e-08
4.590904459588659824e-08
4.393171242566951236e-08
4.203722634832896580e-08
4.021537828522021435e-08
3.845393026809652791e-08
3.674910525705031019e-08
3.511353627528596953e-08
3.355214497086695509e-08
3.206146942441807301e-08
3.063094692865306930e-08
2.925449712547467114e-08
2.792024622755709224e-08
2.663272415521048834e-08
2.540769953419071663e-08
2.424513614508746626e-08
2.311512652372332604e-08
2.202597139924760212e-08
2.100868819377112775e-08
2.004644066482000474e-08
1.909538244448869435e-08
1.817694734178802898e-08
1.731443550561153397e-08
1.649470551494307424e-08
1.569869580965964592e-08
1.493475415643588995e-08
1.422138377518733482e-08
1.354199015123196552e-08
1.286922774258251587e-08
1.225038661483121239e-08
1.165749316159117336e-08
1.107740754140134064e-08
1.053512493009854301e-08
1.002466195194487967e-08
9.525760612544088296e-09
9.044871307391065169e-09
8.598099973933329410e-09
8.161488869971283847e-09
7.760741522513021821e-09
7.370277804943822807e-09
6.985929499553173922e-09
6.643489579885025586e-09
6.308857510170685762e-09
5.991278359115791642e-09
5.680567418555780333e-09
5.390447451105805800e-09
5.121707100567329675e-09
4.852851499937071728e-09
4.606625510106357125e-09
4.366765202627300085e-09
4.145089956359459456e-09
3.932335063240113615e-09
3.732679237109729924e-09
3.537498183588920364e-09
3.359983244500310628e-09
3.178476231514415424e-09
3.010605669524077657e-09
2.859976078943602463e-09
2.706841309613199153e-09
2.568252979404827560e-09
2.435886658915510757e-09
2.303547906145830898e-09
2.184974893430253295e-09
2.069472050083075529e-09
1.961689632393032976e-09
1.858194650547577440e-09
1.761945271935867044e-09
1.666950087437282488e-09
1.583358225842482474e-09
1.496450743608238683e-09
1.419522136490187559e-09
1.343631378274917094e-09
1.270752370108850963e-09
1.202384130769770485e-09
1.145005996279792135e-09
1.083676507358561760e-09
1.028124683036463939e-09
9.681960287477692408e-10
9.176814690350338576e-10
8.673856467763210215e-10
8.228038904791885736e-10
7.801394630454041123e-10
7.387483679371155033e-10
7.017908538848274583e-10
6.638674173132825135e-10
6.281109576799241811e-10
5.944312859932781899e-10
5.609044901989914702e-10
5.322753868024534004e-10
5.058192808718727827e-10
4.786885714517244820e-10
4.522206048144869345e-10
4.277788669791578341e-10
4.059870283450277629e-10
3.851233613918397265e-10
3.658906404642898318e-10
3.453122182923302251e-10
3.256674622499323831e-10
3.077457189251395997e-10
2.939107477308380798e-10
2.792330273236572114e-10
2.632436488981521399e-10
2.487096161992519876e-10
2.354586775941416157e-10
2.240910442353820048e-10
2.120705395344187806e-10
1.999172710767650760e-10
1.901221974749724910e-10
1.815173586510113535e-10
1.701384816918512944e-10
1.614430599213318628e-10
1.530785836417686913e-10
1.458093463549547125e-10
1.378725023378990874e-10
1.300259928986511393e-10
1.243155974170505334e-10
1.168354657053338515e-10
1.108649288909757091e-10
1.061236577439851151e-10
9.960778850540870658e-11
9.445322583017182826e-11
8.979770926203942342e-11
8.532189486521430315e-11
8.044229293037351410e-11
7.704480782414855843e-11
7.141003840514303263e-11
7.001189093559447536e-11
6.476118675394073971e-11
6.191873987217181283e-11
5.887218281685689971e-11
5.567097552786589020e-11
5.301987620369238025e-11
4.957762578753949126e-11
4.831553678193791972e-11
4.453613903140085802e-11
4.316411584983522191e-11
4.054033865136336463e-11
3.869384520767874430e-11
3.633934225430886198e-11
3.491650038527047554e-11
3.279451756216860481e-11
3.138922741003233813e-11
2.970249521816462530e-11
2.812006951551736249e-11
2.673358707924150563e-11
2.541360180056687490e-11
2.403383052152019040e-11
2.309259031407561269e-11
2.158647951158798616e-11
2.076728066887922650e-11
1.939971257786893238e-11
1.874100484415206065e-11
1.754041618775527722e-11
1.690140933828608088e-11
1.583662661117036796e-11
1.523854321014080420e-11
1.433846308468218263e-11
1.369757280899001677e-11
1.290137170855552641e-11
1.235508551743096040e-11
1.166378157513417886e-11
1.115287504941769595e-11
1.050822319683435522e-11
1.002844390482824986e-11
9.452272820516176700e-12
9.083034274552860780e-12
8.573270245341557921e-12
8.149296365314009819e-12
7.699675304497893007e-12
7.356635113315892555e-12
6.926677937221781504e-12
6.648737296282696227e-12
6.254448267284779077e-12
5.925216692762358445e-12
5.628666299174789567e-12
5.330970177529849865e-12
5.035417427519161282e-12
4.807027785619698410e-12
4.523679256723019822e-12
4.300646307398820125e-12
4.031349342578681564e-12
3.845871796563903730e-12
3.598626180063796750e-12
3.407367761777247881e-12
3.195944015765959177e-12
3.035030936245740523e-12
2.813743997926455681e-12
2.691576623765355992e-12
2.504147071157949937e-12
2.335649715219148544e-12
2.175548806623777667e-12
2.055259435561119691e-12
1.877384348353937956e-12
1.778111584263890811e-12
1.627906318526070306e-12
1.526077694943258902e-12
1.391958626606794172e-12
1.282061236210718249e-12
1.171792422060822290e-12
1.086051902472322579e-12
9.772186541873211210e-13
8.997270976955907180e-13
8.152098223328679103e-13
7.291926969644567637e-13
6.645671491550100992e-13
6.006437798457476324e-13
5.387625772134239352e-13
4.868166697943037449e-13
4.399746081435461495e-13
3.937089710680530591e-13
3.663986661317047929e-13
3.289974212274862454e-13
3.050191285131784822e-13
2.838071415458098895e-13
2.671746179552467982e-13
2.571819941885560354e-13
2.380555873134545401e-13
2.374563852703686515e-13
2.283793573939410212e-13
2.263098308427521107e-13
2.122749457876701168e-13
2.154058880795420150e-13
2.043503244144266754e-13
1.964386223220927681e-13
1.845095295212614553e-13
1.785814323058849707e-13
1.589595589816438465e-13
1.492224101728213521e-13
1.318121879378737384e-13
1.177620587577361805e-13
1.022566233660449844e-13
9.081651345653039212e-14
7.620371328781708787e-14
7.099229949750890504e-14
5.899947400845407193e-14
5.853707166113228296e-14
5.306139838502077213e-14
5.388223088380287336e-14
5.366866084915270632e-14
5.428813949684721832e-14
5.481439654180912555e-14
5.464983114860642337e-14
5.226008238107346668e-14
4.905027514106084836e-14
4.297537564146166123e-14
3.756767307288765568e-14
3.042920246621900493e-14
2.560476239061643043e-14
2.095752538749437465e-14
2.007353301306837513e-14
1.944128815457335834e-14
2.126244584160836488e-14
2.178359271410334336e-14
2.327859241609775816e-14
2.185328968138182302e-14
2.062448715408525791e-14
1.709692930965823079e-14
1.450002323505114767e-14
1.079163222541558079e-14
9.662380622326928772e-15
8.646722863299380457e-15
1.027461842938034186e-14
1.111716985328780579e-14
1.224479455801668525e-14
1.070909666104057165e-14
9.172087276115909234e-15
6.316134339082041566e-15
5.523115358136513869e-15
4.779121764147887360e-15
5.944508315052331001e-15
6.325268175015624834e-15
7.090587781800420711e-15
5.699057853879516514e-15
4.332922584978116740e-15
2.651089803596954761e-15
3.260703538915300149e-15
3.838893273131746781e-15
4.547368131012634627e-15
3.608562266895480500e-15
3.013574906409947743e-15
1.832230460302288453e-15
2.091113348021226789e-15
2.611297844926158324e-15
3.242381005906575379e-15
1.925326909596626461e-15
1.401809238928768831e-15
1.391855923948498155e-15
2.071208372819130408e-15
1.839333707054890337e-15
1.545436483914191699e-15
6.899964847367744829e-16
1.356259035002130565e-15
1.506515675385825620e-15
1.156757658090387558e-15
5.931314832116837491e-16
9.841812597517319837e-16
1.098426490394710719e-15
8.516782860083107479e-16
3.908501242968267518e-16
9.349906403318630510e-16
7.045659059389911699e-16
5.274574123370477326e-16
4.097161266032753198e-16
8.268280368883066296e-16
2.671539310752238181e-16
4.854691095135424546e-16
4.770397242573144834e-16
3.959378256083611265e-16
2.403329997124003498e-16
5.336498671500257328e-16
1.371175586316108056e-16
3.986978578767386605e-16
2.437807945734387438e-16
2.385717320236138837e-16
2.571593740374524691e-16
2.197687036677647327e-16
1.734554877368091770e-16
2.491475210451391518e-16
9.872854589128048617e-17
2.523377662002624009e-16
6.332103613187914542e-17
2.294061785200861560e-16
5.079941399035888134e-17
1.988811584256026738e-16
4.505058788231524279e-17
1.708872791987625068e-16
3.978248571610273434e-17
1.477435017545970191e-16
3.395524640577892091e-17
1.288739933256707650e-16
2.796573484405850517e-17
1.132615218999443612e-16
2.226480654567238966e-17
1.001039692947117115e-16
1.710165371740947310e-17
8.885207391490472905e-17
1.256645197245166337e-17
7.913063150452513361e-17
8.660755653209188024e-18
7.067189771225065740e-17
5.344021535146512541e-18
6.327475623538896207e-17
2.558828521057863562e-18
5.678146769782531380e-17
2.435159900546786438e-19
5.106432182585100373e-17
-1.661791863520343389e-18
4.601762091355693456e-17
-3.212510267795786485e-18
4.155256613072816177e-17
-4.458594267433210114e-18
3.759378673573648670e-17
-5.444371068791225098e-18
3.407684916471054197e-17
-6.208774933906589750e-18
3.094638500013506167e-17
-6.785763980297030610e-18
2.815463259458295260e-17
-7.204804379129805055e-18
2.566026970670904479e-17
-7.491362695768366689e-18
2.342746026299331497e-17
-7.667376608305478968e-18
2.142506436347332043e-17
-7.751689958768305470e-18
1.962597658002896519e-17
-7.760446703136099214e-18
1.800656710142476496e-17
-7.707443019194426523e-18
1.654620710469312063e-17
-7.604439134351375688e-18
1.522686361720379984e-17
-7.461433842038518329e-18
1.403275266499576249e-17
-7.286904972368307123e-18
1.295004135058423042e-17
-7.088019356191606142e-18
1.196659153086990933e-17
-6.870815616194155973e-18
1.107173878682746768e-17
-6.640362986169157590e-18
1.025610162550383699e-17
-6.400898999369852741e-18
9.511416528283526669e-18
-6.155948722027188944e-18
8.830395216238787067e-18
-5.908427806950689099e-18
8.206601032008943552e-18
-5.660731474654897786e-18
7.634341783363630456e-18
-5.414811226467217786e-18
7.108576796492501456e-18
-5.172240900801752785e-18
6.624836270827839969e-18
-4.934273464177702881e-18
6.179151236478497046e-18
-4.701889756904783554e-18
5.767992756571026185e-18
-4.475840276700588632e-18
5.388219080562530419e-18
-4.256680885658745488e-18
5.037029781657451086e-18
-4.044803262630220644e-18
4.711925918533676380e-18
-3.840460792521547207e-18
4.410675482241602776e-18
-3.643790460277423566e-18
4.131283456126629551e-18
-3.454831282302556049e-18
