# bin_5_5
-2.813856507778530700e-07
3.064106495757880900e-07
-2.643002302537360165e-07
2.868623023724308595e-07
-2.479614335222653895e-07
2.687690052043700790e-07
-2.323213699997012340e-07
2.520531596657280412e-07
-2.173270562355863481e-07
2.366497952218119246e-07
-2.029201542472130203e-07
2.225065051318517951e-07
-1.890365077138178908e-07
2.095836105289231799e-07
-1.756054710602097268e-07
1.978545580798910940e-07
-1.625490235006902403e-07
1.873065569174662002e-07
-1.497806606204784416e-07
1.779414649061698833e-07
-1.372040533588946849e-07
1.697769287088800760e-07
-1.247114675108954767e-07
1.628477856212908494e-07
-1.121819403126477081e-07
1.572077245244080688e-07
-9.947921509125256603e-08
1.529312014496618091e-07
-8.644944756988788523e-08
1.501155844794069819e-07
-7.291871327840708764e-08
1.488834933334496460e-07
-5.869036304614326266e-08
1.493852670388715063e-07
-4.354230904007612938e-08
1.518014609627900298e-07
-2.722435792238772209e-08
1.563452305495328229e-07
-9.455762357263694594e-09
1.632644009573729585e-07
1.007677590961888253e-08
1.728429500256571692e-07
3.172033959159910527e-08
1.854015483051075770e-07
5.585586039736629251e-08
2.012966975213698674e-07
8.289650324424899277e-08
2.209179004317329326e-07
1.132837456780572976e-07
2.446821768326893410e-07
1.474804095218290955e-07
2.730251310984547920e-07
1.859598056558316041e-07
3.063876912660213589e-07
2.291900845301415798e-07
3.451976051233629256e-07
2.776128938027042404e-07
3.898448361754555910e-07
3.316155646846415406e-07
4.406502031427919278e-07
3.914963446051808517e-07
4.978270153578800788e-07
4.574227373865240084e-07
5.614361558491266062e-07
5.293838846268465740e-07
6.313361290384675522e-07
6.071392010238401484e-07
7.071310976286524104e-07
6.901672202794356061e-07
7.881219144832295439e-07
7.776208158611583758e-07
8.732675654503262759e-07
8.682975312601408151e-07
9.611671001017096902e-07
9.606364088135720732e-07
1.050074648366953789e-06
1.052754926876624972e-06
1.137961828891924814e-06
1.142540593904005064e-06
1.222641725350996483e-06
1.227810205440096915e-06
1.301965267572796807e-06
1.306544228067889303e-06
1.374092705331024932e-06
1.377192639867025681e-06
1.437828426809642808e-06
1.439030626300950843e-06
1.492985946207263445e-06
1.492517863394056460e-06
1.540722581986909838e-06
1.539586230420626894e-06
1.583754453995637927e-06
1.583754087141658617e-06
1.626340751230006411e-06
1.629952104498585367e-06
1.673925686940274310e-06
1.683962195992938046e-06
1.732364784905327950e-06
1.751435200949505799e-06
1.806755325177068686e-06
1.836576617555265999e-06
1.900043475980039214e-06
1.940766176613687473e-06
2.011770792641903467e-06
2.061565005572536558e-06
2.137486531670525919e-06
2.192675893717502441e-06
2.269379729242326259e-06
2.325331484961509305e-06
2.398444951849817027e-06
2.451173573177596222e-06
2.517906714624907097e-06
2.565939986970130831e-06
2.626775859031317118e-06
2.672410716756538425e-06
2.731665268888110487e-06
2.780603487993820528e-06
2.844997188378910278e-06
2.903848899627881042e-06
2.979123220377987121e-06
3.051521732501167352e-06
3.138635097358457198e-06
3.222231311759081718e-06
3.315896487646317428e-06
3.403048022523855355e-06
3.494865366613416739e-06
3.578015289578243311e-06
3.663307950456256388e-06
3.741917196895735467e-06
3.825031668509239499e-06
3.907526420342172493e-06
3.999233790825656101e-06
4.095727015910923663e-06
4.202561879404350341e-06
4.313530850826721276e-06
4.429426104081303444e-06
4.543754125609164014e-06
4.656395167875970925e-06
4.765170793193125164e-06
4.873141729866800206e-06
4.983658020140952215e-06
5.100664977488427616e-06
5.227214664607771919e-06
5.361452419520171955e-06
5.501498847744783705e-06
5.640415187350682185e-06
5.777645636203091729e-06
5.910597969264649030e-06
6.046993934683021212e-06
6.188427046745949701e-06
6.342167320819960145e-06
6.501718780314070377e-06
6.666305276897306998e-06
6.825381533477985502e-06
6.984196392830436627e-06
7.142227762461519142e-06
7.312146026892674190e-06
7.489094986768674170e-06
7.674220253727191156e-06
7.853326737771190201e-06
8.032101729544888205e-06
8.209829013494241020e-06
8.401096232001506670e-06
8.596987538505758634e-06
8.796439752655202390e-06
8.986297800389318689e-06
9.180457748965663368e-06
9.379406487235736746e-06
9.589598277889873384e-06
9.791919826139126783e-06
9.992204117370800769e-06
1.019159462381979877e-05
1.040379533695867300e-05
1.060978002558083877e-05
1.081137356078638810e-05
1.100914976941028390e-05
1.121853896035501365e-05
1.141867985664129481e-05
1.161359100049495739e-05
1.180671769327641278e-05
1.200735261802680211e-05
1.219208645299889674e-05
1.237715004196470127e-05
1.256261230010113060e-05
1.274388886972272095e-05
1.291252251965679410e-05
1.309147333000368328e-05
1.325727403968100989e-05
1.342134474698414645e-05
1.358650230117822594e-05
1.374692006868223591e-05
1.390199683298383596e-05
1.406612711018024964e-05
1.421591702692644594e-05
1.437975798412411150e-05
1.453349918709161548e-05
1.469571033240415453e-05
1.485668108087518956e-05
1.502063034049612855e-05
1.518824769071211553e-05
1.535714107538749886e-05
1.553015447815306671e-05
1.570470204968119055e-05
1.588162459352742738e-05
1.606036170317343687e-05
1.623917155466517945e-05
1.641957536066203404e-05
1.659803861171489891e-05
1.677775106573745436e-05
1.695431609183510043e-05
1.713224630380935014e-05
1.730691972252624677e-05
1.748384948657475034e-05
1.765841010823286463e-05
1.783667320382626892e-05
1.801384987831474230e-05
1.819600621736292475e-05
1.837784938089075300e-05
1.856496032018602641e-05
1.875136073805657019e-05
1.894205566429001686e-05
1.913064822445221212e-05
1.932199483073369816e-05
1.950994569584227307e-05
1.969985199028470785e-05
1.988636796289981360e-05
2.007555348546769035e-05
2.026270331838949323e-05
2.045397512393975746e-05
2.064443183357394257e-05
2.083940056210051913e-05
2.103308502947967652e-05
2.122989119413429013e-05
2.142374910267873342e-05
2.161923676142329993e-05
2.181124372279539237e-05
2.200535019437048777e-05
2.219741346304360578e-05
2.239307696862445412e-05
2.258764410177308967e-05
2.278543811830693931e-05
2.298075532037947412e-05
2.317744661281510521e-05
2.337059948920160534e-05
2.356530868360919348e-05
2.375793998723080324e-05
2.395360610029901129e-05
2.414770915349919263e-05
2.434371107538534155e-05
2.453634347775350620e-05
2.472964062063970968e-05
2.492009014821632365e-05
2.511275344957276151e-05
2.530372966209587217e-05
2.549623297381985675e-05
2.568526021891420506e-05
2.587458806395792480e-05
2.606120741411841228e-05
2.624968075865993214e-05
2.643584286882116571e-05
2.662227163706946641e-05
2.680494364661614186e-05
2.698830707496983880e-05
2.716952658338851374e-05
2.735144689903192675e-05
2.752956874488734064e-05
2.770751636505739603e-05
2.788296093495054001e-05
2.805899981768749161e-05
2.823124390137460616e-05
2.840292945111512596e-05
2.857190184758127171e-05
2.874086595120044804e-05
2.890569165781945333e-05
2.906990050805365939e-05
2.923121530175113366e-05
2.939147605599533466e-05
2.954758495771073876e-05
2.970340728720517927e-05
2.985550767260250189e-05
3.000592635828474647e-05
3.015308948936515132e-05
3.029903535302548188e-05
3.044055091407902480e-05
3.058114499883463929e-05
3.071746351190021192e-05
3.085193185335644120e-05
3.098273177240758495e-05
3.111107255467902177e-05
3.123559656954373262e-05
3.135788228789436672e-05
3.147574649065938625e-05
3.159153731056773895e-05
3.170254127630107229e-05
3.181146664104974610e-05
3.191540444056360836e-05
3.201704591905724128e-05
3.211367448758199294e-05
3.220775853933230355e-05
3.229676801523213722e-05
3.238295558535610614e-05
3.246400454658345295e-05
3.254203152356954960e-05
3.261482795382296358e-05
3.268436929760837708e-05
3.274860424004965675e-05
3.280942917510492972e-05
3.286482437505734244e-05
3.291659564337073493e-05
3.296284223030310548e-05
3.300529068105937546e-05
3.304211776653473046e-05
3.307500395424961114e-05
3.310215846655865756e-05
3.312517043946067337e-05
3.314234442910342484e-05
3.315522517793452971e-05
3.316219450508535612e-05
3.316472876019847127e-05
3.316124508779834634e-05
3.315316834991555698e-05
3.313899608082785953e-05
3.312012200147901618e-05
3.309507632121601724e-05
3.306518383949494692e-05
3.302902355129203201e-05
3.298791067930432032e-05
3.294049082307305514e-05
3.288799298558329093e-05
3.282911147067524700e-05
3.276508824918680291e-05
3.269464662100946554e-05
3.261896122743847065e-05
3.253682564013686080e-05
3.244937795463467161e-05
3.235546871609292044e-05
3.225616809505085628e-05
3.215040494744990997e-05
3.203922974160231836e-05
3.192159121420377492e-05
3.179851479388421379e-05
3.166899192263856593e-05
3.153403478493093743e-05
3.139266292197250458e-05
3.124586659584480374e-05
3.109270201908426228e-05
3.093415068683322234e-05
3.076933342038685012e-05
3.059915900928538308e-05
3.042281541574396771e-05
3.024122491866446707e-05
3.005355293164025120e-05
2.986073061756237295e-05
2.966196220695977584e-05
2.945815489946700003e-05
2.924859051673039197e-05
2.903410813051701201e-05
2.881405340785542116e-05
2.858929061735813079e-05
2.835917047121756001e-05
2.812452215204392346e-05
2.788473772499819875e-05
2.764065220882712319e-05
2.739169509613066398e-05
2.713866819411285392e-05
2.688104934197709057e-05
2.661964390316672803e-05
2.635395269852323062e-05
2.608476592761524605e-05
2.581161012803785541e-05
2.553526162357014077e-05
2.525529363834144687e-05
2.497246628387995369e-05
2.468636664561613060e-05
2.439774016954503999e-05
2.410620740469738242e-05
2.381249678271915368e-05
2.351625067551639910e-05
2.321819806678083846e-05
2.291798961400432031e-05
2.261631570621796508e-05
2.231286205126991885e-05
2.200833401022593775e-05
2.170243479826775322e-05
2.139580669692029699e-05
2.108816126408935779e-05
2.078018474197672907e-05
2.047162654659728291e-05
2.016312180110595780e-05
1.985440909125094289e-05
1.954614523847016843e-05
1.923812153483804514e-05
1.893094346634403789e-05
1.862440390558286541e-05
1.831912658401140567e-05
1.801493070985863942e-05
1.771238688806996058e-05
1.741129048838019653e-05
1.711222936689146178e-05
1.681501017510396155e-05
1.652014136465921031e-05
1.622741498812932880e-05
1.593733979769749364e-05
1.564970982718105459e-05
1.536497106182262083e-05
1.508291098380007235e-05
1.480399861941018017e-05
1.452805421299765595e-05
1.425549518318143120e-05
1.398615121498162847e-05
1.372046971788248669e-05
1.345831212709270184e-05
1.320007359760873789e-05
1.294554419210541090e-05
1.269511130061328714e-05
1.244856250070929739e-05
1.220617266874264088e-05
1.196765490044653637e-05
1.173328256046278769e-05
1.150280277308399434e-05
1.127645749767631582e-05
1.105400745639772549e-05
1.083576235013163282e-05
1.062155702973122148e-05
1.041166265905495545e-05
1.020585428991525009e-05
1.000436534856408621e-05
9.806962907604555043e-06
9.613793636388411580e-06
9.424585482249899288e-06
9.239552719057581012e-06
9.058536658906848253e-06
8.881754400765345936e-06
8.708997304402002186e-06
8.540415097884091091e-06
8.375724024435202166e-06
8.214929842572350695e-06
8.057682684063836878e-06
7.904099992403836749e-06
7.754032872803458634e-06
7.607678714820145257e-06
7.464842994299908937e-06
7.325623310517787711e-06
7.189762168041588633e-06
7.057306096322939201e-06
6.928043665708986791e-06
6.802142574375279768e-06
6.679420378763061456e-06
6.559836782500571149e-06
6.442994578049385834e-06
6.328922897846622166e-06
6.217542934000143436e-06
6.109058359045001929e-06
6.003259988731872776e-06
5.900129659238354827e-06
5.799449842651766518e-06
5.701323863270808932e-06
5.605532220250956739e-06
5.511999339727471866e-06
5.420456402328950384e-06
5.331060690423269141e-06
5.243779556057660543e-06
5.158650852098492422e-06
5.075390699332078389e-06
4.994039041095871866e-06
4.914414930589786991e-06
4.836443553172936910e-06
4.759969933007928488e-06
4.685261429676689972e-06
4.612171085030995163e-06
4.540540295411376940e-06
4.470216768055375458e-06
4.401291862523300367e-06
4.333519591340709382e-06
4.267083970696468883e-06
4.201959608357398539e-06
4.137982027332183605e-06
4.074959113598043556e-06
4.012996577257511700e-06
3.952040043708385632e-06
3.892266453252270290e-06
3.833304128855466794e-06
3.775159308263189722e-06
3.717872001600226166e-06
3.661560324126975622e-06
3.606033162186425268e-06
3.551149081399707893e-06
3.496977728299553871e-06
3.443662348874081628e-06
3.390971887222733242e-06
3.338818454381390917e-06
3.287293260347236039e-06
3.236496852512260399e-06
3.186138565736263805e-06
3.136276715551290830e-06
3.087001337149741794e-06
3.038231037551918005e-06
2.989821566484931269e-06
2.941962465496654019e-06
2.894472908985191609e-06
2.847401749390393182e-06
2.800794654679623049e-06
2.754529109978785197e-06
2.708619917259947987e-06
2.663214029922557939e-06
2.618062892631665967e-06
2.573374990247117114e-06
2.528974771534869876e-06
2.484986076138371963e-06
2.441320025563534339e-06
2.397939857672495034e-06
2.354869083105803175e-06
2.312050080820703384e-06
2.269479634691966268e-06
2.227087692482428950e-06
2.184889330352772788e-06
2.142872235364704890e-06
2.101022112788256525e-06
2.059341266024437221e-06
2.017840712533584021e-06
1.976568626788852969e-06
1.935513434954849827e-06
1.894717515533226458e-06
1.854177891590908313e-06
1.813953889416047800e-06
1.774029216896929725e-06
1.734463818628432286e-06
1.695265824567679368e-06
1.656529048576853219e-06
1.618269585481745252e-06
1.580577341875078233e-06
1.543455581742594462e-06
1.506962608046571168e-06
1.471046856183030596e-06
1.435720529450272240e-06
1.400921750915317907e-06
1.366688064699702031e-06
1.333009086196902248e-06
1.299972091918623882e-06
1.267582568867201884e-06
1.235881767921157572e-06
1.204785245892237653e-06
1.174252899765040427e-06
1.144187517490890662e-06
1.114623952452995497e-06
1.085595049228294404e-06
1.057219788388533389e-06
1.029482125662122383e-06
1.002330354808274324e-06
9.755968714340455227e-07
9.492347213731317873e-07
9.232510795252703383e-07
8.977875895316048493e-07
8.728762799109785019e-07
8.484859267260259143e-07
8.244673233625141672e-07
8.008171695779316861e-07
7.776055990426533594e-07
7.549539589849432831e-07
7.327851521319178929e-07
7.110003333141290416e-07
6.895492953163231976e-07
6.685425532072027078e-07
6.479800548689349364e-07
6.278234211831546637e-07
6.080552327383553069e-07
5.887744663366499609e-07
5.698990584075122214e-07
5.513268764093575745e-07
5.331253815487271967e-07
5.154699719552460618e-07
4.981969871346234230e-07
4.811996327062116910e-07
4.646840053274385575e-07
4.487059368300433464e-07
4.329292344944872204e-07
4.174912050209024357e-07
4.026599187409185662e-07
3.881924215799046743e-07
3.739863957738726219e-07
3.602953761392611885e-07
3.469266971175511063e-07
3.338692690383824574e-07
3.212515650920850353e-07
3.089970081657529393e-07
2.970684572627073351e-07
2.854784181628761950e-07
2.743806406023128383e-07
2.635581109332889447e-07
2.530215707222448798e-07
2.428799613239226367e-07
2.329427182574770316e-07
2.235482614393601503e-07
2.142588297243394587e-07
2.053869409024505862e-07
1.968568635318722699e-07
1.886375670319644715e-07
1.806402342496809971e-07
1.728917252880848180e-07
1.655578036801478485e-07
1.583706093247760102e-07
1.514350600503280888e-07
1.448406767711988376e-07
1.385313839377887402e-07
1.323453503078403974e-07
1.264617073697929659e-07
1.208070547930271209e-07
1.153380506786439418e-07
1.101043807137622191e-07
1.050866575310985317e-07
1.003151970302654618e-07
9.573204035153712194e-08
9.126806649678448766e-08
8.698564718504321352e-08
8.293516169168684949e-08
7.912148357081750427e-08
7.535365275813997202e-08
7.173510924708972653e-08
6.835655696074741027e-08
6.509120783740647750e-08
6.196735111560959897e-08
5.898623637664566598e-08
5.614572773525344461e-08
5.341318982746174868e-08
5.082076889167510514e-08
4.830308440170653275e-08
4.591052037141744158e-08
4.368079649718275733e-08
4.153053218396543757e-08
3.946252374857624378e-08
3.749957998682313534e-08
3.562506939299989671e-08
3.379737431300188959e-08
3.208146391675514071e-08
3.051938135197302278e-08
2.896770871151556165e-08
2.749124639414600667e-08
2.608342682825805120e-08
2.472693564793410699e-08
2.346841090473347726e-08
2.228247605281545247e-08
2.113861602023343161e-08
2.004743753452936719e-08
1.900022028555278815e-08
1.801550778242476706e-08
1.708863823205657947e-08
1.619448480066493573e-08
1.535267988494303060e-08
1.453362195754882784e-08
1.378853986425065765e-08
1.307326827088043846e-08
1.237523318016531554e-08
1.170417626842191034e-08
1.109604293916175703e-08
1.052148525129549591e-08
9.947975262701447999e-09
9.413781991125299098e-09
8.917785801474200025e-09
8.440807575039086336e-09
7.995650208737765498e-09
7.572856531783630836e-09
7.164087570493355283e-09
6.785969613359185025e-09
6.410742028217345830e-09
6.069930825672173378e-09
5.748137705177763985e-09
5.439574372332541682e-09
5.149588839299465290e-09
4.862761586366027360e-09
4.594557318461057723e-09
4.365542130593274593e-09
4.123547792708221763e-09
3.901895130260877004e-09
3.687868473850037728e-09
3.485849181870519629e-09
3.305802011338648677e-09
3.115315452895989671e-09
2.951591103682013012e-09
2.782537334149759254e-09
2.643089953458544096e-09
2.488481522903734638e-09
2.360114456529385944e-09
2.226720573087081675e-09
2.109598458513948522e-09
1.992238738901445324e-09
1.885193167492327566e-09
1.782811527582494929e-09
1.688987138492848442e-09
1.591926024175289015e-09
1.511148150266090280e-09
1.424503038077858790e-09
1.350045307537396359e-09
1.274993547330774452e-09
1.206056939931206994e-09
1.138055589410541684e-09
1.076011011441693132e-09
1.020238643732131313e-09
9.601332431238550603e-10
9.123898959063390442e-10
8.607615043115191892e-10
8.138196044574327833e-10
7.723516768289990515e-10
7.301427726526643693e-10
6.900120368201206159e-10
6.516471657434519482e-10
6.146629594900501604e-10
5.825805265624634548e-10
5.513768554577698811e-10
5.206315410488782775e-10
4.945474844189933814e-10
4.677897108656613083e-10
4.444757699529432722e-10
4.172687281017313115e-10
3.949868835218924837e-10
3.728643283801647226e-10
3.539279603491120925e-10
3.332395784962087243e-10
3.173527761023093119e-10
3.013251270515309412e-10
2.845021747157214641e-10
2.685361581309825018e-10
2.550316797859061000e-10
2.385780039530625438e-10
2.274391018116023555e-10
2.173570443800344961e-10
2.043632589972122527e-10
1.943333798353625742e-10
1.819335217545654467e-10
1.717925157227358704e-10
1.654905202026791589e-10
1.555232030512723158e-10
1.481853328083224982e-10
1.381971418294580176e-10
1.319932160111837886e-10
1.251655921269579107e-10
1.190819132205517386e-10
1.125453603396749963e-10
1.058346298929774548e-10
1.001512242088974263e-10
9.606941709627334490e-11
9.134682369013508121e-11
8.518888041048700089e-11
8.079116402617625925e-11
7.785486924396652463e-11
7.319697774272194000e-11
6.862046337543659439e-11
6.560636683316009702e-11
6.289782177729897169e-11
5.888352482205165310e-11
5.545010911508753019e-11
5.365279908772991343e-11
5.025590236528322578e-11
4.733950636342850420e-11
4.606423915957694197e-11
4.282747209169428621e-11
4.042112408302059329e-11
3.889828654946288581e-11
3.652766074197511769e-11
3.445781410387776911e-11
3.374438756912626961e-11
3.059683446144470570e-11
3.036159883907871775e-11
2.766577088661001512e-11
2.703373479498361821e-11
2.551203043092301318e-11
2.381774842068400730e-11
2.316187089509698855e-11
2.152316561201252582e-11
2.089503489279973535e-11
1.931197653251624316e-11
1.881939882064254874e-11
1.750223216910845887e-11
1.701829270367057491e-11
1.571626141993525504e-11
1.521815766786990721e-11
1.427974619315658640e-11
1.359388695111299393e-11
1.289562251022779602e-11
1.231441627333902922e-11
1.161566447123330703e-11
1.106883795066123876e-11
1.049818320482334895e-11
9.963914777545801038e-12
9.521391171493076467e-12
8.991060340055202567e-12
8.440050451417120763e-12
8.119559824042870129e-12
7.606021907813846368e-12
7.257087600225129600e-12
6.870731894444670792e-12
6.534211906878186698e-12
6.178604289121929927e-12
5.819131042313376362e-12
5.586849815314993026e-12
5.222783719590654218e-12
4.943602812328711076e-12
4.637375628666546804e-12
4.411632449850455252e-12
4.149432595524122784e-12
3.917558161895673345e-12
3.704546601714713965e-12
3.473903016793681396e-12
3.245303115485619659e-12
3.044716370977347882e-12
2.830276745539906836e-12
2.696869479971639116e-12
2.464078691319974784e-12
2.335032759914225304e-12
2.151964196071311792e-12
1.988388902506363257e-12
1.840022607141660875e-12
1.707732134624009995e-12
1.564682691636625523e-12
1.435783045421543103e-12
1.316512385873528026e-12
1.194832926355968482e-12
1.100471375880613775e-12
9.801684517802505682e-13
8.981154409296197694e-13
8.126997609998605262e-13
7.298601313932050953e-13
6.629416194805744856e-13
5.842991030438637314e-13
5.416658936044402498e-13
4.929461806239839686e-13
4.455949989670746498e-13
3.914564019974824196e-13
3.837829116678533973e-13
3.538837809971797122e-13
3.250990137200320646e-13
3.027731902760535308e-13
3.090473688357206063e-13
2.883526591780338756e-13
2.722335901778293566e-13
2.767497000286717094e-13
2.678834454898441965e-13
2.496815927473636596e-13
2.539231892387498688e-13
2.382152755640097660e-13
2.231733965088750775e-13
2.173150380250263274e-13
1.956619360446472817e-13
1.804290290470428797e-13
1.626704357989809493e-13
1.454813207345214314e-13
1.254772480620541234e-13
1.108625294692011247e-13
9.666742463961623773e-14
8.065817005508249207e-14
7.801892976484693365e-14
6.452782960541980580e-14
6.988680425647205980e-14
6.061433893322186548e-14
6.952277819519429876e-14
6.307834854646531960e-14
7.144740191139927218e-14
6.414806187471635972e-14
6.674440047363147339e-14
5.710893897503067567e-14
5.451024486757704957e-14
4.339093896022873177e-14
3.834781944459352137e-14
2.942377198647368457e-14
2.769354898078115996e-14
2.336567405811535307e-14
2.523909581953897096e-14
2.489533986143001509e-14
2.823409940662520129e-14
2.674855667849758042e-14
2.775531218941317561e-14
2.388828604939719097e-14
2.165963694417766380e-14
1.649906175049557742e-14
1.476748718015599980e-14
1.097199804967563101e-14
1.198579779161266404e-14
1.137730217671747178e-14
1.382119557059240204e-14
1.383922816737438789e-14
1.413787400050106668e-14
1.098525721192710619e-14
8.836116585752536543e-15
5.413564285095435969e-15
6.151822531521932168e-15
6.471857194369954076e-15
9.166456970608651163e-15
8.099380154868820568e-15
7.302446263049644011e-15
4.147280536488101410e-15
4.142976912343095849e-15
3.727113043878595743e-15
5.310283933300322720e-15
4.635247489835742782e-15
4.896779725537462684e-15
3.275676468077987199e-15
2.981419257011466699e-15
1.955322896600369870e-15
3.423899976612906472e-15
3.533635752279078263e-15
3.183500948290030773e-15
1.039592522821893841e-15
1.840872488063429524e-15
2.510699065134506034e-15
2.705201681476668286e-15
1.047715822727899900e-15
1.536626120523281013e-15
1.416467355078734829e-15
1.830446805261755661e-15
1.289384271605844189e-15
1.132069997540164728e-15
6.526163029037081644e-16
1.813200942128809574e-15
7.546729290314321029e-16
6.145286311592299158e-16
1.045003617726029120e-15
1.015342536257141543e-15
3.889389077893678517e-16
8.450836548753204852e-16
6.171132031329475748e-16
7.254430863135717828e-16
2.147008146353531577e-16
9.300855145175629544e-16
1.669196180903788950e-16
5.838393978421398678e-16
3.837361756702765216e-16
4.171956916601914908e-16
2.525830387200025774e-16
5.198077728432228945e-16
7.946161380909171537e-17
5.178096008839655814e-16
7.192067160186382197e-17
4.019258763286973637e-16
1.204664878560611748e-16
2.984955294295718544e-16
1.361955720676366854e-16
2.436943931914713621e-16
1.194159295137740874e-16
2.175277742084571037e-16
9.260773614242148866e-17
2.004276807961681568e-16
6.809297898410482168e-17
1.846931348169767532e-16
4.875895246517885382e-17
1.689792192074629330e-16
3.398328936156300444e-17
1.536913225923630367e-16
2.259733450088215453e-17
1.393129856125320480e-16
1.368177835382680867e-17
1.260941448319398273e-16
6.614892951411914917e-18
1.141001929769952580e-16
9.793384595587153415e-19
1.032952410661708963e-16
-3.516895634091205316e-18
9.359707544484746910e-17
-7.088853788900914405e-18
8.490674184309962668e-17
-9.902024755267595600e-18
7.712317255273931268e-17
-1.208797645609019688e-17
7.014998583695052542e-17
-1.375367640420273402e-17
6.389835218645925961e-17
-1.498739177071396190e-17
5.828791426674011886e-17
-1.586266549550619400e-17
5.324675915025799052e-17
-1.644115214849756219e-17
4.871094622583334124e-17
-1.677473803428269675e-17
4.462384741976980961e-17
-1.690718556828682503e-17
4.093543044662567111e-17
-1.687544424798138885e-17
3.760155158931762975e-17
-1.671071715130562413e-17
3.458328994907560677e-17
-1.643934142607155417e-17
3.184633731343813912e-17
-1.608352275066586643e-17
2.936044783177987496e-17
-1.566195289705811248e-17
2.709894685434434968e-17
-1.519033172247476281e-17
2.503829555070643069e-17
-1.468181021597505631e-17
2.315770680223262277e-17
-1.414736748275125625e-17
2.143880736981232391e-17
-1.359613240854403027e-17
1.986534160931754539e-17
-1.303565823508104548e-17
1.842291188971950527e-17
-1.247215734895029949e-17
1.709875162733677952e-17
-1.191070203315619815e-17
1.588152683073488952e-17
-1.135539618147742900e-17
1.476116289419242490e-17
-1.080952209663077645e-17
1.372869336689051138e-17
-1.027566597006507480e-17
1.277612808405200428e-17
-9.755824961841886135e-18
1.189633820492434211e-17
-9.251498492819546528e-18
1.108295609153481434e-17
-8.763765868844521271e-18
1.033028818574719721e-17
-8.293352153788379203e-18
9.633239343241048073e-18
-7.840683727774586673e-18
8.987247209171072377e-18
-7.405935018727645587e-18
8.388225527070951850e-18
-6.989067393430406529e-18
7.832515296139905416e-18
-6.589861243366341466e-18
7.316843063626822813e-18
-6.207941926774803279e-18
6.838285520514888860e-18
-5.842800335742041071e-18
6.394239899394201363e-18
