# bin_2_2
1.179004967401096386e-08
9.655747237069370627e-09
1.024940074754881654e-08
8.365485746541638217e-09
8.922066956140908882e-09
7.254030654693698063e-09
7.780552430877618208e-09
6.298447599013496915e-09
6.801255090826702905e-09
5.479151723115108271e-09
5.963987867543749646e-09
4.779500026155366480e-09
5.251571612971305788e-09
4.185446526085988454e-09
4.649491351123072480e-09
3.685253433035361638e-09
4.145608135651149736e-09
3.269251686542222434e-09
3.729920713730386389e-09
2.929645848202946016e-09
3.394371530965723156e-09
2.660358647332431123e-09
3.132692363623784825e-09
2.456910982026531465e-09
2.940285839041058682e-09
2.316334109427320022e-09
2.814138576475250074e-09
2.237110085997503106e-09
2.752763014118341897e-09
2.219137640211794719e-09
2.756163797409504098e-09
2.263719428734468112e-09
2.825824799239417299e-09
2.373566640673414383e-09
2.964712088452774170e-09
2.552815632032973013e-09
3.177287037938009073e-09
2.807050756109948472e-09
3.469522337375759487e-09
3.143324684840671306e-09
3.848911718265596549e-09
3.570166398364594836e-09
4.324461508785454099e-09
4.097563480324104104e-09
4.906649702070749589e-09
4.736902681208430221e-09
5.607334030072503491e-09
5.500848726939162085e-09
6.439587422906238465e-09
6.403137370652439480e-09
7.417435017635664407e-09
7.458255905341011108e-09
8.555463849548297483e-09
8.680980165698241511e-09
9.868273937613362308e-09
1.008573734598900942e-08
1.136974015791774399e-08
1.168576480919871893e-08
1.307205789087216595e-08
1.349204270619742709e-08
1.498455613748110266e-08
1.551199144758412799e-08
1.711227951353621786e-08
1.774794925642212014e-08
1.945437053553843926e-08
2.019548055197852008e-08
2.200232665438101304e-08
2.284161744000789806e-08
2.473826563332693303e-08
2.566320307951085845e-08
2.763340726384214125e-08
2.862558778009189215e-08
3.064706700248957004e-08
3.168201835904110441e-08
3.372654642471418059e-08
3.477414720520835746e-08
3.680838129564190818e-08
3.783414533766389059e-08
3.982144014588216608e-08
4.078890022469051421e-08
4.269231477666607913e-08
4.356666682085738093e-08
4.535325779720712259e-08
4.610626621132243322e-08
4.775254696911811383e-08
4.836843894691196292e-08
4.986655112580626160e-08
5.034823729259572747e-08
5.171193961565120418e-08
5.208641804328550937e-08
5.335550068346396087e-08
5.367682078833085121e-08
5.491813073703541990e-08
5.526598178550788584e-08
5.656910898709211804e-08
5.704121162279215676e-08
5.850732644493834756e-08
5.920465043146725495e-08
6.092829769140187308e-08
6.193395598857457419e-08
6.397995443310943912e-08
6.533543313549289053e-08
6.771617902999213616e-08
6.940183665581639994e-08
7.206338968441598506e-08
7.399262125779153391e-08
7.681928031841632554e-08
7.885536467453530686e-08
8.169978520814082179e-08
8.369901786890060764e-08
8.643647394047354808e-08
8.830978479755310599e-08
9.090139668648204260e-08
9.267169026718654893e-08
9.520719365774006117e-08
9.702867878336645504e-08
9.971464231566731696e-08
1.018251614825203142e-07
1.049013040840962220e-07
1.075086850138384890e-07
1.111172708658051975e-07
1.142713726926668480e-07
1.183561333958790563e-07
1.218997397226555615e-07
1.262293351233135273e-07
1.299040676121659059e-07
1.342538447283263310e-07
1.379311924968967389e-07
1.423177168139309457e-07
1.461787446183436858e-07
1.509266280974613440e-07
1.553755889640562818e-07
1.608732870931796025e-07
1.661791913430120006e-07
1.724980257568985288e-07
1.785130835717463015e-07
1.853415056827525191e-07
1.917155999176185541e-07
1.988248534442062375e-07
2.055843894613232116e-07
2.133016933672097314e-07
2.209934995626373828e-07
2.298932705405094114e-07
2.388901666258108745e-07
2.489911906173360187e-07
2.589781018347603402e-07
2.698456859143161775e-07
2.805825851397909777e-07
2.924092547086657772e-07
3.045126339107212360e-07
3.180477982732033025e-07
3.319827267305395805e-07
3.471533433237415364e-07
3.624408512217063988e-07
3.788381195319554071e-07
3.956103341725534500e-07
4.139563599539034215e-07
4.330378752107237840e-07
4.536220644304834033e-07
4.745937367716116147e-07
4.968298731257833324e-07
5.197030316742245262e-07
5.443472410876561289e-07
5.698877708524713622e-07
5.968872996248187662e-07
6.243516103354174430e-07
6.533022584643689706e-07
6.832234717504533944e-07
7.148398467784062695e-07
7.469884718087874042e-07
7.803247937997792137e-07
8.143772395139665765e-07
8.500180148209519885e-07
8.861010631492980454e-07
9.230492587092056042e-07
9.603796613140706736e-07
9.989268550853070030e-07
1.037488430633508412e-06
1.076471047700603705e-06
1.115496587463940443e-06
1.155113450502719394e-06
1.194049673285661021e-06
1.233060811415157035e-06
1.271686358492403014e-06
1.309967071139156117e-06
1.347186766976105790e-06
1.384315696378267764e-06
1.420176979858938633e-06
1.455368060738036157e-06
1.489654776506778716e-06
1.523082165382441592e-06
1.555365669465200920e-06
1.587266921320477668e-06
1.617798740166406905e-06
1.648226789495742584e-06
1.677594126412979715e-06
1.706854171122466568e-06
1.735571579249733986e-06
1.764211155655618007e-06
1.792694092331227749e-06
1.821228269711561652e-06
1.849783492615741812e-06
1.878501425509371601e-06
1.907239524790646749e-06
1.936137221166575596e-06
1.964919119145687154e-06
1.993737123076114543e-06
2.022233992486992645e-06
2.050597144839962890e-06
2.078462892269617522e-06
2.106090940975985034e-06
2.133176852030939212e-06
2.160076804486742405e-06
2.186570025270517292e-06
2.213089845906520859e-06
2.239463727320287441e-06
2.266131222506584322e-06
2.292887569472296051e-06
2.320089393515965024e-06
2.347429383334330822e-06
2.375139635841290723e-06
2.402817153241854973e-06
2.430625468329667895e-06
2.458167876959117395e-06
2.485664704467956959e-06
2.512845758223269067e-06
2.540066691915093336e-06
2.567192569570170278e-06
2.594639823438693443e-06
2.622264066585299935e-06
2.650366818053079512e-06
2.678646199129891705e-06
2.707227601435112099e-06
2.735713112954976328e-06
2.764227962651217289e-06
2.792508567683841673e-06
2.820869205824354442e-06
2.849234137402281598e-06
2.877980936352754600e-06
2.906957476487282154e-06
2.936326508904999404e-06
2.965721267129225888e-06
2.995190355986650221e-06
3.024458801815976441e-06
3.053801938825202715e-06
3.083186664067296223e-06
3.112947523044201144e-06
3.142894227075889846e-06
3.173070491618882034e-06
3.203112908391359828e-06
3.233142366752257754e-06
3.263092627802304293e-06
3.293316708497460254e-06
3.323705996022832814e-06
3.354301747826123407e-06
3.384748320322190069e-06
3.415161335094483523e-06
3.445530265943126160e-06
3.476166227922119721e-06
3.506869822647408720e-06
3.537591928391497530e-06
3.568101740175587118e-06
3.598688278707248787e-06
3.629356160302884724e-06
3.660146216469968025e-06
3.690728457113715738e-06
3.721263650367212410e-06
3.751811599178096784e-06
3.782483978670328220e-06
3.812947946925031150e-06
3.843321006146256626e-06
3.873674413710421043e-06
3.904079426685528472e-06
3.934223177141274154e-06
3.964300529212215643e-06
3.994341813974674861e-06
4.024278231825085552e-06
4.053949039249123364e-06
4.083644169506694884e-06
4.113158425664143417e-06
4.142461839594557729e-06
4.171657228362659351e-06
4.200744874367348249e-06
4.229522484754305440e-06
4.258256990715759360e-06
4.286725259460448181e-06
4.315005797588830985e-06
4.343129986817910375e-06
4.370969059907433012e-06
4.398624624399211791e-06
4.426050891777955412e-06
4.453191452058716219e-06
4.480143049107077971e-06
4.506741658502602782e-06
4.533169485369243067e-06
4.559214299756133392e-06
4.585046289926318438e-06
4.610493767746329299e-06
4.635703165823610665e-06
4.660512179832292798e-06
4.685034069348925754e-06
4.709140016794145737e-06
4.732931089023378582e-06
4.756287027885200408e-06
4.779281933661628158e-06
4.801815161624621328e-06
4.823963639690477354e-06
4.845627517231298869e-06
4.866869014022894011e-06
4.887600986243292838e-06
4.907891323478919229e-06
4.927649224636703543e-06
4.946934610908818066e-06
4.965670229299946283e-06
4.983919776497618725e-06
5.001603115190298733e-06
5.018769870457436218e-06
5.035355449091134565e-06
5.051409984673092444e-06
5.066859079486412095e-06
5.081744470168277220e-06
5.096001352979321526e-06
5.109672688594937728e-06
5.122694690667368895e-06
5.135107109586255673e-06
5.146858277239381637e-06
5.157994222220458114e-06
5.168465612380784431e-06
5.178317488149555476e-06
5.187503704501830367e-06
5.196060733671547911e-06
5.203928313124948325e-06
5.211128086310393942e-06
5.217589573220763047e-06
5.223326946839518653e-06
5.228275091376999908e-06
5.232454939939015221e-06
5.235820170970457529e-06
5.238413124683832850e-06
5.240202234566818020e-06
5.241228919215205957e-06
5.241455055469312832e-06
5.240904394321471592e-06
5.239525068537163165e-06
5.237329321618802228e-06
5.234274945440132795e-06
5.230399753736818067e-06
5.225684811895661810e-06
5.220168210918919041e-06
5.213814746973029816e-06
5.206627208020006773e-06
5.198537883212484738e-06
5.189546963806425586e-06
5.179629992577741570e-06
5.168838654475532127e-06
5.157175459525870624e-06
5.144659641662358251e-06
5.131235946730221015e-06
5.116891018190986774e-06
5.101599763482742376e-06
5.085424038128637837e-06
5.068390546662965752e-06
5.050534375739639377e-06
5.031795312980355702e-06
5.012135763397593953e-06
4.991519838451379357e-06
4.969995602444749673e-06
4.947567980916653301e-06
4.924256535498272214e-06
4.900052057547596574e-06
4.875004347467527151e-06
4.849112321821739687e-06
4.822355974279788057e-06
4.794672512563076420e-06
4.766098963577243357e-06
4.736681102321580460e-06
4.706450490189861943e-06
4.675381723037398236e-06
4.643513071273773089e-06
4.610856094577160152e-06
4.577411703633065855e-06
4.543174401375216716e-06
4.508170238785874757e-06
4.472369204466241070e-06
4.435821662635894704e-06
4.398591053885363051e-06
4.360651665242076854e-06
4.321956604110780898e-06
4.282543508389020142e-06
4.242450204948618277e-06
4.201760405658682882e-06
4.160460417442182648e-06
4.118516335055464673e-06
4.075982890333914789e-06
4.032865110418719544e-06
3.989209200556079017e-06
3.945026379088351045e-06
3.900309041048633910e-06
3.855098976188985162e-06
3.809424486206950896e-06
3.763401700225078746e-06
3.716992055126570257e-06
3.670210478351407421e-06
3.623107023129717428e-06
3.575748270568877384e-06
3.528080477552116782e-06
3.480167661176884249e-06
3.432089055270828127e-06
3.383872990546527229e-06
3.335522179425300076e-06
3.287042121570093668e-06
3.238496284397327129e-06
3.189851215543918719e-06
3.141135213483842188e-06
3.092479068088415756e-06
3.043831236200796568e-06
2.995248502460943580e-06
2.946738748857950824e-06
2.898318713786807070e-06
2.850054221320207140e-06
2.802051218140893447e-06
2.754248454089431896e-06
2.706730790898278386e-06
2.659438174642363202e-06
2.612476475701835700e-06
2.565869842262475124e-06
2.519602253565359767e-06
2.473672899290460491e-06
2.428086897574439851e-06
2.382952416084956203e-06
2.338263511019333956e-06
2.294022558242385107e-06
2.250247933534332725e-06
2.207042117431044477e-06
2.164381036049148036e-06
2.122226034474711124e-06
2.080609637836843300e-06
2.039591023989897408e-06
1.999103667584586897e-06
1.959170574322804260e-06
1.919892847813341814e-06
1.881245809660026845e-06
1.843193900524539435e-06
1.805841416014077930e-06
1.769113481812516585e-06
1.732969938380371553e-06
1.697507128641891807e-06
1.662669995982724747e-06
1.628487685315818206e-06
1.595038810333102634e-06
1.562193598747682881e-06
1.530056732227576717e-06
1.498523715980782074e-06
1.467638455036395721e-06
1.437431694964377906e-06
1.407871663391266876e-06
1.379007892607283330e-06
1.350730726196915161e-06
1.323101464666757548e-06
1.296069652732693445e-06
1.269711981475454461e-06
1.243959428698719033e-06
1.218819324464532232e-06
1.194241132026977426e-06
1.170271937722859606e-06
1.146891380558114719e-06
1.124094098272024782e-06
1.101827702819937517e-06
1.080113036511220915e-06
1.058948000563127184e-06
1.038323471744424634e-06
1.018190511978374129e-06
9.985643928867196833e-07
9.794447434249529232e-07
9.608083457475223163e-07
9.426185883931197096e-07
9.249023424024795128e-07
9.076395972481277806e-07
8.907936688793416583e-07
8.743652892866919834e-07
8.583703608386655968e-07
8.427546930223610110e-07
8.275206092357325780e-07
8.126733582876780006e-07
7.981819670489165294e-07
7.840388477230898169e-07
7.702420374428638423e-07
7.567586727576619798e-07
7.436100344580954725e-07
7.307578739055945029e-07
7.181983050433499332e-07
7.059272567285736635e-07
6.939312984362824951e-07
6.822028541601533739e-07
6.707207209004088123e-07
6.594873743668422813e-07
6.484939928581551590e-07
6.377271595995164714e-07
6.271736040489881186e-07
6.168304659194200036e-07
6.066950539330758256e-07
5.967522106199970052e-07
5.869914366743507872e-07
5.774095438893570297e-07
5.680058540784333027e-07
5.587659265206446945e-07
5.496806997715190903e-07
5.407475316726177579e-07
5.319668782979196680e-07
5.233254158510544538e-07
5.148154502718822888e-07
5.064347582822464299e-07
4.981848264167851702e-07
4.900538688970097172e-07
4.820354338426734777e-07
4.741273441969542961e-07
4.663320139542618298e-07
4.586388668483245652e-07
4.510423372582949165e-07
4.435399583443251595e-07
4.361344898948911095e-07
4.288161640475867932e-07
4.215802636296522066e-07
4.144238856679556094e-07
4.073504872256175730e-07
4.003511147671197555e-07
3.934225502630692931e-07
3.865616358256361971e-07
3.797727766682154281e-07
3.730480578704132417e-07
3.663856594379434728e-07
3.597823367478727719e-07
3.532430812863985267e-07
3.467610299650659726e-07
3.403355793939491400e-07
3.339636287704740190e-07
3.276505349791091839e-07
3.213905261170751968e-07
3.151838662448378269e-07
3.090275430076085688e-07
3.029269439674030541e-07
2.968773075067127584e-07
2.908799043771185405e-07
2.849324269907800071e-07
2.790410851865019454e-07
2.732033035160605955e-07
2.674225247549420353e-07
2.616981517250157174e-07
2.560372413933193842e-07
2.504384215614058679e-07
2.449052522870083486e-07
2.394362027752392476e-07
2.340361342259668721e-07
2.287022953203357542e-07
2.234371625464456204e-07
2.182391962117327688e-07
2.131140095739677276e-07
2.080617544464637955e-07
2.030878517880268990e-07
1.981928685796261323e-07
1.933814994240861693e-07
1.886509613316497191e-07
1.840011296446406970e-07
1.794265881730332903e-07
1.749273081382429975e-07
1.705008239233139476e-07
1.661517309075468780e-07
1.618821593343952546e-07
1.576972112386137178e-07
1.535945270567258739e-07
1.495715408821259555e-07
1.456195580926727508e-07
1.417347771046696381e-07
1.379151184789886670e-07
1.341673108253074248e-07
1.304951691659976086e-07
1.269000520888903720e-07
1.233739244200762683e-07
1.199106653739864304e-07
1.165067338600216911e-07
1.131691782290220219e-07
1.099051255737572955e-07
1.067177626536117694e-07
1.035967733138505306e-07
1.005311685740354089e-07
9.751687517022311151e-08
9.456291576973796861e-08
9.167453575645878711e-08
8.884985078197993349e-08
8.608300632814159532e-08
8.337782955918883343e-08
8.073673234355499924e-08
7.815439712141612173e-08
7.562190323050072606e-08
7.314581882525307017e-08
7.073480033884447301e-08
6.838408950599564910e-08
6.608201573821357620e-08
6.383597249490957965e-08
6.165062783523692573e-08
5.951215210833058986e-08
5.741757360059577661e-08
5.539257513645371756e-08
5.343362586199664798e-08
5.151304880311528968e-08
4.963772528063511718e-08
4.782602532970424509e-08
4.606079415798896764e-08
4.434395839660796048e-08
4.268373653041751294e-08
4.106672952524886552e-08
3.949676811455532162e-08
3.798370786781503339e-08
3.651751511947601958e-08
3.509143470634661699e-08
3.370215155113373123e-08
3.237308599412321499e-08
3.108074202530448990e-08
2.982594411955921721e-08
2.861761915202756072e-08
2.744765454854488366e-08
2.632942103596528256e-08
2.522988395698499119e-08
2.417468209982681087e-08
2.316138740584141298e-08
2.219044400984061514e-08
2.125351180114415240e-08
2.033618164966280818e-08
1.946116747331146436e-08
1.862834791551498984e-08
1.782448948918604305e-08
1.703669223467345262e-08
1.629143803378103457e-08
1.557014148329796635e-08
1.487819141600768102e-08
1.421855982012893904e-08
1.357200903835200105e-08
1.295979565608329645e-08
1.238121441871452197e-08
1.181181218756183718e-08
1.127191017585181308e-08
1.075493351414140994e-08
1.026148535626587335e-08
9.780302422034410032e-09
9.325830757168749275e-09
8.890714316517039824e-09
8.473880754622531281e-09
8.073540670121074121e-09
7.695323286214337854e-09
7.331245752075611410e-09
6.977608820720449059e-09
6.649911583478422121e-09
6.324646748768387077e-09
6.022566496912887857e-09
5.733761547901561421e-09
5.453630618128281959e-09
5.192158592052841953e-09
4.935294053921537008e-09
4.694367727471594051e-09
4.463777501817901962e-09
4.243880781405251845e-09
4.037352756738620211e-09
3.836132154664962334e-09
3.646859548298924804e-09
3.462881721840579587e-09
3.292618243878896151e-09
3.129097623050642126e-09
2.975086640956939851e-09
2.824434997729838665e-09
2.682118006094755698e-09
2.546496181919285035e-09
2.419586305737480627e-09
2.296583181177014778e-09
2.179185959822734774e-09
2.067541468566709628e-09
1.963936008457578183e-09
1.864456346436457186e-09
1.768868227077487441e-09
1.677537620709675187e-09
1.592932099280747894e-09
1.511949251295599039e-09
1.434009253082082058e-09
1.359642547973168503e-09
1.290553495689480076e-09
1.224072777000217587e-09
1.160775375972098490e-09
1.101226341086575315e-09
1.045069280983200410e-09
9.900084001684994653e-10
9.384859210814217649e-10
8.903375024208700813e-10
8.445104136674978537e-10
8.004703750451645197e-10
7.592857479196201429e-10
7.198320801472917567e-10
6.827717235570751790e-10
6.466360864165238296e-10
6.133371581656133970e-10
5.811962278526076728e-10
5.518225599912033398e-10
5.224146764330721094e-10
4.950143841095133130e-10
4.695665643828998577e-10
4.447136355988721134e-10
4.220594949342936450e-10
3.997712931707745358e-10
3.797708477588157911e-10
3.594339301951188269e-10
3.410411243789773942e-10
3.224263195842581325e-10
3.058566089814227819e-10
2.902509617136470087e-10
2.754928969725590153e-10
2.604647613090080002e-10
2.468402084875610502e-10
2.341426680999909827e-10
2.226669035848722895e-10
2.106117218606377307e-10
1.995497534066228134e-10
1.893941077216039358e-10
1.795174017937812144e-10
1.698183758265450409e-10
1.613856641711190624e-10
1.532102286599024194e-10
1.448574054701262391e-10
1.373380947658134133e-10
1.302111328223201666e-10
1.233705364540419800e-10
1.177084865295304402e-10
1.111533560201798826e-10
1.051839506890554069e-10
1.008002912352936160e-10
9.478777131373570167e-11
8.937586400974791911e-11
8.559859114409419189e-11
8.099412434325856273e-11
7.666363304205967227e-11
7.280468618503129508e-11
6.919234959032063770e-11
6.528799794570002207e-11
6.245196526006490447e-11
5.880734771084439490e-11
5.627558539027107271e-11
5.302311549913668858e-11
5.035021120216376077e-11
4.783265567061516101e-11
4.541612725835843582e-11
4.335793600057475183e-11
4.078706633850317511e-11
3.883100522746049823e-11
3.690316705475088042e-11
3.508728167202761095e-11
3.305001445848687166e-11
3.150318700539847054e-11
2.991646599713924812e-11
2.861593683367212592e-11
2.690641750815882866e-11
2.571262284654861916e-11
2.416749066891495128e-11
2.313972787545748175e-11
2.193932778009175661e-11
2.092343392883659745e-11
1.975141047435816320e-11
1.877031815050205145e-11
1.785141426832098650e-11
1.697738904306045476e-11
1.615203525100962644e-11
1.527174493566302789e-11
1.442775419779952165e-11
1.390693789915067142e-11
1.305721303372829753e-11
1.255637072133126754e-11
1.180026875124747949e-11
1.119627317864930975e-11
1.073722379559104326e-11
1.013041107320732883e-11
9.632235063777388744e-12
9.142854010108962805e-12
8.738307321644627292e-12
8.229513794410193635e-12
7.814936860396228909e-12
7.503016041697275791e-12
7.065275617137764862e-12
6.709088901520375952e-12
6.352934190641050018e-12
6.074676067165486740e-12
5.731051043286226626e-12
5.469094636210428984e-12
5.157080301242139569e-12
4.870996688691632686e-12
4.659909106406636597e-12
4.406594410046145115e-12
4.147263375769812901e-12
3.958534479539012909e-12
3.726705462750377824e-12
3.535278743199570816e-12
3.312718605888493646e-12
3.151188075388220060e-12
2.980478584336625291e-12
2.774561267826325991e-12
2.629399033947101279e-12
2.478369837941082730e-12
2.326991216274090968e-12
2.177894853293050139e-12
2.046460209279738082e-12
1.893009608330497579e-12
1.784439847914605915e-12
1.657871919166567813e-12
1.526202987016799100e-12
1.433673404092849314e-12
1.318337119219225238e-12
1.224721885144113819e-12
1.111618797976865034e-12
1.025827549527798092e-12
9.429258092774595388e-13
8.488570648622523368e-13
7.847518867545606672e-13
7.072479534467562646e-13
6.422274370362311890e-13
5.714289250857496146e-13
5.254998336381220626e-13
4.636309113532880958e-13
4.268456947993827436e-13
3.810770596005217232e-13
3.439811963480992266e-13
3.142841645163195168e-13
2.857538626055719320e-13
2.669391389065919332e-13
2.472585524753206353e-13
2.323205048404144156e-13
2.225531365248307624e-13
2.105058231191780558e-13
2.069353809586099370e-13
1.970189013790512165e-13
1.965915896833547439e-13
1.864424558771354298e-13
1.845866348711461272e-13
1.771350231053942496e-13
1.727187650866918342e-13
1.598865313883497492e-13
1.533958618979192107e-13
1.421135110869241843e-13
1.283652032469218430e-13
1.151279862844639561e-13
1.049282345483643804e-13
8.851311228360876203e-14
7.814652975707819196e-14
6.810866363469888663e-14
5.785620064168828379e-14
5.346575997400294813e-14
4.866475794294478890e-14
4.741435704497566259e-14
4.680618295944951146e-14
4.679249988509308145e-14
4.816785286564553969e-14
4.717093965649002389e-14
4.829577558066902350e-14
4.453796289822127279e-14
4.300464503619850107e-14
3.692502661474479425e-14
3.303823220018525613e-14
2.646493166426220323e-14
2.241204987997339588e-14
1.830364485525840803e-14
1.741531320746573030e-14
1.702867111896391055e-14
1.828632529452326921e-14
1.892789330608122951e-14
1.991080911675012022e-14
1.930990849653538218e-14
1.805202234394459936e-14
1.529170328236919204e-14
1.239728106784839447e-14
9.248992648230788471e-15
7.916018361302219923e-15
7.942142587078951843e-15
9.112504412678569767e-15
9.821065320357368300e-15
1.019754976434245787e-14
9.359108570878433105e-15
8.039850026611566184e-15
5.935081935709304127e-15
4.376743129278501927e-15
4.119191908754572669e-15
5.175871619630702591e-15
5.850798918406365811e-15
5.861495591878983349e-15
4.985095384360258784e-15
3.807767944994544554e-15
2.460684800758169389e-15
2.580658123607376466e-15
3.497372955802871204e-15
3.872976942909464793e-15
3.240395781047856492e-15
2.568886932216550422e-15
1.604933142961695099e-15
1.704878526016545959e-15
2.546460870904219396e-15
2.527785946674520508e-15
1.809549515031496137e-15
1.299540758691662624e-15
1.036555571596751338e-15
1.895636472531668444e-15
1.664072051127623875e-15
1.179052595418886744e-15
7.868263225295545550e-16
1.014876448515526365e-15
1.447804977785842042e-15
8.928911475025785795e-16
6.214991235861602968e-16
7.467569393337610030e-16
1.072114155060607022e-15
6.231549517600465722e-16
4.593665759214249702e-16
6.900812720584057542e-16
7.418301766570537400e-16
3.297039201245137040e-16
4.814253454883465772e-16
6.015127948878983056e-16
3.440535512543309855e-16
3.169755560039790705e-16
5.143012596020364021e-16
2.524636588582060745e-16
2.943054246291911778e-16
3.853640288563984810e-16
1.936036388793073096e-16
2.764211986603840642e-16
2.796704281780290922e-16
1.428999625001332403e-16
2.858387181176427483e-16
1.318632081693499091e-16
2.078319325420845844e-16
1.623271194276142298e-16
1.382382690751880832e-16
1.693077254642934529e-16
1.035491144134114993e-16
1.529404034891664722e-16
8.929746172503345461e-17
1.295342900763768948e-16
8.129750799487887497e-17
1.080278596416864153e-16
7.398043008113905764e-17
9.050542262732459190e-17
6.639366465998407400e-17
7.650140537453295641e-17
5.885454412739766886e-17
6.515385642454477349e-17
5.173518535673962914e-17
5.578279892003818437e-17
4.523599414206105019e-17
4.792534309582596720e-17
3.942146213979809567e-17
4.126793123076552458e-17
3.428086177883195599e-17
3.558881495584624728e-17
2.976837419221976137e-17
3.072283240377317356e-17
2.582476108793497266e-17
2.654141931830240890e-17
2.238814413800311299e-17
2.294118828537389814e-17
1.939907353565107727e-17
1.983710705982837453e-17
1.680271886425994207e-17
1.715817087713007186e-17
1.454962957022801105e-17
1.484447955272831787e-17
1.259579348606369178e-17
1.284514807910161671e-17
1.090236180740801929e-17
1.111674106677524402e-17
9.435228747454145463e-18
9.622055757369883942e-18
8.164562615921864600e-18
8.329149481366724417e-18
7.064337600029576174e-18
7.210546468979469997e-18
6.111890555680298522e-18
6.242581277248608935e-18
5.287513768128066369e-18
5.404849384026974912e-18
4.574087431878573008e-18
4.679743808125586127e-18
3.956751799482911579e-18
4.052062009946138808e-18
3.422616982325054473e-18
3.508670915283003231e-18
2.960507486788666350e-18
3.038220599220974989e-18
2.560738184546516248e-18
2.630898895530207488e-18
2.214918415874685807e-18
2.278220697921185505e-18
1.915781054821881558e-18
1.972846776574577554e-18
1.657033603381255026e-18
1.708427794418583610e-18
1.433228643433149354e-18
1.479469883281851377e-18
1.239651230368725053e-18
1.281218728387394492e-18
1.072221104961378256e-18
1.109559530282946104e-18
9.274078282731733730e-19
9.609306620974728046e-19
8.021571637514430394e-19
8.322490751307865034e-19
6.938272643028357277e-19
7.208458826974102308e-19
6.001333603739344593e-19
6.244106735462655668e-19
5.190998600658178225e-19
5.409434088060939253e-19
4.490188637438793385e-19
4.687128320674285545e-19
3.884142708454675795e-19
4.062205354506625042e-19
3.360107132883071739e-19
3.521699027407415726e-19
2.907067098976010666e-19
3.054392765209698910e-19
2.515514594981900261e-19
2.650587961263086034e-19
2.177248162840408426e-19
