# bin_1_2
6.231556151957678212e-08
6.250766003018956823e-08
6.270344678555003403e-08
6.290299146479719139e-08
6.310636501767578756e-08
6.331363968582682234e-08
6.352488902441722265e-08
6.374018792401555360e-08
6.395961263272824523e-08
6.418324077859853177e-08
6.441115139229012626e-08
6.464342493005618659e-08
6.488014329697143069e-08
6.512138987037451459e-08
6.536724952362807413e-08
6.561780865013560309e-08
6.587315518761921735e-08
6.613337864275527733e-08
6.639857011601418503e-08
6.666882232668685915e-08
6.694422963816227618e-08
6.722488808341502260e-08
6.751089539081258888e-08
6.780235101020346804e-08
6.809935613923252386e-08
6.840201374983373297e-08
6.871042861495318760e-08
6.902470733545387957e-08
6.934495836714700976e-08
6.967129204806157860e-08
7.000382062599001660e-08
7.034265828607988559e-08
7.068792117763306149e-08
7.103972744110673589e-08
7.139819723591786814e-08
7.176345276864119009e-08
7.213561832150413560e-08
7.251482028075852672e-08
7.290118716514175424e-08
7.329484965441804254e-08
7.369594061755027571e-08
7.410459513974770510e-08
7.452095054981489618e-08
7.494514644850894899e-08
7.537732473666649774e-08
7.581762964322197247e-08
7.626620775318534881e-08
7.672320803566297724e-08
7.718878187172794487e-08
7.766308308233509184e-08
7.814626795559649125e-08
7.863849527377318637e-08
7.913992634058697392e-08
7.965072500671512966e-08
8.017105769222508182e-08
8.070109341084226241e-08
8.124100379547306276e-08
8.179096312359825929e-08
8.235114834199692583e-08
8.292173909070986922e-08
8.350291772104777472e-08
8.409486930856644057e-08
8.469778167216219604e-08
8.531184539419670288e-08
8.593725384021281176e-08
8.657420317735058064e-08
8.722289239219297510e-08
8.788352330861438786e-08
8.855630060292393345e-08
8.924143181965958195e-08
8.993912738273779920e-08
9.064960059970076857e-08
9.137306766936040004e-08
9.210974769139653704e-08
9.285986267521947535e-08
9.362363754514951667e-08
9.440130011982885347e-08
9.519308108730641242e-08
9.599921400101026573e-08
9.681993527907631782e-08
9.765548419919448039e-08
9.850610289270011469e-08
9.937203633803250199e-08
1.002535323508682332e-07
1.011508415720099214e-07
1.020642174394481968e-07
1.029939161605976738e-07
1.039401966888908100e-07
1.049033207013911832e-07
1.058835525456796812e-07
1.068811591228895620e-07
1.078964098203676521e-07
1.089295764775252205e-07
1.099809333431735117e-07
1.110507570315300718e-07
1.121393264773767846e-07
1.132469228896017294e-07
1.143738296902542069e-07
1.155203324332679187e-07
1.166867187252216427e-07
1.178732781545291062e-07
1.190803021596945910e-07
1.203080837672151311e-07
1.215569174440384916e-07
1.228270990196964083e-07
1.241189255873457420e-07
1.254326954135874088e-07
1.267687078439912629e-07
1.281272632044783270e-07
1.295086626629044123e-07
1.309132080714768380e-07
1.323412018262250220e-07
1.337929466009729218e-07
1.352687448713429678e-07
1.367688986847717417e-07
1.382937095277351533e-07
1.398434781651335502e-07
1.414185044968334267e-07
1.430190874168894893e-07
1.446455246406102280e-07
1.462981124592946028e-07
1.479771455023656842e-07
1.496829163624593650e-07
1.514157148274727386e-07
1.531758274863865171e-07
1.549635375432428322e-07
1.567791245949159764e-07
1.586228644391426830e-07
1.604950288966302513e-07
1.623958855646191132e-07
1.643256974498876777e-07
1.662847226043267012e-07
1.682732132182805948e-07
1.702914146687083108e-07
1.723395652435771655e-07
1.744178958651500656e-07
1.765266298496477716e-07
1.786659827064369203e-07
1.808361619005312774e-07
1.830373663841792617e-07
1.852697860971357617e-07
1.875336007443866576e-07
1.898289784803405242e-07
1.921560755780779084e-07
1.945150361101157555e-07
1.969059916944006776e-07
1.993290613215035120e-07
2.017843510732162358e-07
2.042719535037692514e-07
2.067919468256873521e-07
2.093443929323255297e-07
2.119293362911726505e-07
2.145468036631026499e-07
2.171968037848906491e-07
2.198793271896457814e-07
2.225943461233048880e-07
2.253418139776849640e-07
2.281216644694620900e-07
2.309338096096474545e-07
2.337781376958326011e-07
2.366545129694278851e-07
2.395627752932420290e-07
2.425027400045307205e-07
2.454741979927253851e-07
2.484769152527450939e-07
2.515106319302729061e-07
2.545750600452178687e-07
2.576698809686420418e-07
2.607947450559212757e-07
2.639492713713703001e-07
2.671329705573749011e-07
2.703455527431438736e-07
2.735864668461564751e-07
2.768552054718629196e-07
2.801512256232581458e-07
2.834739462329336407e-07
2.868227479561344261e-07
2.901969729977503558e-07
2.935959253388968465e-07
2.970188713005991050e-07
3.004650388241866585e-07
3.039336158007252127e-07
3.074237461739255290e-07
3.109345284001762753e-07
3.144650153954105493e-07
3.180142146072203043e-07
3.215810887826911874e-07
3.251645564137678038e-07
3.287634905417569737e-07
3.323767156719615710e-07
3.360030040500270719e-07
3.396410754224187962e-07
3.432895970840326757e-07
3.469471845078715540e-07
3.506124027095972117e-07
3.542837657192471406e-07
3.579597344195881980e-07
3.616387118112994169e-07
3.653190416623480079e-07
3.689990087031855606e-07
3.726768391562059458e-07
3.763507024448569498e-07
3.800187117260809506e-07
3.836789222043281290e-07
3.873293265372876147e-07
3.909678520657856640e-07
3.945923611234163829e-07
3.982006515516576672e-07
4.017904585033642780e-07
4.053594559958835887e-07
4.089052555898652407e-07
4.124254024983401262e-07
4.159173719880707891e-07
4.193785696833081864e-07
4.228063321546143180e-07
4.261979287965210302e-07
4.295505641876144753e-07
4.328613772187340743e-07
4.361274385110482750e-07
4.393457475514098767e-07
4.425132330834426829e-07
4.456267538325037659e-07
4.486831005138207080e-07
4.516789988531921442e-07
4.546111093859395694e-07
4.574760277675548185e-07
4.602702857874581617e-07
4.629903523146150342e-07
4.656326341758440865e-07
4.681934783347885838e-07
4.706691756057109746e-07
4.730559617498830742e-07
4.753500245522892110e-07
4.775475141435642161e-07
4.796445451227397808e-07
4.816371975033054024e-07
4.835215189865730809e-07
4.852935297631070863e-07
4.869492264724660850e-07
4.884846036025025943e-07
4.898956795963248087e-07
4.911785001050356787e-07
4.923291386463502603e-07
4.933436986907930780e-07
4.942183206822330870e-07
4.949491918172118274e-07
4.955325914980442752e-07
4.959649345214747288e-07
4.962427738027182506e-07
4.963627998452277823e-07
4.963218423539244037e-07
4.961168814779338273e-07
4.957450666299901490e-07
4.952037867834874864e-07
4.944907178974798835e-07
4.936038223896711747e-07
4.925413459295235774e-07
4.913018191305991326e-07
4.898840741920233203e-07
4.882872701822948676e-07
4.865109611457278616e-07
4.845551242634543914e-07
4.824201547763227203e-07
4.801068591507567938e-07
4.776164584097558680e-07
4.749506061571409990e-07
4.721114019037921058e-07
4.691014091251781430e-07
4.659236153587084642e-07
4.625815791783858409e-07
4.590791889590156507e-07
4.554208211659330113e-07
4.516113102983157324e-07
4.476559223988865589e-07
4.435603097207098336e-07
4.393304957681030286e-07
4.349728689010361260e-07
4.304941723651423828e-07
4.259014978222779854e-07
4.212022766029354001e-07
4.164042101523099392e-07
4.115152055893191945e-07
4.065433661305250975e-07
4.014969870275937569e-07
3.963845371415718693e-07
3.912146336249385179e-07
3.859960154260358531e-07
3.807374491346306103e-07
3.754476826118803479e-07
3.701354434800410908e-07
3.648094330271245396e-07
3.594782834272791053e-07
3.541505178148715306e-07
3.488344848020626388e-07
3.435382227731809653e-07
3.382694340752572718e-07
3.330354865644858973e-07
3.278433990715366947e-07
3.226997712002414616e-07
3.176107305600420887e-07
3.125818395412144125e-07
3.076177019619295481e-07
3.027223143418477042e-07
2.978988393441506093e-07
2.931496429021586186e-07
2.884762175808061392e-07
2.838791391112328680e-07
2.793580123401256793e-07
2.749114536561226741e-07
2.705371149129437034e-07
2.662317094302583012e-07
2.619909987013307329e-07
2.578097662392104177e-07
2.536820498119736188e-07
2.496016811235628054e-07
2.455624229095991229e-07
2.415579963239090885e-07
2.375821058549006921e-07
2.336284809685780990e-07
2.296909984127873269e-07
2.257642297768375197e-07
2.218440063847002158e-07
2.179274542760029287e-07
2.140129573221038409e-07
2.101001723588977832e-07
2.061901047649969879e-07
2.022852389957461555e-07
1.983889172221827579e-07
1.945053219510219448e-07
1.906393694916864586e-07
1.867966500980844327e-07
1.829834972160493001e-07
1.792069545669572315e-07
1.754740827946421660e-07
1.717907009496231193e-07
1.681611460543419741e-07
1.645883069442221853e-07
1.610736958648371917e-07
1.576175105533996305e-07
1.542185421403855655e-07
1.508743581820715914e-07
1.475814493620744678e-07
1.443352223306420238e-07
1.411302664538366062e-07
1.379603967326497567e-07
1.348188111415822590e-07
1.316987002626653576e-07
1.285950671945166422e-07
1.255053318669868142e-07
1.224292590849148715e-07
1.193689755129140815e-07
1.163289601037776920e-07
1.133162143753394655e-07
1.103391450388492351e-07
1.074059671292985886e-07
1.045244555974802984e-07
1.017016361385002592e-07
9.894352799202972192e-08
9.625467217206399517e-08
9.363783469100112829e-08
9.109434803332825837e-08
8.862434439861357642e-08
8.622699190463684119e-08
8.390067846046205358e-08
8.164273272482924659e-08
7.944929718723968128e-08
7.731608547722934040e-08
7.523941520317419272e-08
7.321658415920952988e-08
7.124593425223210509e-08
6.932697537111406365e-08
6.746063737731682619e-08
6.564920465893236045e-08
6.389495146534319714e-08
6.219883405845893838e-08
6.056019100862982213e-08
5.897641636442622943e-08
5.744344061208919677e-08
5.595611054060902140e-08
5.450824028746353151e-08
5.309370765160213216e-08
5.170688894172279856e-08
5.034286061788905935e-08
4.899766874560785214e-08
4.766850490730719861e-08
4.635431923455333451e-08
4.505588873888305324e-08
4.377557301341411064e-08
4.251740868785502892e-08
4.128696973855080174e-08
4.009052491686066782e-08
3.893342595440845038e-08
3.781947668480945087e-08
3.675084453211193991e-08
3.572790614601406452e-08
3.474915788376456022e-08
3.381131342096400072e-08
3.291034480478346532e-08
3.204224685934646604e-08
3.120311331983852701e-08
3.038922137838667994e-08
2.959711028796667344e-08
2.882365087785436672e-08
2.806620928465491310e-08
2.732287591884346654e-08
2.659270841549570840e-08
2.587579588564731690e-08
2.517325250623164380e-08
2.448722559538547893e-08
2.382073279949643185e-08
2.317685061243333693e-08
2.255777907978811962e-08
2.196457171570529375e-08
2.139708867851523737e-08
2.085394854475382730e-08
2.033253901695468076e-08
1.982934694908437624e-08
1.934103061072967813e-08
1.886499644208756435e-08
1.839950647396644816e-08
1.794371987404794625e-08
1.749772953816911485e-08
1.706251719381290105e-08
1.663950361843850373e-08
1.622985759799920364e-08
1.583432100703611191e-08
1.545317505882577876e-08
1.508621257157833074e-08
1.473272915278029548e-08
1.439159403008100734e-08
1.406160225932655923e-08
1.374171013141232783e-08
1.343106704683638355e-08
1.312902692723843548e-08
1.283515781757623752e-08
1.254923841685248013e-08
1.227119106066695062e-08
1.200094020415512528e-08
1.173837394114169127e-08
1.148334103709910060e-08
1.123564867652425291e-08
1.099506124612791861e-08
1.076130423003641918e-08
1.053409009334835862e-08
1.031314103442356262e-08
1.009819138544413449e-08
9.888988255505789069e-09
9.685291709241932528e-09
9.486874433560598970e-09
9.293520204248559726e-09
9.105020836159139519e-09
8.921175316350026087e-09
8.741790079689697468e-09
8.566679229029978237e-09
8.395664396258304846e-09
8.228574637914455826e-09
8.065246034377980711e-09
7.905521377614384394e-09
7.749250398896189529e-09
7.596290106610465634e-09
7.446503486110214929e-09
7.299764879550418913e-09
7.155951268124620621e-09
7.014946737677858360e-09
6.876640667910768660e-09
6.740927844880704861e-09
6.607708573801690418e-09
6.476888580812549688e-09
6.348378887765459432e-09
6.222095476560023401e-09
6.097958921109111113e-09
5.975894410164417996e-09
5.855831787016610935e-09
5.737705515429755905e-09
5.621454591847337329e-09
5.507022376048349896e-09
5.394356098259407233e-09
5.283406616472702823e-09
5.174128408226974700e-09
5.066479486036450426e-09
4.960421324343045845e-09
4.855918789779551926e-09
4.752939876307345609e-09
4.651455221420689929e-09
4.551438010046103922e-09
4.452863855114905081e-09
4.355710673696180810e-09
4.259958644070157901e-09
4.165590135147673418e-09
4.072589392728088259e-09
3.980942275290788322e-09
3.890636201328409616e-09
3.801659976147075627e-09
3.714003727184535757e-09
3.627658889500246095e-09
3.542618089834699417e-09
3.458874794630761492e-09
3.376423185882468363e-09
3.295258068075383501e-09
3.215374751503647777e-09
3.136769049049958894e-09
3.059437269000674388e-09
2.983376635405615140e-09
2.908582678981782280e-09
2.835052774985851181e-09
2.762783669477664248e-09
2.691772058537929085e-09
2.622014606975217001e-09
2.553507924670446245e-09
2.486248365537081989e-09
2.420231916561250856e-09
2.355454189479215793e-09
2.291910401229031904e-09
2.229595397913343863e-09
2.168503673934642285e-09
2.108629324291517508e-09
2.049965914099146345e-09
1.992506460526618051e-09
1.936243449879171855e-09
1.881168862838823392e-09
1.827274199955070375e-09
1.774550496669640772e-09
1.722988279377359080e-09
1.672577521790547149e-09
1.623307661355492567e-09
1.575167635571469267e-09
1.528145910537963447e-09
1.482230498788717153e-09
1.437408975131683624e-09
1.393668476072265270e-09
1.350995699784375792e-09
1.309376835553779165e-09
1.268798011339300981e-09
1.229244684372385469e-09
1.190702076185902036e-09
1.153155102831006896e-09
1.116588403851778800e-09
1.080986354160676793e-09
1.046333102185925478e-09
1.012612587163439936e-09
9.798085454144629633e-10
9.479045309171924638e-10
9.168839733400031596e-10
8.867302008060589270e-10
8.574264626287546067e-10
8.289559586621675984e-10
8.013018410789974912e-10
7.744472167074560357e-10
7.483751802825782237e-10
7.230688654214836527e-10
6.985114570895994360e-10
6.746862240859333801e-10
6.515765302540951894e-10
6.291658297952607465e-10
6.074376697501084112e-10
5.863757275373820894e-10
5.659638369334086403e-10
5.461860030540754360e-10
5.270264266569857520e-10
5.084695006963199662e-10
4.904998037509055470e-10
4.731021044271257466e-10
4.562613855060320837e-10
4.399628545015026529e-10
4.241919622743532615e-10
4.089344110610248849e-10
3.941761468562597989e-10
3.799033516302130665e-10
3.661024432959987266e-10
3.527600836559448243e-10
3.398631885151205307e-10
3.273989467889475756e-10
3.153548184959226730e-10
3.037185278937516900e-10
2.924780533922250985e-10
2.816216201553777974e-10
2.711377043009406366e-10
2.610150465495139593e-10
2.512426614452657478e-10
2.418098314625719379e-10
2.327060992947508643e-10
2.239212527924352395e-10
2.154453176128946872e-10
2.072685629346972730e-10
1.993815134228803217e-10
1.917749484712162448e-10
1.844398958807115114e-10
1.773676206407763144e-10
1.705496070607092742e-10
1.639775561357387068e-10
1.576433928868536848e-10
1.515392733008142218e-10
1.456575798334998549e-10
1.399909153159599535e-10
1.345320878853719891e-10
1.292740972726404777e-10
1.242101376405691558e-10
1.193336064221470153e-10
1.146381055583830793e-10
1.101174368734318962e-10
1.057655938802387647e-10
1.015767434751518535e-10
9.754521975901241399e-11
9.366552814638616744e-11
8.993235006233939996e-11
8.634054023987471084e-11
8.288512250502033641e-11
7.956127781254520411e-11
7.636432793212920961e-11
7.328973583092565523e-11
7.033311195465974033e-11
6.749021655831394225e-11
6.475695672705355795e-11
6.212938099173763631e-11
5.960366370961877748e-11
5.717609544547672730e-11
5.484308448457353553e-11
5.260115994008409200e-11
5.044697060475128688e-11
4.837728268439727053e-11
4.638897313733505480e-11
4.447901739676186513e-11
4.264448836982091682e-11
4.088255983314331417e-11
3.919050803850183736e-11
3.756570937145383302e-11
3.600563670213250894e-11
3.450784930830042284e-11
3.306998437109500646e-11
3.168975779512674782e-11
3.036496731768346115e-11
2.909349264747304540e-11
2.787329425321360304e-11
2.670240953342965509e-11
2.557894281008168787e-11
2.450106277175177139e-11
2.346700345347216619e-11
2.247506443992664166e-11
2.152360948459361561e-11
2.061106450268391775e-11
1.973591184127175327e-11
1.889668365556784388e-11
1.809196217162220961e-11
1.732038260731047609e-11
1.658063391792919797e-11
1.587145776210505057e-11
1.519164624769834415e-11
1.454003537262722036e-11
1.391550213249673410e-11
1.331696485898026997e-11
1.274338341812641520e-11
1.219375866414184524e-11
1.166713168134840718e-11
1.116258068150362463e-11
1.067921596718976339e-11
1.021617973283542356e-11
9.772646964452688910e-12
9.347825502894933822e-12
8.940955138252436607e-12
8.551306169379702804e-12
8.178175782619490787e-12
7.820885608318095215e-12
7.478782236061702395e-12
7.151238670474598441e-12
6.837654445254370107e-12
6.537455346540408809e-12
6.250091699141502695e-12
5.975034395725280392e-12
5.711774135806157835e-12
5.459821435435844771e-12
5.218706335397503167e-12
4.987977892089677776e-12
4.767203555825299660e-12
4.555967616157571998e-12
4.353869950331223915e-12
4.160526212608529165e-12
3.975567643924321292e-12
3.798640830897242540e-12
3.629407275257033474e-12
3.467542237360503406e-12
3.312731871718295047e-12
3.164672065779560359e-12
3.023070788470135045e-12
2.887651380128445183e-12
2.758152813468058926e-12
2.634329771413953552e-12
2.515951814815441137e-12
2.402802374758801705e-12
2.294657456288638164e-12
2.191285869845546886e-12
2.092484874751630512e-12
1.998059477017257810e-12
1.907824373877687509e-12
1.821598302602408820e-12
1.739204265589871117e-12
1.660475773881049393e-12
1.585252067186236780e-12
1.513381282969938808e-12
1.444719656411003286e-12
1.379128547891148237e-12
1.316475031659337293e-12
1.256631176615342110e-12
1.199473371201949192e-12
1.144883063440585757e-12
1.092745796268375567e-12
1.042952301254681355e-12
9.953976500593371187e-13
9.499818824063551104e-13
9.066108231778836617e-13
8.651955581506865122e-13
8.256520928886089440e-13
7.879005932582816615e-13
7.518644598716256674e-13
7.174677670233061073e-13
6.846370130599104897e-13
6.533024847668803225e-13
6.233966166666321487e-13
5.948532692178257719e-13
5.676104963227229744e-13
5.416099580428674553e-13
5.167960764522685768e-13
4.931160839047735546e-13
4.705197215945969193e-13
4.489592282872496254e-13
4.283887319119331905e-13
4.087638753019069714e-13
3.900411094368548297e-13
3.721781155297560475e-13
3.551348853351583928e-13
3.388726448059324132e-13
3.233539168071122509e-13
3.085424193961051005e-13
2.944084640911611989e-13
2.809219642255058265e-13
2.680532639086246857e-13
2.557740630426050890e-13
2.440573574185006179e-13
2.328773798417523369e-13
2.222095434799591377e-13
2.120303877898410047e-13
2.023175269237438707e-13
1.930496005008117578e-13
1.842062266296704054e-13
1.757679570871133926e-13
1.677162345473804345e-13
1.600333517707878211e-13
1.527024126640975832e-13
1.457072951213076279e-13
1.390326155694356768e-13
1.326636951374258398e-13
1.265865273736973395e-13
1.207877474449858003e-13
1.152546027435320292e-13
1.099749248422324643e-13
1.049371027346649588e-13
1.001300572992979619e-13
9.554321693566292540e-14
9.116649431490311728e-14
8.699026419580016770e-14
8.300534225790558725e-14
7.920296490258743752e-14
7.557476998101536139e-14
7.211277840413495623e-14
6.880937659477417292e-14
6.565729974476814493e-14
6.264961583760647900e-14
5.977971040400208738e-14
5.704127197554683967e-14
5.442827820205544544e-14
5.193498262225777829e-14
4.955586925505200693e-14
4.684828451443178117e-14
4.424084116476651476e-14
4.174133013994626690e-14
3.935122032568258678e-14
3.708836845871506854e-14
3.485985435333053154e-14
3.273965379120377840e-14
3.072451811137676708e-14
2.881042443425532404e-14
2.703234692781919848e-14
2.535193268613948952e-14
2.373590447367937563e-14
2.222569166725991507e-14
2.077942423759227380e-14
1.941056641543117168e-14
1.811416996018792705e-14
1.688683252443809384e-14
1.571726415103816005e-14
1.458579982224021322e-14
1.349425339999725526e-14
1.245680255891184638e-14
1.147893166950093527e-14
1.053505473457997714e-14
9.637197772189007066e-15
8.766792757784864485e-15
7.918961469524059834e-15
7.152285031138130860e-15
6.459635540111925358e-15
5.808562470187887154e-15
