# bin_1_3
9.651996792631127996e-08
9.681791657780142078e-08
9.712158936298873577e-08
9.743109457240694994e-08
9.774654247745157577e-08
9.806804536384127487e-08
9.839571756563268943e-08
9.872967549963564227e-08
9.907003770025015943e-08
9.941692485474074694e-08
9.977045983898325908e-08
1.001307677536700909e-07
1.004979759609386752e-07
1.008722141213492623e-07
1.012536142313936689e-07
1.016423106614240509e-07
1.020384401940277046e-07
1.024421420629916274e-07
1.028535579925996324e-07
1.032728322372736622e-07
1.037001116216689404e-07
1.041355455811240041e-07
1.045792862026431347e-07
1.050314882663623408e-07
1.054923092874144902e-07
1.059619095581255404e-07
1.064404521906473872e-07
1.069281031598703015e-07
1.074250313465914071e-07
1.079314085811763835e-07
1.084474096877390639e-07
1.089732125282889242e-07
1.095089980448410482e-07
1.100549503019533151e-07
1.106112565311830160e-07
1.111781071763437321e-07
1.117556959393281225e-07
1.123442198258091772e-07
1.129438791911907349e-07
1.135548777866823036e-07
1.141774228048861357e-07
1.148117249241394424e-07
1.154579983533586338e-07
1.161164608782787023e-07
1.167873339074099875e-07
1.174708425180445327e-07
1.181672155022696011e-07
1.188766854131897608e-07
1.195994886110278707e-07
1.203358653094108253e-07
1.210860596207199104e-07
1.218503196012273625e-07
1.226288972969747568e-07
1.234220487854416285e-07
1.242300342101588390e-07
1.250531178205652876e-07
1.258915680151222856e-07
1.267456573844529705e-07
1.276156627536145711e-07
1.285018652231338709e-07
1.294045502024057178e-07
1.303240074370049391e-07
1.312605310435842847e-07
1.322144195460414105e-07
1.331859759113458040e-07
1.341755075836353020e-07
1.351833265175728831e-07
1.362097492116222511e-07
1.372550967374971856e-07
1.383196947708911296e-07
1.394038736114591728e-07
1.405079681878595923e-07
1.416323180740497339e-07
1.427772675108176690e-07
1.439431654262815302e-07
1.451303654509461835e-07
1.463392259002235392e-07
1.475701097514491592e-07
1.488233846464675612e-07
1.500994228988602944e-07
1.513986014948908313e-07
1.527213020930760749e-07
1.540679110224068752e-07
1.554388192761683145e-07
1.568344224984159796e-07
1.582551209366107000e-07
1.597013194031083009e-07
1.611734272487509951e-07
1.626718583375216424e-07
1.641970309814315599e-07
1.657493677955593029e-07
1.673292956133096775e-07
1.689372454439797453e-07
1.705736524181118848e-07
1.722389557296644425e-07
1.739335985763497503e-07
1.756580280967415315e-07
1.774126952730282664e-07
1.791980548026371959e-07
1.810145649866447987e-07
1.828626876307216078e-07
1.847428878689735779e-07
1.866556338245602031e-07
1.886013964099693096e-07
1.905806492158709011e-07
1.925938683686752277e-07
1.946415323974018654e-07
1.967241220946529153e-07
1.988421203609642418e-07
2.009960119836857211e-07
2.031862834023394833e-07
2.054134224994667251e-07
2.076779182363755377e-07
2.099802600254470618e-07
2.123209374049933675e-07
2.147004398358739643e-07
2.171192564538964509e-07
2.195778758441547085e-07
2.220767858158318252e-07
2.246164731249075015e-07
2.271974230993843265e-07
2.298201192719312299e-07
2.324850428484122349e-07
2.351926716872038700e-07
2.379434797368235242e-07
2.407379367327785797e-07
2.435765078342456577e-07
2.464596533020985986e-07
2.493878281993857267e-07
2.523614820130190491e-07
2.553810580852557993e-07
2.584469930411453525e-07
2.615597155576833618e-07
2.647196450654021535e-07
2.679271912936334661e-07
2.711827537931790733e-07
2.744867215036676364e-07
2.778394723902309331e-07
2.812413730896038039e-07
2.846927781863401634e-07
2.881940294032452735e-07
2.917454539254735169e-07
2.953473625956964811e-07
2.990000493356525116e-07
3.027037905506159523e-07
3.064588446225615877e-07
3.102654515749191138e-07
3.141238326983010427e-07
3.180341895556495882e-07
3.219967027122076945e-07
3.260115290591461203e-07
3.300788002015083338e-07
3.341986218616442543e-07
3.383710732067993946e-07
3.425962064075321799e-07
3.468740465602160980e-07
3.512045908594272054e-07
3.555878072038021181e-07
3.600236313743906338e-07
3.645119642304330405e-07
3.690526709680034234e-07
3.736455339033263429e-07
3.782904372009944382e-07
3.829870900899500773e-07
3.877352103674376431e-07
3.925344768667049359e-07
3.973845262354615363e-07
4.022849494118248041e-07
4.072352907670673194e-07
4.122350473028822764e-07
4.172836682534666218e-07
4.223805556908379038e-07
4.275250640115689404e-07
4.327164978960370570e-07
4.379541081450955263e-07
4.432370881345227174e-07
4.485645730514404231e-07
4.539356391251115936e-07
4.593493036291102760e-07
4.648045261608617077e-07
4.703002075795185342e-07
4.758351872128278961e-07
4.814082374673231959e-07
4.870180613399293930e-07
4.926632917131334421e-07
4.983424908511528433e-07
5.040541515510981512e-07
5.097966984733957675e-07
5.155684859786173058e-07
5.213677935680088104e-07
5.271928206098493325e-07
5.330416853529894780e-07
5.389124242321389129e-07
5.448029923296783609e-07
5.507112662407123368e-07
5.566350434336020469e-07
5.625720386009839800e-07
5.685198770544240260e-07
5.744760922865893143e-07
5.804381253682190950e-07
5.864033249611782576e-07
5.923689504217058937e-07
5.983321734460256126e-07
6.042900749431338880e-07
6.102396384787319052e-07
6.161777460025470070e-07
6.221011773211291162e-07
6.280066099017712911e-07
6.338906217551009110e-07
6.397496951454667384e-07
6.455802140909532563e-07
6.513784585220065183e-07
6.571405989197890727e-07
6.628626957233780251e-07
6.685406991047163249e-07
6.741704516959333893e-07
6.797476938564027508e-07
6.852680620237859612e-07
6.907271179447597070e-07
6.961202100896213102e-07
7.014426739183338198e-07
7.066896981514378973e-07
7.118563609254938217e-07
7.169376363217083151e-07
7.219283938246830305e-07
7.268233975021554693e-07
7.316173063660581037e-07
7.363046745737668405e-07
7.408799515531440485e-07
7.453374851984668189e-07
7.496715297525031735e-07
7.538762471128783795e-07
7.579457145229438457e-07
7.618739366974997256e-07
7.656548476937832303e-07
7.692823113974064540e-07
7.727501254041216008e-07
7.760520309831147420e-07
7.791817182848276976e-07
7.821328522689738819e-07
7.848991049925265521e-07
7.874741594418395388e-07
7.898517103832072389e-07
7.920254692303027069e-07
7.939891779620382736e-07
7.957366223342894197e-07
7.972616887272272462e-07
7.985584187562337720e-07
7.996210135746738753e-07
8.004438346622496103e-07
8.010214102480481871e-07
8.013484563376929479e-07
8.014199027374540427e-07
8.012309825601666023e-07
8.007772937491840472e-07
8.000549511451797868e-07
7.990599874255480976e-07
7.977892588618566664e-07
7.962398792093821235e-07
7.944094049639950547e-07
7.922959243621909227e-07
7.898980967156465179e-07
7.872151512200145485e-07
7.842468844270299373e-07
7.809936746966220715e-07
7.774565161531966976e-07
7.736370428556605083e-07
7.695375571433969336e-07
7.651610335442152728e-07
7.605111165191095915e-07
7.555921163714026701e-07
7.504090232699598397e-07
7.449675303070961558e-07
7.392740091115015237e-07
7.333354591441328394e-07
7.271594951235505837e-07
7.207543468971323331e-07
7.141288508811838469e-07
7.072924440717214567e-07
7.002551098929226424e-07
6.930275162707807051e-07
6.856206122535150198e-07
6.780458409380132433e-07
6.703150846183994229e-07
6.624406310655488165e-07
6.544351294773584288e-07
6.463115660661872451e-07
6.380831507518724469e-07
6.297632628721661320e-07
6.213654534444044463e-07
6.129034334940061864e-07
6.043909790858499444e-07
5.958418575217677230e-07
5.872697510948339549e-07
5.786880899149881295e-07
5.701100221070882461e-07
5.615484140777988246e-07
5.530158079811393277e-07
5.445242612686616520e-07
5.360852566339074152e-07
5.277095132360012053e-07
5.194067873711428467e-07
5.111858673427053511e-07
5.030545739988544577e-07
4.950196857356195973e-07
4.870867711883129364e-07
4.792601139767357716e-07
4.715426367907927974e-07
4.639358715577600929e-07
4.564399775503843791e-07
4.490537579589453597e-07
4.417746059446278122e-07
4.345984331916298958e-07
4.275199371497298974e-07
4.205332605443718107e-07
4.136321536846273566e-07
4.068099992624178191e-07
4.000598455972996994e-07
3.933745041312075883e-07
3.867465773760034472e-07
3.801693047383786432e-07
3.736371505412034835e-07
3.671458503814245306e-07
3.606924770933076353e-07
3.542753379109063179e-07
3.478942823767094814e-07
3.415506508345335069e-07
3.352468095735581491e-07
3.289859443120112968e-07
3.227719801259903344e-07
3.166095219238829069e-07
3.105040197114763901e-07
3.044617800944786500e-07
2.984891160242994603e-07
2.925907907324747142e-07
2.867697128455717431e-07
2.810269843184276773e-07
2.753620362952029192e-07
2.697728289427699590e-07
2.642557659613901262e-07
2.588058918603755126e-07
2.534170152664109468e-07
2.480817820921979358e-07
2.427918836721563980e-07
2.375383311807870616e-07
2.323117641633032011e-07
2.271031979607492566e-07
2.219062336019124915e-07
2.167177646275918698e-07
2.115379635176772315e-07
2.063702046976916285e-07
2.012212088649878347e-07
1.961012922865576160e-07
1.910230227464830455e-07
1.859992686867738532e-07
1.810429079380862317e-07
1.761664092658842960e-07
1.713812462918358418e-07
1.666969497651186945e-07
1.621206814064043506e-07
1.576577796863128531e-07
1.533121580157617023e-07
1.490866381649028629e-07
1.449832183166590242e-07
1.410021387183474455e-07
1.371414495639156897e-07
1.333978526983763690e-07
1.297681092365048861e-07
1.262494331444669651e-07
1.228396151264870196e-07
1.195373062326711281e-07
1.163425662643531452e-07
1.132567431477676774e-07
1.102805518446055419e-07
1.074122496059323502e-07
1.046470497190571245e-07
1.019766813599833593e-07
9.939063471432101841e-08
9.687743102076342744e-08
9.442471851674304690e-08
9.202069564768810333e-08
8.965470713537006636e-08
8.731754308803467333e-08
8.500188477193170916e-08
8.270259622752459019e-08
8.041778896970228141e-08
7.814925780896645253e-08
7.590236920329431516e-08
7.368639375728459036e-08
7.151434913880115469e-08
6.940100180368069345e-08
6.735910641787514343e-08
6.539802007242468605e-08
6.352335054571720705e-08
6.173651871624518795e-08
6.003450887275647420e-08
5.841006283547921751e-08
5.685422814501288162e-08
5.535821895612064148e-08
5.391356607652397684e-08
5.251227617034515088e-08
5.114696948453394257e-08
4.981101850342357094e-08
4.849886061465724501e-08
4.720644696970070457e-08
4.593178700183389802e-08
4.467514674648599545e-08
4.343913125761911005e-08
4.222875970872020914e-08
4.105117578996305124e-08
3.991379205780943862e-08
3.882212505442694769e-08
3.777915748499530691e-08
3.678516471373144242e-08
3.583753723274314159e-08
3.493074365894992094e-08
3.405704290060594018e-08
3.320899456062954933e-08
3.238081021772768453e-08
3.156862263258721545e-08
3.077062109738553491e-08
2.998717515036188940e-08
2.922077210478071604e-08
2.847498087127739804e-08
2.775281762313690201e-08
2.705633105046503236e-08
2.638650859661803451e-08
2.574319315498939678e-08
2.512504275890185095e-08
2.452967883561619900e-08
2.395451648817346278e-08
2.339732538217589777e-08
2.285630810067515169e-08
2.233013296195726035e-08
2.181796421012081856e-08
2.131946238299515748e-08
2.083463127361742927e-08
2.036348146300186694e-08
1.990593775720740224e-08
1.946183031000232389e-08
1.903088732963622264e-08
1.861273049591903274e-08
1.820688256474868686e-08
1.781282833721992335e-08
1.743006898012134447e-08
1.705812777977098775e-08
1.669655151526337971e-08
1.634491125675160445e-08
1.600280213080715330e-08
1.566984020575078399e-08
1.534565546082550864e-08
1.502988977944966469e-08
1.472219740997857533e-08
1.442224533196659542e-08
1.412971321388855211e-08
1.384429347128921012e-08
1.356569056649808949e-08
1.329362031075533438e-08
1.302781039998030818e-08
1.276800104325525871e-08
1.251394525318809669e-08
1.226540885402139457e-08
1.202216980463695407e-08
1.178401573087447323e-08
1.155074298198561708e-08
1.132215688369358423e-08
1.109807196476640325e-08
1.087831193297696301e-08
1.066270960808084420e-08
1.045110633689430297e-08
1.024335119481442518e-08
1.003930110095442891e-08
9.838820974893265626e-09
9.641783790876884553e-09
9.448070565999985633e-09
9.257570154140386753e-09
9.070178201556307284e-09
8.885796619706946764e-09
8.704333687968770703e-09
8.525704027536651998e-09
8.349828594890140023e-09
8.176634662194322599e-09
8.006055326179831405e-09
7.838028426101430676e-09
7.672496388177592456e-09
7.509406149853245789e-09
7.348709062864299711e-09
7.190360899830172636e-09
7.034321781253220640e-09
6.880555500954038976e-09
6.729028945270349539e-09
6.579712085943384084e-09
6.432577812108890039e-09
6.287601899148759461e-09
6.144763029527823634e-09
6.004042566960551673e-09
5.865423754574751487e-09
5.728891467058974415e-09
5.594432139566497083e-09
5.462033655255233458e-09
5.331685375157382273e-09
5.203378138059178956e-09
5.077103868811367358e-09
4.952855031010089462e-09
4.830624590035098088e-09
4.710405938740580480e-09
4.592192897424779270e-09
4.475979755165301219e-09
4.361761204701370772e-09
4.249531860509043971e-09
4.139286005002443462e-09
4.031017593571528298e-09
3.924720246048233696e-09
3.820387292374194476e-09
3.718011799199605378e-09
3.617586434675037191e-09
3.519103151314522495e-09
3.422553136184662370e-09
3.327926840213699723e-09
3.235214019383027651e-09
3.144403770984181624e-09
3.055484544543300515e-09
2.968444017045250734e-09
2.883268978229503565e-09
2.799945344023294786e-09
2.718458204263207383e-09
2.638791860618330906e-09
2.560929847367789819e-09
2.484854946651348799e-09
2.410549172100142856e-09
2.337993752522539044e-09
2.267169166107924515e-09
2.198055181306085297e-09
2.130630872803524850e-09
2.064874641007906047e-09
2.000764283403223353e-09
1.938277051820383758e-09
1.877389657169246912e-09
1.818078311604580370e-09
1.760318744921152389e-09
1.704086208916062243e-09
1.649355517245523590e-09
1.596101176050311199e-09
1.544297427492992229e-09
1.493918269883864766e-09
1.444937488833585342e-09
1.397328654367523515e-09
1.351065124037985500e-09
1.306120121293243277e-09
1.262466852387255359e-09
1.220078523141257060e-09
1.178928374726268855e-09
1.138989693160425177e-09
1.100235801271837985e-09
1.062640069326919273e-09
1.026176007117041759e-09
9.908173218058717110e-10
9.565379353844688863e-10
9.233120130929485090e-10
8.911139574222511611e-10
8.599184007342483915e-10
8.297002244265444345e-10
8.004346178919173877e-10
7.720971000953876324e-10
7.446635438243088227e-10
7.181101862235564752e-10
6.924136207052033047e-10
6.675507898161171699e-10
6.434989933056624501e-10
6.202359076820272344e-10
5.977396037653711494e-10
5.759885730820155423e-10
5.549617279872058727e-10
5.346383963863055014e-10
5.149983092523038953e-10
4.960215875334423940e-10
4.776887516456262457e-10
4.599807428153067704e-10
4.428789378590304526e-10
4.263651457235058584e-10
4.104216006822601291e-10
3.950309359272182414e-10
3.801761676417525072e-10
3.658407071986173107e-10
3.520083795391639060e-10
3.386634257543611145e-10
3.257904882937027719e-10
3.133746392023242115e-10
3.014012779045459830e-10
2.898561708752346044e-10
2.787254541839932501e-10
2.679956453305682482e-10
2.576536412547864259e-10
2.476867134422708898e-10
2.380824806616180901e-10
2.288288787840769141e-10
2.199141677358469495e-10
2.113269460872675708e-10
2.030561559097363700e-10
1.950910804109600771e-10
1.874213333998029870e-10
1.800368214268153212e-10
1.729277306396748839e-10
1.660845364463114173e-10
1.594980123964244034e-10
1.531592300236799570e-10
1.470595560750743530e-10
1.411906307810890435e-10
1.355443312896794297e-10
1.301127729508800200e-10
1.248883205168992783e-10
1.198635939380650912e-10
1.150314676624793781e-10
1.103850645853428705e-10
1.059177238980879484e-10
1.016229799146644889e-10
9.749456666510159283e-11
9.352642399528619771e-11
8.971269856600098337e-11
8.604774323888228918e-11
8.252610587306928944e-11
7.914250197815212521e-11
7.589181255840223912e-11
7.276909085308327187e-11
6.976956615922535650e-11
6.688864280533945694e-11
6.412189634084984272e-11
6.146505347822731351e-11
5.891397345813243711e-11
5.646465085470609487e-11
5.411322122695139199e-11
5.185596306527304026e-11
4.968929790528016237e-11
4.760978424197803548e-11
4.561409526321705550e-11
4.369901286173614076e-11
4.186143058070922725e-11
4.009835517018342467e-11
3.840690635360292641e-11
3.678431533451074522e-11
3.522791389100538516e-11
3.373511975553818746e-11
3.230343765143338100e-11
3.093046408886706964e-11
2.961388927042280772e-11
2.835149664964126594e-11
2.714115964543904408e-11
2.598082747463385689e-11
2.486851871578900543e-11
2.380232294084466117e-11
2.278040195945457955e-11
2.180099028465314821e-11
2.086239514286503172e-11
1.996299072354815096e-11
1.910120668568523809e-11
1.827552766540892607e-11
1.748449506365045358e-11
1.672670758225167608e-11
1.600082052881169751e-11
1.530554395204145074e-11
1.463963517968603073e-11
1.400189369507978870e-11
1.339116262027396169e-11
1.280633133115658088e-11
1.224633643888414788e-11
1.171016212977740735e-11
1.119683706985647433e-11
1.070542532490880261e-11
1.023502449816580163e-11
9.784766050535026579e-12
9.353815091650668937e-12
8.941370016430670894e-12
8.546661934779002061e-12
8.168951711764039902e-12
7.807527281657175415e-12
7.461704489687192936e-12
7.130827417064863601e-12
6.814268555176517048e-12
6.511428507725082751e-12
6.221733893575027079e-12
5.944630856017434793e-12
5.679582466694501344e-12
5.426071837644735172e-12
5.183606471093150385e-12
4.951719022180416013e-12
4.729967954362354577e-12
4.517936253007558721e-12
4.315229226191106900e-12
4.121448250523033584e-12
3.936190918313559574e-12
3.759095509817075470e-12
3.589814935921894135e-12
3.428018909024198725e-12
3.273385622499184156e-12
3.125601488061176595e-12
2.984369528655255655e-12
2.849403681640108010e-12
2.720433270426428550e-12
2.597202415108691028e-12
2.479465600223964826e-12
2.366987022481337315e-12
2.259539248835227364e-12
2.156902242608123320e-12
2.058864432423290174e-12
1.965221338720223423e-12
1.875777281151015557e-12
1.790344233501008501e-12
1.708742887648938653e-12
1.630804212481756070e-12
1.556368839405599460e-12
1.485286628812825113e-12
1.417415458649413097e-12
1.352619383568111459e-12
1.290763760279424554e-12
1.231717892893279712e-12
1.175357408847994034e-12
1.121561656200176773e-12
1.070212476747351952e-12
1.021199255059812009e-12
9.744180144833481464e-13
9.297696794960580262e-13
8.871602200089803562e-13
8.465001304541564796e-13
8.077044264481419392e-13
7.706914094864932095e-13
7.353818910188406862e-13
7.016975223392818892e-13
6.695616650562312154e-13
6.389018615065822353e-13
6.096475278153221571e-13
5.817301110247992601e-13
5.550829146231075334e-13
5.296541588842713129e-13
5.053903037836048020e-13
4.822379921282023735e-13
4.601463046014408547e-13
4.390666533298097003e-13
4.189526762498368631e-13
3.997601351758479376e-13
3.814468184982547564e-13
3.639724483453149140e-13
3.472985920015211212e-13
3.313885773744227055e-13
3.162074123443776034e-13
3.017217078024733907e-13
2.878996042139737224e-13
2.747107015519832334e-13
2.621259924321669628e-13
2.501177983176475573e-13
2.386597086441326636e-13
2.277265227306007507e-13
2.172941943576460486e-13
2.073397788780275372e-13
1.978413827538248376e-13
1.887781154060503578e-13
1.801300432656033674e-13
1.718781459349062160e-13
1.640042743535336398e-13
1.564911108812691442e-13
1.493221312122547170e-13
1.424815680293787050e-13
1.359543763278969758e-13
1.297262003255867973e-13
1.237833418878470976e-13
1.181127304024104830e-13
1.127018940303655551e-13
1.075389322767371181e-13
1.026124898172529851e-13
9.791173151975703093e-14
9.342631863307081558e-14
8.914634537940621095e-14
8.451717113959317861e-14
8.006681524375935031e-14
7.580142859073482655e-14
7.171934275516408806e-14
6.784240646986822408e-14
6.404899637090150227e-14
6.043103036730101347e-14
5.698365707737595048e-14
5.369934604322144792e-14
5.062314372978949736e-14
4.770358338618474185e-14
4.489413497627891979e-14
4.225050633195299732e-14
3.971332632473754148e-14
3.730114266453662747e-14
3.500633370917247182e-14
3.282289899773185561e-14
3.073380120962836522e-14
2.870849996089012874e-14
2.674748523075106142e-14
2.487211519491735028e-14
2.309061725285577133e-14
2.136311100672641023e-14
1.970594107528728568e-14
1.808955846229156749e-14
1.650521237882074545e-14
1.505204478608739729e-14
1.372047534838466698e-14
1.245486296712532781e-14
