# xi_wedges_like_data_bin_2
2.580951530000000216e-01
1.678201179999999904e-01
1.174704919999999958e-01
7.804780220000000213e-02
5.644295139999999655e-02
4.200550170000000305e-02
3.184966210000000214e-02
2.458703859999999963e-02
2.128445669999999915e-02
1.630041720000000027e-02
1.272006189999999939e-02
1.072882189999999937e-02
7.871299429999999153e-03
7.368023480000000271e-03
6.687785449999999847e-03
7.306780839999999812e-03
6.931518359999999657e-03
5.650778559999999895e-03
4.819829989999999814e-03
3.943745000000000236e-03
2.959579270000000165e-03
3.265394439999999999e-03
3.109500189999999959e-03
2.013737639999999864e-03
2.238116709999999829e-03
2.075694119999999844e-03
1.143484209999999978e-03
1.593702059999999986e-03
2.135947300000000104e-01
1.352101320000000106e-01
8.829008630000000080e-02
6.333843919999999905e-02
4.404941400000000201e-02
3.280756910000000304e-02
2.337333280000000041e-02
1.618294179999999957e-02
1.298663809999999960e-02
9.549241550000000384e-03
6.308875240000000155e-03
5.868474719999999985e-03
5.089392100000000342e-03
5.754030569999999713e-03
5.577359710000000248e-03
5.740632429999999869e-03
5.799295139999999758e-03
5.603572599999999578e-03
4.134635610000000384e-03
2.579293590000000108e-03
2.716262939999999817e-03
1.257605750000000003e-03
7.315193139999999657e-04
2.669633529999999974e-04
1.079658310000000004e-04
-8.595010020000000287e-04
-3.476166410000000140e-04
-2.804217940000000163e-04
1.428804870000000005e-01
8.277397599999999911e-02
4.923581369999999874e-02
2.941204979999999941e-02
1.640719150000000126e-02
7.470660869999999620e-03
4.060381039999999900e-03
2.914080680000000201e-03
1.184282989999999990e-03
-2.287041179999999788e-03
-2.300402210000000031e-03
-2.503631880000000039e-03
-3.460958190000000198e-04
-1.629538879999999990e-03
-1.595891479999999923e-03
5.021914169999999907e-04
2.083582000000000056e-03
1.897921579999999964e-03
1.075716690000000060e-03
-4.456911540000000070e-05
-1.212247569999999955e-03
-1.215297749999999987e-03
-1.720075740000000025e-03
-1.877002659999999976e-03
-1.472202630000000014e-03
-1.181555740000000011e-03
-1.933943800000000090e-03
-1.263683650000000042e-03
