# xi_wedges_like_data_bin_1
2.743483110000000114e-01
1.834179459999999984e-01
1.261473369999999983e-01
9.063057939999999424e-02
6.782713360000000580e-02
4.968811859999999747e-02
3.788684719999999700e-02
2.873685659999999920e-02
2.280386330000000114e-02
1.877606890000000153e-02
1.474550709999999931e-02
1.262126520000000050e-02
9.173844389999999752e-03
7.652911350000000425e-03
7.344369499999999634e-03
7.790398989999999975e-03
7.389482220000000157e-03
6.691692580000000237e-03
5.271841040000000041e-03
3.185019109999999865e-03
2.136040880000000027e-03
2.191884519999999937e-03
2.803752940000000214e-03
2.240843670000000100e-03
1.787551249999999939e-03
1.688315170000000099e-03
1.308281990000000061e-03
2.840058289999999831e-04
2.248917470000000030e-01
1.492093270000000027e-01
9.945664989999999928e-02
7.047360119999999950e-02
4.979625160000000078e-02
3.606444720000000215e-02
2.652748909999999918e-02
2.185437969999999910e-02
1.617951460000000008e-02
1.219826079999999924e-02
1.035242349999999922e-02
7.445421699999999615e-03
6.260321269999999903e-03
5.744018279999999789e-03
6.033236739999999626e-03
6.065669919999999889e-03
5.893667980000000424e-03
5.315236660000000057e-03
4.573516760000000125e-03
3.281299049999999908e-03
1.238844040000000070e-03
7.395626069999999917e-04
1.204035939999999931e-03
7.039713100000000211e-04
1.241589179999999905e-03
1.180855549999999940e-03
1.087884139999999991e-03
2.147962140000000096e-03
1.541983199999999998e-01
8.873384510000000003e-02
5.368320869999999856e-02
3.126523400000000286e-02
2.041414370000000159e-02
1.226893559999999925e-02
7.362344899999999706e-03
3.365245340000000158e-03
2.875327129999999919e-03
4.521695060000000248e-04
-5.078450969999999788e-04
-1.270289719999999909e-03
6.390064830000000357e-04
1.865277239999999946e-03
3.039227079999999928e-03
2.249450799999999900e-03
3.201308520000000022e-03
2.758445129999999908e-03
6.124824969999999877e-04
-1.657112560000000012e-03
-2.171342519999999807e-03
-1.668799649999999895e-03
-1.663487659999999917e-03
-2.371337600000000042e-03
-2.480236849999999885e-03
-2.563971420000000015e-03
-1.962900929999999815e-03
-1.160968899999999943e-03
