# xi_wedges_like_theory_bin_1
2.737229123485684368e-01
1.797160203998532380e-01
1.241727637519213223e-01
8.895002602322411855e-02
6.522230545496353338e-02
4.885122693098662566e-02
3.735571262181128921e-02
2.897442950989286697e-02
2.267132772024167686e-02
1.787262959753921007e-02
1.419529857798219538e-02
1.146148685876497222e-02
9.492891009097233213e-03
8.257124685363683575e-03
7.868357095023441675e-03
7.912074040260558619e-03
7.519777272060248520e-03
6.411332268958345668e-03
5.010303861899283520e-03
3.716781704486513127e-03
2.686472159329458560e-03
1.941857814300132707e-03
1.423131864444578207e-03
1.065989542137615658e-03
8.227967070175936553e-04
6.445174926431050709e-04
5.087098624889820194e-04
4.113588518848492435e-04
2.246605345898264605e-01
1.452668941975036321e-01
9.841861695858397652e-02
6.886575117768967136e-02
4.914039971411952867e-02
3.567794608663361206e-02
2.637016279023707624e-02
1.970845261675044369e-02
1.478756778658711808e-02
1.111234236983683378e-02
8.387987656947133372e-03
6.472165749981649910e-03
5.240481703901776235e-03
4.643841208733941704e-03
4.688020242964233142e-03
4.993077819201242711e-03
4.863627948182468880e-03
4.062347787391097642e-03
2.924126931814723020e-03
1.812450416808340401e-03
9.112868728284036039e-04
2.756533925469426493e-04
-1.331603238131541392e-04
-3.754003311340816523e-04
-5.037681635487229912e-04
-5.689063112371354472e-04
-5.971141719578459007e-04
-5.967159929201126074e-04
1.526162057146188411e-01
8.862101989661688717e-02
5.373047742250038061e-02
3.306194097898806916e-02
2.003446985616294876e-02
1.166456294048513927e-02
6.288315678795606579e-03
2.752713474841565321e-03
3.693970903197663015e-04
-1.219361462082590476e-03
-2.164346867879775576e-03
-2.540820058017019632e-03
-2.406272707278671926e-03
-1.849326550546407820e-03
-1.017475713479930191e-03
-2.243318868838063077e-04
1.153365854308925739e-04
-1.355778005077595057e-04
-7.714502281764719881e-04
-1.521164154858719144e-03
-2.177429798403558367e-03
-2.623961660190629770e-03
-2.851520398919680892e-03
-2.902753081115492899e-03
-2.832989830817507840e-03
-2.697724332654949896e-03
-2.531990133491952757e-03
-2.352067958840829004e-03
