# xi_wedges_like_theory_bin_2
2.580964990765102218e-01
1.694629135203217785e-01
1.167837326973787948e-01
8.339838318666283057e-02
6.113081775827097775e-02
4.578840249025623726e-02
3.494348117007037985e-02
2.705234399073497623e-02
2.117050714496030231e-02
1.670694438775338631e-02
1.327688531756395299e-02
1.065133578381743766e-02
8.711997267315313084e-03
7.518840591537848811e-03
7.201605331935247330e-03
7.403816122213068354e-03
7.226240858624305430e-03
6.261547936405547840e-03
4.896530058997455859e-03
3.597211947084022650e-03
2.574231510413549709e-03
1.844474446015474363e-03
1.338264757123235667e-03
9.965787458938416173e-04
7.684454396690766241e-04
6.070610192338925758e-04
4.911435843069885190e-04
4.039192316836195886e-04
2.164660879644005886e-01
1.378334002415546877e-01
9.226131352929257956e-02
6.397446654348769302e-02
4.546166749247956135e-02
3.293537620782505115e-02
2.425095968310365599e-02
1.805859217579290285e-02
1.352990191682566963e-02
1.016349759000729873e-02
7.649353781809799420e-03
5.812148981303759225e-03
4.586193897798751702e-03
4.029206990329361505e-03
4.192617876054063539e-03
4.705639060043374094e-03
4.787454591176531354e-03
4.084706813351574040e-03
2.930887158151108604e-03
1.777075415958277076e-03
8.646271789903085510e-04
2.385692446632951835e-04
-1.564239164854828448e-04
-3.823267219617887988e-04
-4.961165187250598727e-04
-5.464754816072058723e-04
-5.590371975536664265e-04
-5.526701443608751478e-04
1.435708371769175984e-01
8.261528453438404807e-02
4.932995597516220965e-02
2.977353506962478885e-02
1.771955586584928605e-02
1.009290675689912195e-02
5.208340478118246054e-03
2.029730875157174149e-03
-7.691833785621384216e-05
-1.462932828816595771e-03
-2.309745497689758530e-03
-2.696676696081147431e-03
-2.617688002799342314e-03
-2.042552007707314383e-03
-1.051586504368938295e-03
-1.094538869559114474e-05
5.198580889552925632e-04
2.912872818190072495e-04
-4.603582186806761192e-04
-1.338592348633368045e-03
-2.061121782131580382e-03
-2.522767632488149940e-03
-2.740842248235148427e-03
-2.774387218800477423e-03
-2.689457714427951392e-03
-2.541828019202086852e-03
-2.367331453786999593e-03
-2.189766119006817530e-03
