# xi_wedges_like_simulation_bin_2
2.628947814532895388e-01
1.752314429752832026e-01
1.191310082769186929e-01
8.239574083980859276e-02
6.143539388474428264e-02
4.733353203072539900e-02
3.582072645230055530e-02
2.791471791596850799e-02
2.006290392259636041e-02
1.707716265674744799e-02
1.460420847140963922e-02
1.056974536255794218e-02
9.899203484227122457e-03
8.178280650212020955e-03
8.400129156502575759e-03
8.331742279610053481e-03
7.124513030362365253e-03
6.394312498871347096e-03
3.618785196494579519e-03
2.202102384894502607e-03
1.762003697282105586e-03
1.912248986579919612e-03
1.333346468576369339e-03
1.374054101226645976e-03
1.135663141406546058e-03
8.543326126526719399e-04
2.819914599254812627e-04
6.531180214134281632e-04
2.224113162484233353e-01
1.407762793052912687e-01
9.671253820632484677e-02
6.467627536115022613e-02
4.681154364597609613e-02
3.536261041437137320e-02
2.646318443673513487e-02
2.093297579567372779e-02
1.678948862239361406e-02
1.417721084710658191e-02
1.119867642558905474e-02
8.286144304290759752e-03
8.147982289780411266e-03
6.324739324127165441e-03
6.724192337126511966e-03
5.902624125984001421e-03
6.249584953087883657e-03
4.872410412197248318e-03
3.833170645210610093e-03
2.085593094687864923e-03
1.140097684303793824e-03
5.221155654770052524e-04
2.841595752784372743e-04
7.887663131285643000e-04
8.058807105192403696e-05
-1.792219466006753645e-04
-3.566603754426181470e-04
2.100761379956180919e-04
1.488948288022617084e-01
8.554843111278402634e-02
4.912151163723947611e-02
3.067842996370378356e-02
1.959142071308981811e-02
1.299136623718792106e-02
7.496315087925788101e-03
3.438381125984142292e-03
8.152254244409829452e-04
-7.891502411202091583e-04
-1.855827906153220599e-03
-3.003495782921592697e-03
-3.780968340233328492e-03
-3.450703995624484609e-03
-2.653444881000710780e-03
-3.029787664938790674e-05
4.534581509594637957e-05
8.446314691537253473e-05
-1.549402695676806380e-03
-1.879432236972145790e-03
-2.281912657567090712e-03
-3.917367971259081566e-03
-3.140409323019533253e-03
-2.623091239027320210e-03
-2.082457393007993568e-03
-2.259773728780249766e-03
-3.234200432167447237e-03
-3.365811333905464279e-03
