# xi_wedges_like_simulation_bin_1
2.702876040448458639e-01
1.818300951250011455e-01
1.264078708991648869e-01
9.056914525277240391e-02
6.488844106590058169e-02
4.926812990305402123e-02
3.901636167813561651e-02
2.959220103548044351e-02
2.233719740791227995e-02
1.720265765401280886e-02
1.363157775716078608e-02
1.024274776166941500e-02
8.564174691014786109e-03
6.807308868560165392e-03
6.983814423623482294e-03
6.916509837637597677e-03
6.743787446277702512e-03
5.673928396911170555e-03
4.564093742651966802e-03
3.479765593842291428e-03
2.745414735363449661e-03
1.716811028338137120e-03
8.706631036282935906e-04
1.083378236573053757e-03
1.040183241548894464e-03
5.649995533143558702e-04
1.071787657360811011e-03
1.018169669321393640e-03
2.244391081512443209e-01
1.480278741886706106e-01
1.012549502521282035e-01
6.924199977499079228e-02
4.938383998160060517e-02
3.626454888579556252e-02
2.576451797502199784e-02
2.141574053757606955e-02
1.478470861189808833e-02
1.094696282494168720e-02
8.102899823078088537e-03
5.632862310615515712e-03
4.196192518155650829e-03
3.224152479956663916e-03
3.389230851350570790e-03
3.914731381725142234e-03
3.422004160478518686e-03
3.091640635890540410e-03
2.108290499523149918e-03
1.610327573485943568e-03
1.615552226772883158e-03
6.900813627183878182e-04
1.141422382975982398e-04
-9.884908517111709548e-05
-2.061629215606556090e-04
-5.698230182295893967e-04
-7.659024366465268241e-04
-4.319337404552121319e-04
1.588382948059762212e-01
8.968400682174462735e-02
5.600361704014594766e-02
3.722813152023248667e-02
2.455071051445157845e-02
1.356916879771422925e-02
7.859319723884858333e-03
2.746048359175103787e-03
3.807352159841283072e-04
-3.748965157672488283e-03
-5.534228128779338299e-03
-6.216001211387951926e-03
-4.762362022393351949e-03
-3.928595123850461140e-03
-3.029637811805084048e-03
-2.216290417644436062e-03
-1.383358735684312411e-03
-1.250687848866168005e-03
-2.584611174593257066e-03
-2.813888619918026700e-03
-3.961573130727378059e-03
-4.831309412799427230e-03
-4.097340856727150690e-03
-3.647342578230861661e-03
-3.064336933048225457e-03
-2.894107481412520021e-03
-1.910514780546809354e-03
-1.806938296687644191e-03
