# bin_5_2
1.897441674842748800e-08
1.908549771896976938e-08
1.919640745425916322e-08
1.930706266813912426e-08
1.941739056508169197e-08
1.952730509275592582e-08
1.963673017915807515e-08
1.974522610380206958e-08
1.985318997915453589e-08
1.996052075931550735e-08
2.006878078398423041e-08
2.017453888243137590e-08
2.027922882767341602e-08
2.038279461638129491e-08
2.048405543744197088e-08
2.058541353901743434e-08
2.068545894517677552e-08
2.078338611705070429e-08
2.087991338782550401e-08
2.097472807175341186e-08
2.106767852984937377e-08
2.115863991318024337e-08
2.124746150032483198e-08
2.133423120207315473e-08
2.141877729244790543e-08
2.150075297525148972e-08
2.158020104976902875e-08
2.165702209484065489e-08
2.173112567072712024e-08
2.180230459117628914e-08
2.187039530469244861e-08
2.193533001871567954e-08
2.199701474384846849e-08
2.206184177051978770e-08
2.211025339748662709e-08
2.216134047717770315e-08
2.220866161972715767e-08
2.225214227795277500e-08
2.229152700706731217e-08
2.232680659221201172e-08
2.235845675536938812e-08
2.238439047968231089e-08
2.240693832835658379e-08
2.242384819110611177e-08
2.243640192193995387e-08
2.244420123394926610e-08
2.244698176324462314e-08
2.244459580193344237e-08
2.243695936633869690e-08
2.242402427769258228e-08
2.240508503561799525e-08
2.238167247680693228e-08
2.235210220265981255e-08
2.231663036552450031e-08
2.227547127010319686e-08
2.222836998327575904e-08
2.218269473029152721e-08
2.211612679528402002e-08
2.205081670417357240e-08
2.197935836630083016e-08
2.190174853608145031e-08
2.181756198166836727e-08
2.172719793694566653e-08
2.163032763829539617e-08
2.152733962356848383e-08
2.141787971148328520e-08
2.130172578157781397e-08
2.117948081962450765e-08
2.105057691968741821e-08
2.091534818929984388e-08
2.077372406111741346e-08
2.062572731991313541e-08
2.047140781098140109e-08
2.031298966438830266e-08
2.014371647262058200e-08
1.997099565256892195e-08
1.979192830153223441e-08
1.960685187304688115e-08
1.941585343212807173e-08
1.921907202445124520e-08
1.901647767697304347e-08
1.880842346102369926e-08
1.859489260930248732e-08
1.837605011261459665e-08
1.815205959059127233e-08
1.792309101147696587e-08
1.768935816641878205e-08
1.745093664522413944e-08
1.720814044451480347e-08
1.697097824578653461e-08
1.671016114562650386e-08
1.645542192194691609e-08
1.619643652789147816e-08
1.593566422244098986e-08
1.567115490094862388e-08
1.540391632524034266e-08
1.513417373801903662e-08
1.486235607101115635e-08
1.458861300606579967e-08
1.431330559037083714e-08
1.403672788424709914e-08
1.375918198833874796e-08
1.348100996860428040e-08
1.320251325066345545e-08
1.292402902327643207e-08
1.264585502913987195e-08
1.236804433764469805e-08
1.209177761822806987e-08
1.181757668552715607e-08
1.154282701608844186e-08
1.127104441624729439e-08
1.100146545367794678e-08
1.073434270566641592e-08
1.046999386262512962e-08
1.020879856551202218e-08
9.950576322162827004e-09
9.696013041866302887e-09
9.445164271759306746e-09
9.198953268763031476e-09
8.955355681707799747e-09
8.716791870481657243e-09
8.482600351816245184e-09
8.252931450851632075e-09
8.027884280605842624e-09
7.807553340597610261e-09
7.591973234855970725e-09
7.381203012604956437e-09
7.175261368830436094e-09
6.974133140785957772e-09
6.777811977700420854e-09
6.586255937266969686e-09
6.399408138610329454e-09
6.217186414924938289e-09
6.039506326915492249e-09
5.866799027606135654e-09
5.697324014963446192e-09
5.532560408399372569e-09
5.371819893189193085e-09
5.214950935958284807e-09
5.061776264912191136e-09
4.912144686855215196e-09
4.765890252855975944e-09
4.622839568706437670e-09
4.482853401166293160e-09
4.345792415626884874e-09
4.211509466748456807e-09
4.079906852557362925e-09
3.950902411567952551e-09
3.824380003758939054e-09
3.700299544902878730e-09
3.578612256413250201e-09
3.459291838886822395e-09
3.342337863147534148e-09
3.227790364771593874e-09
3.115685849455960770e-09
3.006024006654889257e-09
2.898936244670263932e-09
2.794499590779712699e-09
2.692808753225716472e-09
2.593992203505459844e-09
2.498156240860360260e-09
2.405428037363375437e-09
2.315919392043429321e-09
2.229722048278549734e-09
2.146953784591182238e-09
2.067517279446893888e-09
1.991557825382002167e-09
1.918998836015544498e-09
1.849761576486455261e-09
1.783747081583822351e-09
1.720804205621037598e-09
1.660838138022954596e-09
1.603503097305406060e-09
1.548527668888185080e-09
1.495889644885084618e-09
1.445259020991433876e-09
1.396443853409164071e-09
1.349254225912468488e-09
1.303545904754062835e-09
1.259174539849998308e-09
1.216092608649448907e-09
1.174245723437185165e-09
1.133630960121583844e-09
1.094268206832368170e-09
1.056201288262404026e-09
1.019451507090338362e-09
9.840707652301010602e-10
9.500786483642673732e-10
9.174731972544753848e-10
8.862296033564573124e-10
8.562971218935820881e-10
8.276044474956957938e-10
8.000668877179848899e-10
7.735967769594207843e-10
7.481136627919172532e-10
7.235512442213697323e-10
6.998635714452100354e-10
6.770240251079809283e-10
6.550236376679492004e-10
6.338621706903234459e-10
6.135398672341173836e-10
5.940473723427488927e-10
5.753609108557424219e-10
5.574417867260781777e-10
5.402410111903170778e-10
5.237066615547579821e-10
5.077892294486545952e-10
4.924457265809622555e-10
4.776402829059176724e-10
4.633447016924413361e-10
4.495370174463547328e-10
4.362003474112942888e-10
4.233202202876229413e-10
4.108834742569573591e-10
3.988777575369909591e-10
3.872920582462803612e-10
3.761166735845750800e-10
3.653411302368927093e-10
3.549502055640252837e-10
3.449214470661833910e-10
3.352265805428208937e-10
3.258362965759223465e-10
3.167249137707122025e-10
3.078747320198858455e-10
2.992771926425663145e-10
2.909297623953820985e-10
2.828307993799370284e-10
2.749759826130862987e-10
2.673562869188334487e-10
2.599574996221298125e-10
2.527622681687422136e-10
2.457540902931200064e-10
2.389207739609857500e-10
2.322553767878379647e-10
2.257550867933429264e-10
2.194192904158333816e-10
2.132459827932168941e-10
2.072288628284301144e-10
2.013580208417809812e-10
1.956235865543394635e-10
1.900182686465575206e-10
1.845381787438525169e-10
1.791822457509391095e-10
1.739495667773796860e-10
1.688369586804425172e-10
1.638394650772469024e-10
1.589520722477145227e-10
1.541711127662452846e-10
1.494946526376524824e-10
1.449214886339953285e-10
1.404498841042829971e-10
1.360774178972778221e-10
1.318015814465698693e-10
1.276204320338196009e-10
1.235326443632116079e-10
1.195370306951641244e-10
1.156322193489136233e-10
1.118167611304709452e-10
1.080893519148526894e-10
1.044489358269867528e-10
1.008945228538209073e-10
9.742512702298427757e-11
9.403980151216967270e-11
9.073766158731746877e-11
8.751785041918598756e-11
8.437950255633259340e-11
8.132180036091500734e-11
7.834393498581322023e-11
7.544509370187819446e-11
7.262445572733957340e-11
6.988119818844115474e-11
6.721445941004399091e-11
6.462340136864199442e-11
6.210713761761303529e-11
5.966475858815135294e-11
5.729533837821881176e-11
5.499791444630057729e-11
5.277147299223100298e-11
5.061501998639444578e-11
4.852750742115060921e-11
4.650785350686644039e-11
4.455493549043489679e-11
4.266755534190738080e-11
4.084455162977704337e-11
3.908471349764371723e-11
3.738679791433804762e-11
3.574953258678237207e-11
3.417158055061555768e-11
3.265165658410591021e-11
3.118842249806551044e-11
2.978052098932459097e-11
2.842654822215295022e-11
2.712511370734422105e-11
2.587484435494852736e-11
2.467434223532976901e-11
2.352219236805046765e-11
2.241695712624853118e-11
2.135726997178817029e-11
2.034173441082156180e-11
1.936894758967342231e-11
1.843749597576388458e-11
1.754604857163147611e-11
1.669325785946350628e-11
1.587776129536362150e-11
1.509823859506041917e-11
1.435342188005950789e-11
1.364204282368372776e-11
1.296280533161706473e-11
1.231453122189951536e-11
1.169603647981635877e-11
1.110611625975421697e-11
1.054365285824037835e-11
1.000756099669174970e-11
9.496735994573905910e-12
9.010135782808875587e-12
8.546776350870682692e-12
8.105644138186409405e-12
7.685795150762504473e-12
7.286338741077901793e-12
6.906341969736308230e-12
6.544977661890155146e-12
6.201427288679694264e-12
5.874895617923469291e-12
5.564530548187010165e-12
5.269696607287189080e-12
4.989650202586868792e-12
4.723722696682260487e-12
4.471223099479777084e-12
4.231568838173677265e-12
4.004140479539244703e-12
3.788321407434318227e-12
3.583575498447479522e-12
3.389414930590601760e-12
3.205286313504872436e-12
3.030733086492693657e-12
2.865259411177224216e-12
2.708476607511614867e-12
2.559865236966599523e-12
2.419095283256831006e-12
2.285744559059361751e-12
2.159462840912261180e-12
2.039895503716991466e-12
1.926705280169912428e-12
1.819534417103282470e-12
1.718120415699324370e-12
1.622154337819096826e-12
1.531357572693767202e-12
1.445475434647652044e-12
1.364258036265098068e-12
1.287427665815546046e-12
1.214803890619609349e-12
1.146143794309668030e-12
1.081246849351289119e-12
1.019920266897742996e-12
9.619608588349706780e-13
9.072093626940917553e-13
8.554896066661024411e-13
8.066455781231581025e-13
7.604993445348890505e-13
7.169476699871048050e-13
6.758272377708972883e-13
6.370216318882749349e-13
6.003755226998839063e-13
5.658109948808321909e-13
5.331924952404215388e-13
5.024273636670998456e-13
4.733929201974011144e-13
4.460201800525502479e-13
4.202089021587067901e-13
3.958712062730867887e-13
3.729286612034220998e-13
3.513023217287281790e-13
3.309212861868167529e-13
3.117088241493292755e-13
2.936082929563079566e-13
2.765542906523629175e-13
2.604869111708004431e-13
2.453479864969228523e-13
2.311012935338647685e-13
2.176728633182890591e-13
2.050328701442076474e-13
1.931315953387878676e-13
1.819270364671440580e-13
1.713797614073987798e-13
1.614530505500606199e-13
1.521012406036419759e-13
1.433108165032513802e-13
1.350403150190778861e-13
1.272600356026441468e-13
1.199387537413801453e-13
1.130491980371880400e-13
1.065627863835688154e-13
1.004541161244314681e-13
9.470072596111987167e-14
8.928018794705413317e-14
8.417267624083062042e-14
7.935897455052023699e-14
7.482150434578274869e-14
7.054435692085266369e-14
6.651114343325763230e-14
