# bin_5_1
1.050621219551552441e-08
1.052869498745007190e-08
1.054989466743069944e-08
1.056967771934908415e-08
1.058811904802354720e-08
1.060510009811690198e-08
1.062036415448217038e-08
1.063410885078942007e-08
1.064618930330266481e-08
1.065666194047241758e-08
1.066520290285429262e-08
1.067185474817132905e-08
1.067643581943612627e-08
1.067924174146708539e-08
1.067991669973570282e-08
1.067846378650076346e-08
1.067483545913269033e-08
1.066884754232115464e-08
1.066050870104618415e-08
1.064484212464909848e-08
1.063688984268706166e-08
1.062163898326206961e-08
1.060359306312405455e-08
1.058288129799059441e-08
1.055966128908468957e-08
1.053358798822780168e-08
1.050475809367278904e-08
1.047315175991191348e-08
1.043874290510985113e-08
1.040141319903356121e-08
1.036108644160078609e-08
1.031780306524800362e-08
1.027152144937237150e-08
1.022217503226667293e-08
1.016965750277054328e-08
1.011423399921843733e-08
1.005567347751839165e-08
9.993941306365723423e-09
9.929015917640567110e-09
9.860955198860269560e-09
9.789732133887218284e-09
9.715336622650312235e-09
9.637760483256626706e-09
9.557100971922154735e-09
9.486633413806681495e-09
9.386303815897431695e-09
9.296316685278723911e-09
9.203242498634013092e-09
9.107153344440554012e-09
9.008109608509808016e-09
8.906103451523692692e-09
8.801248997234439570e-09
8.693623006537316469e-09
8.583249584454948589e-09
8.470219483019546619e-09
8.354602202242541189e-09
8.236534938336977753e-09
8.116062780700268121e-09
7.993295246158887388e-09
7.868383693873312688e-09
7.741352292465125215e-09
7.612404278200992116e-09
7.481627926168402234e-09
7.349178319155927958e-09
7.215172272507746500e-09
7.079755392620915466e-09
6.943071997356642102e-09
6.805268330825306447e-09
6.666492919306808980e-09
6.526924886474210990e-09
6.386688249501773667e-09
6.245959549617031578e-09
6.111333132564976975e-09
5.963632492797263587e-09
5.822367159372903821e-09
5.681235875186948657e-09
5.540403032384842015e-09
5.400016669798582746e-09
5.260238293315561225e-09
5.121206726702753079e-09
4.983080395437753000e-09
4.846256604242859919e-09
4.710100850847276512e-09
4.575514335493679617e-09
4.442367276179137892e-09
4.310798101756858681e-09
4.180913248660506721e-09
4.052820809252450163e-09
3.926638852614076069e-09
3.802455006582026037e-09
3.680357131061200484e-09
3.560447203394672700e-09
3.442762302647098024e-09
3.327408719108195360e-09
3.214430233004329109e-09
3.103884812833022006e-09
2.995809759132872751e-09
2.890261296382068654e-09
2.787264523661965405e-09
2.686846952684440909e-09
2.589035476420822279e-09
2.493840057300769042e-09
2.401282533730041213e-09
2.311363154257311194e-09
2.224100966032170712e-09
2.139483538731813617e-09
2.057515127123312084e-09
1.978183356243005590e-09
1.901492712417377119e-09
1.827417820969327766e-09
1.755945026914325673e-09
1.687062442807336720e-09
1.620738313493736747e-09
1.556945447589896047e-09
1.495655179195959576e-09
1.436816815543488873e-09
1.380409807797234959e-09
1.326363601096330365e-09
1.274614603228188171e-09
1.225145321244354772e-09
1.177750064038702568e-09
1.132421858892417275e-09
1.089055104088108826e-09
1.047513946131000671e-09
1.007686640659950734e-09
9.693987398582735146e-10
9.325325162428194522e-10
8.969444204867944971e-10
8.624713567345163275e-10
8.289896171929669456e-10
7.963631507326222875e-10
7.644623805983117504e-10
7.331778089871748395e-10
7.024091923029298317e-10
6.720832038949465973e-10
6.421445658109182260e-10
6.125660505505981620e-10
5.833469111480050369e-10
5.545203874900350415e-10
5.261495553417915157e-10
4.983288712285423008e-10
4.711817986693988955e-10
4.448354428681101081e-10
4.194645270119506410e-10
3.952337506783788803e-10
3.723043350880510736e-10
3.508300949252716004e-10
3.309362697870074306e-10
3.127183474745307079e-10
2.962276460684823015e-10
2.814714038104131192e-10
2.684067806705107267e-10
2.569426795242394607e-10
2.469440557265662893e-10
2.382382276372567776e-10
2.306253167710996217e-10
2.238875883069021459e-10
2.178039362163361232e-10
2.121578308544684432e-10
2.067547708577673322e-10
2.014309978562104351e-10
1.960622452746593153e-10
1.905705898933150386e-10
1.849264222688051265e-10
1.791468865512799431e-10
1.732939350120846242e-10
1.674566960273619085e-10
1.617460512540990650e-10
1.562768131534553331e-10
1.511543648760178746e-10
1.464585596249333301e-10
1.422315568207932559e-10
1.384712799114236421e-10
1.351337169093106283e-10
1.321419450700832138e-10
1.293981621914254903e-10
1.267980276640997537e-10
1.242463687460408453e-10
1.216711707630425740e-10
1.190348646566565972e-10
1.163385041072449210e-10
1.136168174115016579e-10
1.109301794591896764e-10
1.083478763652463762e-10
1.059352880524805050e-10
1.037341196598209135e-10
1.017584972321845292e-10
9.998978762445750971e-11
9.838175083971474074e-11
9.687337429019810047e-11
9.539914823291155934e-11
9.390582171760894696e-11
9.235996006306614436e-11
9.075178213848834036e-11
8.909492057078443609e-11
8.741559115723297368e-11
8.574704390210033189e-11
8.411759582941144484e-11
8.254906868791651716e-11
8.104378415138757023e-11
7.959597090423774874e-11
7.818950600902319897e-11
7.680437772944765507e-11
7.542336110655062549e-11
7.403204117281762121e-11
7.262410524056561748e-11
7.119953423322711460e-11
6.976317456748623514e-11
6.832190346079156780e-11
6.688182980977427213e-11
6.544660641172264521e-11
6.401684167714402856e-11
6.259036592281781118e-11
6.116326521545808937e-11
5.973176449207980147e-11
5.829416742334888683e-11
5.685198799636771425e-11
5.540931641007821870e-11
5.397095136555001681e-11
5.254053458129697976e-11
5.111925000073794881e-11
4.970554019796392035e-11
4.829647450521554286e-11
4.688994446723521054e-11
4.548617019841138868e-11
4.408793903698345751e-11
4.269978412894935040e-11
4.132631980255056884e-11
3.997041370001635786e-11
3.863224219698690600e-11
3.730989666058867608e-11
3.600121284319760820e-11
3.470561615721061084e-11
3.342483297967174319e-11
3.216217190875258421e-11
3.092097622181307224e-11
2.970327330690467448e-11
2.850939704628016191e-11
2.733857055473170556e-11
2.619006561561308049e-11
2.506414838115041729e-11
2.396220566396627160e-11
2.288610434415758424e-11
2.183722686373232185e-11
2.081584443077672568e-11
1.982139710130403840e-11
1.885338175817196000e-11
1.791205037117048780e-11
1.699833180099115560e-11
1.611316681213075460e-11
1.525686660841587273e-11
1.442908840348445890e-11
1.362934670620029060e-11
1.285748883757173662e-11
1.211366983596722779e-11
1.139801777466709480e-11
1.071038189220602976e-11
1.005036955299265248e-11
9.417540396654548898e-12
8.811563415639134692e-12
8.232107259078924555e-12
7.678778663156206416e-12
7.151114846103488765e-12
6.648609942805607782e-12
6.170720374422861787e-12
5.716856386216483748e-12
5.286424149816618721e-12
4.878799263591471028e-12
4.493337434725844688e-12
4.129374448197370232e-12
3.786235492508204652e-12
3.463186336080914523e-12
3.159538686620801253e-12
2.874571204540972989e-12
2.607559491583463887e-12
2.357772505835201227e-12
2.124502763612594339e-12
1.906993368431202513e-12
1.704548319815107605e-12
1.516460485289331198e-12
1.342032591317128503e-12
1.180560327030887091e-12
1.031368835094822132e-12
8.937877066230086355e-13
7.671666289985155747e-13
6.508997629468348965e-13
5.443560087627731884e-13
4.469509188495677305e-13
3.581258307029645456e-13
2.773162008432018361e-13
2.040126128149127429e-13
1.377022310115458362e-13
7.789992601461946258e-14
2.415357927922892874e-14
-2.397587535229362122e-14
-6.690045402107815310e-14
-1.050066936212209146e-13
-1.386663582447476079e-13
-1.682306510295918222e-13
-1.940193357049750674e-13
-2.163527486042616898e-13
-2.355158068067313693e-13
-2.517665519553042380e-13
-2.653746205438083563e-13
-2.765722258146379250e-13
-2.855823104880717322e-13
-2.925957559043485245e-13
-2.978159866923422871e-13
-3.014215337206448210e-13
-3.035566881143808544e-13
-3.043941592643905499e-13
-3.040611850167900664e-13
-3.026950553411300880e-13
-3.004077761933104793e-13
-2.973125304297664318e-13
-2.935102451349818794e-13
-2.890862366289213425e-13
-2.841369935760591949e-13
-2.787201808707718199e-13
-2.729217467054564098e-13
-2.668041412534566311e-13
-2.604143150187115130e-13
-2.538150946689380535e-13
-2.470528780239460223e-13
-2.401660206077188122e-13
-2.331966003739077625e-13
-2.261703096249710493e-13
-2.191299262892709490e-13
-2.120878981573370028e-13
-2.050792952955845934e-13
-1.981214697720062922e-13
-1.912328121778315963e-13
-1.844309620540199767e-13
-1.777271754220852663e-13
-1.711353401502217060e-13
-1.646659928669231561e-13
-1.583280890926230012e-13
-1.521313231281262575e-13
-1.460750441589549960e-13
-1.401729797067589608e-13
-1.344227995109803765e-13
-1.288295052856903054e-13
-1.233953236001290002e-13
-1.181213828541963057e-13
-1.130081919434650021e-13
-1.080555803700797772e-13
-1.032650192785649156e-13
-9.863022734701161522e-14
-9.415489492032185894e-14
-8.983435726793969758e-14
-8.566993977066006116e-14
-8.165376530319565503e-14
-7.778924506274802154e-14
-7.406958651379182765e-14
-7.049440856603877387e-14
-6.705966502350453097e-14
-6.376454103328188458e-14
-6.060373457738805782e-14
-5.757556218153772964e-14
-5.467627877327632837e-14
-5.190269490448195663e-14
-4.925045529206185842e-14
-4.671592099538155175e-14
-4.429484769977579423e-14
-4.198242630744380192e-14
-3.977418894010357796e-14
-3.766552118840316775e-14
-3.565103668606300288e-14
-3.372625619888666225e-14
-3.188647606203298026e-14
-3.012775116491516620e-14
-2.844708195541593836e-14
-2.684240797122237097e-14
-2.531243794616469352e-14
-2.385645579606369087e-14
-2.247478214814172448e-14
-2.116680178165497141e-14
-1.993143067569590351e-14
-1.876721443475636100e-14
-1.767118924405824370e-14
-1.664031441202775828e-14
-1.567036129776722610e-14
-1.475688707195791056e-14
-1.389622921239677867e-14
-1.308489936527802949e-14
-1.231981842289051511e-14
-1.159837009932237080e-14
-1.091867222415492879e-14
-1.027839391641874528e-14
-9.676532976957395571e-15
-9.111381894377236727e-15
-8.580935967356754393e-15
-8.083358366109407401e-15
-7.616443610962279064e-15
-7.177961566231048309e-15
-6.765758259415362594e-15
-6.377776443987240569e-15
-6.012233701067006556e-15
-5.667805651787662238e-15
-5.343407299299640098e-15
