# bin_3_3
1.864120681375848293e-08
1.875195991794583250e-08
1.886264614993269108e-08
1.897318844485495172e-08
1.908352040645771964e-08
1.919386318631536788e-08
1.930320574627143320e-08
1.941299601291244346e-08
1.952188488857062950e-08
1.963017707153390564e-08
1.973777540714758065e-08
1.984455431355917295e-08
1.994571165749333351e-08
2.005538873466412497e-08
2.015926408746065184e-08
2.026195080494601456e-08
2.036339351642344918e-08
2.046394200342176348e-08
2.056249613842138479e-08
2.065998737480474392e-08
2.075586347050497791e-08
2.085000968024327368e-08
2.094228535033870464e-08
2.103278869442473082e-08
2.112135816288877942e-08
2.120765906196787912e-08
2.129174414336718279e-08
2.137352487305194368e-08
2.145292176844035159e-08
2.152973938007865316e-08
2.160382564566510137e-08
2.167512381004182403e-08
2.174355029563757181e-08
2.180892568074766712e-08
2.187145338895632161e-08
2.193048837757116843e-08
2.198618802415914272e-08
2.203847840447576065e-08
2.208712089278940871e-08
2.213211657357400145e-08
2.217333893132687821e-08
2.221055333260895302e-08
2.224425242251276419e-08
2.227282947027032864e-08
2.229755721716668110e-08
2.231805311853101338e-08
2.233406176201069460e-08
2.234544633889270650e-08
2.235213140958183797e-08
2.235407666183280375e-08
2.235108255996254190e-08
2.234212324277446442e-08
2.233022975857414566e-08
2.231195238918201243e-08
2.228857966980940513e-08
2.225986371949435413e-08
2.222619656854289018e-08
2.218620199939234566e-08
2.214100537939517043e-08
2.209044705894101080e-08
2.203425706198928883e-08
2.197210252231599726e-08
2.190437529871307669e-08
2.183073713630480089e-08
2.175194868831904543e-08
2.166647580765887825e-08
2.157542848566567689e-08
2.147877250364521149e-08
2.137602700580413542e-08
2.126750732769117368e-08
2.115105635099883303e-08
2.103290488060644111e-08
2.090686155442651931e-08
2.077502289548606689e-08
2.063715385343401551e-08
2.049410843849415962e-08
2.034512702391702279e-08
2.019052608490939146e-08
2.003036311103074427e-08
1.986474425622655399e-08
1.968749753355285535e-08
1.951726653441949409e-08
1.933566675432539761e-08
1.914893186470745052e-08
1.895718145603171637e-08
1.876192090879455693e-08
1.855916785373699921e-08
1.835309399647274221e-08
1.814257547146775911e-08
1.792820657590995266e-08
1.770871445860918241e-08
1.748569581218159525e-08
1.725885290509061539e-08
1.702838449582186489e-08
1.679446688730478233e-08
1.655730569432052544e-08
1.631705750333751488e-08
1.607407494471893034e-08
1.582843476447372178e-08
1.558042190635498880e-08
1.533025401942221123e-08
1.507815627744845546e-08
1.482391661262419970e-08
1.456919167207240509e-08
1.431280994990981281e-08
1.405547203519436690e-08
1.379746551413858517e-08
1.353896570910259522e-08
1.328031096176366255e-08
1.302287364978580536e-08
1.276336772326952000e-08
1.250556343918708867e-08
1.224851141545367023e-08
1.199247040494415962e-08
1.173777457368503212e-08
1.148422880377279288e-08
1.123247638582205043e-08
1.098256240733407707e-08
1.073466853815442214e-08
1.048897832243935052e-08
1.024570606518395992e-08
1.000499008987438393e-08
9.766974879328398470e-09
9.531818712738578819e-09
9.299663806284780249e-09
9.070639486237430039e-09
8.844855580367865164e-09
8.622427798650544263e-09
8.403439215788942539e-09
8.187989605009748499e-09
7.976143223576635080e-09
7.767986739525506586e-09
7.563535911857083238e-09
7.362850530137648797e-09
7.165987770878585935e-09
6.972838146420466387e-09
6.783518381795515028e-09
6.597982061802015108e-09
6.416236846877440742e-09
6.238140426738101536e-09
6.063771286541949733e-09
5.893039700614900071e-09
5.725880609130796243e-09
5.562257921219331659e-09
5.402124960229088625e-09
5.245395920072907827e-09
5.092035721004048047e-09
4.942015284109723547e-09
4.795248587930504211e-09
4.651710598713246568e-09
4.511362166493164453e-09
4.374145721090309037e-09
4.240030430428356660e-09
4.108997075409541335e-09
3.981015254236961482e-09
3.856008868141966163e-09
3.733995240634522826e-09
3.614940810941040802e-09
3.498806933829910354e-09
3.385581373343738980e-09
3.275226307294749619e-09
3.167882690270992034e-09
3.063054354042194900e-09
2.961183197436964836e-09
2.862082615028947053e-09
2.765750529292390383e-09
2.672110715916607697e-09
2.581190406424927691e-09
2.492962646724299488e-09
2.407359658472078277e-09
2.324406508994283417e-09
2.244073527027506094e-09
2.166337819796464347e-09
2.091177763349716032e-09
2.018582567434121251e-09
1.948508677082719928e-09
1.880932895714919599e-09
1.815805070208246564e-09
1.753077354180085770e-09
1.692658609231843725e-09
1.634503201242477473e-09
1.578492102856920166e-09
1.524545800472324657e-09
1.472555934245066704e-09
1.422425387399722131e-09
1.374063077147204385e-09
1.327301132314350464e-09
1.282134311530005338e-09
1.238453552015948851e-09
1.196194032040720481e-09
1.155298897997687517e-09
1.115720534864736898e-09
1.077476828346212040e-09
1.040435098353438123e-09
1.004701832417117846e-09
9.702653246550879763e-10
9.370219319148911182e-10
9.050810209121781103e-10
8.743942283909448434e-10
8.449392559878260880e-10
8.166797716595796238e-10
7.895645452373649488e-10
7.635300004849984811e-10
7.385042897996296271e-10
7.144129787183981596e-10
6.911854670201968752e-10
6.687600581175093237e-10
6.471098013754278474e-10
6.261346108310872306e-10
6.058798393198141295e-10
5.863302494620804750e-10
5.674358906877344530e-10
5.492425548255214134e-10
5.317287904823625885e-10
5.148810969501418857e-10
4.986769745962375775e-10
4.830992564802262716e-10
4.680727477045174129e-10
4.536130408414785796e-10
4.396341893547967053e-10
4.261415100435370947e-10
4.131093341655414577e-10
4.004930493222768825e-10
3.882950029534460524e-10
3.764866717898091687e-10
3.650945095109142718e-10
3.540707047924894244e-10
3.434191605930060087e-10
3.331100950174037351e-10
3.231495525599792672e-10
3.135202178135166578e-10
3.041877907437312613e-10
2.951458362379526785e-10
2.863797286402678784e-10
2.778773146219615630e-10
2.696273402328369375e-10
2.616210565172287080e-10
2.538508143981609313e-10
2.463098390158192261e-10
2.389901410471453827e-10
2.318824961602494913e-10
2.249767714752038738e-10
2.182631711624959666e-10
2.117334431221959336e-10
2.053813811800686972e-10
1.992019379939972425e-10
1.931902273402606827e-10
1.873407909286129888e-10
1.816475429900888231e-10
1.761044791459590163e-10
1.707061963883451150e-10
1.654482203330423933e-10
1.603267688053789483e-10
1.553381653348121554e-10
1.504785144333688299e-10
1.457439257354604122e-10
1.411307380212609532e-10
1.366357837279176544e-10
1.322561607398514045e-10
1.279890440238196799e-10
1.238316407964695843e-10
1.197813078161662735e-10
1.158355340342901692e-10
1.119920339224966312e-10
1.082486258086054856e-10
1.046032004018200739e-10
1.010537029893258558e-10
9.759819176636019380e-11
9.423480306144476679e-11
9.096174586895037164e-11
8.777729869566264055e-11
8.467978081746856955e-11
8.166758173347652670e-11
7.873914534377583134e-11
7.589292024414811060e-11
7.312734144591720342e-11
7.044098210807399304e-11
6.783237233405486042e-11
6.530009059420092494e-11
6.284273929532823987e-11
6.045892986324094327e-11
5.814729596995576350e-11
5.590645151852761868e-11
5.373503129187331019e-11
5.163168967598969000e-11
4.959505112286954528e-11
4.762365779558908301e-11
4.571622613636090239e-11
4.387142028347163430e-11
4.208790846957962971e-11
4.036434052126607515e-11
3.869937351373408979e-11
3.709168034456986334e-11
3.553992557886574526e-11
3.404276414858097873e-11
3.259880695580660148e-11
3.120669989197423431e-11
2.986518133862356022e-11
2.857293132548143150e-11
2.732863713682715938e-11
2.613100858159351415e-11
2.497876190497250898e-11
2.387061133468849243e-11
2.280527415817424788e-11
2.178139175170810711e-11
2.079780846133896127e-11
1.985329835353390994e-11
1.894664920057871401e-11
1.807667368736611798e-11
1.724220130208005967e-11
1.644207688571026789e-11
1.567510802639619395e-11
1.494013663751929079e-11
1.423614182778263135e-11
1.356204522694661935e-11
1.291679399601921089e-11
1.229936454022260764e-11
1.170876784875553299e-11
1.114394410691344330e-11
1.060393090927677740e-11
1.008783847907105611e-11
9.594770278569270688e-12
9.123846361760319651e-12
8.674219355475444716e-12
8.245013665912754061e-12
7.835345599326056631e-12
7.444515484895738253e-12
7.071761857526128256e-12
6.716356052442476548e-12
6.377604039339336375e-12
6.054722030357654312e-12
5.747046773036071266e-12
5.453982399627990386e-12
5.174921260140017612e-12
4.909277486979158157e-12
4.656252023165556985e-12
4.415638659229643695e-12
4.186756648687879815e-12
3.968987970862666412e-12
3.761940234542337524e-12
3.564952625780662176e-12
3.377891410853105883e-12
3.200022307774799466e-12
3.031058452597183671e-12
2.870475008507664928e-12
2.718046655149699943e-12
2.573352421741154685e-12
2.435939171778269391e-12
2.305554952570904845e-12
2.181704866969618199e-12
2.064332633418691522e-12
1.952942748525422855e-12
1.847272027759654683e-12
1.747114137833885093e-12
1.652177296488334754e-12
1.562153598067827077e-12
1.476820592237880621e-12
1.396009966907792246e-12
1.319445325703353052e-12
1.246932528233140097e-12
1.178210443392303696e-12
1.113195829062659567e-12
1.051623725068043326e-12
9.933272834840106798e-13
9.381690302479913280e-13
8.859912518197791307e-13
8.366061950552827576e-13
7.898887670976735825e-13
7.457293090006159537e-13
7.039398625103267813e-13
6.644427425116623702e-13
6.270997719266783847e-13
5.918100904957669955e-13
5.584511190569065729e-13
5.269399007388335602e-13
4.971500454662475848e-13
4.690238764290680740e-13
4.424418892558625669e-13
4.173510304388661798e-13
3.936782779518106348e-13
3.712895359086854591e-13
3.501859286713459459e-13
3.302409894673791916e-13
3.114289604222087086e-13
2.936761120072707075e-13
2.769139522658645769e-13
2.611130161650758439e-13
2.461934399982934560e-13
2.321251961905695823e-13
2.188546026324310887e-13
2.063502769490014865e-13
1.945303461676267384e-13
1.833980365510788981e-13
1.729191292431290599e-13
1.629987772297624903e-13
1.536627654795608877e-13
1.448635819509147768e-13
1.365665751175951388e-13
1.287459041049461542e-13
1.213746711535509702e-13
