# bin_5_3
2.194365787822536005e-08
2.209189967924578334e-08
2.224062965633817450e-08
2.238976948248152061e-08
2.253925122761318957e-08
2.268927968669873428e-08
2.283886119826027604e-08
2.298947455531457239e-08
2.313969699569687090e-08
2.328985837297362045e-08
2.343985616574618674e-08
2.358955815777465940e-08
2.373888588029925777e-08
2.388235593869152966e-08
2.403611178649070150e-08
2.418374467077842513e-08
2.433061672420238146e-08
2.447705479749533252e-08
2.462199062884467208e-08
2.476630210416637994e-08
2.490943526912699212e-08
2.505126099096758569e-08
2.519162350025020455e-08
2.533060754103725664e-08
2.546803459984453762e-08
2.560367275644054033e-08
2.573718044027547568e-08
2.586882821419266542e-08
2.599838953209677069e-08
2.612564431244471982e-08
2.625041580280492347e-08
2.637262358787972923e-08
2.649216011725953012e-08
2.660881378080828527e-08
2.672276670874652562e-08
2.683333635062958369e-08
2.694064932868560973e-08
2.704460350852612377e-08
2.714492226443073331e-08
2.724157444885724753e-08
2.733439651682011304e-08
2.742311232383787074e-08
2.750818880790894964e-08
2.758794760893731440e-08
2.766364548367248364e-08
2.773485122029910032e-08
2.780126389893980758e-08
2.785702669949053232e-08
2.791903001572922947e-08
2.797017378173370882e-08
2.801587566280610429e-08
2.805501555130592256e-08
2.809070940262563659e-08
2.812101841355486317e-08
2.814209956845728726e-08
2.815877573791913440e-08
2.816968125595781329e-08
2.817335191539732345e-08
2.817087897960216193e-08
2.816204179714966903e-08
2.814650250511349398e-08
2.812385652770507772e-08
2.809444579624609537e-08
2.805786203174613431e-08
2.801478293658068451e-08
2.796367072118243191e-08
2.790550356754086611e-08
2.784021214967666877e-08
2.776723302911521032e-08
2.768314263280378570e-08
2.759884623883237944e-08
2.750322684175627354e-08
2.739985619925458553e-08
2.728893657334452168e-08
2.717245608896415152e-08
2.704367971941282979e-08
2.690939586246693291e-08
2.676732155462293360e-08
2.661745390294347273e-08
2.645984208419913075e-08
2.629436136510689112e-08
2.611399678244410769e-08
2.594778768351643309e-08
2.575204060396809222e-08
2.555603203373933825e-08
2.535393790747633132e-08
2.514166487823143040e-08
2.492341186134000496e-08
2.469800010178459145e-08
2.446600796056585646e-08
2.422608209372454073e-08
2.397984745179458704e-08
2.372696857604683591e-08
2.346763032652732660e-08
2.320199871489152692e-08
2.293027951204687872e-08
2.265261413942821124e-08
2.236937819433132277e-08
2.208065260448192869e-08
2.178674140981893043e-08
2.148788581375136838e-08
2.118434146873497925e-08
2.087590956898988103e-08
2.056436113678190182e-08
2.024850464503497737e-08
1.992912048986470122e-08
1.960656148467257386e-08
1.928107159164889577e-08
1.895306934097957141e-08
1.862404888073352349e-08
1.829070119511848511e-08
1.795700840260322271e-08
1.762208799154260978e-08
1.728631090154915866e-08
1.695013083538388311e-08
1.661346579066731574e-08
1.627709548295498041e-08
1.594120124410711145e-08
1.560609645785900600e-08
1.527210895663702280e-08
1.493959999301663189e-08
1.460885501342939678e-08
1.428016999325883278e-08
1.395385629038007073e-08
1.363020999726804187e-08
1.330951416730673885e-08
1.299201861230424290e-08
1.267803338054983240e-08
1.236775002722205572e-08
1.206142830974863833e-08
1.175927802790030961e-08
1.146152479165247978e-08
1.116831623186019903e-08
1.087984080673668235e-08
1.059627638320763120e-08
1.031762033422308398e-08
1.004409615684544783e-08
9.775750077217934575e-09
9.512672036668614021e-09
9.254788464156695295e-09
9.002240836863854046e-09
8.755420269104219757e-09
8.512989261545747859e-09
8.276241103956892793e-09
8.044702346270196779e-09
7.818281475444052957e-09
7.596927861105481525e-09
7.380587208638941952e-09
7.169129677174372386e-09
6.962482505335130181e-09
6.760546105074340485e-09
6.563191143528283139e-09
6.370311161167055783e-09
6.181801921283552458e-09
5.997543934940180578e-09
5.817367729773375014e-09
5.641271884662978413e-09
5.468929841815420905e-09
5.300431418896203764e-09
5.135602547619214876e-09
4.974349575442844956e-09
4.816755776599872066e-09
4.662253961385066337e-09
4.511273300175803272e-09
4.363599045420900817e-09
4.219226553108140927e-09
4.078087814927681061e-09
3.940240115663189810e-09
3.805697176797880503e-09
3.674444265954742467e-09
3.546578388416105912e-09
3.422147614687298060e-09
3.301211765044442266e-09
3.183840822711247383e-09
3.070116658892665466e-09
2.960099511718470445e-09
2.853868261143468312e-09
2.751463861443759137e-09
2.652917428719589659e-09
2.558193370525903806e-09
2.467291959036868646e-09
2.380107734533157776e-09
2.296557174663231722e-09
2.216500954812374098e-09
2.139784787006923741e-09
2.066228952289842198e-09
1.995564813102701338e-09
1.927653247070899538e-09
1.862246209994358346e-09
1.799132954373221263e-09
1.738113980648836187e-09
1.679008539241611951e-09
1.621684677811638776e-09
1.566030504542526619e-09
1.511980939339556287e-09
1.459532329628593075e-09
1.408572616776303563e-09
1.359246219054762878e-09
1.311551088058204659e-09
1.265529494334322056e-09
1.221216864961461904e-09
1.178632345639891925e-09
1.137773428073053262e-09
1.098613671530241125e-09
1.061104128704083203e-09
1.025177233858743415e-09
9.907511398009508014e-10
9.577343519032469483e-10
9.260306701295864692e-10
8.955464036676749585e-10
8.661960725963076009e-10
8.379070541186766596e-10
8.106211241370528066e-10
7.842913285496555500e-10
7.588779985836376136e-10
7.343462785901570093e-10
7.106658083053231662e-10
6.878116369259248993e-10
6.657758523515478929e-10
6.445121791674608831e-10
6.240376020479216713e-10
6.043290948077303676e-10
5.853812817937221472e-10
5.671598548666139303e-10
5.496220843643816924e-10
5.327576520289680644e-10
5.165172191713705950e-10
5.008343939492449286e-10
4.856568107630868460e-10
4.709724523761747786e-10
4.567598837668153997e-10
4.429932992516595277e-10
4.296809641981873795e-10
4.168222740815080211e-10
4.044111758834553791e-10
3.924281974739278799e-10
3.808446010848861663e-10
3.696282584283112358e-10
3.587515584259107574e-10
3.481945039600871175e-10
3.379465021823291316e-10
3.280026207091357790e-10
3.183582707357854488e-10
3.090050782860246479e-10
2.999297832148605802e-10
2.911161887037956335e-10
2.825489976097862567e-10
2.742160576629721838e-10
2.661093581914923411e-10
2.582236316090714350e-10
2.505527881520161094e-10
2.430888564110725716e-10
2.358227722977804100e-10
2.287461167231075578e-10
2.218522456461066521e-10
2.151357858967837862e-10
2.085915451508410703e-10
2.022142508392567287e-10
1.959985107224898177e-10
1.899392673660888802e-10
1.840319714350883851e-10
1.782725151001895437e-10
1.726569644583309612e-10
1.671816334288330386e-10
1.618430277499212224e-10
1.566378478050928151e-10
1.515629326934726090e-10
1.466153357418138240e-10
1.417922728486220149e-10
1.370911200295678186e-10
1.325094001142936964e-10
1.280447410326041200e-10
1.236949049256662633e-10
1.194577534485776508e-10
1.153312006118830625e-10
1.113132026750153120e-10
1.074019026507037208e-10
1.035954351187664674e-10
9.989202446417243525e-11
9.628995025152238050e-11
9.278752440504129359e-11
8.938310786086750047e-11
8.607505803944464250e-11
8.286177802300926064e-11
7.974170794286070706e-11
7.671326158794407030e-11
7.377476964140187081e-11
7.092474290639431961e-11
6.816163154438599659e-11
6.548389154043542252e-11
6.288995291263375960e-11
6.037825538198449439e-11
5.794725114156960355e-11
5.559537781349848383e-11
5.332104965313799354e-11
5.112262389309861198e-11
4.899848067451310226e-11
4.694708163496662938e-11
4.496681477503370907e-11
4.305606603614757470e-11
4.121323380195558891e-11
3.943671190089704524e-11
3.772487718935013150e-11
3.607609468170106273e-11
3.448863914126332469e-11
3.296098161190033697e-11
3.149150873949991093e-11
3.007861260753960416e-11
2.872070340664842311e-11
2.741620108149044608e-11
2.616353446800741158e-11
2.496108508052626827e-11
2.380726496488489470e-11
2.270062500208384761e-11
2.163964967055921747e-11
2.062284887452070990e-11
1.964876119882480603e-11
1.871596070718475726e-11
1.782294788515276565e-11
1.696832557113075376e-11
1.615077421776277455e-11
1.536897215851378606e-11
1.462161580116747097e-11
1.390744100922346261e-11
1.322515792274263681e-11
1.257347285661806182e-11
1.195129276456677946e-11
1.135746578390260895e-11
1.079088099092319076e-11
1.025047327448777761e-11
9.735045057629095851e-12
9.243664257887285729e-12
8.775347634086791889e-12
8.329188551998085815e-12
7.904196960488452299e-12
7.499436424321401864e-12
7.114011437161955677e-12
6.747198451578812414e-12
6.398134203723263451e-12
6.066055204021203404e-12
5.750078489842675668e-12
5.449793667917553626e-12
5.164202918412740144e-12
4.892809057645982485e-12
4.634903976531245250e-12
4.389806261677013165e-12
4.156995328517231625e-12
3.935947586094484659e-12
3.725998828113022549e-12
3.526729159543687772e-12
3.337672551733248035e-12
3.158222616365166344e-12
2.988021855202775699e-12
2.826537329091402383e-12
2.673368381605149291e-12
2.528157268795128844e-12
2.390480735490184715e-12
2.260036251000067810e-12
2.136407776785622540e-12
2.019288863431129227e-12
1.908286919800950516e-12
1.803211194159782802e-12
1.703685934085820565e-12
1.609440253446879989e-12
1.520233699959514993e-12
1.435814803654866499e-12
1.355909917472297344e-12
1.280292016378578343e-12
1.208796887696824637e-12
1.141137479701315624e-12
1.077156470295488431e-12
1.016665416321843755e-12
9.594796592417946109e-13
9.054125853256307089e-13
8.543231663335792994e-13
8.060244904792267845e-13
7.604022422004238923e-13
7.172912142953000578e-13
6.765803518455696288e-13
6.381313835914286478e-13
6.018240000741825521e-13
5.675557050581359352e-13
5.351822966459004151e-13
5.046355855353410682e-13
4.758062889970951739e-13
4.485905634614733462e-13
4.229292904785910922e-13
3.987003999716531466e-13
3.758535422253598042e-13
3.543028484468510621e-13
3.339912769445250188e-13
3.148062200912608291e-13
2.967315840113411252e-13
2.797104223833718737e-13
2.636178026118919856e-13
2.484701158417831334e-13
2.341914270302759883e-13
2.207354794891800324e-13
2.080536380971843020e-13
1.961045305701665714e-13
