# bin_5_4
2.629348982792672579e-08
2.649644284382654020e-08
2.670084617117153402e-08
2.690662825603962163e-08
2.711372760672643718e-08
2.732230283440223850e-08
2.753146443687514853e-08
2.774271580022883231e-08
2.795451186381994994e-08
2.816724637643236620e-08
2.838081977398775050e-08
2.859510182296994698e-08
2.881001638282075884e-08
2.902000607504417408e-08
2.924143588155393710e-08
2.945767655213628006e-08
2.967398459367669055e-08
2.989115556854563276e-08
3.010776653744526925e-08
3.032468975221418525e-08
3.054142415995246907e-08
3.074552471007733149e-08
3.097375603301293534e-08
3.118926719280926074e-08
3.140417945984588414e-08
3.161824841160711621e-08
3.183111701018555451e-08
3.204304747680821612e-08
3.225379674148789730e-08
3.246312697292259506e-08
3.267084284407024880e-08
3.287684506305216387e-08
3.308100655260595460e-08
3.328308935559544225e-08
3.348325441326158241e-08
3.368079185624741355e-08
3.387808292405269397e-08
3.406814546406296900e-08
3.425726679827090729e-08
3.444386415831784646e-08
3.462697419227885597e-08
3.480653586033712428e-08
3.498298345007515945e-08
3.515528276897675354e-08
3.532255878069527511e-08
3.548628941402797124e-08
3.564585306102623221e-08
3.580058481024857995e-08
3.595045273202241610e-08
3.609531549818784541e-08
3.623486051333158729e-08
3.636780456490279847e-08
3.649751845805678864e-08
3.662164287136747624e-08
3.673648242284409522e-08
3.684668527534324771e-08
3.695085362806898190e-08
3.704805448662433178e-08
3.713745624076050933e-08
3.722061921946435121e-08
3.729650106771548266e-08
3.736469450915516318e-08
3.742520406266796235e-08
3.749514860416193308e-08
3.752284618221516536e-08
3.755890971504728060e-08
3.758700273317657014e-08
3.760660867316470569e-08
3.761720793614947067e-08
3.761516731835829271e-08
3.761163845254494453e-08
3.759504571891289889e-08
3.756896996734033604e-08
3.753351174674601656e-08
3.749045235184900142e-08
3.743314628158551074e-08
3.736820074219813285e-08
3.729311286178217095e-08
3.720782828888224382e-08
3.711228152835425300e-08
3.700622673498820311e-08
3.688230406797723615e-08
3.676282651706925144e-08
3.662520560969876358e-08
3.647691144453882991e-08
3.631921745749163568e-08
3.614819760429315733e-08
3.596765134159850724e-08
3.577638419394847461e-08
3.557487450657839597e-08
3.536159317523474711e-08
3.513818913442042039e-08
3.490411490522370311e-08
3.464479280258881425e-08
3.440437030326759385e-08
3.413888320767609182e-08
3.386306281875503368e-08
3.357720864372955870e-08
3.328132802821729198e-08
3.297563623982039208e-08
3.266030681551616905e-08
3.233553473110463279e-08
3.200093469499699379e-08
3.165858104290376849e-08
3.130693290132830364e-08
3.094681007359337047e-08
3.057850553593880550e-08
3.020248298560314627e-08
2.981858723427574867e-08
2.942878098832454552e-08
2.902982257003451104e-08
2.862547559042986041e-08
2.821497774202959224e-08
2.779068363391414263e-08
2.737723600491948136e-08
2.695049587964298326e-08
2.651936274765213031e-08
2.608411889922461779e-08
2.564515285541883266e-08
2.520300445935195149e-08
2.475790536145214470e-08
2.431055488891153189e-08
2.386128513904812716e-08
2.341057792037395788e-08
2.295885129036876346e-08
2.250676951352325351e-08
2.205456808834852010e-08
2.160284598547653038e-08
2.115200770821813258e-08
2.070253279698183645e-08
2.025489716873494061e-08
1.980954389981752254e-08
1.936688182260758003e-08
1.892736124635490110e-08
1.849142088559132448e-08
1.805950174516368018e-08
1.763157554961526326e-08
1.720848341214809975e-08
1.679041385549599697e-08
1.637756131527865152e-08
1.597033565020648945e-08
1.556934106927601713e-08
1.517363099887174111e-08
1.478461727108625917e-08
1.440206672641084822e-08
1.402614293410044983e-08
1.365698635850729047e-08
1.329473117208971641e-08
1.293941262379913279e-08
1.259111096531522573e-08
1.224985817887566994e-08
1.191563532516314212e-08
1.158843046782139124e-08
1.126821116182756014e-08
1.095491001429539218e-08
1.064838619508345795e-08
1.034860647020901499e-08
1.005536114831105752e-08
9.768581768483476032e-09
9.488107730907590266e-09
9.213740084554240574e-09
8.945494555598626076e-09
8.682790816814418161e-09
8.425856670716828051e-09
8.174390707780457277e-09
7.928351216870531603e-09
7.687270421687019429e-09
7.444422556664819405e-09
7.220338070534073498e-09
6.994131390037314437e-09
6.772685227849405430e-09
6.555928809321072897e-09
6.343815402012625867e-09
6.136336982374723577e-09
5.933471348165280935e-09
5.735250510027890894e-09
5.541714717400064442e-09
5.352925570706798491e-09
5.168919993931327370e-09
4.989783518951618547e-09
4.815628355395942882e-09
4.646531656409879424e-09
4.482465494458561921e-09
4.323605899396171862e-09
4.169965950174402115e-09
4.021572107173196584e-09
3.878427479673121547e-09
3.740509829759297688e-09
3.607773584668596692e-09
3.480106750161280872e-09
3.357390374492577882e-09
3.239448237182566206e-09
3.126123065855906797e-09
3.017109403490595015e-09
2.912256130044336424e-09
2.811313643154633143e-09
2.713778024105229531e-09
2.620023661321290731e-09
2.529275914992542840e-09
2.441494677716412177e-09
2.356514014754391837e-09
2.274026854729014809e-09
2.194389850904089242e-09
2.117061271466308950e-09
2.042114419371815401e-09
1.969666885494551811e-09
1.899609879164541483e-09
1.832029589370018174e-09
1.766911230546756408e-09
1.704316408287761462e-09
1.644231577760098945e-09
1.586607306753102864e-09
1.531393938645317623e-09
1.478488141993738661e-09
1.427764017137494505e-09
1.379084318585787681e-09
1.332230304619501337e-09
1.287214240554657286e-09
1.243755499162404012e-09
1.201799996121550623e-09
1.161288465760808380e-09
1.122158533525139210e-09
1.084394063405483461e-09
1.047949776170827644e-09
1.012955918798036267e-09
9.792802697097771853e-10
9.469226125729059197e-10
9.158549334354237066e-10
8.859939451771452303e-10
8.572843535608829819e-10
8.295996293886830408e-10
8.029761292696547118e-10
7.772580943267545508e-10
7.524405369727342995e-10
7.285037432687127890e-10
7.054285418692830379e-10
6.831908541534796761e-10
6.617610018563795200e-10
6.411043078671179521e-10
6.211780276829873145e-10
6.019413504482720329e-10
5.833623651094424355e-10
5.654136896371335590e-10
5.480710260963876457e-10
5.313138185183244698e-10
5.151194157922194675e-10
4.994619811260068263e-10
4.843162196752966127e-10
4.696569831995387436e-10
4.554615374197261756e-10
4.417115790511406281e-10
4.283912914029497219e-10
4.154846164816091338e-10
4.029740725481346229e-10
3.908412609868143682e-10
3.790689631552578380e-10
3.676422210560617968e-10
3.565483063797795220e-10
3.457753212559381608e-10
3.353111955173921690e-10
3.251435186948384382e-10
3.152603531700655380e-10
3.056508524977195634e-10
2.963055225966361950e-10
2.872155235351892669e-10
2.783720946913135840e-10
2.697665938143881937e-10
2.613909692776616795e-10
2.532378574055014038e-10
2.453004198875793101e-10
2.375721172875100293e-10
2.300466598788078370e-10
2.227181696188964089e-10
2.155811804882800397e-10
2.086305002150886845e-10
2.018611379873884029e-10
1.952684629615312025e-10
1.888480338278065503e-10
1.825956894169787297e-10
1.765074831997085619e-10
1.705796477303513448e-10
1.648086159781740898e-10
1.591909510230354369e-10
1.537233921862286579e-10
1.484028403098483227e-10
1.432262879631486470e-10
1.381907573072745728e-10
1.332935603150356648e-10
1.285320329666612852e-10
1.239036012875807244e-10
1.194057289347473543e-10
1.150359558842766982e-10
1.107918918312223064e-10
1.066711891722321865e-10
1.026715251252609303e-10
9.879056628012241959e-11
9.502604171732910409e-11
9.137579459819689588e-11
8.783761671892663033e-11
8.440931978731001293e-11
8.108874515108216773e-11
7.787374636869656726e-11
7.476217155778377318e-11
7.175186639050480913e-11
6.884059236913172402e-11
6.602631191473870162e-11
6.330689868047483667e-11
6.068022740607110456e-11
5.814418545859228354e-11
5.569666363681172673e-11
5.333555516761903894e-11
5.105869564933851808e-11
4.886394424247094423e-11
4.674929450707703742e-11
4.471265874839252788e-11
4.275196611932431095e-11
4.086516414931874436e-11
3.905022656406112704e-11
3.730504140046952066e-11
3.562759234940971475e-11
3.401593404925639649e-11
3.246811334573011649e-11
3.098218593479233873e-11
2.955624363756788956e-11
2.818834555591432340e-11
2.687654203923169258e-11
2.561908872597423874e-11
2.441417715019841233e-11
2.326003872335525594e-11
2.215495394152688291e-11
2.109710848154088130e-11
2.008483285050965613e-11
1.911654551146374464e-11
1.819066282877090434e-11
1.730563839324826310e-11
1.645990142111563516e-11
1.565185964715920784e-11
1.488018911296930718e-11
1.414349086555683873e-11
1.344040538430824711e-11
1.276953778767313446e-11
1.212953700748457769e-11
1.151925115683682232e-11
1.093748160017555462e-11
1.038305994338635775e-11
9.854698675656504380e-12
9.351402300519817213e-12
8.872133564760698466e-12
8.415883498008086362e-12
7.981559115419271503e-12
7.568222576418440377e-12
7.175019912972456047e-12
6.801080770465335680e-12
6.445447847931003322e-12
6.107322357303861037e-12
5.785964925850630589e-12
5.480657757468988676e-12
5.190512942452907438e-12
4.914931105033357444e-12
4.653273781916894966e-12
4.404854888891197985e-12
4.168974643143094809e-12
3.945158171548138025e-12
3.732840986350905008e-12
3.531331462788196607e-12
3.340241346167254880e-12
3.159088550150376824e-12
2.987256084618779373e-12
2.824399087280772742e-12
2.670104887966216943e-12
2.523822566734620595e-12
2.385250212580282040e-12
2.254030909365524237e-12
2.129721883106158572e-12
2.012046747621145523e-12
1.900635858156803680e-12
1.795150061465422948e-12
1.695338606809288727e-12
1.600892651918496365e-12
1.511553109119593682e-12
1.427027155708253046e-12
1.347080653554186402e-12
1.271484256804771603e-12
1.199983908324186623e-12
1.132450252236993270e-12
1.068564023047867026e-12
1.008221808504675591e-12
9.511962159747860877e-13
8.973304569942457952e-13
8.464414293003904224e-13
7.983918395828114437e-13
7.529992554675030916e-13
7.101435024873047806e-13
6.696944943202951053e-13
6.314793052953816265e-13
5.954167533815222639e-13
5.614132063824523571e-13
5.293149060709722441e-13
4.990226445652984131e-13
4.704486848755595100e-13
