# bin_3_2
1.679718256286513602e-08
1.688633043501266860e-08
1.697506267223128538e-08
1.706330121123032220e-08
1.715095343066876765e-08
1.723801673242687854e-08
1.732431562335620047e-08
1.740954165210278447e-08
1.749519942977186098e-08
1.757907719278919155e-08
1.766191081129769331e-08
1.774357651580582564e-08
1.782400248007852669e-08
1.790314345137192716e-08
1.798086912154719168e-08
1.805224133756650771e-08
1.813159540508725993e-08
1.820465384301068735e-08
1.827612049190447735e-08
1.834578625282506315e-08
1.841351493993777008e-08
1.847919729948440303e-08
1.854269873455613274e-08
1.860412120750522273e-08
1.866331039029604920e-08
1.871994294571694388e-08
1.877407686348095162e-08
1.882563192916817453e-08
1.887453739391514365e-08
1.892060921570065464e-08
1.896370663990535604e-08
1.900378323382921843e-08
1.904081000678340435e-08
1.907449160447058412e-08
1.910517314964055970e-08
1.913218252304330879e-08
1.915568939835312628e-08
1.917563894162806764e-08
1.919180924297547336e-08
1.920440985364414111e-08
1.921275373756432364e-08
1.921720693971622088e-08
1.921808233786666270e-08
1.921380844168328311e-08
1.920566818612984889e-08
1.919330290503384813e-08
1.917648237037791189e-08
1.915509561004938004e-08
1.912909220219569638e-08
1.909845720213841757e-08
1.906254777462278849e-08
1.902285454653721033e-08
1.897770701273271392e-08
1.892766918366558793e-08
1.887269248786082266e-08
1.881822748760801540e-08
1.874799626725972880e-08
1.867736427494749950e-08
1.860200605689046035e-08
1.852153276378709354e-08
1.843597649233426041e-08
1.834495953934063895e-08
1.824890385270106907e-08
1.814751966918987687e-08
1.804123285690291634e-08
1.792963054417595657e-08
1.781279752755232284e-08
1.770478676400019009e-08
1.756407460182172131e-08
1.743210569384267842e-08
1.729514432618672339e-08
1.715324090006812048e-08
1.700647071740006484e-08
1.685489883950199879e-08
1.669834566322708804e-08
1.653767611953665933e-08
1.637220552769754753e-08
1.620228353131478934e-08
1.602801088208910931e-08
1.584953584348529566e-08
1.566684248297352109e-08
1.548028039415467231e-08
1.528984066176232262e-08
1.509192790922709279e-08
1.489797747189725659e-08
1.469687520467804462e-08
1.449258096673876805e-08
1.428515894477469882e-08
1.407490009706226298e-08
1.386242884413772521e-08
1.364651643263376516e-08
1.342877721859698303e-08
1.320894584020731260e-08
1.298724632975670404e-08
1.276387877146782298e-08
1.253907046767666517e-08
1.231299450206576021e-08
1.208601912202216275e-08
1.185823474832400859e-08
1.162993448929648591e-08
1.140134194918530283e-08
1.117268440859460559e-08
1.094422520447309257e-08
1.071618284568368490e-08
1.048880799525741339e-08
1.026590633064722763e-08
1.003695622142248902e-08
9.812909087000599320e-09
9.590449621499877871e-09
9.369757574701259346e-09
9.151046838566609879e-09
8.934519146715556970e-09
8.720326745054211444e-09
8.508684136943008321e-09
8.299866582913552491e-09
8.093608286083775185e-09
7.890484348622705788e-09
7.690460777796959632e-09
7.493636262899868241e-09
7.300105649420276042e-09
7.110001962985026099e-09
6.923325916069795599e-09
6.740158525592951149e-09
6.560537533800041399e-09
6.384503498516786896e-09
6.212046289998208828e-09
6.043187169304656779e-09
5.877916698324037458e-09
5.716201795247346445e-09
5.558025746767552677e-09
5.403346744651645536e-09
5.252116304944330162e-09
5.104270593870048182e-09
4.959750426744955381e-09
4.818526247486992574e-09
4.680387951055612302e-09
4.545379571093523072e-09
4.413367671875279446e-09
4.285381830483713329e-09
4.157969867654795626e-09
4.034401621667312625e-09
3.914935493099905768e-09
3.795099544038089652e-09
3.679211744223196313e-09
3.565751696288157841e-09
3.454648726337675814e-09
3.345874337628278842e-09
3.239411078917316880e-09
3.135204819812023263e-09
3.033264132244973064e-09
2.933580535877925787e-09
2.836156628135969104e-09
2.741006932847091151e-09
2.648174514045138599e-09
2.557688573326239369e-09
2.469531072971282248e-09
2.383792876513977696e-09
2.300500151068328280e-09
2.219683188052561523e-09
2.141393278230268913e-09
2.065652622724215830e-09
1.992497431915782376e-09
1.921946119324707170e-09
1.854001687814873257e-09
1.788650279318172214e-09
1.725870442080645086e-09
1.665607485532870438e-09
1.607799134048591484e-09
1.552351864936473414e-09
1.499168891118647754e-09
1.448121338887007323e-09
1.399084644950416730e-09
1.351916764306246705e-09
1.306470757066654192e-09
1.262624505321601658e-09
1.220232564370349275e-09
1.179196843888307234e-09
1.139417081976656228e-09
1.100827424807490482e-09
1.063353783733921346e-09
1.026991973173348216e-09
9.917226659273920398e-10
9.575545931037616136e-10
9.245053435923821920e-10
8.926041639002899932e-10
8.618542930397770396e-10
8.322824035414349135e-10
8.039207576528603557e-10
7.766587626628450853e-10
7.505618055229939563e-10
7.255523834317509827e-10
7.015722835159802153e-10
6.785551228580626210e-10
6.564325784066092157e-10
6.351403753068778617e-10
6.146222008398585736e-10
5.948335371328183446e-10
5.757407828620179116e-10
5.573208216164906503e-10
5.395563459340198800e-10
5.220351048119731607e-10
5.059327533013870923e-10
4.900369242459478894e-10
4.747216960682654969e-10
4.599621141678757879e-10
4.457343004885108937e-10
4.320165732887549779e-10
4.187903898003848662e-10
4.060391638466450408e-10
3.937473606939287291e-10
3.818983775863523355e-10
3.704735545679627179e-10
3.594514438065660530e-10
3.488092601125572783e-10
3.385248270929502974e-10
3.285788796502151919e-10
3.189563105238060794e-10
3.096457199611649263e-10
3.006371415986616084e-10
2.919198137563641039e-10
2.834812723340236454e-10
2.753081023359119529e-10
2.673868142487105431e-10
2.597050490353826561e-10
2.522521160181743357e-10
2.450185918022882843e-10
2.379955746597050727e-10
2.311745516072374867e-10
2.245472744470454510e-10
2.181056633953876484e-10
2.118418923568950067e-10
2.057485147425377751e-10
1.998184300103579035e-10
1.940449010018397675e-10
1.884217305539133134e-10
1.829435476497162526e-10
1.776054757153186775e-10
1.724027609731794746e-10
1.673306764180289911e-10
1.623846784591762670e-10
1.575605052713902274e-10
1.528542704839110404e-10
1.482623581650925756e-10
1.437813567484586359e-10
1.394080527106384121e-10
1.351395094187076905e-10
1.309730642789930530e-10
1.269062320985345047e-10
1.229365863922482688e-10
1.190617591884167133e-10
1.152795415010160866e-10
1.115879677206395900e-10
1.079852523664401382e-10
1.044696947619755223e-10
1.010396310373627089e-10
9.769345588953999952e-11
9.442967416152511861e-11
9.124690066745906940e-11
8.814381080901140402e-11
8.511915859409164091e-11
8.217171698855652638e-11
7.930031004082483814e-11
7.650381134839065439e-11
7.378113061454112695e-11
7.113119407731738151e-11
6.855293358674380914e-11
6.604532789303360287e-11
6.360735957066249009e-11
6.123801766758788685e-11
5.893629451142098173e-11
5.670118163365333173e-11
5.453163881438270689e-11
5.242666668000469080e-11
5.038523895347964479e-11
4.840631878685365587e-11
4.648886204748459531e-11
4.463180363079679307e-11
4.283404667667682407e-11
4.109453053814879283e-11
3.941215950133892639e-11
3.778582615840020224e-11
3.621440656804598813e-11
3.469672500646103998e-11
3.323165941557534508e-11
3.181805653971362524e-11
3.045474955438206583e-11
2.914056075120610487e-11
2.787426757625290917e-11
2.665471633268340691e-11
2.548072012654663405e-11
2.435109023758266144e-11
2.326460705547179741e-11
2.222007659648759485e-11
2.121633370324672151e-11
2.025220002036402152e-11
1.932649109157393742e-11
1.843801057767908537e-11
1.758564069292464740e-11
1.676824271945205440e-11
1.598467801020022440e-11
1.523380216366518326e-11
1.451455425293885863e-11
1.382586011112060351e-11
1.316663284086210633e-11
1.253582747949024218e-11
1.193245002962042827e-11
1.135550558563227204e-11
1.080397107723261689e-11
1.027693462469743058e-11
9.773475758501063234e-12
9.292650650332390455e-12
8.833595196272877135e-12
8.395471985458739894e-12
7.977420141036111723e-12
7.578633524018157621e-12
7.198356153664457202e-12
6.835798275107177472e-12
6.490230877509392139e-12
6.160970307357878906e-12
5.847286686362854379e-12
5.548544917951165586e-12
5.264112002539248405e-12
4.993360033715338567e-12
4.735644727064635645e-12
4.490456421708178801e-12
4.257220805630612741e-12
4.035418436214324737e-12
3.824503666195801986e-12
3.624027921706136783e-12
3.433494975459839505e-12
3.252430939741378996e-12
3.080415061044702427e-12
2.917054191778682160e-12
2.761911970012423439e-12
2.614630947557318567e-12
2.474813670784354923e-12
2.342152862794945331e-12
2.216234326008894393e-12
2.096798244393724744e-12
1.983507190201570557e-12
1.876073521084783431e-12
1.774212564628509225e-12
1.677661765752326494e-12
1.586124146988492756e-12
1.499391442222249674e-12
1.417212204312446179e-12
1.339363307452024242e-12
1.265632067105008890e-12
1.195818288391913219e-12
1.129699249792134211e-12
1.067109177540779372e-12
1.007871515700848173e-12
9.518118933543980883e-13
8.987765511555998519e-13
8.485874096864213241e-13
8.011220751037758356e-13
7.562321678880581518e-13
7.137879015718470614e-13
6.736425434048000210e-13
6.357100953794822717e-13
5.998541864025646862e-13
5.659775857100175035e-13
5.339534967874149430e-13
5.037066385334759021e-13
4.751356802250639128e-13
4.481537927640360334e-13
4.226621890949607704e-13
3.986032985602482449e-13
3.758904268138885091e-13
3.544513545389840162e-13
3.342162882699874055e-13
3.151228420026169533e-13
2.971062124420946489e-13
2.801033318315775342e-13
2.640666966922258672e-13
2.489394721524324047e-13
2.346731532049981712e-13
2.212142437881296483e-13
2.085359535585840800e-13
1.965709212619779743e-13
1.852960478427385290e-13
1.746676894028752101e-13
1.646496303334615654e-13
1.552077138838045975e-13
1.463099350862472381e-13
1.379153632743087371e-13
1.300142267363943873e-13
1.225695420351472202e-13
1.155559169715942534e-13
1.089465952139540152e-13
1.027188272787505575e-13
9.684847959409063149e-14
9.131418021675444898e-14
8.609704665946076511e-14
8.117775509280777648e-14
7.653924344883234408e-14
7.216486614554154259e-14
6.803945797771533830e-14
6.414922844107994741e-14
6.047963411983314748e-14
