# bin_2_2
1.571039845522241987e-08
1.578851559250330619e-08
1.586608294208246580e-08
1.594302434782358148e-08
1.601924921314676470e-08
1.609475658110902588e-08
1.616942510902478425e-08
1.624285241060389416e-08
1.631651844989117544e-08
1.638835232208678681e-08
1.645902836147452731e-08
1.652842706205498827e-08
1.659570417772291125e-08
1.666314563357114350e-08
1.672829896854475850e-08
1.679182978743239788e-08
1.685366419682906142e-08
1.691383018769572537e-08
1.697237951161684337e-08
1.702905561325306561e-08
1.708372914937577130e-08
1.713629758872755414e-08
1.718673852671865641e-08
1.723484341563841347e-08
1.728078102024509398e-08
1.732413472974455629e-08
1.736496814622906483e-08
1.740320942299033466e-08
1.743879637026324688e-08
1.747155588295830087e-08
1.750135778048570812e-08
1.752816495414263498e-08
1.755195782440265233e-08
1.757245503914611361e-08
1.759494540553353938e-08
1.760396296346996852e-08
1.761449821917459064e-08
1.762157227922407667e-08
1.762497792759107444e-08
1.762501228830767923e-08
1.762077468235248088e-08
1.761287590906998456e-08
1.760155949327082079e-08
1.758528819699811939e-08
1.756534439480952708e-08
1.754138834741106225e-08
1.751320798190219431e-08
1.747507890384607848e-08
1.744386239822249114e-08
1.740266530405121423e-08
1.735659759824207770e-08
1.730686207174386574e-08
1.725211396862491149e-08
1.719283242801726910e-08
1.712898785069824068e-08
1.706048491137416947e-08
1.698775947348833933e-08
1.690951090610331093e-08
1.682698679717427310e-08
1.673982143296611102e-08
1.664806611265533147e-08
1.655136940498939041e-08
1.645016523334496880e-08
1.634419108245215774e-08
1.623387443956939690e-08
1.611884595852335503e-08
1.599919606618317689e-08
1.587522020966561432e-08
1.574674351411385319e-08
1.561390005106758126e-08
1.547674724486852209e-08
1.533535229254866719e-08
1.518980634303841753e-08
1.504018948026983015e-08
1.488634626931925033e-08
1.472912971491730640e-08
1.456789274127728933e-08
1.440298898873619868e-08
1.423453012032393734e-08
1.406267324325177205e-08
1.388741372870572827e-08
1.370910375630878545e-08
1.353330000171692999e-08
1.334349800308453073e-08
1.315653070710284201e-08
1.296700369595186983e-08
1.277511634673720438e-08
1.258093221512832626e-08
1.238473528817696164e-08
1.218713800998784477e-08
1.199302664637727944e-08
1.178566989677595713e-08
1.158311262042762199e-08
1.137945770635364791e-08
1.117488838908815428e-08
1.096961237739669302e-08
1.076378183654986002e-08
1.055773874427956588e-08
1.035154944718979793e-08
1.014547742929815248e-08
9.939715578209950380e-09
9.734458086688955114e-09
9.529932622395794309e-09
9.326320132416091242e-09
9.123831313362297451e-09
8.922634024043484188e-09
8.722951724142633586e-09
8.524901997839181331e-09
8.328717704311481093e-09
8.134530489855391399e-09
7.942504033901308630e-09
7.752788649835311285e-09
7.565485233291133850e-09
7.380754529197829081e-09
7.198819008807573340e-09
7.019359272944283940e-09
6.842896767246973660e-09
6.669344554483938324e-09
6.498749325436738865e-09
6.331154713671630669e-09
6.166643214797121617e-09
6.005169019629532721e-09
5.846767374088125248e-09
5.691433663969630898e-09
5.539169419859949133e-09
5.389930003042488392e-09
5.243705859791397503e-09
5.102994376976263237e-09
4.960145519199449617e-09
4.822724768296275138e-09
4.688149619412641123e-09
4.556369333805854035e-09
4.427324616370731284e-09
4.300966262403155487e-09
4.177281787600128790e-09
4.056082098044773091e-09
3.937442224297431549e-09
3.821263515099310621e-09
3.707500868756686551e-09
3.596095869851126129e-09
3.487022100419175086e-09
3.380246207699027200e-09
3.275731342272682861e-09
3.173472636072184949e-09
3.073462617859271403e-09
2.975681839399049287e-09
2.880148296825394238e-09
2.786879292204109738e-09
2.695856960051204897e-09
2.607110586566071819e-09
2.520645878872929426e-09
2.436471093468362166e-09
2.354591128000345568e-09
2.275035512251755292e-09
2.197808558729121856e-09
2.122858426334196174e-09
2.050236919569481520e-09
1.979922908499242348e-09
1.911895145201450499e-09
1.846149487323483505e-09
1.782651514854613566e-09
1.721380822881649553e-09
1.662297624444554429e-09
1.605356126328514239e-09
1.550496902867847608e-09
1.497721835477735143e-09
1.446774004280268406e-09
1.397755036456745139e-09
1.350510985889598489e-09
1.304955838732018858e-09
1.260984857755621454e-09
1.218510139279088901e-09
1.177438653172112748e-09
1.137678070578253872e-09
1.099167276766344936e-09
1.061843886922671901e-09
1.025663143199944767e-09
9.905964484380110443e-10
9.566380523401284007e-10
9.237653998729194026e-10
8.920087400559713576e-10
8.613727923119549377e-10
8.318694392966639693e-10
8.035028349774545519e-10
7.762728891680627881e-10
7.501399178944479524e-10
7.250871397504660827e-10
7.011062951248110174e-10
6.779971158020086857e-10
6.558337642363071739e-10
6.345008576924386843e-10
6.139336824708444517e-10
5.940758471331248633e-10
5.748834512833832808e-10
5.563269916450736546e-10
5.383901899091251702e-10
5.210679482866459170e-10
5.043603837897553155e-10
4.882682078412582603e-10
4.727864967462736857e-10
4.579018113767890750e-10
4.435906553122402472e-10
4.298213829094978061e-10
4.165580902591485287e-10
4.037653903647945924e-10
3.914131361879744642e-10
3.794784280457416548e-10
3.679461733181167977e-10
3.568065859710554644e-10
3.460522865325522663e-10
3.356744087138833394e-10
3.256604384072685241e-10
3.159933778814110293e-10
3.066534991323769762e-10
2.976207685968853934e-10
2.888775486370572281e-10
2.804098795936221395e-10
2.722071247859941558e-10
2.642602526997227209e-10
2.565603915540788845e-10
2.490981666687286206e-10
2.418639955460656511e-10
2.348484788323995364e-10
2.280426506240669688e-10
2.214377269092641026e-10
2.150247996436241510e-10
2.087947705902485661e-10
2.027388607307812460e-10
1.968492670869062779e-10
1.911197108102175766e-10
1.855452108271496280e-10
1.801212114739125577e-10
1.748427774783699294e-10
1.697044566201381386e-10
1.647005295375581318e-10
1.598254400353899499e-10
1.550742369386573687e-10
1.504428423217017317e-10
1.459278806739288067e-10
1.415262490706968790e-10
1.372347791627412715e-10
1.330501139023229169e-10
1.289688009569342576e-10
1.249876539139141011e-10
1.211039819902111562e-10
1.173154992369356579e-10
1.136200852673788256e-10
1.100155808596316896e-10
1.064997792637204715e-10
1.030705730336110629e-10
9.972607134475474086e-11
9.646460421214996240e-11
9.328459150411988059e-11
9.018446289986933784e-11
8.716267454301202385e-11
8.421777016359547734e-11
8.134840169829421178e-11
7.855328635693105775e-11
7.583115580037469966e-11
7.318080768884126623e-11
7.060106652431682132e-11
6.809080187922638815e-11
6.564890895709320887e-11
6.327429622531251205e-11
6.096588020604487157e-11
5.872258125856254789e-11
5.654336150584716321e-11
5.442718067232688983e-11
5.237299984336455807e-11
5.037978070562036675e-11
4.844648395916639472e-11
4.657204051499467033e-11
4.475542350481054029e-11
4.299558243265982034e-11
4.129146034389464940e-11
3.964199785195612027e-11
3.804611997747955208e-11
3.650272579037187606e-11
3.501075557393871881e-11
3.356912179370405419e-11
3.217673299178985768e-11
3.083248952843268337e-11
2.953524899286108842e-11
2.828392976075902845e-11
2.707742764154631261e-11
2.591463313107260995e-11
2.479443400504429892e-11
2.371568209731656003e-11
2.267730495732818646e-11
2.167820548785769402e-11
2.071729228571963608e-11
1.979345054443921386e-11
1.890559694478308698e-11
1.805268231882615484e-11
1.723364993132301802e-11
1.644744208354295297e-11
1.569299398934892117e-11
1.496932201603650592e-11
1.427542545428267480e-11
1.361030651629128782e-11
1.297296403808013997e-11
1.236248049835311605e-11
1.177792672615900263e-11
1.121836194477461181e-11
1.068288697319509413e-11
1.017065259831251356e-11
9.680808228852740328e-12
9.212474747364300594e-12
8.764880784051431680e-12
8.337244941409068317e-12
7.928761071547806998e-12
7.538699064468701613e-12
7.166352643593785008e-12
6.810989983278461362e-12
6.471930155399347895e-12
6.148538528266716305e-12
5.840144484795306763e-12
5.546133898480086872e-12
5.265934071959596168e-12
4.998923983848936402e-12
4.744572259316191860e-12
4.502346453635020631e-12
4.271684717302353479e-12
4.052131342392797947e-12
3.843171493623776929e-12
3.644349396785178678e-12
3.455228764951816754e-12
3.275344991059647071e-12
3.104325363671197385e-12
2.941726692436557283e-12
2.787204805247053429e-12
2.640359525381717194e-12
2.500866055067871230e-12
2.368357088287772558e-12
2.242533940278159181e-12
2.123057141581898030e-12
2.009673360352175235e-12
1.902015551057367310e-12
1.799888894097073439e-12
1.702989131016273110e-12
1.611078714257433363e-12
1.523916395024988824e-12
1.441281694164250336e-12
1.362917237301543532e-12
1.288650645652230394e-12
1.218268622514843318e-12
1.151581317955322355e-12
1.088408472565539938e-12
1.028581111890685434e-12
9.719061019261827668e-13
9.182459094630068993e-13
8.674504970665664152e-13
8.193709101956398992e-13
7.738774976985940084e-13
7.308149227813318682e-13
6.900826395642672170e-13
6.515529674806144912e-13
6.151155186912651746e-13
5.806439481237077876e-13
5.480668244781353574e-13
5.172672053965877848e-13
4.881627996684316517e-13
4.606431389317232588e-13
4.346463623849628161e-13
4.100852972663200270e-13
3.868863546870856992e-13
3.649630230353338339e-13
3.442694975616879625e-13
3.247302930814705878e-13
3.062833323447205171e-13
2.888699959550979724e-13
2.724338879156718427e-13
2.569221593839171467e-13
2.422792551740352543e-13
2.284653309900555297e-13
2.154320125295994975e-13
2.031362990757446035e-13
1.915317590863943907e-13
1.805936992803872551e-13
1.702774042030649597e-13
1.605485705626945846e-13
1.513747594929102808e-13
1.427250304245382188e-13
1.345700865883930459e-13
1.268823434997368697e-13
1.196251187286744524e-13
1.127922523925369244e-13
1.063504984552718434e-13
1.002779357351801346e-13
9.455145634766646401e-14
8.915169484193741244e-14
8.405823305840446554e-14
7.925338967208915005e-14
7.472242863905129760e-14
7.044746878488727443e-14
6.641715978184719620e-14
6.261591389576010255e-14
5.903148205588873794e-14
5.565226536565002753e-14
5.246515992693102969e-14
