# bin_2
0.000000000000000000e+00
2.363057148663675125e-02
1.087592671523001688e-02
1.167546703007649594e-01
2.242629257866981252e-01
7.904224467407992005e-01
1.193699301999753937e+00
3.810288208104022356e+00
4.402669134535422302e+00
3.495221458056224861e+00
2.183890142080516572e+00
1.962429760364627240e+00
7.265976119056039018e-01
4.563557363243358478e-01
2.739701261105049745e-01
8.393609790034999019e-02
7.581488559443660957e-02
8.894513276090683027e-03
1.596015535948938635e-02
1.995392861043238097e-02
1.070397436842005119e-02
4.132492688872756452e-04
1.284633747638301571e-02
4.135479696960984303e-02
1.039492691301263302e-02
-1.659530722017122512e-03
3.248289466480120281e-03
7.278628770778690642e-05
3.782162497986523483e-03
1.095546383922072712e-03
-8.185800341576471555e-04
6.175378345840231049e-03
1.055673794789810729e-02
1.617439964974202136e-03
-3.958721029330773385e-04
4.676618524811726690e-05
2.088073619406077830e-04
-8.819956330105549989e-04
7.399700924419931602e-03
1.690603392932820553e-03
-4.350673177886464453e-04
1.165520394552628871e-04
-3.114084003240571313e-05
8.011320674360017898e-06
-9.044426650343701057e-07
-4.393550014222591685e-06
1.847864272192472520e-05
-6.952102087347582714e-05
2.596054407719784241e-04
-9.689007422144454724e-04
8.058582845227108687e-03
1.839989546647857179e-03
-4.735114170042847002e-04
1.268770017427071461e-04
-3.399658996654249509e-05
9.109358123463020613e-06
-2.440842527309581429e-06
6.540119857753127274e-07
-1.752054157916717567e-07
4.680967739137261210e-08
-1.203329377381892328e-08
1.323497703903021033e-09
6.739302958206758081e-09
-2.828070953673005708e-08
1.063835351887142577e-07
-3.972534312181244228e-07
1.482630189683793532e-06
-5.533267327517005816e-06
2.065043912038423376e-05
-7.706848915402052637e-05
2.876235174956958524e-04
-1.073425580828770527e-03
8.927105548051575759e-03
2.035690930922989892e-03
-5.153441140189825602e-04
1.063488043313637527e-04
8.994889669352868758e-05
-4.661443911054748168e-04
3.958244351261908968e-03
9.051144144521532011e-04
-2.329340095533574163e-04
6.241447974956246660e-05
-1.672390944490390871e-05
4.481158030053243624e-06
-1.200722675308999509e-06
3.217326711827854856e-07
-8.620800942213519415e-08
2.309936650575570463e-08
-6.189456600887795579e-09
1.658459897795354648e-09
-4.443829902936697987e-10
1.190720633793162237e-10
-3.190526322359516737e-11
8.548989515064762375e-12
-2.290694836663721786e-12
6.137898315901903017e-13
-1.644644896970268495e-13
4.406812719791466016e-14
-1.180801909463328844e-14
3.163949180618249439e-15
-8.477776278397761729e-16
2.271613307408418912e-16
-6.086769512358721362e-17
1.630944975350907405e-17
-4.370103890448707411e-18
1.170965808285844379e-18
-3.137593426946532041e-19
8.407156249276263561e-20
-2.252690727640025435e-20
6.036066612837925149e-21
-1.617359174951544232e-21
4.333700869682325942e-22
-1.161211729213787629e-22
3.111460471728628965e-23
-8.337245947765803496e-24
2.234379073777066129e-24
-6.002703473424298893e-25
1.667023155926433029e-25
-6.653891502814692694e-26
9.945334451994667779e-26
