# bin_4
7.044969843061336771e-03
1.062916119079706893e-02
6.721915008451215603e-03
1.403804445837760970e-02
2.690468390485691377e-02
2.643328807035319819e-02
3.734854383958483709e-02
5.264883000972697680e-02
2.947145865378399815e-02
4.421071277444690861e-02
1.066980631764354037e-01
2.213601555716499247e-01
4.282854759868856553e-01
1.532700068582322217e+00
3.470364770480227623e+00
3.714415075513420650e+00
2.638615263728495197e+00
2.676803770343250122e+00
2.053612520556347132e+00
9.077991394537388015e-01
7.849911513532121798e-01
3.197533707606118880e-01
1.813632188600962925e-01
1.983459955142599374e-01
1.614981671904758276e-01
1.713177286733598426e-01
4.618305127395688076e-02
3.786580194206895511e-02
3.668235259901534567e-02
1.713942829178135771e-02
7.779193880898161058e-04
8.931761267677619520e-03
-1.418158482419181951e-03
6.627948913813591029e-04
-6.798273944959521082e-04
2.286555105465630164e-03
7.110611177230570686e-03
3.702307003849595289e-03
4.270095760016780206e-03
7.226438709582821930e-04
4.018319330015161263e-03
-6.177982253270025226e-04
1.393152349926840745e-04
2.074646487955533487e-03
3.320858807265290088e-03
-1.486505344412933935e-04
1.285164114929097153e-03
-5.755251863365524329e-04
1.582309416141171711e-03
4.172342901542787363e-03
-6.315226616073274383e-04
1.692053496035790137e-04
-4.529873680699502694e-05
1.198959762440099239e-05
-2.659653690608519972e-06
-1.350982861966797523e-06
8.063585138475742252e-06
-3.090335769193612087e-05
1.155498456292689073e-04
-4.312960248251395149e-04
1.735358685169688994e-03
4.748305023154996557e-03
-7.205571767875880744e-04
1.930727136206856803e-04
-5.173367769514769455e-05
1.386199715990693255e-05
-3.714310944479542675e-06
9.952466180113749465e-07
-2.666755275659562107e-07
7.145549225244093639e-08
-1.914644144381007260e-08
5.130273522798635190e-09
-1.374652647384666890e-09
3.683370667400295263e-10
-9.869561957543857498e-11
2.644541156172830854e-11
-7.086026671473703550e-12
1.898695124166777890e-12
-5.087538251934027586e-13
1.363201766068155750e-13
-3.652688123386460887e-14
9.787348328641566808e-15
-2.622512080701609053e-15
7.026999941648710819e-16
-1.882878959578251077e-16
5.045158966645633033e-17
-1.351846270799309847e-17
3.622261165517001850e-18
-9.705819540749143267e-19
2.600666507825851123e-19
-6.968464905546300419e-20
1.867194543925716344e-20
-5.003132701566948060e-21
1.340585367010626733e-21
-3.592087664754652098e-22
9.624969889128425243e-23
-2.579002908965828173e-23
6.910417467348852440e-24
-1.851640779738116919e-24
4.961456516033445029e-25
-1.329418266753344467e-25
3.562165509797404419e-26
-9.544793716561794671e-27
2.557519768274478665e-27
-6.852853565357539911e-28
1.836216578686368030e-28
-4.920127493876693254e-29
1.318344188643091036e-29
-3.532492606958585952e-30
9.465285414029198679e-31
-2.536215586532328613e-31
6.795769320997518732e-32
-1.820921418666781410e-32
4.879163536698643840e-33
-1.307439960126067448e-33
3.505963038058146287e-34
-9.494525509714116079e-35
2.918471658274982738e-35
-2.179361123386178369e-35
0.000000000000000000e+00
