# bin_5
0.000000000000000000e+00
-9.108881665243815750e-05
4.234108339602831415e-03
1.436190036836527441e-02
8.406428352397800688e-03
1.404868655280251157e-02
2.675147604470133958e-02
3.184173768740616167e-02
3.627166485716726285e-02
3.348768141096860468e-02
2.948817990575314241e-02
6.795691737659145804e-02
1.139142987632970894e-01
3.161275081448562951e-01
6.180391109915468473e-01
1.080307313263924263e+00
1.151881205177489820e+00
1.658670295279206508e+00
2.381451779110866696e+00
1.874345974688436334e+00
1.997762245894839861e+00
2.175850963439124541e+00
1.185848429712985208e+00
1.125336148991123109e+00
9.275456223931750621e-01
1.055215632384244540e+00
6.128941045039438817e-01
4.072706121569155124e-01
4.010482892429863000e-01
1.877048425354502226e-01
8.792100992527104864e-02
4.121647312861968088e-02
8.621019143273110988e-03
2.269687530482816101e-02
2.606247463142742984e-02
8.029637768285078844e-03
1.684562206532684916e-02
2.011394000145833721e-02
7.007090152861453853e-04
2.491704646913674506e-02
4.663505477197516826e-03
3.130817989186516354e-02
2.220248026641575417e-02
3.385993305625171774e-03
7.680913629501498821e-03
9.186309949716007367e-03
1.763886407229138531e-02
2.875559252124273990e-02
4.273810989807108086e-03
1.132133203636425875e-02
1.871388525615260562e-02
2.282967428144696675e-03
1.008053673600636628e-02
3.662676946808963389e-03
1.178338502221569668e-02
9.662848961281743365e-03
5.900780645268498574e-04
-1.026911694567310060e-04
6.692065156251726752e-05
-1.151535152246584560e-04
1.204896967623642892e-03
-1.653879580790173197e-04
5.326037661283160654e-03
5.456513892397985661e-04
-1.413033088784669241e-04
3.906215530240330882e-05
-1.047143360581580036e-05
2.827477516347622110e-06
-8.384764595746951730e-07
5.264283219511484178e-07
-1.267236828229893522e-06
1.316991355293970082e-05
-3.963197366087715761e-06
1.890888336059173903e-05
-7.165819724997125027e-05
1.001534084295312805e-03
1.013545054846424576e-04
-2.683562499153535182e-05
7.190584044866369395e-06
-1.926711187930055878e-06
5.162607068538681974e-07
-1.383316394854142648e-07
3.706585108778991388e-08
-9.931764865745617397e-09
2.661208375192311277e-09
-7.130686350237262476e-10
1.910661649025697256e-10
-5.119602458655525272e-11
1.371793344365145490e-11
-3.675709188050256691e-12
9.849033085497358431e-13
-2.639040461486410415e-13
7.071287604483399024e-14
-1.894745803069546845e-14
5.076956077947388936e-15
-1.360366281094298317e-15
3.645090464297462021e-16
-9.766990462468829137e-17
2.617057206901021741e-17
-7.012383651351723134e-18
1.878962536396920109e-18
-5.034664942358884498e-19
1.349034405466334496e-19
-3.614726795065075922e-20
9.685631255968189481e-21
-2.595257073222344019e-21
6.953970369210953744e-22
-1.863310744620334825e-22
4.992726092704660175e-23
-1.337796924615089974e-23
3.584616057557500484e-24
-9.604949840789780308e-25
2.573638787584083330e-25
-6.896053095466560966e-26
1.847824506025141087e-26
-4.952449286340729025e-27
1.331552085111317617e-27
-3.737590541045381705e-28
1.634841313068478223e-28
-2.801774711228563471e-28
