# d_m
# unit = Mpc
0.000000000000000000e+00
1.734526350468105420e+02
3.437565674990320304e+02
5.108484509626367185e+02
6.746795466725360484e+02
8.352152366147084877e+02
9.924343509378034014e+02
1.146328348998780029e+03
1.296900392513201496e+03
1.444164346857888177e+03
1.588143743037842569e+03
1.728870728598029473e+03
1.866385031202715481e+03
2.000732954023963202e+03
2.131966417707659275e+03
2.260142059681383216e+03
2.385320398032066805e+03
2.507565064159335179e+03
2.626942105909123711e+03
2.743519360888476967e+03
2.857365898114534957e+03
2.968551525005344502e+03
3.077146355919711368e+03
3.183220437940042757e+03
3.286843429311761611e+03
3.388084325855818406e+03
3.487011230714048907e+03
3.583691162933674605e+03
3.678189900616416708e+03
3.770571854624931802e+03
3.860899969134497951e+03
3.949235645626102269e+03
4.035638687226706224e+03
4.120167260605081538e+03
4.202877872921312701e+03
4.283825361601091572e+03
4.363062894959675759e+03
4.440641981934018986e+03
4.516612489394482509e+03
4.591022665700302241e+03
4.663919169336293635e+03
4.735347101623205162e+03
4.805350042631905126e+03
4.873970089553785328e+03
4.941247896887271054e+03
5.007222717895057940e+03
5.071932446869634077e+03
5.135413661816816784e+03
5.197701667230306157e+03
5.258830536684738945e+03
5.318833155022145547e+03
5.377741259947633807e+03
5.435585482885159763e+03
5.492395388974547132e+03
5.548199516116723316e+03
5.603025412996070372e+03
5.656899676027645910e+03
5.709847981988683387e+03
5.761895135081935223e+03
5.813065082573641121e+03
5.863380958754594758e+03
5.912865113402031056e+03
5.961539141907785051e+03
6.009423914290405264e+03
6.056539603112256373e+03
6.102905710325687323e+03
6.148541093074939454e+03
6.193463988482564673e+03
6.237692037450353382e+03
6.281242307505831377e+03
6.324131314725999800e+03
6.366375044770204113e+03
6.407988973054093549e+03
6.448988084096440616e+03
6.489386890070189111e+03
6.529199448588602536e+03
6.568439379756814560e+03
6.607119882518289160e+03
6.645253750324941393e+03
6.682853386158939429e+03
6.719930816933131609e+03
6.756497707296379303e+03
6.792565372869005841e+03
6.828144792932735982e+03
6.863246622598559952e+03
6.897881204475078448e+03
6.932058579858960911e+03
6.965788499468335431e+03
6.999080433738958163e+03
7.031943582702326239e+03
7.064386885463971339e+03
7.096419029299442627e+03
7.128048458384673722e+03
7.159283382176818122e+03
7.190131783460728002e+03
7.220601426075783820e+03
7.250699862336988190e+03
7.280434440163642648e+03
7.309812309928383002e+03
7.338840431038639508e+03
7.367525578262209820e+03
7.395874347807939557e+03
7.423893163172104323e+03
7.451588280760595808e+03
7.478965795296447141e+03
7.506031645021982513e+03
7.532791616704263106e+03
7.559251350452224870e+03
7.585416344353468958e+03
7.611291958938342759e+03
7.636883421478499258e+03
7.662195830126971487e+03
7.687234157906290420e+03
7.712003256550972765e+03
7.736507860210493163e+03
7.760752589018342405e+03
7.784741952532828691e+03
7.808480353054740590e+03
7.831972088826983963e+03
7.855221357120891298e+03
7.878232257213858247e+03
7.901008793262629297e+03
7.923554877076402590e+03
7.945874330793790250e+03
7.967970889467425877e+03
7.989848203559827198e+03
8.011509841354069067e+03
8.032959285811822156e+03
8.054199958377437724e+03
8.075235189298672594e+03
8.096068240656238231e+03
8.116702303238242166e+03
8.137140498504724746e+03
8.157385880487514441e+03
8.177441437627865525e+03
8.197310094554162788e+03
8.216994713802012484e+03
8.236498097478865020e+03
8.255822988875155716e+03
8.274972074024064568e+03
8.293947983211679457e+03
8.312753292439454526e+03
8.331390524840673606e+03
8.349862152052581223e+03
8.368170595545845572e+03
8.386318227912763177e+03
8.404307374115858693e+03
8.422140312698107664e+03
8.439819276956319300e+03
8.457346456078823394e+03
