# bin_3
0.000000000000000000e+00
2.354052616858209601e-01
2.354052616858209601e-01
2.354052616858209601e-01
2.354052616858209601e-01
2.354052616858209601e-01
2.354052616858209601e-01
2.354052616858209601e-01
2.354052616858209601e-01
2.354052616858209601e-01
2.354052616858209601e-01
2.354052616858209601e-01
2.354052616858209601e-01
2.354052616858209601e-01
2.354052616858209601e-01
2.354052616858209601e-01
2.354052616858209601e-01
2.354052616858209601e-01
2.354052616858209601e-01
2.354052616858209601e-01
2.354052616858209601e-01
2.354052616858209601e-01
2.354052616858209601e-01
2.354052616858209601e-01
2.354052616858209601e-01
2.354052616858209601e-01
2.354052616858209601e-01
2.354052616858209601e-01
2.354052616858209601e-01
2.354052616858209601e-01
2.354052616858209601e-01
2.354052616858209601e-01
2.354052616858209601e-01
2.354052616858209601e-01
2.354052616858209601e-01
2.354052616858209601e-01
2.354052616858209601e-01
2.354052616858209601e-01
2.354052616858209601e-01
2.354052616858209601e-01
2.354052616858209601e-01
2.354052616858209601e-01
2.354052616858209601e-01
2.354052616858209601e-01
2.354052616858209601e-01
2.354052616858209601e-01
2.354052616858209601e-01
2.354052616858209601e-01
2.354052616858209601e-01
2.354052616858209601e-01
2.354052616858209601e-01
4.880721398107059072e-01
4.880721398107059072e-01
4.880721398107059072e-01
4.880721398107059072e-01
4.880721398107059072e-01
4.880721398107059072e-01
4.880721398107059072e-01
4.880721398107059072e-01
4.880721398107059072e-01
4.880721398107059072e-01
4.880721398107059072e-01
4.880721398107059072e-01
4.880721398107059072e-01
4.880721398107059072e-01
4.880721398107059072e-01
4.880721398107059072e-01
4.880721398107059072e-01
4.880721398107059072e-01
4.880721398107059072e-01
4.880721398107059072e-01
4.880721398107059072e-01
4.880721398107059072e-01
4.880721398107059072e-01
4.880721398107059072e-01
4.880721398107059072e-01
4.880721398107059072e-01
4.880721398107059072e-01
4.880721398107059072e-01
4.880721398107059072e-01
4.880721398107059072e-01
4.880721398107059072e-01
4.880721398107059072e-01
4.880721398107059072e-01
4.880721398107059072e-01
4.880721398107059072e-01
4.880721398107059072e-01
4.880721398107059072e-01
4.880721398107059072e-01
4.880721398107059072e-01
4.880721398107059072e-01
4.880721398107059072e-01
4.880721398107059072e-01
4.880721398107059072e-01
4.880721398107059072e-01
4.880721398107059072e-01
4.880721398107059072e-01
4.880721398107059072e-01
4.880721398107059072e-01
4.880721398107059072e-01
4.880721398107059072e-01
1.925368374065217436e+00
1.925368374065217436e+00
1.925368374065217436e+00
1.925368374065217436e+00
1.925368374065217436e+00
1.925368374065217436e+00
1.925368374065217436e+00
1.925368374065217436e+00
1.925368374065217436e+00
1.925368374065217436e+00
1.925368374065217436e+00
1.925368374065217436e+00
1.925368374065217436e+00
1.925368374065217436e+00
1.925368374065217436e+00
1.925368374065217436e+00
1.925368374065217436e+00
1.925368374065217436e+00
1.925368374065217436e+00
1.925368374065217436e+00
1.925368374065217436e+00
1.925368374065217436e+00
1.925368374065217436e+00
1.925368374065217436e+00
1.925368374065217436e+00
1.925368374065217436e+00
1.925368374065217436e+00
1.925368374065217436e+00
1.925368374065217436e+00
1.925368374065217436e+00
1.925368374065217436e+00
1.925368374065217436e+00
1.925368374065217436e+00
1.925368374065217436e+00
1.925368374065217436e+00
1.925368374065217436e+00
1.925368374065217436e+00
1.925368374065217436e+00
1.925368374065217436e+00
1.925368374065217436e+00
1.925368374065217436e+00
1.925368374065217436e+00
1.925368374065217436e+00
1.925368374065217436e+00
1.925368374065217436e+00
1.925368374065217436e+00
1.925368374065217436e+00
1.925368374065217436e+00
1.925368374065217436e+00
1.925368374065217436e+00
1.577945916319617670e+00
1.577945916319617670e+00
1.577945916319617670e+00
1.577945916319617670e+00
1.577945916319617670e+00
1.577945916319617670e+00
1.577945916319617670e+00
1.577945916319617670e+00
1.577945916319617670e+00
1.577945916319617670e+00
1.577945916319617670e+00
1.577945916319617670e+00
1.577945916319617670e+00
1.577945916319617670e+00
1.577945916319617670e+00
1.577945916319617670e+00
1.577945916319617670e+00
1.577945916319617670e+00
1.577945916319617670e+00
1.577945916319617670e+00
1.577945916319617670e+00
1.577945916319617670e+00
1.577945916319617670e+00
1.577945916319617670e+00
1.577945916319617670e+00
1.577945916319617670e+00
1.577945916319617670e+00
1.577945916319617670e+00
1.577945916319617670e+00
1.577945916319617670e+00
1.577945916319617670e+00
1.577945916319617670e+00
1.577945916319617670e+00
1.577945916319617670e+00
1.577945916319617670e+00
1.577945916319617670e+00
1.577945916319617670e+00
1.577945916319617670e+00
1.577945916319617670e+00
1.577945916319617670e+00
1.577945916319617670e+00
1.577945916319617670e+00
1.577945916319617670e+00
1.577945916319617670e+00
1.577945916319617670e+00
1.577945916319617670e+00
1.577945916319617670e+00
1.577945916319617670e+00
1.577945916319617670e+00
1.577945916319617670e+00
3.950824641740992682e+00
3.950824641740992682e+00
3.950824641740992682e+00
3.950824641740992682e+00
3.950824641740992682e+00
3.950824641740992682e+00
3.950824641740992682e+00
3.950824641740992682e+00
3.950824641740992682e+00
3.950824641740992682e+00
3.950824641740992682e+00
3.950824641740992682e+00
3.950824641740992682e+00
3.950824641740992682e+00
3.950824641740992682e+00
3.950824641740992682e+00
3.950824641740992682e+00
3.950824641740992682e+00
3.950824641740992682e+00
3.950824641740992682e+00
3.950824641740992682e+00
3.950824641740992682e+00
3.950824641740992682e+00
3.950824641740992682e+00
3.950824641740992682e+00
3.950824641740992682e+00
3.950824641740992682e+00
3.950824641740992682e+00
3.950824641740992682e+00
3.950824641740992682e+00
3.950824641740992682e+00
3.950824641740992682e+00
3.950824641740992682e+00
3.950824641740992682e+00
3.950824641740992682e+00
3.950824641740992682e+00
3.950824641740992682e+00
3.950824641740992682e+00
3.950824641740992682e+00
3.950824641740992682e+00
3.950824641740992682e+00
3.950824641740992682e+00
3.950824641740992682e+00
3.950824641740992682e+00
3.950824641740992682e+00
3.950824641740992682e+00
3.950824641740992682e+00
3.950824641740992682e+00
3.950824641740992682e+00
3.950824641740992682e+00
2.426896906246841290e+00
2.426896906246841290e+00
2.426896906246841290e+00
2.426896906246841290e+00
2.426896906246841290e+00
2.426896906246841290e+00
2.426896906246841290e+00
2.426896906246841290e+00
2.426896906246841290e+00
2.426896906246841290e+00
2.426896906246841290e+00
2.426896906246841290e+00
2.426896906246841290e+00
2.426896906246841290e+00
2.426896906246841290e+00
2.426896906246841290e+00
2.426896906246841290e+00
2.426896906246841290e+00
2.426896906246841290e+00
2.426896906246841290e+00
2.426896906246841290e+00
2.426896906246841290e+00
2.426896906246841290e+00
2.426896906246841290e+00
2.426896906246841290e+00
2.426896906246841290e+00
2.426896906246841290e+00
2.426896906246841290e+00
2.426896906246841290e+00
2.426896906246841290e+00
2.426896906246841290e+00
2.426896906246841290e+00
2.426896906246841290e+00
2.426896906246841290e+00
2.426896906246841290e+00
2.426896906246841290e+00
2.426896906246841290e+00
2.426896906246841290e+00
2.426896906246841290e+00
2.426896906246841290e+00
2.426896906246841290e+00
2.426896906246841290e+00
2.426896906246841290e+00
2.426896906246841290e+00
2.426896906246841290e+00
2.426896906246841290e+00
2.426896906246841290e+00
2.426896906246841290e+00
2.426896906246841290e+00
2.426896906246841290e+00
2.297748301415192707e+00
2.297748301415192707e+00
2.297748301415192707e+00
2.297748301415192707e+00
2.297748301415192707e+00
2.297748301415192707e+00
2.297748301415192707e+00
2.297748301415192707e+00
2.297748301415192707e+00
2.297748301415192707e+00
2.297748301415192707e+00
2.297748301415192707e+00
2.297748301415192707e+00
2.297748301415192707e+00
2.297748301415192707e+00
2.297748301415192707e+00
2.297748301415192707e+00
2.297748301415192707e+00
2.297748301415192707e+00
2.297748301415192707e+00
2.297748301415192707e+00
2.297748301415192707e+00
2.297748301415192707e+00
2.297748301415192707e+00
2.297748301415192707e+00
2.297748301415192707e+00
2.297748301415192707e+00
2.297748301415192707e+00
2.297748301415192707e+00
2.297748301415192707e+00
2.297748301415192707e+00
2.297748301415192707e+00
2.297748301415192707e+00
2.297748301415192707e+00
2.297748301415192707e+00
2.297748301415192707e+00
2.297748301415192707e+00
2.297748301415192707e+00
2.297748301415192707e+00
2.297748301415192707e+00
2.297748301415192707e+00
2.297748301415192707e+00
2.297748301415192707e+00
2.297748301415192707e+00
2.297748301415192707e+00
2.297748301415192707e+00
2.297748301415192707e+00
2.297748301415192707e+00
2.297748301415192707e+00
2.297748301415192707e+00
1.252415747687232406e+00
1.252415747687232406e+00
1.252415747687232406e+00
1.252415747687232406e+00
1.252415747687232406e+00
1.252415747687232406e+00
1.252415747687232406e+00
1.252415747687232406e+00
1.252415747687232406e+00
1.252415747687232406e+00
1.252415747687232406e+00
1.252415747687232406e+00
1.252415747687232406e+00
1.252415747687232406e+00
1.252415747687232406e+00
1.252415747687232406e+00
1.252415747687232406e+00
1.252415747687232406e+00
1.252415747687232406e+00
1.252415747687232406e+00
1.252415747687232406e+00
1.252415747687232406e+00
1.252415747687232406e+00
1.252415747687232406e+00
1.252415747687232406e+00
1.252415747687232406e+00
1.252415747687232406e+00
1.252415747687232406e+00
1.252415747687232406e+00
1.252415747687232406e+00
1.252415747687232406e+00
1.252415747687232406e+00
1.252415747687232406e+00
1.252415747687232406e+00
1.252415747687232406e+00
1.252415747687232406e+00
1.252415747687232406e+00
1.252415747687232406e+00
1.252415747687232406e+00
1.252415747687232406e+00
1.252415747687232406e+00
1.252415747687232406e+00
1.252415747687232406e+00
1.252415747687232406e+00
1.252415747687232406e+00
1.252415747687232406e+00
1.252415747687232406e+00
1.252415747687232406e+00
1.252415747687232406e+00
1.252415747687232406e+00
7.670691683693845464e-01
7.670691683693845464e-01
7.670691683693845464e-01
7.670691683693845464e-01
7.670691683693845464e-01
7.670691683693845464e-01
7.670691683693845464e-01
7.670691683693845464e-01
7.670691683693845464e-01
7.670691683693845464e-01
7.670691683693845464e-01
7.670691683693845464e-01
7.670691683693845464e-01
7.670691683693845464e-01
7.670691683693845464e-01
7.670691683693845464e-01
7.670691683693845464e-01
7.670691683693845464e-01
7.670691683693845464e-01
7.670691683693845464e-01
7.670691683693845464e-01
7.670691683693845464e-01
7.670691683693845464e-01
7.670691683693845464e-01
7.670691683693845464e-01
7.670691683693845464e-01
7.670691683693845464e-01
7.670691683693845464e-01
7.670691683693845464e-01
7.670691683693845464e-01
7.670691683693845464e-01
7.670691683693845464e-01
7.670691683693845464e-01
7.670691683693845464e-01
7.670691683693845464e-01
7.670691683693845464e-01
7.670691683693845464e-01
7.670691683693845464e-01
7.670691683693845464e-01
7.670691683693845464e-01
7.670691683693845464e-01
7.670691683693845464e-01
7.670691683693845464e-01
7.670691683693845464e-01
7.670691683693845464e-01
7.670691683693845464e-01
7.670691683693845464e-01
7.670691683693845464e-01
7.670691683693845464e-01
7.670691683693845464e-01
5.221763480148382541e-01
5.221763480148382541e-01
5.221763480148382541e-01
5.221763480148382541e-01
5.221763480148382541e-01
5.221763480148382541e-01
5.221763480148382541e-01
5.221763480148382541e-01
5.221763480148382541e-01
5.221763480148382541e-01
5.221763480148382541e-01
5.221763480148382541e-01
5.221763480148382541e-01
5.221763480148382541e-01
5.221763480148382541e-01
5.221763480148382541e-01
5.221763480148382541e-01
5.221763480148382541e-01
5.221763480148382541e-01
5.221763480148382541e-01
5.221763480148382541e-01
5.221763480148382541e-01
5.221763480148382541e-01
5.221763480148382541e-01
5.221763480148382541e-01
5.221763480148382541e-01
5.221763480148382541e-01
5.221763480148382541e-01
5.221763480148382541e-01
5.221763480148382541e-01
5.221763480148382541e-01
5.221763480148382541e-01
5.221763480148382541e-01
5.221763480148382541e-01
5.221763480148382541e-01
5.221763480148382541e-01
5.221763480148382541e-01
5.221763480148382541e-01
5.221763480148382541e-01
5.221763480148382541e-01
5.221763480148382541e-01
5.221763480148382541e-01
5.221763480148382541e-01
5.221763480148382541e-01
5.221763480148382541e-01
5.221763480148382541e-01
5.221763480148382541e-01
5.221763480148382541e-01
5.221763480148382541e-01
5.221763480148382541e-01
7.934730231432103320e-01
7.934730231432103320e-01
7.934730231432103320e-01
7.934730231432103320e-01
7.934730231432103320e-01
7.934730231432103320e-01
7.934730231432103320e-01
7.934730231432103320e-01
7.934730231432103320e-01
7.934730231432103320e-01
7.934730231432103320e-01
7.934730231432103320e-01
7.934730231432103320e-01
7.934730231432103320e-01
7.934730231432103320e-01
7.934730231432103320e-01
7.934730231432103320e-01
7.934730231432103320e-01
7.934730231432103320e-01
7.934730231432103320e-01
7.934730231432103320e-01
7.934730231432103320e-01
7.934730231432103320e-01
7.934730231432103320e-01
7.934730231432103320e-01
7.934730231432103320e-01
7.934730231432103320e-01
7.934730231432103320e-01
7.934730231432103320e-01
7.934730231432103320e-01
7.934730231432103320e-01
7.934730231432103320e-01
7.934730231432103320e-01
7.934730231432103320e-01
7.934730231432103320e-01
7.934730231432103320e-01
7.934730231432103320e-01
7.934730231432103320e-01
7.934730231432103320e-01
7.934730231432103320e-01
7.934730231432103320e-01
7.934730231432103320e-01
7.934730231432103320e-01
7.934730231432103320e-01
7.934730231432103320e-01
7.934730231432103320e-01
7.934730231432103320e-01
7.934730231432103320e-01
7.934730231432103320e-01
7.934730231432103320e-01
3.455761490269109726e-01
3.455761490269109726e-01
3.455761490269109726e-01
3.455761490269109726e-01
3.455761490269109726e-01
3.455761490269109726e-01
3.455761490269109726e-01
3.455761490269109726e-01
3.455761490269109726e-01
3.455761490269109726e-01
3.455761490269109726e-01
3.455761490269109726e-01
3.455761490269109726e-01
3.455761490269109726e-01
3.455761490269109726e-01
3.455761490269109726e-01
3.455761490269109726e-01
3.455761490269109726e-01
3.455761490269109726e-01
3.455761490269109726e-01
3.455761490269109726e-01
3.455761490269109726e-01
3.455761490269109726e-01
3.455761490269109726e-01
3.455761490269109726e-01
3.455761490269109726e-01
3.455761490269109726e-01
3.455761490269109726e-01
3.455761490269109726e-01
3.455761490269109726e-01
3.455761490269109726e-01
3.455761490269109726e-01
3.455761490269109726e-01
3.455761490269109726e-01
3.455761490269109726e-01
3.455761490269109726e-01
3.455761490269109726e-01
3.455761490269109726e-01
3.455761490269109726e-01
3.455761490269109726e-01
3.455761490269109726e-01
3.455761490269109726e-01
3.455761490269109726e-01
3.455761490269109726e-01
3.455761490269109726e-01
3.455761490269109726e-01
3.455761490269109726e-01
3.455761490269109726e-01
3.455761490269109726e-01
3.455761490269109726e-01
4.724668209016453790e-01
4.724668209016453790e-01
4.724668209016453790e-01
4.724668209016453790e-01
4.724668209016453790e-01
4.724668209016453790e-01
4.724668209016453790e-01
4.724668209016453790e-01
4.724668209016453790e-01
4.724668209016453790e-01
4.724668209016453790e-01
4.724668209016453790e-01
4.724668209016453790e-01
4.724668209016453790e-01
4.724668209016453790e-01
4.724668209016453790e-01
4.724668209016453790e-01
4.724668209016453790e-01
4.724668209016453790e-01
4.724668209016453790e-01
4.724668209016453790e-01
4.724668209016453790e-01
4.724668209016453790e-01
4.724668209016453790e-01
4.724668209016453790e-01
4.724668209016453790e-01
4.724668209016453790e-01
4.724668209016453790e-01
4.724668209016453790e-01
4.724668209016453790e-01
4.724668209016453790e-01
4.724668209016453790e-01
4.724668209016453790e-01
4.724668209016453790e-01
4.724668209016453790e-01
4.724668209016453790e-01
4.724668209016453790e-01
4.724668209016453790e-01
4.724668209016453790e-01
4.724668209016453790e-01
4.724668209016453790e-01
4.724668209016453790e-01
4.724668209016453790e-01
4.724668209016453790e-01
4.724668209016453790e-01
4.724668209016453790e-01
4.724668209016453790e-01
4.724668209016453790e-01
4.724668209016453790e-01
4.724668209016453790e-01
3.743418428760955652e-01
3.743418428760955652e-01
3.743418428760955652e-01
3.743418428760955652e-01
3.743418428760955652e-01
3.743418428760955652e-01
3.743418428760955652e-01
3.743418428760955652e-01
3.743418428760955652e-01
3.743418428760955652e-01
3.743418428760955652e-01
3.743418428760955652e-01
3.743418428760955652e-01
3.743418428760955652e-01
3.743418428760955652e-01
3.743418428760955652e-01
3.743418428760955652e-01
3.743418428760955652e-01
3.743418428760955652e-01
3.743418428760955652e-01
3.743418428760955652e-01
3.743418428760955652e-01
3.743418428760955652e-01
3.743418428760955652e-01
3.743418428760955652e-01
3.743418428760955652e-01
3.743418428760955652e-01
3.743418428760955652e-01
3.743418428760955652e-01
3.743418428760955652e-01
3.743418428760955652e-01
3.743418428760955652e-01
3.743418428760955652e-01
3.743418428760955652e-01
3.743418428760955652e-01
3.743418428760955652e-01
3.743418428760955652e-01
3.743418428760955652e-01
3.743418428760955652e-01
3.743418428760955652e-01
3.743418428760955652e-01
3.743418428760955652e-01
3.743418428760955652e-01
3.743418428760955652e-01
3.743418428760955652e-01
3.743418428760955652e-01
3.743418428760955652e-01
3.743418428760955652e-01
3.743418428760955652e-01
3.743418428760955652e-01
3.459562714101704350e-01
3.459562714101704350e-01
3.459562714101704350e-01
3.459562714101704350e-01
3.459562714101704350e-01
3.459562714101704350e-01
3.459562714101704350e-01
3.459562714101704350e-01
3.459562714101704350e-01
3.459562714101704350e-01
3.459562714101704350e-01
3.459562714101704350e-01
3.459562714101704350e-01
3.459562714101704350e-01
3.459562714101704350e-01
3.459562714101704350e-01
3.459562714101704350e-01
3.459562714101704350e-01
3.459562714101704350e-01
3.459562714101704350e-01
3.459562714101704350e-01
3.459562714101704350e-01
3.459562714101704350e-01
3.459562714101704350e-01
3.459562714101704350e-01
3.459562714101704350e-01
3.459562714101704350e-01
3.459562714101704350e-01
3.459562714101704350e-01
3.459562714101704350e-01
3.459562714101704350e-01
3.459562714101704350e-01
3.459562714101704350e-01
3.459562714101704350e-01
3.459562714101704350e-01
3.459562714101704350e-01
3.459562714101704350e-01
3.459562714101704350e-01
3.459562714101704350e-01
3.459562714101704350e-01
3.459562714101704350e-01
3.459562714101704350e-01
3.459562714101704350e-01
3.459562714101704350e-01
3.459562714101704350e-01
3.459562714101704350e-01
3.459562714101704350e-01
3.459562714101704350e-01
3.459562714101704350e-01
3.459562714101704350e-01
3.239514756720764943e-01
3.239514756720764943e-01
3.239514756720764943e-01
3.239514756720764943e-01
3.239514756720764943e-01
3.239514756720764943e-01
3.239514756720764943e-01
3.239514756720764943e-01
3.239514756720764943e-01
3.239514756720764943e-01
3.239514756720764943e-01
3.239514756720764943e-01
3.239514756720764943e-01
3.239514756720764943e-01
3.239514756720764943e-01
3.239514756720764943e-01
3.239514756720764943e-01
3.239514756720764943e-01
3.239514756720764943e-01
3.239514756720764943e-01
3.239514756720764943e-01
3.239514756720764943e-01
3.239514756720764943e-01
3.239514756720764943e-01
3.239514756720764943e-01
3.239514756720764943e-01
3.239514756720764943e-01
3.239514756720764943e-01
3.239514756720764943e-01
3.239514756720764943e-01
3.239514756720764943e-01
3.239514756720764943e-01
3.239514756720764943e-01
3.239514756720764943e-01
3.239514756720764943e-01
3.239514756720764943e-01
3.239514756720764943e-01
3.239514756720764943e-01
3.239514756720764943e-01
3.239514756720764943e-01
3.239514756720764943e-01
3.239514756720764943e-01
3.239514756720764943e-01
3.239514756720764943e-01
3.239514756720764943e-01
3.239514756720764943e-01
3.239514756720764943e-01
3.239514756720764943e-01
3.239514756720764943e-01
3.239514756720764943e-01
2.573590544206361685e-01
2.573590544206361685e-01
2.573590544206361685e-01
2.573590544206361685e-01
2.573590544206361685e-01
2.573590544206361685e-01
2.573590544206361685e-01
2.573590544206361685e-01
2.573590544206361685e-01
2.573590544206361685e-01
2.573590544206361685e-01
2.573590544206361685e-01
2.573590544206361685e-01
2.573590544206361685e-01
2.573590544206361685e-01
2.573590544206361685e-01
2.573590544206361685e-01
2.573590544206361685e-01
2.573590544206361685e-01
2.573590544206361685e-01
2.573590544206361685e-01
2.573590544206361685e-01
2.573590544206361685e-01
2.573590544206361685e-01
2.573590544206361685e-01
2.573590544206361685e-01
2.573590544206361685e-01
2.573590544206361685e-01
2.573590544206361685e-01
2.573590544206361685e-01
2.573590544206361685e-01
2.573590544206361685e-01
2.573590544206361685e-01
2.573590544206361685e-01
2.573590544206361685e-01
2.573590544206361685e-01
2.573590544206361685e-01
2.573590544206361685e-01
2.573590544206361685e-01
2.573590544206361685e-01
2.573590544206361685e-01
2.573590544206361685e-01
2.573590544206361685e-01
2.573590544206361685e-01
2.573590544206361685e-01
2.573590544206361685e-01
2.573590544206361685e-01
2.573590544206361685e-01
2.573590544206361685e-01
2.573590544206361685e-01
1.979263547647481802e-01
1.979263547647481802e-01
1.979263547647481802e-01
1.979263547647481802e-01
1.979263547647481802e-01
1.979263547647481802e-01
1.979263547647481802e-01
1.979263547647481802e-01
1.979263547647481802e-01
1.979263547647481802e-01
1.979263547647481802e-01
1.979263547647481802e-01
1.979263547647481802e-01
1.979263547647481802e-01
1.979263547647481802e-01
1.979263547647481802e-01
1.979263547647481802e-01
1.979263547647481802e-01
1.979263547647481802e-01
1.979263547647481802e-01
1.979263547647481802e-01
1.979263547647481802e-01
1.979263547647481802e-01
1.979263547647481802e-01
1.979263547647481802e-01
1.979263547647481802e-01
1.979263547647481802e-01
1.979263547647481802e-01
1.979263547647481802e-01
1.979263547647481802e-01
1.979263547647481802e-01
1.979263547647481802e-01
1.979263547647481802e-01
1.979263547647481802e-01
1.979263547647481802e-01
1.979263547647481802e-01
1.979263547647481802e-01
1.979263547647481802e-01
1.979263547647481802e-01
1.979263547647481802e-01
1.979263547647481802e-01
1.979263547647481802e-01
1.979263547647481802e-01
1.979263547647481802e-01
1.979263547647481802e-01
1.979263547647481802e-01
1.979263547647481802e-01
1.979263547647481802e-01
1.979263547647481802e-01
1.979263547647481802e-01
9.351652665988662017e-02
9.351652665988662017e-02
9.351652665988662017e-02
9.351652665988662017e-02
9.351652665988662017e-02
9.351652665988662017e-02
9.351652665988662017e-02
9.351652665988662017e-02
9.351652665988662017e-02
9.351652665988662017e-02
9.351652665988662017e-02
9.351652665988662017e-02
9.351652665988662017e-02
9.351652665988662017e-02
9.351652665988662017e-02
9.351652665988662017e-02
9.351652665988662017e-02
9.351652665988662017e-02
9.351652665988662017e-02
9.351652665988662017e-02
9.351652665988662017e-02
9.351652665988662017e-02
9.351652665988662017e-02
9.351652665988662017e-02
9.351652665988662017e-02
9.351652665988662017e-02
9.351652665988662017e-02
9.351652665988662017e-02
9.351652665988662017e-02
9.351652665988662017e-02
9.351652665988662017e-02
9.351652665988662017e-02
9.351652665988662017e-02
9.351652665988662017e-02
9.351652665988662017e-02
9.351652665988662017e-02
9.351652665988662017e-02
9.351652665988662017e-02
9.351652665988662017e-02
9.351652665988662017e-02
9.351652665988662017e-02
9.351652665988662017e-02
9.351652665988662017e-02
9.351652665988662017e-02
9.351652665988662017e-02
9.351652665988662017e-02
9.351652665988662017e-02
9.351652665988662017e-02
9.351652665988662017e-02
9.351652665988662017e-02
1.103127956972713153e-01
1.103127956972713153e-01
1.103127956972713153e-01
1.103127956972713153e-01
1.103127956972713153e-01
1.103127956972713153e-01
1.103127956972713153e-01
1.103127956972713153e-01
1.103127956972713153e-01
1.103127956972713153e-01
1.103127956972713153e-01
1.103127956972713153e-01
1.103127956972713153e-01
1.103127956972713153e-01
1.103127956972713153e-01
1.103127956972713153e-01
1.103127956972713153e-01
1.103127956972713153e-01
1.103127956972713153e-01
1.103127956972713153e-01
1.103127956972713153e-01
1.103127956972713153e-01
1.103127956972713153e-01
1.103127956972713153e-01
1.103127956972713153e-01
1.103127956972713153e-01
1.103127956972713153e-01
1.103127956972713153e-01
1.103127956972713153e-01
1.103127956972713153e-01
1.103127956972713153e-01
1.103127956972713153e-01
1.103127956972713153e-01
1.103127956972713153e-01
1.103127956972713153e-01
1.103127956972713153e-01
1.103127956972713153e-01
1.103127956972713153e-01
1.103127956972713153e-01
1.103127956972713153e-01
1.103127956972713153e-01
1.103127956972713153e-01
1.103127956972713153e-01
1.103127956972713153e-01
1.103127956972713153e-01
1.103127956972713153e-01
1.103127956972713153e-01
1.103127956972713153e-01
1.103127956972713153e-01
1.103127956972713153e-01
1.500082331373029376e-01
1.500082331373029376e-01
1.500082331373029376e-01
1.500082331373029376e-01
1.500082331373029376e-01
1.500082331373029376e-01
1.500082331373029376e-01
1.500082331373029376e-01
1.500082331373029376e-01
1.500082331373029376e-01
1.500082331373029376e-01
1.500082331373029376e-01
1.500082331373029376e-01
1.500082331373029376e-01
1.500082331373029376e-01
1.500082331373029376e-01
1.500082331373029376e-01
1.500082331373029376e-01
1.500082331373029376e-01
1.500082331373029376e-01
1.500082331373029376e-01
1.500082331373029376e-01
1.500082331373029376e-01
1.500082331373029376e-01
1.500082331373029376e-01
1.500082331373029376e-01
1.500082331373029376e-01
1.500082331373029376e-01
1.500082331373029376e-01
1.500082331373029376e-01
1.500082331373029376e-01
1.500082331373029376e-01
1.500082331373029376e-01
1.500082331373029376e-01
1.500082331373029376e-01
1.500082331373029376e-01
1.500082331373029376e-01
1.500082331373029376e-01
1.500082331373029376e-01
1.500082331373029376e-01
1.500082331373029376e-01
1.500082331373029376e-01
1.500082331373029376e-01
1.500082331373029376e-01
1.500082331373029376e-01
1.500082331373029376e-01
1.500082331373029376e-01
1.500082331373029376e-01
1.500082331373029376e-01
1.500082331373029376e-01
1.391244922552955232e-01
1.391244922552955232e-01
1.391244922552955232e-01
1.391244922552955232e-01
1.391244922552955232e-01
1.391244922552955232e-01
1.391244922552955232e-01
1.391244922552955232e-01
1.391244922552955232e-01
1.391244922552955232e-01
1.391244922552955232e-01
1.391244922552955232e-01
1.391244922552955232e-01
1.391244922552955232e-01
1.391244922552955232e-01
1.391244922552955232e-01
1.391244922552955232e-01
1.391244922552955232e-01
1.391244922552955232e-01
1.391244922552955232e-01
1.391244922552955232e-01
1.391244922552955232e-01
1.391244922552955232e-01
1.391244922552955232e-01
1.391244922552955232e-01
1.391244922552955232e-01
1.391244922552955232e-01
1.391244922552955232e-01
1.391244922552955232e-01
1.391244922552955232e-01
1.391244922552955232e-01
1.391244922552955232e-01
1.391244922552955232e-01
1.391244922552955232e-01
1.391244922552955232e-01
1.391244922552955232e-01
1.391244922552955232e-01
1.391244922552955232e-01
1.391244922552955232e-01
1.391244922552955232e-01
1.391244922552955232e-01
1.391244922552955232e-01
1.391244922552955232e-01
1.391244922552955232e-01
1.391244922552955232e-01
1.391244922552955232e-01
1.391244922552955232e-01
1.391244922552955232e-01
1.391244922552955232e-01
1.391244922552955232e-01
6.169289274588896782e-02
6.169289274588896782e-02
6.169289274588896782e-02
6.169289274588896782e-02
6.169289274588896782e-02
6.169289274588896782e-02
6.169289274588896782e-02
6.169289274588896782e-02
6.169289274588896782e-02
6.169289274588896782e-02
6.169289274588896782e-02
6.169289274588896782e-02
6.169289274588896782e-02
6.169289274588896782e-02
6.169289274588896782e-02
6.169289274588896782e-02
6.169289274588896782e-02
6.169289274588896782e-02
6.169289274588896782e-02
6.169289274588896782e-02
6.169289274588896782e-02
6.169289274588896782e-02
6.169289274588896782e-02
6.169289274588896782e-02
6.169289274588896782e-02
6.169289274588896782e-02
6.169289274588896782e-02
6.169289274588896782e-02
6.169289274588896782e-02
6.169289274588896782e-02
6.169289274588896782e-02
6.169289274588896782e-02
6.169289274588896782e-02
6.169289274588896782e-02
6.169289274588896782e-02
6.169289274588896782e-02
6.169289274588896782e-02
6.169289274588896782e-02
6.169289274588896782e-02
6.169289274588896782e-02
6.169289274588896782e-02
6.169289274588896782e-02
6.169289274588896782e-02
6.169289274588896782e-02
6.169289274588896782e-02
6.169289274588896782e-02
6.169289274588896782e-02
6.169289274588896782e-02
6.169289274588896782e-02
6.169289274588896782e-02
8.057507461089466472e-02
8.057507461089466472e-02
8.057507461089466472e-02
8.057507461089466472e-02
8.057507461089466472e-02
8.057507461089466472e-02
8.057507461089466472e-02
8.057507461089466472e-02
8.057507461089466472e-02
8.057507461089466472e-02
8.057507461089466472e-02
8.057507461089466472e-02
8.057507461089466472e-02
8.057507461089466472e-02
8.057507461089466472e-02
8.057507461089466472e-02
8.057507461089466472e-02
8.057507461089466472e-02
8.057507461089466472e-02
8.057507461089466472e-02
8.057507461089466472e-02
8.057507461089466472e-02
8.057507461089466472e-02
8.057507461089466472e-02
8.057507461089466472e-02
8.057507461089466472e-02
8.057507461089466472e-02
8.057507461089466472e-02
8.057507461089466472e-02
8.057507461089466472e-02
8.057507461089466472e-02
8.057507461089466472e-02
8.057507461089466472e-02
8.057507461089466472e-02
8.057507461089466472e-02
8.057507461089466472e-02
8.057507461089466472e-02
8.057507461089466472e-02
8.057507461089466472e-02
8.057507461089466472e-02
8.057507461089466472e-02
8.057507461089466472e-02
8.057507461089466472e-02
8.057507461089466472e-02
8.057507461089466472e-02
8.057507461089466472e-02
8.057507461089466472e-02
8.057507461089466472e-02
8.057507461089466472e-02
8.057507461089466472e-02
7.792945882552879122e-02
7.792945882552879122e-02
7.792945882552879122e-02
7.792945882552879122e-02
7.792945882552879122e-02
7.792945882552879122e-02
7.792945882552879122e-02
7.792945882552879122e-02
7.792945882552879122e-02
7.792945882552879122e-02
7.792945882552879122e-02
7.792945882552879122e-02
7.792945882552879122e-02
7.792945882552879122e-02
7.792945882552879122e-02
7.792945882552879122e-02
7.792945882552879122e-02
7.792945882552879122e-02
7.792945882552879122e-02
7.792945882552879122e-02
7.792945882552879122e-02
7.792945882552879122e-02
7.792945882552879122e-02
7.792945882552879122e-02
7.792945882552879122e-02
7.792945882552879122e-02
7.792945882552879122e-02
7.792945882552879122e-02
7.792945882552879122e-02
7.792945882552879122e-02
7.792945882552879122e-02
7.792945882552879122e-02
7.792945882552879122e-02
7.792945882552879122e-02
7.792945882552879122e-02
7.792945882552879122e-02
7.792945882552879122e-02
7.792945882552879122e-02
7.792945882552879122e-02
7.792945882552879122e-02
7.792945882552879122e-02
7.792945882552879122e-02
7.792945882552879122e-02
7.792945882552879122e-02
7.792945882552879122e-02
7.792945882552879122e-02
7.792945882552879122e-02
7.792945882552879122e-02
7.792945882552879122e-02
7.792945882552879122e-02
5.977777997571831481e-02
5.977777997571831481e-02
5.977777997571831481e-02
5.977777997571831481e-02
5.977777997571831481e-02
5.977777997571831481e-02
5.977777997571831481e-02
5.977777997571831481e-02
5.977777997571831481e-02
5.977777997571831481e-02
5.977777997571831481e-02
5.977777997571831481e-02
5.977777997571831481e-02
5.977777997571831481e-02
5.977777997571831481e-02
5.977777997571831481e-02
5.977777997571831481e-02
5.977777997571831481e-02
5.977777997571831481e-02
5.977777997571831481e-02
5.977777997571831481e-02
5.977777997571831481e-02
5.977777997571831481e-02
5.977777997571831481e-02
5.977777997571831481e-02
5.977777997571831481e-02
5.977777997571831481e-02
5.977777997571831481e-02
5.977777997571831481e-02
5.977777997571831481e-02
5.977777997571831481e-02
5.977777997571831481e-02
5.977777997571831481e-02
5.977777997571831481e-02
5.977777997571831481e-02
5.977777997571831481e-02
5.977777997571831481e-02
5.977777997571831481e-02
5.977777997571831481e-02
5.977777997571831481e-02
5.977777997571831481e-02
5.977777997571831481e-02
5.977777997571831481e-02
5.977777997571831481e-02
5.977777997571831481e-02
5.977777997571831481e-02
5.977777997571831481e-02
5.977777997571831481e-02
5.977777997571831481e-02
5.977777997571831481e-02
7.415107633793197039e-02
7.415107633793197039e-02
7.415107633793197039e-02
7.415107633793197039e-02
7.415107633793197039e-02
7.415107633793197039e-02
7.415107633793197039e-02
7.415107633793197039e-02
7.415107633793197039e-02
7.415107633793197039e-02
7.415107633793197039e-02
7.415107633793197039e-02
7.415107633793197039e-02
7.415107633793197039e-02
7.415107633793197039e-02
7.415107633793197039e-02
7.415107633793197039e-02
7.415107633793197039e-02
7.415107633793197039e-02
7.415107633793197039e-02
7.415107633793197039e-02
7.415107633793197039e-02
7.415107633793197039e-02
7.415107633793197039e-02
7.415107633793197039e-02
7.415107633793197039e-02
7.415107633793197039e-02
7.415107633793197039e-02
7.415107633793197039e-02
7.415107633793197039e-02
7.415107633793197039e-02
7.415107633793197039e-02
7.415107633793197039e-02
7.415107633793197039e-02
7.415107633793197039e-02
7.415107633793197039e-02
7.415107633793197039e-02
7.415107633793197039e-02
7.415107633793197039e-02
7.415107633793197039e-02
7.415107633793197039e-02
7.415107633793197039e-02
7.415107633793197039e-02
7.415107633793197039e-02
7.415107633793197039e-02
7.415107633793197039e-02
7.415107633793197039e-02
7.415107633793197039e-02
7.415107633793197039e-02
7.415107633793197039e-02
4.173153733445043867e-02
4.173153733445043867e-02
4.173153733445043867e-02
4.173153733445043867e-02
4.173153733445043867e-02
4.173153733445043867e-02
4.173153733445043867e-02
4.173153733445043867e-02
4.173153733445043867e-02
4.173153733445043867e-02
4.173153733445043867e-02
4.173153733445043867e-02
4.173153733445043867e-02
4.173153733445043867e-02
4.173153733445043867e-02
4.173153733445043867e-02
4.173153733445043867e-02
4.173153733445043867e-02
4.173153733445043867e-02
4.173153733445043867e-02
4.173153733445043867e-02
4.173153733445043867e-02
4.173153733445043867e-02
4.173153733445043867e-02
4.173153733445043867e-02
4.173153733445043867e-02
4.173153733445043867e-02
4.173153733445043867e-02
4.173153733445043867e-02
4.173153733445043867e-02
4.173153733445043867e-02
4.173153733445043867e-02
4.173153733445043867e-02
4.173153733445043867e-02
4.173153733445043867e-02
4.173153733445043867e-02
4.173153733445043867e-02
4.173153733445043867e-02
4.173153733445043867e-02
4.173153733445043867e-02
4.173153733445043867e-02
4.173153733445043867e-02
4.173153733445043867e-02
4.173153733445043867e-02
4.173153733445043867e-02
4.173153733445043867e-02
4.173153733445043867e-02
4.173153733445043867e-02
4.173153733445043867e-02
4.173153733445043867e-02
3.837727982117704328e-02
3.837727982117704328e-02
3.837727982117704328e-02
3.837727982117704328e-02
3.837727982117704328e-02
3.837727982117704328e-02
3.837727982117704328e-02
3.837727982117704328e-02
3.837727982117704328e-02
3.837727982117704328e-02
3.837727982117704328e-02
3.837727982117704328e-02
3.837727982117704328e-02
3.837727982117704328e-02
3.837727982117704328e-02
3.837727982117704328e-02
3.837727982117704328e-02
3.837727982117704328e-02
3.837727982117704328e-02
3.837727982117704328e-02
3.837727982117704328e-02
3.837727982117704328e-02
3.837727982117704328e-02
3.837727982117704328e-02
3.837727982117704328e-02
3.837727982117704328e-02
3.837727982117704328e-02
3.837727982117704328e-02
3.837727982117704328e-02
3.837727982117704328e-02
3.837727982117704328e-02
3.837727982117704328e-02
3.837727982117704328e-02
3.837727982117704328e-02
3.837727982117704328e-02
3.837727982117704328e-02
3.837727982117704328e-02
3.837727982117704328e-02
3.837727982117704328e-02
3.837727982117704328e-02
3.837727982117704328e-02
3.837727982117704328e-02
3.837727982117704328e-02
3.837727982117704328e-02
3.837727982117704328e-02
3.837727982117704328e-02
3.837727982117704328e-02
3.837727982117704328e-02
3.837727982117704328e-02
3.837727982117704328e-02
2.506676604022487972e-02
2.506676604022487972e-02
2.506676604022487972e-02
2.506676604022487972e-02
2.506676604022487972e-02
2.506676604022487972e-02
2.506676604022487972e-02
2.506676604022487972e-02
2.506676604022487972e-02
2.506676604022487972e-02
2.506676604022487972e-02
2.506676604022487972e-02
2.506676604022487972e-02
2.506676604022487972e-02
2.506676604022487972e-02
2.506676604022487972e-02
2.506676604022487972e-02
2.506676604022487972e-02
2.506676604022487972e-02
2.506676604022487972e-02
2.506676604022487972e-02
2.506676604022487972e-02
2.506676604022487972e-02
2.506676604022487972e-02
2.506676604022487972e-02
2.506676604022487972e-02
2.506676604022487972e-02
2.506676604022487972e-02
2.506676604022487972e-02
2.506676604022487972e-02
2.506676604022487972e-02
2.506676604022487972e-02
2.506676604022487972e-02
2.506676604022487972e-02
2.506676604022487972e-02
2.506676604022487972e-02
2.506676604022487972e-02
2.506676604022487972e-02
2.506676604022487972e-02
2.506676604022487972e-02
2.506676604022487972e-02
2.506676604022487972e-02
2.506676604022487972e-02
2.506676604022487972e-02
2.506676604022487972e-02
2.506676604022487972e-02
2.506676604022487972e-02
2.506676604022487972e-02
2.506676604022487972e-02
2.506676604022487972e-02
6.365129806531323597e-02
6.365129806531323597e-02
6.365129806531323597e-02
6.365129806531323597e-02
6.365129806531323597e-02
6.365129806531323597e-02
6.365129806531323597e-02
6.365129806531323597e-02
6.365129806531323597e-02
6.365129806531323597e-02
6.365129806531323597e-02
6.365129806531323597e-02
6.365129806531323597e-02
6.365129806531323597e-02
6.365129806531323597e-02
6.365129806531323597e-02
6.365129806531323597e-02
6.365129806531323597e-02
6.365129806531323597e-02
6.365129806531323597e-02
6.365129806531323597e-02
6.365129806531323597e-02
6.365129806531323597e-02
6.365129806531323597e-02
6.365129806531323597e-02
6.365129806531323597e-02
6.365129806531323597e-02
6.365129806531323597e-02
6.365129806531323597e-02
6.365129806531323597e-02
6.365129806531323597e-02
6.365129806531323597e-02
6.365129806531323597e-02
6.365129806531323597e-02
6.365129806531323597e-02
6.365129806531323597e-02
6.365129806531323597e-02
6.365129806531323597e-02
6.365129806531323597e-02
6.365129806531323597e-02
6.365129806531323597e-02
6.365129806531323597e-02
6.365129806531323597e-02
6.365129806531323597e-02
6.365129806531323597e-02
6.365129806531323597e-02
6.365129806531323597e-02
6.365129806531323597e-02
6.365129806531323597e-02
6.365129806531323597e-02
2.852171948291263442e-02
2.852171948291263442e-02
2.852171948291263442e-02
2.852171948291263442e-02
2.852171948291263442e-02
2.852171948291263442e-02
2.852171948291263442e-02
2.852171948291263442e-02
2.852171948291263442e-02
2.852171948291263442e-02
2.852171948291263442e-02
2.852171948291263442e-02
2.852171948291263442e-02
2.852171948291263442e-02
2.852171948291263442e-02
2.852171948291263442e-02
2.852171948291263442e-02
2.852171948291263442e-02
2.852171948291263442e-02
2.852171948291263442e-02
2.852171948291263442e-02
2.852171948291263442e-02
2.852171948291263442e-02
2.852171948291263442e-02
2.852171948291263442e-02
2.852171948291263442e-02
2.852171948291263442e-02
2.852171948291263442e-02
2.852171948291263442e-02
2.852171948291263442e-02
2.852171948291263442e-02
2.852171948291263442e-02
2.852171948291263442e-02
2.852171948291263442e-02
2.852171948291263442e-02
2.852171948291263442e-02
2.852171948291263442e-02
2.852171948291263442e-02
2.852171948291263442e-02
2.852171948291263442e-02
2.852171948291263442e-02
2.852171948291263442e-02
2.852171948291263442e-02
2.852171948291263442e-02
2.852171948291263442e-02
2.852171948291263442e-02
2.852171948291263442e-02
2.852171948291263442e-02
2.852171948291263442e-02
2.852171948291263442e-02
4.688179060376654328e-02
4.688179060376654328e-02
4.688179060376654328e-02
4.688179060376654328e-02
4.688179060376654328e-02
4.688179060376654328e-02
4.688179060376654328e-02
4.688179060376654328e-02
4.688179060376654328e-02
4.688179060376654328e-02
4.688179060376654328e-02
4.688179060376654328e-02
4.688179060376654328e-02
4.688179060376654328e-02
4.688179060376654328e-02
4.688179060376654328e-02
4.688179060376654328e-02
4.688179060376654328e-02
4.688179060376654328e-02
4.688179060376654328e-02
4.688179060376654328e-02
4.688179060376654328e-02
4.688179060376654328e-02
4.688179060376654328e-02
4.688179060376654328e-02
4.688179060376654328e-02
4.688179060376654328e-02
4.688179060376654328e-02
4.688179060376654328e-02
4.688179060376654328e-02
4.688179060376654328e-02
4.688179060376654328e-02
4.688179060376654328e-02
4.688179060376654328e-02
4.688179060376654328e-02
4.688179060376654328e-02
4.688179060376654328e-02
4.688179060376654328e-02
4.688179060376654328e-02
4.688179060376654328e-02
4.688179060376654328e-02
4.688179060376654328e-02
4.688179060376654328e-02
4.688179060376654328e-02
4.688179060376654328e-02
4.688179060376654328e-02
4.688179060376654328e-02
4.688179060376654328e-02
4.688179060376654328e-02
4.688179060376654328e-02
1.133507745866835226e-02
1.133507745866835226e-02
1.133507745866835226e-02
1.133507745866835226e-02
1.133507745866835226e-02
1.133507745866835226e-02
1.133507745866835226e-02
1.133507745866835226e-02
1.133507745866835226e-02
1.133507745866835226e-02
1.133507745866835226e-02
1.133507745866835226e-02
1.133507745866835226e-02
1.133507745866835226e-02
1.133507745866835226e-02
1.133507745866835226e-02
1.133507745866835226e-02
1.133507745866835226e-02
1.133507745866835226e-02
1.133507745866835226e-02
1.133507745866835226e-02
1.133507745866835226e-02
1.133507745866835226e-02
1.133507745866835226e-02
1.133507745866835226e-02
1.133507745866835226e-02
1.133507745866835226e-02
1.133507745866835226e-02
1.133507745866835226e-02
1.133507745866835226e-02
1.133507745866835226e-02
1.133507745866835226e-02
1.133507745866835226e-02
1.133507745866835226e-02
1.133507745866835226e-02
1.133507745866835226e-02
1.133507745866835226e-02
1.133507745866835226e-02
1.133507745866835226e-02
1.133507745866835226e-02
1.133507745866835226e-02
1.133507745866835226e-02
1.133507745866835226e-02
1.133507745866835226e-02
1.133507745866835226e-02
1.133507745866835226e-02
1.133507745866835226e-02
1.133507745866835226e-02
1.133507745866835226e-02
1.133507745866835226e-02
7.223454348414061477e-02
7.223454348414061477e-02
7.223454348414061477e-02
7.223454348414061477e-02
7.223454348414061477e-02
7.223454348414061477e-02
7.223454348414061477e-02
7.223454348414061477e-02
7.223454348414061477e-02
7.223454348414061477e-02
7.223454348414061477e-02
7.223454348414061477e-02
7.223454348414061477e-02
7.223454348414061477e-02
7.223454348414061477e-02
7.223454348414061477e-02
7.223454348414061477e-02
7.223454348414061477e-02
7.223454348414061477e-02
7.223454348414061477e-02
7.223454348414061477e-02
7.223454348414061477e-02
7.223454348414061477e-02
7.223454348414061477e-02
7.223454348414061477e-02
7.223454348414061477e-02
7.223454348414061477e-02
7.223454348414061477e-02
7.223454348414061477e-02
7.223454348414061477e-02
7.223454348414061477e-02
7.223454348414061477e-02
7.223454348414061477e-02
7.223454348414061477e-02
7.223454348414061477e-02
7.223454348414061477e-02
7.223454348414061477e-02
7.223454348414061477e-02
7.223454348414061477e-02
7.223454348414061477e-02
7.223454348414061477e-02
7.223454348414061477e-02
7.223454348414061477e-02
7.223454348414061477e-02
7.223454348414061477e-02
7.223454348414061477e-02
7.223454348414061477e-02
7.223454348414061477e-02
7.223454348414061477e-02
7.223454348414061477e-02
5.265792072743438745e-02
5.265792072743438745e-02
5.265792072743438745e-02
5.265792072743438745e-02
5.265792072743438745e-02
5.265792072743438745e-02
5.265792072743438745e-02
5.265792072743438745e-02
5.265792072743438745e-02
5.265792072743438745e-02
5.265792072743438745e-02
5.265792072743438745e-02
5.265792072743438745e-02
5.265792072743438745e-02
5.265792072743438745e-02
5.265792072743438745e-02
5.265792072743438745e-02
5.265792072743438745e-02
5.265792072743438745e-02
5.265792072743438745e-02
5.265792072743438745e-02
5.265792072743438745e-02
5.265792072743438745e-02
5.265792072743438745e-02
5.265792072743438745e-02
5.265792072743438745e-02
5.265792072743438745e-02
5.265792072743438745e-02
5.265792072743438745e-02
5.265792072743438745e-02
5.265792072743438745e-02
5.265792072743438745e-02
5.265792072743438745e-02
5.265792072743438745e-02
5.265792072743438745e-02
5.265792072743438745e-02
5.265792072743438745e-02
5.265792072743438745e-02
5.265792072743438745e-02
5.265792072743438745e-02
5.265792072743438745e-02
5.265792072743438745e-02
5.265792072743438745e-02
5.265792072743438745e-02
5.265792072743438745e-02
5.265792072743438745e-02
5.265792072743438745e-02
5.265792072743438745e-02
5.265792072743438745e-02
5.265792072743438745e-02
7.234319988230199228e-02
7.234319988230199228e-02
7.234319988230199228e-02
7.234319988230199228e-02
7.234319988230199228e-02
7.234319988230199228e-02
7.234319988230199228e-02
7.234319988230199228e-02
7.234319988230199228e-02
7.234319988230199228e-02
7.234319988230199228e-02
7.234319988230199228e-02
7.234319988230199228e-02
7.234319988230199228e-02
7.234319988230199228e-02
7.234319988230199228e-02
7.234319988230199228e-02
7.234319988230199228e-02
7.234319988230199228e-02
7.234319988230199228e-02
7.234319988230199228e-02
7.234319988230199228e-02
7.234319988230199228e-02
7.234319988230199228e-02
7.234319988230199228e-02
7.234319988230199228e-02
7.234319988230199228e-02
7.234319988230199228e-02
7.234319988230199228e-02
7.234319988230199228e-02
7.234319988230199228e-02
7.234319988230199228e-02
7.234319988230199228e-02
7.234319988230199228e-02
7.234319988230199228e-02
7.234319988230199228e-02
7.234319988230199228e-02
7.234319988230199228e-02
7.234319988230199228e-02
7.234319988230199228e-02
7.234319988230199228e-02
7.234319988230199228e-02
7.234319988230199228e-02
7.234319988230199228e-02
7.234319988230199228e-02
7.234319988230199228e-02
7.234319988230199228e-02
7.234319988230199228e-02
7.234319988230199228e-02
7.234319988230199228e-02
6.196151856374564060e-02
6.196151856374564060e-02
6.196151856374564060e-02
6.196151856374564060e-02
6.196151856374564060e-02
6.196151856374564060e-02
6.196151856374564060e-02
6.196151856374564060e-02
6.196151856374564060e-02
6.196151856374564060e-02
6.196151856374564060e-02
6.196151856374564060e-02
6.196151856374564060e-02
6.196151856374564060e-02
6.196151856374564060e-02
6.196151856374564060e-02
6.196151856374564060e-02
6.196151856374564060e-02
6.196151856374564060e-02
6.196151856374564060e-02
6.196151856374564060e-02
6.196151856374564060e-02
6.196151856374564060e-02
6.196151856374564060e-02
6.196151856374564060e-02
6.196151856374564060e-02
6.196151856374564060e-02
6.196151856374564060e-02
6.196151856374564060e-02
6.196151856374564060e-02
6.196151856374564060e-02
6.196151856374564060e-02
6.196151856374564060e-02
6.196151856374564060e-02
6.196151856374564060e-02
6.196151856374564060e-02
6.196151856374564060e-02
6.196151856374564060e-02
6.196151856374564060e-02
6.196151856374564060e-02
6.196151856374564060e-02
6.196151856374564060e-02
6.196151856374564060e-02
6.196151856374564060e-02
6.196151856374564060e-02
6.196151856374564060e-02
6.196151856374564060e-02
6.196151856374564060e-02
6.196151856374564060e-02
6.196151856374564060e-02
4.928206194218413133e-02
4.928206194218413133e-02
4.928206194218413133e-02
4.928206194218413133e-02
4.928206194218413133e-02
4.928206194218413133e-02
4.928206194218413133e-02
4.928206194218413133e-02
4.928206194218413133e-02
4.928206194218413133e-02
4.928206194218413133e-02
4.928206194218413133e-02
4.928206194218413133e-02
4.928206194218413133e-02
4.928206194218413133e-02
4.928206194218413133e-02
4.928206194218413133e-02
4.928206194218413133e-02
4.928206194218413133e-02
4.928206194218413133e-02
4.928206194218413133e-02
4.928206194218413133e-02
4.928206194218413133e-02
4.928206194218413133e-02
4.928206194218413133e-02
4.928206194218413133e-02
4.928206194218413133e-02
4.928206194218413133e-02
4.928206194218413133e-02
4.928206194218413133e-02
4.928206194218413133e-02
4.928206194218413133e-02
4.928206194218413133e-02
4.928206194218413133e-02
4.928206194218413133e-02
4.928206194218413133e-02
4.928206194218413133e-02
4.928206194218413133e-02
4.928206194218413133e-02
4.928206194218413133e-02
4.928206194218413133e-02
4.928206194218413133e-02
4.928206194218413133e-02
4.928206194218413133e-02
4.928206194218413133e-02
4.928206194218413133e-02
4.928206194218413133e-02
4.928206194218413133e-02
4.928206194218413133e-02
4.928206194218413133e-02
3.507018508505311410e-02
3.507018508505311410e-02
3.507018508505311410e-02
3.507018508505311410e-02
3.507018508505311410e-02
3.507018508505311410e-02
3.507018508505311410e-02
3.507018508505311410e-02
3.507018508505311410e-02
3.507018508505311410e-02
3.507018508505311410e-02
3.507018508505311410e-02
3.507018508505311410e-02
3.507018508505311410e-02
3.507018508505311410e-02
3.507018508505311410e-02
3.507018508505311410e-02
3.507018508505311410e-02
3.507018508505311410e-02
3.507018508505311410e-02
3.507018508505311410e-02
3.507018508505311410e-02
3.507018508505311410e-02
3.507018508505311410e-02
3.507018508505311410e-02
3.507018508505311410e-02
3.507018508505311410e-02
3.507018508505311410e-02
3.507018508505311410e-02
3.507018508505311410e-02
3.507018508505311410e-02
3.507018508505311410e-02
3.507018508505311410e-02
3.507018508505311410e-02
3.507018508505311410e-02
3.507018508505311410e-02
3.507018508505311410e-02
3.507018508505311410e-02
3.507018508505311410e-02
3.507018508505311410e-02
3.507018508505311410e-02
3.507018508505311410e-02
3.507018508505311410e-02
3.507018508505311410e-02
3.507018508505311410e-02
3.507018508505311410e-02
3.507018508505311410e-02
3.507018508505311410e-02
3.507018508505311410e-02
3.507018508505311410e-02
0.000000000000000000e+00
