# bin_4_4
1.420413390206265493e-08
1.423135802779489827e-08
1.425905582698585271e-08
1.428719419952079427e-08
1.431585817911806374e-08
1.434501783271290819e-08
1.437468061710575470e-08
1.439457148751597174e-08
1.443309811730292346e-08
1.446445278150123728e-08
1.449851431242835266e-08
1.453080680042524777e-08
1.456364851472983781e-08
1.459704737070800770e-08
1.463101134697844150e-08
1.466554848279083039e-08
1.470066903484393026e-08
1.473637723761394215e-08
1.477268310436845420e-08
1.480959496972114289e-08
1.484712115595842542e-08
1.488527003326976737e-08
1.492405003562148543e-08
1.496346964896782554e-08
1.500353740247817487e-08
1.504426187632364707e-08
1.508565170354031652e-08
1.512769766983130639e-08
1.521380041914848243e-08
1.521389101679272409e-08
1.525803021602323929e-08
1.530287874966209177e-08
1.534844538681725821e-08
1.539473893122732977e-08
1.544176817496769069e-08
1.548954190007083606e-08
1.553806894737381856e-08
1.558735825380701449e-08
1.563741876254042533e-08
1.568825939522210674e-08
1.573988907174532681e-08
1.579231670278743333e-08
1.584555127439996705e-08
1.589974485867843057e-08
1.595458495347262545e-08
1.601018613227826885e-08
1.606673773025568763e-08
1.612414058558944284e-08
1.618240193081831736e-08
1.624152708923040348e-08
1.630152892842803676e-08
1.636239583997417310e-08
1.642422403370599924e-08
1.648691395314684869e-08
1.655051415602090565e-08
1.661503296354781219e-08
1.666749547775306386e-08
1.673369698287199674e-08
1.681416274061064869e-08
1.688246073214956715e-08
1.695169506974800548e-08
1.702189604104017079e-08
1.709307098488022935e-08
1.716522716000996468e-08
1.723837160321992088e-08
1.731251098511398214e-08
1.738765167692095258e-08
1.746391032989400585e-08
1.754114305541589374e-08
1.761914285884927466e-08
1.769835363522352525e-08
1.777859814956328507e-08
1.785993931935856210e-08
1.794227004073048867e-08
1.802562261237541693e-08
1.811000269946459634e-08
1.819548263112057956e-08
1.828203390327797490e-08
1.836965138767619647e-08
1.845836301005728092e-08
1.854812391877972945e-08
1.863920958609123228e-08
1.873088167162480766e-08
1.882388278570680809e-08
1.891796742149960923e-08
1.900849359487877831e-08
1.910936593452752305e-08
1.920671215913500012e-08
1.930517336457541340e-08
1.940469408747776681e-08
1.950530122466434047e-08
1.960699535454883409e-08
1.970977602398652107e-08
1.981264465975311804e-08
1.991865261815684572e-08
2.002463185647160130e-08
2.013169630549703738e-08
2.023990395322782045e-08
2.034914879447787480e-08
2.045945524964224617e-08
2.057088001623216634e-08
2.068336099451778761e-08
2.079669473307525139e-08
2.090063072356405566e-08
2.101021164457863808e-08
2.114328294533589530e-08
2.126085062032659998e-08
2.137940214163061704e-08
2.149900477498550673e-08
2.161955394644835805e-08
2.174103627657181240e-08
2.186347007509491319e-08
2.198688872343778831e-08
2.211123822960626494e-08
2.223650204659629418e-08
2.236266448979427908e-08
2.248970983362257085e-08
2.261762199807664266e-08
2.274642279518070987e-08
2.287601739930862400e-08
2.300644000136588924e-08
2.313759297066268408e-08
2.326956348054852107e-08
2.340144830436001065e-08
2.351502757219915907e-08
2.367191989988561193e-08
2.380467039425501349e-08
2.394014195750972732e-08
2.407623973031407367e-08
2.421293436524942986e-08
2.435019363629488716e-08
2.448798823222452163e-08
2.462633264620828608e-08
2.476523304907509569e-08
2.490446690469732458e-08
2.504402075950918390e-08
2.518397553896724072e-08
2.532432631170445225e-08
2.546498693412380838e-08
2.560927241162047018e-08
2.574708259139635753e-08
2.588843360996733698e-08
2.602993181968731903e-08
2.617154864113746474e-08
2.631321913557440520e-08
2.645490373994614168e-08
2.659679299159813798e-08
2.673836414548751507e-08
2.687963977728673622e-08
2.702095977136973844e-08
2.716206495865605996e-08
2.730290127503844165e-08
2.744341673693196176e-08
2.758401191145022069e-08
2.770446044919673466e-08
2.786768579353223928e-08
2.800129737691894700e-08
2.813944367913216101e-08
2.827694005858792538e-08
2.841383980573395719e-08
2.854988082915995552e-08
2.866774586757567051e-08
2.881931557117785393e-08
2.895270328784158747e-08
2.908508796815327871e-08
2.921640305258701924e-08
2.934657737099184691e-08
2.947555594120034538e-08
2.960331456259425228e-08
2.972969263120481965e-08
2.985460362363963509e-08
2.997810316965171474e-08
3.010005473588700664e-08
3.021365348466887123e-08
3.033907091347605827e-08
3.045596981459394607e-08
3.057104808297830385e-08
3.068422574502349317e-08
3.079551154933325165e-08
3.090462736101982978e-08
3.101166559320185846e-08
3.111645812514930912e-08
3.121909867984056278e-08
3.131930869265506120e-08
3.141700556733863238e-08
3.151228601361788407e-08
3.160498254477796678e-08
3.169507650418775719e-08
3.178237237325602581e-08
3.186695234465738330e-08
3.194842683716071150e-08
3.202706601099952424e-08
3.210266406966131813e-08
3.218817284563846501e-08
3.224457043322955640e-08
3.231045833572739475e-08
3.237311609873643899e-08
3.243236014523308750e-08
3.248810881292048945e-08
3.254027824526121039e-08
3.258878169516106596e-08
3.263355777935687493e-08
3.267468676374831915e-08
3.271168121856007310e-08
3.274487363140240232e-08
3.277423465384957520e-08
3.278968294840364248e-08
3.282030710092866147e-08
3.283704886059434864e-08
3.284953332646341177e-08
3.285768190070320774e-08
3.286143047103888358e-08
3.286071300957074777e-08
3.285546636541274814e-08
3.284567827060081333e-08
3.283119839756783921e-08
3.281205783710437569e-08
3.278817843545362228e-08
3.275952147504889243e-08
3.272604393785412455e-08
3.268763463013293962e-08
3.264433344095274739e-08
3.259606643465163894e-08
3.253181167595607406e-08
3.248450042130810866e-08
3.242115744185537554e-08
3.235268148384557422e-08
3.227908176262767916e-08
3.220033988336609731e-08
3.211642630977907124e-08
3.202731967084032552e-08
3.193301102313915904e-08
3.183348640265066464e-08
3.171612666769202258e-08
3.161873952523603123e-08
3.150354329524771212e-08
3.138310808848384615e-08
3.125743882902596703e-08
3.112656371179467533e-08
3.099050355889686923e-08
3.084927789123326333e-08
3.070287998315567302e-08
3.055133768367295374e-08
3.039470887157198284e-08
3.023303328184474461e-08
3.006632487653205093e-08
2.989461394260359833e-08
2.970344168324444906e-08
2.954352983510904786e-08
2.935012249884575129e-08
2.915901143204821641e-08
2.896318094130230500e-08
2.876272455557753816e-08
2.855771943615994562e-08
2.834821412027716529e-08
2.813430328122197247e-08
2.790337119438378873e-08
2.769361135975499792e-08
2.746702420196734138e-08
2.723639011988542865e-08
2.700181859925503876e-08
2.676341568358278227e-08
2.652130730016953239e-08
2.627559353165228878e-08
2.602639697748482705e-08
2.577384147003234537e-08
2.551799048852023779e-08
2.525910268523993742e-08
2.498444201575573846e-08
2.473262257537066019e-08
2.446518571459477705e-08
2.419526699378580731e-08
2.392295200868976043e-08
2.364839001315968880e-08
2.337172583569444259e-08
2.308099526224905528e-08
2.281273547131874038e-08
2.253071411572640238e-08
2.224722936431193532e-08
2.196243353825982899e-08
2.167648950724659239e-08
2.138956351567531062e-08
2.110181697902542988e-08
2.081341561167642457e-08
2.052452624681115473e-08
2.023530601863897702e-08
1.993567822796112401e-08
1.965654895913210994e-08
1.936733282493343143e-08
1.907844266877643758e-08
1.879003363446295387e-08
1.850226021012293979e-08
1.821528790814564994e-08
1.792926067213121975e-08
1.764432981213883408e-08
1.736063990243939047e-08
1.707833018790177068e-08
1.679754103400215098e-08
1.651840217418628570e-08
1.624104578510581668e-08
1.596559086637059413e-08
1.569216423793355847e-08
1.543039266875438160e-08
1.515181172493852947e-08
1.488511142378612418e-08
1.462086174084142529e-08
1.435914288347924668e-08
1.410003883594129671e-08
1.383654650400397383e-08
1.359000535698449023e-08
1.333921030042148366e-08
1.309130127010277568e-08
1.284633299377639395e-08
1.260435036202916478e-08
1.237168232040612006e-08
1.212948263638172666e-08
1.189665266553527896e-08
1.166691789752890858e-08
1.144029085323708805e-08
1.121063275494113344e-08
1.099640495926577005e-08
1.077912121653886823e-08
1.056494209402705656e-08
1.035385465959553707e-08
1.014584142633727956e-08
9.940880862214986410e-09
9.738947600390121765e-09
9.540012919158515989e-09
9.344045319687102436e-09
9.151013978274622184e-09
8.960873730357163937e-09
8.768802612245046350e-09
8.589143723062590726e-09
8.407470172996154321e-09
8.228539161043663479e-09
8.052311374042933321e-09
7.878748100810117248e-09
7.707809053991750078e-09
7.539463358254863989e-09
7.373674314056067523e-09
7.210406841826301994e-09
7.049632791158023911e-09
6.891322989968253658e-09
6.731870134351155102e-09
6.581993864371921850e-09
6.430929818042383884e-09
6.282240902879160412e-09
6.135911995677869193e-09
5.991930912566031852e-09
5.850288667329574921e-09
5.710979263987636390e-09
5.573999996892574417e-09
5.439351048277329541e-09
5.307035134846078901e-09
5.177057126794858081e-09
5.049423921473158431e-09
4.921727914731694082e-09
4.801228397667853062e-09
4.680686727723098103e-09
4.562530351244241013e-09
4.446770314831288446e-09
4.333417148292460610e-09
4.222479989877826084e-09
4.113966205751550208e-09
4.007880854403509516e-09
3.904223362628387554e-09
3.802998196682644725e-09
3.704197406517914483e-09
3.607811797732842210e-09
3.513827588625706280e-09
3.422226155365385544e-09
3.332984022434036361e-09
3.246072585234551175e-09
3.161460543861399750e-09
3.080421395791702121e-09
2.998963345279787704e-09
2.920989995018223554e-09
2.845133103137158814e-09
2.771338203352149754e-09
2.699548394589728998e-09
2.629705234052479065e-09
2.561749202068913463e-09
2.495620339846581960e-09
2.431259213331946099e-09
2.368607601375125536e-09
2.307609160961849377e-09
2.248209858067029281e-09
2.190358420211306457e-09
2.134006979546219826e-09
2.079111223411597171e-09
2.025630504281061595e-09
1.973527975236960862e-09
1.922770378195345855e-09
1.873327884670373665e-09
1.825173723113483674e-09
1.778283670319139098e-09
1.732635482712391043e-09
1.688208126393267586e-09
1.644981102404433487e-09
1.602933921951729609e-09
1.562045478178740119e-09
1.522293478227179393e-09
1.483654144003161850e-09
1.446101242864492488e-09
1.409609896330395424e-09
1.374151020180318601e-09
1.339695363286308177e-09
1.306213007036720735e-09
1.273673856482317910e-09
1.242047992063057111e-09
1.211305963610210161e-09
1.181419175524751992e-09
1.152360212853043586e-09
1.124102964825214410e-09
1.096622676600879147e-09
1.069895962975808921e-09
1.043900808573375632e-09
1.018616477019548290e-09
9.940232398718442926e-10
9.701021941742214036e-10
9.468350586291409989e-10
9.242039566331084868e-10
9.021912007594382777e-10
8.807791314973771143e-10
8.599500684474180910e-10
8.396863522736312287e-10
8.199703711583082564e-10
8.007849626145068495e-10
7.821124670633162396e-10
7.639365419652788172e-10
7.462411758979054462e-10
7.290110205629036889e-10
7.122314214435107654e-10
6.958883987469977368e-10
6.799685623043817494e-10
6.644590130043932251e-10
6.493472369210294934e-10
6.346210088481660702e-10
6.202683334449727193e-10
6.062774080424104310e-10
5.926366344848149938e-10
5.793345848220369072e-10
5.663602995808966269e-10
5.537029543065898902e-10
5.413521632618742521e-10
5.292979417527142895e-10
5.175307153343908139e-10
5.060413091754519785e-10
4.948209299529173553e-10
4.838611449579026642e-10
4.731538550017815126e-10
4.626912664778013656e-10
4.524658715762031485e-10
4.424705727762313715e-10
4.326981118369300905e-10
4.231418990922375042e-10
4.137954433105137224e-10
4.046524868506820483e-10
3.957069996048812019e-10
3.869531737201223822e-10
3.783854182146136670e-10
3.699983452284719216e-10
3.617867947036412359e-10
3.537457872695034287e-10
3.458705424927281034e-10
3.381564712937653205e-10
3.305991712616189722e-10
3.231944210930641619e-10
3.159381747224894184e-10
3.088265582348521873e-10
3.018558647974125234e-10
2.950225485665562967e-10
2.883232188311710116e-10
2.817546337155895684e-10
2.753136929653973124e-10
2.689974313226186096e-10
2.628030131231793561e-10
2.567278079062463958e-10
2.507690507670208115e-10
2.449243414000870588e-10
2.391913012080457709e-10
2.335675752275585790e-10
2.280511369070567010e-10
2.226393819377309404e-10
2.173311906763973381e-10
2.121241969503304920e-10
2.070165595850970140e-10
2.020065113037637958e-10
1.970923523847892752e-10
1.922724550197921839e-10
1.875452470985178223e-10
1.829092163696900521e-10
1.783629045051712341e-10
1.739049048519801874e-10
1.695338575682713281e-10
1.652484468399130346e-10
1.610473982889672358e-10
1.569294752722338850e-10
1.528934762524807954e-10
1.489382322699127484e-10
1.450626042318091128e-10
1.412654797154713715e-10
1.375457720885356433e-10
1.339024174003209757e-10
1.303343722807316785e-10
1.268406120441879522e-10
1.234201291068336999e-10
1.200719308186944322e-10
1.167950378494396529e-10
1.135884800287125573e-10
1.104513064154918733e-10
1.073825667525001391e-10
1.043813217738722333e-10
1.014466392883412814e-10
9.857759286077739622e-11
9.577326127699543642e-11
9.303272765878696214e-11
9.035507822105710480e-11
8.773940257464906923e-11
8.518479290994296403e-11
8.269034323077277826e-11
8.025514899112321507e-11
7.787830716798623499e-11
7.555891561094488187e-11
7.329607260112687465e-11
7.108887764863455762e-11
6.893642719242335085e-11
6.683783033913427983e-11
6.479218456824762944e-11
6.279859251816292566e-11
6.085615776665582829e-11
5.896398451226581410e-11
5.712117942156758540e-11
5.532685047733188328e-11
5.358010754025067137e-11
5.188020620062785165e-11
5.022597115747494661e-11
4.861667450011951998e-11
4.705142168474384755e-11
4.552934603930915487e-11
4.404956479202921644e-11
4.261123614779135011e-11
4.121348644787902519e-11
3.985545954003847354e-11
3.853630605273155915e-11
3.725518254528178950e-11
3.601125231638143575e-11
3.480368575316355415e-11
3.363166006565227801e-11
3.249436140269452761e-11
3.139098383338333595e-11
3.032072997403119437e-11
2.928281147543230825e-11
2.827644312022530591e-11
2.730086654550533946e-11
2.635531651789324873e-11
2.543904350738487324e-11
2.455130826823800381e-11
2.369138167669282970e-11
2.285854669258742156e-11
2.205209688478165018e-11
2.127133721643512004e-11
2.051558334287055497e-11
1.978416346152219251e-11
1.907641155442228040e-11
1.839169155916190381e-11
1.772936033927092835e-11
1.708879341706215824e-11
1.646937886370100041e-11
1.587051659808153245e-11
1.529161802479552069e-11
1.473210721401326223e-11
1.419142073545521250e-11
1.366900698201830842e-11
1.316432547236376380e-11
1.267684284851290370e-11
1.220605633726128014e-11
1.175145543937091643e-11
1.131254758413590504e-11
1.088885312326083517e-11
1.047990339217259479e-11
1.008524028950245897e-11
9.704418560585266249e-12
9.337003751858972955e-12
8.982564836816899480e-12
8.640703472676461083e-12
8.311011061581026525e-12
7.993095809699246767e-12
7.686577248229789643e-12
7.391085311026502829e-12
7.106258892337967173e-12
6.831748047503951736e-12
6.567204926670190892e-12
6.312312706655596317e-12
6.066742752522507502e-12
5.830182237266946489e-12
5.602327553180770998e-12
5.382884676243157599e-12
5.171566846655743261e-12
4.968097472337658979e-12
4.772194827310937899e-12
4.583622813317974815e-12
4.402115695837634195e-12
4.227427903275381872e-12
4.059321916806827342e-12
3.897566834915522354e-12
3.741939793747199571e-12
3.592215891609309553e-12
3.448202753664270124e-12
3.309688814193425241e-12
3.176477775395098437e-12
3.048379864557697706e-12
2.925210866424407264e-12
2.806784523802173072e-12
2.692946680444726399e-12
2.583521674540054500e-12
2.478348847699254458e-12
2.377272618781042421e-12
2.280142562560183328e-12
2.186813493487968979e-12
2.097136177672482327e-12
2.010993218062506017e-12
1.928244309427196020e-12
1.848762972086281325e-12
1.772427076441394609e-12
1.699114277615649970e-12
1.628717296120234350e-12
1.561124346165082237e-12
1.496231863309094965e-12
1.433932645446256470e-12
1.374130521143696730e-12
1.316730318122365771e-12
1.261640245045392308e-12
1.208771775610127615e-12
1.158039551500195967e-12
1.109361310988112740e-12
1.062656282134448846e-12
1.017851007954561683e-12
9.748683908414570155e-13
9.336402931069997700e-13
8.940970253744433135e-13
8.561719138528309398e-13
8.198027531675451487e-13
7.849293202985209608e-13
7.514896737652185433e-13
7.194306916206331270e-13
6.886961309012337865e-13
6.592334867649373415e-13
6.306570872969084750e-13
6.036059972079779622e-13
5.776797857431451160e-13
5.528332824342936822e-13
5.290237835960336220e-13
5.062098596299461529e-13
4.843516518915725267e-13
4.634103531462975211e-13
4.433479235462915039e-13
4.241298569516442911e-13
4.057219100789355011e-13
3.880913156917930850e-13
3.712063989135274797e-13
3.551904777266511402e-13
3.396960094028798591e-13
3.248595483984096909e-13
3.106542502336994487e-13
2.970540878817787577e-13
2.840324809340220759e-13
2.715674245345027985e-13
2.595776394628182992e-13
2.481656357198626889e-13
2.372440307674355448e-13
2.267910507845637577e-13
2.167852278216281783e-13
2.072101108521862668e-13
1.980475170979325610e-13
1.892805527862635246e-13
1.808930163784254740e-13
1.728713930855465200e-13
1.652012321090338786e-13
1.578459932912407689e-13
1.508283920797767447e-13
1.441004175413079787e-13
1.376796928762986316e-13
1.315264809630868553e-13
1.256552280767402552e-13
1.200561967152749236e-13
1.146854545645370225e-13
1.095533843943956865e-13
1.046024151441281481e-13
9.990557986892847706e-14
9.541521339436330086e-14
9.112352764356377998e-14
8.702541611163016794e-14
8.310397443957213893e-14
7.935159824897109048e-14
7.576952929589396769e-14
7.234656847588944302e-14
6.907527255470532960e-14
6.595290233107589155e-14
6.296573084515721993e-14
6.010837253132456381e-14
5.738436557959821467e-14
5.477924171550231779e-14
5.229000101582811886e-14
4.991189314713496487e-14
4.764025102595382515e-14
4.546993178651405733e-14
4.339678145563759173e-14
4.141674213339408330e-14
3.952510009453390553e-14
3.771865842623296763e-14
3.599342080079970547e-14
3.434556812750660753e-14
3.277229891608839678e-14
3.126973609968215441e-14
2.983514453209964861e-14
2.846557153293163877e-14
2.715806138578850979e-14
2.590955774488984358e-14
2.471794203482148384e-14
2.358032697935423538e-14
2.249416203162962954e-14
2.145738457815107882e-14
2.046744836605411815e-14
1.952250384027198870e-14
1.862050039779350741e-14
1.775926423564646422e-14
1.693729953064236649e-14
1.615247636662459355e-14
1.540330909647288297e-14
1.468802485173682155e-14
1.400545653343249712e-14
1.335381270514722221e-14
1.273201106055450669e-14
1.213857640899793206e-14
1.157221077566567575e-14
1.103181527979280837e-14
1.051588177116699239e-14
1.002360265877780452e-14
9.553617962480474896e-15
9.105180567554447644e-15
8.677103462954313965e-15
8.268479062083719262e-15
7.878315570064428442e-15
7.506009729768182094e-15
7.150598814866843523e-15
6.811414481885809031e-15
6.487664028519524482e-15
6.178585805456090235e-15
5.883666917130779744e-15
5.602049122144458956e-15
5.333255064210652674e-15
5.076726752831152915e-15
4.831819200405001817e-15
4.598054245340278174e-15
4.374895093713755440e-15
4.161862249690611648e-15
3.958475188791961742e-15
3.764356124972171555e-15
3.579037684499445960e-15
3.402108180994717619e-15
3.233192040523224235e-15
3.071988148194733615e-15
2.918060601420920540e-15
2.771139251445700848e-15
2.630900159258084390e-15
2.497048439168038598e-15
2.369261969508671600e-15
2.247291658735192860e-15
2.130847064638017013e-15
2.019691225112602069e-15
1.913606744796887390e-15
1.812344682125334582e-15
1.715713081426712006e-15
1.623507906988686797e-15
1.535471296214359111e-15
1.451490886241788631e-15
1.371363647826736717e-15
1.294936519380456384e-15
1.222044153129998001e-15
1.152497504688088093e-15
1.086234872431342095e-15
1.023023033196970889e-15
9.628371524637488855e-16
9.054443913901405233e-16
8.507774837386670776e-16
7.987635309833653511e-16
7.492139247847957705e-16
7.021028789862598812e-16
6.573027415312558829e-16
6.146704424317486481e-16
5.741709462237053401e-16
5.356901717802278307e-16
4.991936502234244057e-16
4.645322219643772219e-16
4.316456504391260467e-16
4.005169356827213051e-16
3.710046997622147474e-16
3.430680033165383722e-16
3.166583025550433733e-16
