# bin_3_2
1.151270570506979568e-08
1.153236822158218795e-08
1.155236304317184464e-08
1.157266924994189726e-08
1.159333993454538425e-08
1.161435721995092671e-08
1.163572591146798014e-08
1.165745082501083933e-08
1.167953680299514881e-08
1.170198871850528517e-08
1.172481146917846314e-08
1.174800997214758826e-08
1.177158916323937645e-08
1.179555400024858463e-08
1.181990945864847213e-08
1.184466443542784131e-08
1.186981517214028440e-08
1.189537288397651037e-08
1.192134128260986198e-08
1.195200030357230208e-08
1.197892547082232588e-08
1.200176131837321885e-08
1.202942307573682949e-08
1.205752078889649386e-08
1.208605950354931515e-08
1.211504426598376450e-08
1.214448012452658371e-08
1.217437211530983583e-08
1.220472681551788649e-08
1.223553459758510251e-08
1.228395910070709008e-08
1.229859363832076742e-08
1.233084260336223855e-08
1.236357767799896782e-08
1.239680365305156147e-08
1.243052525641495504e-08
1.246474722046690501e-08
1.249947431901607059e-08
1.253471127849588160e-08
1.257046274983860764e-08
1.260673332782149299e-08
1.264352754421493839e-08
1.268084995134123582e-08
1.271870504079886048e-08
1.275709718277866964e-08
1.279603066762673569e-08
1.283550968305748070e-08
1.287553822712898860e-08
1.291610246905996686e-08
1.295723553102447804e-08
1.299892911921551981e-08
1.304118906208680347e-08
1.308405653646789980e-08
1.312745998489295571e-08
1.317143756630678280e-08
1.321764092860965050e-08
1.326267265505344497e-08
1.330826001088179682e-08
1.335315431770460664e-08
1.340004899196926569e-08
1.344753202968281091e-08
1.349561088616350729e-08
1.354428513531949242e-08
1.359355651636745098e-08
1.364342650110759362e-08
1.369389615359893965e-08
1.374496619644896075e-08
1.379663842988374749e-08
1.384891061421776575e-08
1.390178352217414447e-08
1.395526263864526202e-08
1.400934570421465158e-08
1.406409795153595035e-08
1.411936373911163454e-08
1.417523021573625433e-08
1.423169777792009200e-08
1.428879377008090724e-08
1.434648321189381998e-08
1.440476460973976387e-08
1.446363838685612345e-08
1.452310197116380374e-08
1.458314799521435135e-08
1.464378350224098029e-08
1.470499894163256070e-08
1.476679000464141799e-08
1.482915217494302058e-08
1.489208183637117608e-08
1.495556966220039227e-08
1.501961539530856706e-08
1.508420892903823830e-08
1.514934385481997493e-08
1.520355963637001675e-08
1.528121474782356980e-08
1.534799661733117266e-08
1.541521657910689899e-08
1.548293700611296416e-08
1.555114973531758252e-08
1.561987091361947960e-08
1.568906602513521989e-08
1.575872397578024801e-08
1.582883374976838755e-08
1.589967645027556731e-08
1.597036810873667165e-08
1.603077781850618269e-08
1.611357368452112735e-08
1.618576911034912233e-08
1.625833986697669329e-08
1.633127294095281060e-08
1.640455034818901552e-08
1.647815979517047460e-08
1.655208453618887425e-08
1.662627115050668356e-08
1.670076930497529555e-08
1.677552210762830163e-08
1.685051389603051778e-08
1.692572489362098046e-08
1.700113544306294790e-08
1.707671987653400738e-08
1.715247003461589193e-08
1.722835905891977967e-08
1.730436347781091220e-08
1.737855110522674963e-08
1.745661147598337570e-08
1.753281482358055296e-08
1.760904114792985621e-08
1.768526120473467239e-08
1.776143159953554268e-08
1.783754976646584922e-08
1.791358025738631276e-08
1.798704163229301288e-08
1.806526280245562894e-08
1.814083577828734012e-08
1.821621161907272069e-08
1.829134537893430290e-08
1.836622000764768624e-08
1.844079369765351185e-08
1.851504111141630896e-08
1.858891011413362619e-08
1.866237864204370146e-08
1.873540981056211401e-08
1.880796149540765673e-08
1.888001352836799068e-08
1.895152422663698963e-08
1.902962507294092066e-08
1.909275288848343560e-08
1.916244872290480873e-08
1.923135965863247171e-08
1.929957929049648290e-08
1.936702977638361653e-08
1.943366980788637087e-08
1.949945473681960814e-08
1.956433965467933319e-08
1.962828228330352589e-08
1.969129025405871865e-08
1.971692916453611791e-08
1.981412999408994642e-08
1.987391520056160526e-08
1.993254886915102765e-08
1.998998276166705427e-08
2.004612841158819575e-08
2.010104373232047589e-08
2.015464190219419996e-08
2.020686996699750375e-08
2.025767642490946010e-08
2.030701685056518012e-08
2.035484882299422217e-08
2.040117931407748352e-08
2.044582536512873933e-08
2.048887623683752833e-08
2.052567537950604154e-08
2.056990736566773152e-08
2.063089188993682990e-08
2.063623904788393094e-08
2.067791174507532639e-08
2.071010398810978648e-08
2.074038125095076705e-08
2.076869119430516892e-08
2.079484594555569253e-08
2.081896603374409699e-08
2.083828799302228837e-08
2.086081481184666684e-08
2.087833328658840005e-08
2.089363058485509364e-08
2.090662687633754075e-08
2.091727860097342029e-08
2.092553311903275419e-08
2.093140291618327419e-08
2.093469592750266600e-08
2.093553264238187211e-08
2.093382354611377302e-08
2.092952908513634186e-08
2.092261207973316368e-08
2.091309294891233268e-08
2.089336295152386482e-08
2.088584347036679119e-08
2.086810330020252375e-08
2.084753530625522738e-08
2.082425582411770199e-08
2.079807482052051073e-08
2.076523191395129815e-08
2.073708744062597695e-08
2.070223897062066796e-08
2.066445139990686665e-08
2.062369339260934781e-08
2.057540285299108259e-08
2.053323053942851514e-08
2.048349903344155800e-08
2.043073402044662826e-08
2.037492429185864968e-08
2.031606978271312675e-08
2.025416172888343391e-08
2.018919156664246067e-08
2.012114922747652117e-08
2.005002793478371387e-08
1.998720220569906647e-08
1.989858651010145081e-08
1.981826090430696530e-08
1.973487339554405782e-08
1.964843301277804526e-08
1.955894994774742811e-08
1.946637877865031161e-08
1.937085288136096354e-08
1.927232748944047928e-08
1.916532076578197948e-08
1.906111373735569080e-08
1.895410288333450788e-08
1.884870947679299523e-08
1.873555216356307718e-08
1.861955704345916118e-08
1.850075505628836949e-08
1.837918788149451453e-08
1.825925727087543969e-08
1.812790521696300092e-08
1.799828146384641250e-08
1.786606152657912698e-08
1.773129661400307292e-08
1.759404009028469733e-08
1.745434043293894871e-08
1.731226068544521961e-08
1.716785517462121747e-08
1.702118429413255136e-08
1.687231612273238269e-08
1.672131143445009189e-08
1.656824012661401208e-08
1.641317434998569436e-08
1.625618279426228036e-08
1.609734170105876129e-08
1.593672790820495007e-08
1.577441576955406215e-08
1.561048961223840787e-08
1.544502795821045428e-08
1.527811490302766778e-08
1.510983621475218889e-08
1.493571950104751551e-08
1.476952452064703511e-08
1.459766881326187878e-08
1.442314646622942329e-08
1.425100030662503490e-08
1.407636898994238698e-08
1.390099371373804509e-08
1.372496740914456771e-08
1.354838136644030393e-08
1.337132827320554359e-08
1.319390085484448207e-08
1.301619108474394591e-08
1.283829099682095697e-08
1.266029273933549989e-08
1.248228647744343407e-08
1.230436308936603286e-08
1.212661157376514823e-08
1.194912058806119342e-08
1.177197717747512793e-08
1.159526758342266016e-08
1.141907550784680449e-08
1.124348360596315707e-08
1.106857217811705171e-08
1.089441965763031804e-08
1.072110213428429048e-08
1.054869399132416322e-08
1.037726661812029774e-08
1.020688950482781767e-08
1.003762960494119118e-08
9.869551211059791159e-09
9.702715791950339511e-09
9.537181800128053863e-09
9.373004854475786295e-09
9.210237358427469745e-09
9.048928610941180069e-09
8.889124569404881493e-09
8.730868096718041678e-09
8.574198624967809853e-09
8.419152237342112228e-09
8.265761565587275947e-09
8.112667326691794293e-09
7.964061008559768178e-09
7.815799790852723466e-09
7.669291683873122394e-09
7.524553207240425454e-09
7.381598251878225754e-09
7.240437678142283737e-09
7.101079981305916729e-09
6.963531312544385733e-09
6.826519861823293337e-09
6.693874551109900159e-09
6.561768104572596514e-09
6.431474105498986269e-09
6.302988594760630488e-09
6.176305972883428968e-09
6.051870028437309038e-09
5.927103982603543825e-09
5.807451384971561227e-09
5.687887315449091681e-09
5.569689017432532505e-09
5.453626172827470439e-09
5.339290297277477048e-09
5.226667421831687852e-09
5.115743437362265346e-09
5.006504099783722559e-09
4.898935259758938496e-09
4.791871716688798621e-09
4.688753364571984039e-09
4.586113342778942618e-09
4.485415463830335975e-09
4.385990569688259124e-09
4.287844487282087472e-09
4.191600970739326856e-09
4.096929473610801110e-09
4.003820501044678333e-09
3.912237281668767824e-09
3.822229656443012192e-09
3.733759818160820738e-09
3.646820910659369807e-09
3.561406756271032213e-09
3.477511953003770861e-09
3.395131291089643985e-09
3.314260251680749286e-09
3.234226891070695459e-09
3.157053512309669519e-09
3.080686396780359244e-09
3.005811377401550586e-09
2.932423643741154043e-09
2.860517862638581191e-09
2.790088192156361247e-09
2.720480100824008922e-09
2.653856908575774754e-09
2.587806501572113107e-09
2.523199607239636105e-09
2.461060597833826524e-09
2.398272154032586647e-09
2.337927303088177879e-09
2.278976280621116993e-09
2.221403755521163158e-09
2.165193356405006182e-09
2.110327498887151446e-09
2.056787649630264290e-09
2.003949153367489528e-09
1.952971897123553364e-09
1.903933501545807769e-09
1.855487850978971675e-09
1.808270980785954162e-09
1.762252802161960663e-09
1.717410207956707211e-09
1.673719753659860836e-09
1.631157773336062809e-09
1.589700269484417046e-09
1.549322949092711796e-09
1.510001374857279892e-09
1.471711004299833289e-09
1.434427177387664187e-09
1.398125223968100186e-09
1.362780168777051778e-09
1.328368202681555226e-09
1.294864875260649281e-09
1.262246369165241607e-09
1.230489421043165596e-09
1.199571400946162330e-09
1.169470386850611536e-09
1.140165338179871911e-09
1.111636048714897248e-09
1.083863161845764235e-09
1.056828593099861915e-09
1.030513550604956355e-09
1.004901623930101450e-09
9.799760875161630625e-10
9.557207408265698144e-10
9.321194513793905835e-10
9.091569234204509991e-10
8.868173285494968589e-10
8.650851540331385508e-10
8.439448499552796989e-10
8.233751062093260769e-10
8.033720070728800038e-10
7.839142851635959517e-10
7.649866646665133410e-10
7.465740773192698815e-10
7.289957478221533419e-10
7.112351742162782461e-10
6.942829747415000847e-10
6.777863926784567737e-10
6.617347196587380399e-10
6.461150213411379980e-10
6.311896185702386100e-10
6.163862841080709700e-10
6.019940469736544238e-10
5.879787264042958170e-10
5.743210386352669866e-10
5.607411467344371704e-10
5.478103002270556869e-10
5.352189207400021717e-10
5.229567588076732886e-10
5.110137828657340020e-10
4.993802146688041335e-10
4.883021229376270929e-10
4.772538697217835439e-10
4.660669327391653762e-10
4.557524003498286840e-10
4.455273323282932473e-10
4.355581057813038100e-10
4.258367706327901535e-10
4.163556839229611673e-10
4.071074544820486986e-10
3.980849307287298081e-10
3.892811564075530193e-10
3.806893594844560108e-10
3.723029272857344331e-10
3.641154085353597878e-10
3.561205158710513517e-10
3.483121349399071462e-10
3.406843520185374132e-10
3.332314631622518588e-10
3.259479868649186699e-10
3.188286653862836501e-10
3.118684634780806958e-10
3.050625619563246021e-10
2.984063369409295902e-10
2.918953456823102060e-10
2.855253100847694066e-10
2.792921015751123300e-10
2.731917312699417202e-10
2.672203423899909333e-10
2.613742108625691942e-10
2.556497443429260742e-10
2.500434828386550846e-10
2.445521016438480136e-10
2.391724120080647358e-10
2.339013595731938271e-10
2.287360198733023803e-10
2.236735947944345566e-10
2.187114059606918190e-10
2.138468887534041704e-10
2.090775862633512809e-10
2.044011432314298654e-10
1.998153006066947824e-10
1.953178940677621606e-10
1.909068472583523502e-10
1.865801707015463772e-10
1.823359581900656516e-10
1.781723850065342783e-10
1.740877043738347484e-10
1.700802443887951871e-10
1.661484052940967187e-10
1.622906559237610958e-10
1.585055304083598060e-10
1.547916246651301627e-10
1.511475930483433975e-10
1.475721447888362780e-10
1.440640416269488705e-10
1.406220947015010732e-10
1.372451617090679155e-10
1.339321443648671386e-10
1.306819861728704122e-10
1.274936697623782322e-10
1.243662143970219090e-10
1.212986729635793801e-10
1.182901329532357886e-10
1.153397094901302776e-10
1.124465463171047735e-10
1.096098129900825426e-10
1.068296789119163896e-10
1.041033870345742285e-10
1.014384053614184394e-10
9.881937683484312528e-11
9.625294960666829097e-11
9.373841041195832157e-11
9.127506002698206151e-11
8.886221191180475061e-11
8.649919116686395588e-11
8.418533318675273130e-11
8.191998246252498251e-11
7.970249184959381136e-11
7.753222028552945258e-11
7.540853700000225211e-11
7.333081258300786614e-11
7.129842387022144632e-11
6.931075175479722133e-11
6.736718033954840971e-11
6.546709709827429682e-11
6.360989178865358566e-11
6.179495608509401354e-11
6.002168333651881140e-11
5.828946816607398507e-11
5.659770594197626329e-11
5.494579327280916423e-11
5.333312731589126787e-11
5.175910567674178942e-11
5.022312451745504850e-11
4.872458608563871180e-11
4.726287620737535527e-11
4.583741636382827870e-11
4.444759198005831523e-11
4.309280896551546333e-11
4.177246536406195224e-11
4.048596296446928700e-11
3.923270461165631300e-11
3.801209408887377149e-11
3.682353666723950996e-11
3.566643924649828194e-11
3.454021007117676832e-11
3.344425991625210525e-11
3.237800203779730633e-11
3.134085212352267976e-11
3.033222859487145505e-11
2.935155323745155129e-11
2.839825107426058404e-11
2.747175038144230855e-11
2.657148386081390702e-11
2.569688465311584287e-11
2.484740227567893497e-11
2.402247864684360406e-11
2.322156493694220631e-11
2.244411746662386415e-11
2.168959746684746232e-11
2.095747289160429411e-11
2.024721723932369521e-11
1.955831004389015977e-11
1.889023728563701371e-11
1.824249140329680280e-11
1.761457093395163779e-11
1.700598227319449687e-11
1.641623855367683550e-11
1.584485668117502939e-11
1.529137096406967765e-11
1.475531259457269144e-11
1.424080824289212301e-11
1.373806726823841473e-11
1.325141771368526095e-11
1.278042373561375791e-11
1.232465445787138380e-11
1.188368515355721737e-11
1.145710086974897934e-11
1.104450678811078314e-11
1.064551467803276867e-11
1.025973776345420492e-11
9.886794287513552123e-12
9.526308485034234736e-12
9.177913287912390224e-12
8.841255275969787208e-12
8.515994631417430963e-12
8.201795071013027851e-12
7.898324114673172868e-12
7.605255054229414275e-12
7.322267755645813807e-12
7.049051480216961260e-12
6.785308999671411914e-12
6.530752539324983449e-12
6.285096779510788853e-12
6.048061452057713564e-12
5.819371858182292833e-12
5.598760518617395801e-12
5.385969244681978185e-12
5.180748960889313668e-12
4.982835725456933032e-12
4.792043105797560702e-12
4.608111295904146721e-12
4.430812516870741189e-12
4.259926246834175687e-12
4.095241778138896415e-12
3.936556976428549209e-12
3.783672075703987003e-12
3.636391271401357961e-12
3.494523635267326453e-12
3.357884317139986738e-12
3.226295480546978179e-12
3.099588030408869598e-12
2.977597402798965399e-12
2.860161226270877489e-12
2.747120643714004597e-12
2.638316592775243039e-12
2.533602927817966149e-12
2.432836773382002933e-12
2.335882352324920846e-12
2.242606220835356162e-12
2.152877469937403596e-12
2.066568454209232606e-12
1.983555541063051742e-12
1.903720217065652484e-12
1.826950300348592587e-12
1.753137886786565539e-12
1.682176597626149226e-12
1.613962947368525626e-12
1.548396712534431056e-12
1.485377900304104266e-12
1.424811085980558159e-12
1.366609980819352890e-12
1.310687973110646158e-12
1.256960168775703612e-12
1.205309879018590605e-12
1.155727808785376543e-12
1.108101855223270097e-12
1.062360081708677481e-12
1.018433942434735558e-12
9.762559781809901138e-13
9.357604980627081986e-13
8.968837031152190621e-13
8.595591456945290908e-13
8.237279686356619740e-13
7.893351464918725711e-13
7.563262966700694892e-13
7.246480160309681808e-13
6.942488162350839894e-13
6.650794693811943691e-13
6.370926927429627407e-13
6.102435210043539808e-13
5.844891727972301405e-13
5.597875879513941380e-13
5.360955561755242273e-13
5.133706772907623517e-13
4.915768444209468816e-13
4.706770479708336501e-13
4.506366085891866959e-13
4.314226669229178884e-13
4.130029718827838041e-13
3.950748018050701561e-13
3.782901523464523307e-13
3.620716756781430010e-13
3.465277608453047114e-13
3.316300543199632195e-13
3.173555231248343249e-13
3.036759193670306334e-13
2.905699740411921808e-13
2.780134175136231231e-13
2.659835485713791844e-13
2.544595822960623454e-13
2.434216616027636289e-13
2.328492607817836938e-13
2.227234406343571789e-13
2.130260004838902229e-13
2.037394510102635245e-13
1.948469874365543287e-13
1.863324633522988854e-13
1.781818166959538209e-13
1.703772697167727840e-13
1.629059489702343728e-13
1.557541148881253522e-13
1.489085666522099630e-13
1.423566391317692978e-13
1.360849842849797740e-13
1.300844129941774684e-13
1.243405695068506497e-13
1.188459422621156632e-13
1.135875440327788736e-13
1.085568568348973176e-13
1.037430822962569863e-13
9.913885204937657043e-14
9.470245492018751807e-14
9.049376431053565575e-14
8.646846660574197466e-14
8.261839500670424260e-14
7.893630117147582404e-14
7.541521840582554044e-14
7.204781991907661084e-14
6.882817724580138589e-14
6.574655790877104972e-14
6.279881296214039460e-14
5.998162895386512082e-14
5.728806677392965759e-14
5.471281411417346008e-14
5.222429826376082468e-14
4.987700331279069594e-14
4.763529732071678474e-14
4.549386779988301018e-14
4.344346689768908527e-14
4.148326668400722634e-14
3.960948525936710233e-14
3.781062400395705245e-14
3.609765626391497903e-14
3.446053240746046372e-14
3.289677161033396230e-14
3.140305937197060022e-14
2.997550865133267763e-14
2.861189260545307743e-14
2.730954121854642577e-14
2.606526319658764062e-14
2.487677747174235548e-14
2.374173789655661376e-14
2.265771075164029918e-14
2.162225329946306819e-14
2.063341990289250281e-14
1.968890697492406862e-14
1.878707644975450553e-14
1.792571938450196592e-14
1.710334188628917347e-14
1.631798825128492292e-14
1.556807522729504763e-14
1.485200719622204043e-14
1.416822728232466578e-14
1.351539270430763336e-14
1.289191271344812559e-14
1.229673668145032641e-14
1.172837524116629136e-14
1.118588080851828187e-14
1.066799543599862437e-14
1.017342338414206696e-14
9.701422772898322366e-15
9.250827212574910817e-15
8.820803822719262881e-15
8.410302058885759053e-15
8.018476413358690421e-15
7.644455047792011931e-15
7.287431610965706043e-15
6.946643121575447365e-15
6.621356525811443440e-15
6.310839288273165276e-15
6.014368938191113685e-15
5.731452587955732444e-15
5.461343564872106578e-15
5.203433804870523011e-15
4.957419664414257428e-15
4.722443259987185429e-15
4.498170497919525490e-15
4.284059900473503955e-15
4.079696733399349360e-15
3.884596157441490537e-15
3.698441744484103786e-15
3.520722722613801516e-15
3.351055536579771745e-15
3.189106230416335301e-15
3.034577232243003912e-15
2.887051088068919037e-15
2.746259977941559550e-15
2.611802958317391459e-15
2.483532457828238612e-15
2.361039681981778202e-15
2.244111042160529392e-15
2.132556785751728703e-15
2.026070527548642454e-15
1.924425749716023455e-15
1.827425129289845212e-15
1.734827027481988504e-15
1.646456324138428411e-15
1.562151063514536811e-15
1.481669046800364044e-15
1.404902034939173341e-15
1.331635238584459855e-15
1.261723986207052827e-15
1.195046755564855327e-15
1.131436413802758974e-15
1.070714905064269585e-15
1.012842421160014897e-15
9.576429892287959424e-16
9.049900791249194817e-16
8.547915024784770717e-16
8.069750276817867419e-16
7.613591169425508215e-16
7.179013429883112556e-16
6.764962375992636840e-16
6.370617512075769560e-16
5.995074689872355357e-16
5.637567740735410482e-16
5.297467431978054267e-16
4.973645727821721192e-16
4.665782436402520945e-16
4.373354259929204940e-16
4.095124918477253977e-16
3.830961311542497489e-16
3.580146054996339613e-16
3.342082174501566982e-16
3.116635392429999280e-16
2.902893444646382640e-16
2.700381410520785315e-16
2.508873900374076332e-16
2.327746511253881142e-16
2.156619983232688467e-16
1.995262545917248352e-16
1.843321648637766237e-16
1.700315543908356826e-16
1.565746039726569593e-16
1.439433198812920599e-16
1.321159101893924496e-16
1.210438859855102040e-16
1.106956973967138153e-16
1.010483620079365439e-16
9.206031580215656761e-17
8.370195430659407692e-17
7.594501465827154906e-17
6.876043761027516394e-17
6.210470053738317176e-17
5.596721114301305405e-17
5.030489148316192868e-17
4.510424026985890300e-17
