# k_h
7.087839185260236263e-05
9.891876106848941609e-05
1.380522589897736907e-04
1.926674449350684610e-04
2.688890672288835049e-04
3.752649354282767123e-04
5.237244185991585255e-04
7.309162756428122520e-04
1.020075869746506214e-03
1.423630514182150147e-03
1.986836548894643784e-03
2.772853709757328033e-03
3.869829000905155702e-03
4.000997170805931091e-03
4.136611707508563995e-03
4.276822321116924286e-03
4.421785939484834671e-03
4.571662750095129013e-03
4.726619925349950790e-03
4.886829294264316559e-03
5.052468739449977875e-03
5.223722662776708603e-03
5.400781519711017609e-03
5.583841819316148758e-03
5.773106589913368225e-03
5.968786776065826416e-03
6.171099375933407870e-03
6.380269303917884827e-03
6.596529390662908554e-03
6.820119451731443405e-03
7.051288150250911713e-03
7.290292531251906481e-03
7.537398021668195724e-03
7.792878895998000231e-03
8.057019673287868500e-03
8.330113254487514496e-03
8.612463250756263733e-03
8.904383517801761627e-03
9.206198155879974365e-03
9.518243372440338135e-03
9.840865619480609894e-03
1.017442252486944199e-02
1.051928568631410599e-02
1.087583880871534348e-02
1.124447584152221680e-02
1.162560936063528234e-02
1.201966032385826111e-02
1.242706831544637680e-02
1.284828502684831619e-02
1.328377891331911087e-02
1.373403426259756262e-02
1.419955119490623474e-02
1.468084659427404404e-02
1.517845503985881805e-02
1.569293066859245300e-02
1.622484438121318817e-02
1.677478663623332977e-02
1.734337024390697479e-02
1.793122664093971252e-02
1.853900775313377380e-02
1.916738972067832947e-02
1.981706917285919189e-02
2.048877067863941193e-02
2.118324115872383118e-02
2.190124988555908203e-02
2.264359407126903534e-02
2.341110073029994965e-02
2.420462295413017620e-02
2.502504177391528736e-02
2.587326802313327789e-02
2.675024606287479401e-02
2.765694819390774120e-02
2.859438396990299572e-02
2.956359460949897766e-02
3.056565485894680023e-02
3.160168230533599854e-02
3.267282247543334961e-02
3.378027305006980896e-02
3.492525964975357056e-02
3.610905632376670837e-02
3.733297437429428101e-02
3.859838098287582397e-02
3.990667685866355896e-02
4.125931859016418457e-02
4.265780746936798096e-02
4.410370066761970520e-02
4.559860005974770286e-02
4.714417085051536560e-02
4.874212667346000671e-02
5.039424449205398560e-02
5.210236459970474243e-02
5.386837944388388894e-02
5.569425597786904075e-02
5.758201703429222107e-02
6.020714342594146729e-02
6.283226609230041504e-02
6.545739620923995972e-02
6.808251887559890747e-02
7.070764899253845215e-02
7.333277165889739990e-02
7.595790177583694458e-02
7.858302444219589233e-02
8.120814710855484009e-02
8.383327722549438477e-02
8.645839989185333252e-02
8.908353000879289108e-02
9.170865267515182495e-02
9.433377534151077271e-02
9.695890545845031738e-02
9.958402812480927901e-02
1.022091582417487959e-01
1.048342809081077576e-01
1.074594035744667053e-01
1.100845336914062500e-01
1.127096563577652116e-01
1.153347864747047286e-01
1.179599091410636902e-01
1.205850318074226379e-01
1.232101619243621826e-01
1.258352845907211304e-01
1.284604072570800781e-01
1.310855448246002197e-01
1.337106674909591675e-01
1.363357901573181152e-01
1.389609128236770630e-01
1.415860354900360107e-01
1.442111730575561523e-01
1.468362957239151001e-01
1.494614183902740479e-01
1.520865410566329956e-01
1.547116637229919434e-01
1.573368012905120850e-01
1.599619239568710327e-01
1.625870466232299805e-01
1.652121692895889282e-01
1.678372919559478760e-01
1.704624295234680176e-01
1.730875521898269653e-01
1.757126748561859131e-01
1.783377975225448886e-01
1.809629201889037808e-01
1.835880577564239224e-01
1.862131804227828979e-01
1.888383030891418457e-01
1.914634257555007935e-01
1.940885484218597412e-01
1.967136859893798828e-01
1.993388086557388306e-01
2.019639313220977783e-01
2.045890539884567538e-01
2.072141766548156461e-01
2.098393142223357877e-01
2.124644368886947632e-01
2.209618985652923584e-01
2.297992259263992310e-01
2.389899939298629761e-01
2.485483437776565829e-01
2.584889829158782959e-01
2.688271701335906982e-01
2.795788645744323730e-01
2.907605469226837158e-01
3.023894727230072021e-01
3.144834637641906738e-01
3.270611464977264404e-01
3.401418924331665039e-01
3.537457883358001709e-01
3.678937554359436035e-01
3.826075792312622070e-01
3.979099094867706299e-01
4.138242006301880438e-01
4.303750097751617432e-01
4.475877583026885431e-01
4.654889404773712158e-01
4.841060638427734375e-01
5.034677982330322266e-01
5.236038565635681152e-01
5.445452928543090820e-01
5.663242340087890625e-01
5.889742374420166016e-01
6.125301122665405273e-01
6.370281577110290527e-01
7.887046933174133301e-01
9.764954447746276855e-01
1.208999276161193848e+00
1.496862292289733887e+00
1.853265523910522461e+00
2.294528484344482422e+00
2.840856313705444336e+00
3.517264842987060547e+00
4.354726314544677734e+00
5.391587734222412109e+00
6.675325870513916016e+00
8.264722824096679688e+00
1.023255538940429688e+01
1.266892910003662287e+01
1.568540382385253906e+01
1.942010307312011719e+01
2.404403305053711293e+01
2.976892280578612926e+01
