# bin_2_2
6.108443824800300847e-08
6.141900126489984572e-08
6.172265139090708899e-08
6.203596064809258301e-08
6.235827222777912613e-08
6.267474442817787611e-08
6.298999964058937226e-08
6.330377554145674565e-08
6.361584436436535241e-08
6.392594793625519497e-08
6.423362548584087423e-08
6.454143880791315015e-08
6.484411922262882245e-08
6.514192373782360022e-08
6.543835124648282508e-08
6.573117335597536375e-08
6.602020393883824276e-08
6.630487588803338549e-08
6.658505022244761366e-08
6.686044869042017011e-08
6.712406769169814684e-08
6.739553220432666073e-08
6.766577714568904847e-08
6.790761446989498614e-08
6.815462091845656710e-08
6.839384446250653848e-08
6.862636315608457615e-08
6.885138872604369100e-08
6.906888527148782489e-08
6.927803103202652748e-08
6.947800144789697912e-08
6.966957140289129421e-08
6.985187540526985425e-08
7.002428872625130791e-08
7.018711048020532533e-08
7.033809033526538123e-08
7.051107493716373031e-08
7.061121091294830036e-08
7.073007765793225957e-08
7.083720320560850910e-08
7.093214842060456991e-08
7.101451953671586897e-08
7.108396817167211755e-08
7.114011933021633246e-08
7.118191264439391362e-08
7.121437229161810890e-08
7.122595103566638649e-08
7.122582474812145783e-08
7.121076115359638344e-08
7.118045480052248583e-08
7.113465038245276201e-08
7.107290906297996152e-08
7.098411296420000211e-08
7.090106153685671185e-08
7.079028234927332558e-08
7.066258389656633380e-08
7.051790074094948655e-08
7.035571064154582973e-08
7.017593793072484722e-08
6.997839869592075489e-08
6.976384063427641974e-08
6.952953155776103860e-08
6.927778248338035183e-08
6.900782670944460358e-08
6.872051109963873224e-08
6.840867090594690249e-08
6.808664827357472755e-08
6.774243758601914473e-08
6.737946497305208687e-08
6.699802434392351049e-08
6.659793173898635064e-08
6.617929853994800351e-08
6.574221483410300525e-08
6.528673503961733149e-08
6.481258981601723853e-08
6.432128996013197617e-08
6.381172585309796548e-08
6.328452631040836743e-08
6.273984836272552367e-08
6.217796994754099933e-08
6.159924748237211183e-08
6.100411873689526425e-08
6.039279022293546796e-08
5.976569361085053396e-08
5.912317923823226505e-08
5.846575433504941767e-08
5.779410208594941319e-08
5.710805079204078267e-08
5.640879548066222960e-08
5.569667072467623858e-08
5.497221171717847717e-08
5.423600509108946159e-08
5.348869802020301932e-08
5.273101125421107585e-08
5.196352320938144064e-08
5.118695145308442310e-08
5.040176853804978302e-08
4.960932043409584284e-08
4.880977599948118542e-08
4.800407917865102725e-08
4.719298655716012764e-08
4.637724755410366383e-08
4.555455844286807753e-08
4.474889704579474643e-08
4.391023330097501834e-08
4.308393086231947134e-08
4.225706450634126734e-08
4.143014064849341996e-08
4.060398798841143815e-08
3.978004194286680352e-08
3.895832988416043239e-08
3.813988656185432416e-08
3.732527073066730793e-08
3.651539963976710638e-08
3.571089639001661956e-08
3.491240864523446751e-08
3.412067622740369724e-08
3.333621144809119497e-08
3.255965573454658235e-08
3.179153418266653430e-08
3.103231668484803269e-08
3.028265082229511331e-08
2.954281484380389438e-08
2.881306535039354091e-08
2.809402126928364568e-08
2.738649902814383246e-08
2.668984295539646825e-08
2.600470653223126893e-08
2.533126347544523279e-08
2.466948723112120531e-08
2.402003519037124113e-08
2.338246032081153998e-08
2.275701160215374699e-08
2.214365873617774500e-08
2.154243185242836549e-08
2.095313192496074055e-08
2.037580569096349109e-08
1.981035391401103538e-08
1.925652230670234663e-08
1.871431939560971302e-08
1.818348612428303422e-08
1.766384185240842429e-08
1.715526330458679919e-08
1.665750568706400258e-08
1.617038505292440411e-08
1.569378110529988463e-08
1.522744088359281751e-08
1.477122706812999491e-08
1.432496353782648883e-08
1.388853916118367444e-08
1.346179161809014034e-08
1.304462149518410365e-08
1.263687986239473884e-08
1.223855608053134183e-08
1.184954775547512584e-08
1.146981130681027613e-08
1.109929931718441264e-08
1.073797392165962166e-08
1.038575958650707348e-08
1.004286176552902967e-08
9.709050357814034238e-09
9.384676477223314264e-09
9.068828714231134551e-09
8.762369797266940399e-09
8.464988545523198125e-09
8.176564700090259869e-09
7.897163155460776148e-09
7.626555625939657766e-09
7.364664827470622608e-09
7.111422344028185863e-09
6.866600423316117503e-09
6.630045388111934000e-09
6.401560213587355213e-09
6.180940010411891073e-09
5.967949919155193315e-09
5.762367499305457235e-09
5.563942693944168707e-09
5.372425734096423004e-09
5.187605636316859264e-09
5.009212142525774838e-09
4.837007742902778490e-09
4.670808474333606603e-09
4.510407384999184165e-09
4.355563274880997259e-09
4.206118306146567606e-09
4.061888286406566485e-09
3.922697678085913693e-09
3.788425715200583394e-09
3.658860601675383714e-09
3.533935382534332086e-09
3.413447014568794133e-09
3.297269489864019915e-09
3.185274786669793746e-09
3.077351538775039152e-09
2.973333330162785686e-09
2.873146437795166633e-09
2.776604359949839035e-09
2.683637338406897899e-09
2.594100160329688814e-09
2.507877736269540023e-09
2.424857194145333680e-09
2.344912650176146807e-09
2.267944965251328095e-09
2.193830673161617011e-09
2.122463629613840211e-09
2.053725322461643116e-09
1.987511612655591631e-09
1.923717678016223253e-09
1.862247414496084485e-09
1.803006878828802746e-09
1.745907608972213329e-09
1.690864607601109793e-09
1.637796108904399600e-09
1.586623805637404018e-09
1.537274761716227836e-09
1.489679978141611454e-09
1.443769661737255687e-09
1.399473377567834940e-09
1.356736391079935014e-09
1.315448307415909026e-09
1.275589924301222338e-09
1.237087046505922304e-09
1.199870239738112496e-09
1.163902071841028800e-09
1.129112381066217090e-09
1.095473299087307275e-09
1.062915195868241739e-09
1.031402975120144771e-09
1.000885928885043779e-09
9.713302342960214333e-10
9.426868698018524966e-10
9.149230373065037572e-10
8.879981845476672574e-10
8.618800315680808638e-10
8.364916809642973913e-10
8.119176890003968688e-10
7.880342772906067717e-10
7.648186933142725300e-10
7.422600950161239094e-10
7.203421388142152258e-10
6.990186828419943142e-10
6.782824045334740845e-10
6.581067752649425596e-10
6.384761630041395641e-10
6.193651216571019619e-10
6.007579576955155652e-10
5.826401945839342588e-10
5.649912872017318305e-10
5.477979694332269746e-10
5.310479977474978822e-10
5.147241879022898279e-10
4.988168135087785594e-10
4.833125099920555224e-10
4.682007274289914874e-10
4.534707952749021149e-10
4.391118572787569992e-10
4.251152834449775960e-10
4.114722090293914889e-10
3.981743477358779048e-10
3.852136019957087989e-10
3.725825345740943612e-10
3.602740513409106305e-10
3.482813797916348645e-10
3.365978494756994714e-10
3.252172955993398504e-10
3.141341266801299191e-10
3.033427585859762051e-10
2.928378474061658931e-10
2.826141944425751266e-10
2.726666276465447345e-10
2.629902443411693511e-10
2.535802604248631105e-10
2.444320026242501071e-10
2.355406797236035178e-10
2.269018164900290338e-10
2.185112111879855939e-10
2.103645648796963539e-10
2.024573638581150745e-10
1.947851848308346754e-10
1.873437599370434599e-10
1.801288711124304699e-10
1.731363205472808181e-10
1.663619273451539469e-10
1.598015705848110272e-10
1.534511543543083959e-10
1.473063785246137089e-10
1.413628921686833549e-10
1.356164403832482156e-10
1.300626995040468766e-10
1.246970408874662759e-10
1.195155594227807933e-10
1.145140295930656806e-10
1.096882230375524745e-10
1.050338573650588653e-10
1.005466669112379881e-10
9.622239853635174769e-11
9.205686823385351513e-11
8.804592464079654978e-11
8.418545566366010036e-11
8.047133133085703947e-11
7.689958020082642845e-11
7.346575158786802243e-11
7.016558222675202030e-11
6.699528894103360528e-11
6.395086975498281562e-11
6.102845547775773217e-11
5.822427202304669075e-11
5.553459196810445427e-11
5.295571824472031845e-11
5.048396711032503214e-11
4.811578334639268625e-11
4.584764273394743565e-11
4.367567593834384057e-11
4.159631010064897787e-11
3.960655465854807734e-11
3.770322224481823071e-11
3.588317925076440026e-11
3.414408444724237552e-11
3.248136820731219455e-11
3.089237980843857992e-11
2.937554980756831109e-11
2.792737581003018985e-11
2.654453189495427104e-11
2.522487575063805334e-11
2.396592715905601396e-11
2.276523235656692071e-11
2.162079776057823653e-11
2.052958952470407018e-11
1.948960505266960442e-11
1.849919711497120261e-11
1.755562976161571712e-11
1.665677063349063728e-11
1.580119231233744383e-11
1.498694982361829250e-11
1.421229128821839359e-11
1.347492062611085435e-11
1.277382034348353898e-11
1.210734857406682323e-11
1.147322196493338298e-11
1.087093892233335904e-11
1.029835562061995996e-11
9.754298399324254865e-12
9.237575102682828952e-12
8.746889941147248202e-12
8.280452151977210819e-12
7.838187445285002137e-12
7.418915983174871459e-12
7.020610367488902492e-12
6.642667932592459431e-12
6.284114885482593690e-12
5.944193292276934331e-12
5.621850108016902805e-12
5.316254467181043200e-12
5.026543950815707889e-12
4.752013900301481376e-12
4.491903386443583134e-12
4.245502099375563895e-12
4.012102316972916115e-12
3.791224618518589071e-12
3.581771471639758533e-12
3.383601298869531864e-12
3.196061903058211429e-12
3.018444577981814882e-12
2.850706059438990907e-12
2.691845422698900131e-12
2.541417149256696087e-12
2.399451599696344294e-12
2.265030561765548045e-12
2.137960706659182696e-12
2.017676699859181038e-12
1.904241273109751241e-12
1.796944477304377939e-12
1.695585861063987479e-12
1.599788664774798815e-12
1.509270744459369288e-12
1.423789565577074402e-12
1.343123218584937963e-12
1.266878563598045234e-12
1.194935414456677698e-12
1.127011492113610480e-12
1.062880873472949173e-12
1.002346546289429021e-12
9.452384044656098681e-13
8.914019610733456237e-13
8.405066757126017788e-13
7.925407340968862608e-13
7.472721597198590292e-13
7.046204662882019988e-13
6.643219088783614794e-13
6.264124772172458872e-13
5.906126734150107475e-13
5.568563867178384771e-13
5.250241029518724349e-13
4.950731169878559019e-13
4.667540713231917041e-13
4.400341178877035901e-13
4.148704470684594747e-13
3.911541216403681400e-13
3.687829674248300187e-13
3.477004868287346545e-13
