# bin_2_3
6.737880966443569175e-08
6.778798050981309506e-08
6.816730300485027428e-08
6.855748189425007845e-08
6.895803455163673705e-08
6.935371955912161769e-08
6.974945845562451993e-08
7.014490345533710855e-08
7.053982439677657505e-08
7.093395875472951535e-08
7.132683971240955304e-08
7.172102489356568673e-08
7.211123496722606697e-08
7.249771961989879085e-08
7.288396702646516601e-08
7.326773683324211258e-08
7.364882984519336541e-08
7.402666325944298908e-08
7.440108229484463694e-08
7.477230235331394598e-08
7.513170479992485154e-08
7.550060700169792985e-08
7.586930235955721391e-08
7.621042043826824761e-08
7.655772647461510106e-08
7.689816907442687499e-08
7.723279268125969305e-08
7.756068900803310060e-08
7.788205010371185713e-08
7.819575174924854313e-08
7.850101595235507279e-08
7.879857814400910810e-08
7.908752653545721223e-08
7.936714575846513929e-08
7.963622502903183734e-08
7.989709461032589848e-08
8.017894597854262603e-08
8.038811888529322313e-08
8.061645801639570487e-08
8.083332256855265134e-08
8.103820701472635328e-08
8.123064879762695958e-08
8.141022793586298846e-08
8.157649569578539192e-08
8.172830688079108863e-08
8.187060053252343051e-08
8.199179897568284482e-08
8.210092733731514985e-08
8.219468734821878360e-08
8.227268145097927278e-08
8.233455879007738032e-08
8.237978372413304006e-08
8.239712979476632728e-08
8.241931097341676588e-08
8.243408296268889235e-08
8.238809017036752702e-08
8.234521514675301047e-08
8.228346516843103482e-08
8.220264797695319163e-08
8.210284538438634166e-08
8.198352261522499186e-08
8.184297266200477207e-08
8.168300201522704338e-08
8.150271009777532145e-08
8.130286090296939361e-08
8.107596914235995153e-08
8.083649479359684345e-08
8.057214238317343326e-08
8.028622746249363235e-08
7.997890860507019200e-08
7.964992299135802771e-08
7.929904363635214764e-08
7.892641277271808855e-08
7.853170633357529619e-08
7.811501547968485278e-08
7.767721433181100574e-08
7.721720446180266198e-08
7.673547814390772673e-08
7.623205115259774042e-08
7.570706249922952357e-08
7.516072993566445336e-08
7.459332877305438366e-08
7.400503111422357074e-08
7.339603772368753910e-08
7.276660856846899671e-08
7.211713069678698911e-08
7.144817004659407825e-08
7.075944673066579584e-08
7.005204724423003494e-08
6.932620804788075583e-08
6.858237193360238205e-08
6.782103946201458908e-08
6.704278252923090056e-08
6.624825174305627408e-08
6.543796567244436787e-08
6.461259237370110273e-08
6.377256170191631835e-08
6.291919755902249742e-08
6.205264466789462309e-08
6.117384330674562520e-08
6.028355674119950554e-08
5.938255334935076132e-08
5.846857714892046878e-08
5.756579296239387884e-08
5.662373424805689997e-08
5.568836427481452493e-08
5.474667169181364168e-08
5.379926859173162878e-08
5.284710888755336036e-08
5.189176559192605261e-08
5.093342087978900016e-08
4.997328004038760639e-08
4.901208912421667463e-08
4.805096822774001575e-08
4.709075791482839885e-08
4.613233845950450901e-08
4.517669965623599803e-08
4.422461346682011953e-08
4.327699721156251269e-08
4.233467091310280979e-08
4.139837865794395172e-08
4.046910323301635473e-08
3.954743020589004693e-08
3.863403209744248231e-08
3.772959163076294281e-08
3.683552452635493589e-08
3.595142720176124551e-08
3.507829029348567779e-08
3.421662405322662448e-08
3.336673751115901485e-08
3.252960533313843926e-08
3.170510743598583362e-08
3.089381345695092391e-08
3.009594591184041012e-08
2.931186163805273041e-08
2.854159641772858699e-08
2.778545601835122036e-08
2.704356116779060231e-08
2.631594952031264845e-08
2.560252916374591436e-08
2.490346712257868533e-08
2.421961812358708843e-08
2.354794892896698700e-08
2.289128724387303619e-08
2.224848594105696029e-08
2.161943779183858988e-08
2.100387495958600390e-08
2.040160871781632788e-08
1.981240422160909638e-08
1.923605946640303217e-08
1.867230050182440793e-08
1.812090019826388873e-08
1.758156554354767146e-08
1.705413735309596331e-08
1.653835223067415207e-08
1.603400651171599455e-08
1.554089289339443732e-08
1.505882243510667249e-08
1.458757922821273306e-08
1.412724648005293380e-08
1.367748765484133733e-08
1.323859592358378005e-08
1.280953464022484600e-08
1.239120887838654517e-08
1.198328759324338811e-08
1.158568117221688219e-08
1.119851869492611250e-08
1.082165923755270423e-08
1.045514220498665400e-08
1.009903543549439255e-08
9.753265385970593242e-09
9.417842705537840044e-09
9.092739505566118629e-09
8.777917889217066653e-09
8.473299896081376253e-09
8.178804215156142939e-09
7.894297444586778634e-09
7.619619909602816832e-09
7.354608260074510986e-09
7.099015077986958951e-09
6.852578098673677660e-09
6.615057472399711140e-09
6.386150407256915940e-09
6.165494795073392359e-09
5.948614526582663682e-09
5.747668517028340713e-09
5.549811545600084425e-09
5.358918575676371007e-09
5.174619601095524973e-09
4.996705688901969680e-09
4.824827357907923334e-09
4.658815511272124685e-09
4.498411277053533745e-09
4.343483906452955879e-09
4.193831303395062098e-09
4.049377832933841282e-09
3.909952093444692467e-09
3.775495632339194201e-09
3.645884708125462652e-09
3.521021226972824401e-09
3.400800529113861847e-09
3.285092160501312791e-09
3.173779925720258162e-09
3.066705697398743130e-09
2.963715639645309290e-09
2.864630642789484449e-09
2.769280204893124706e-09
2.677489691903573052e-09
2.589096384259846655e-09
2.503944924629507725e-09
2.421894992483628708e-09
2.342818946420736610e-09
2.266602478986673035e-09
2.193142330426268892e-09
2.122347836432172437e-09
2.054136241586879730e-09
1.988422003109612489e-09
1.925114617093133563e-09
1.864137887765387752e-09
1.805341819892790086e-09
1.748687897913171007e-09
1.694063291599364069e-09
1.641367570023391654e-09
1.590533896699287025e-09
1.541467814726540024e-09
1.494116498536296386e-09
1.448387184900405357e-09
1.404224068665572457e-09
1.361557504539661324e-09
1.320335083596147877e-09
1.280484295149845951e-09
1.241953757704545714e-09
1.204683362398593300e-09
1.168622315039498202e-09
1.133715057889506370e-09
1.099914877716842134e-09
1.067174988806130889e-09
1.035450482712613547e-09
1.004689742101372576e-09
9.748794911119115349e-10
9.459513440816364979e-10
9.178955878508527349e-10
8.906439868695190771e-10
8.641855922618844305e-10
8.384880036658715867e-10
8.135199317053291967e-10
7.892615435467769209e-10
7.656699006005005266e-10
7.427200258074923731e-10
7.204064904982384641e-10
6.986904122183116254e-10
6.775656970932401186e-10
6.569960489828273621e-10
6.369644345529203023e-10
6.174647292596795908e-10
5.984721507360430573e-10
5.799734013770861088e-10
5.619524129836376687e-10
5.443959324131798755e-10
5.272902241015605853e-10
5.106230457502065549e-10
4.943826040634515583e-10
4.785578283007952467e-10
4.631379533967507351e-10
4.481130258093841308e-10
4.334740372800396450e-10
4.192120736190354428e-10
4.053188076977534121e-10
3.917862796253378180e-10
3.786066834019322584e-10
3.657727774189350444e-10
3.532775935167822706e-10
3.411144150879890576e-10
3.292766401933419377e-10
3.177580578488085998e-10
3.065529148167458900e-10
2.956555319067455407e-10
2.850600316396677835e-10
2.747607796331694908e-10
2.647524368378781008e-10
2.550297542346457530e-10
2.455876035899086823e-10
2.364209263129928663e-10
2.275247891940545281e-10
2.188943827920651049e-10
2.105246770505858610e-10
2.024106274460348200e-10
1.945473609655356600e-10
1.869299429832895238e-10
1.795531370462528229e-10
1.724124553091320816e-10
1.655030961725040714e-10
1.588202684133314507e-10
1.523591088015766906e-10
1.461147667918858740e-10
1.400823995426954070e-10
1.342572332632065016e-10
1.286345021849980655e-10
1.232094624341496153e-10
1.179773494477911006e-10
1.129335286602021203e-10
1.080728552901334399e-10
1.033903737793158128e-10
9.888203437103843916e-11
9.454219787401020122e-11
9.036678618367218488e-11
8.635116025727867273e-11
8.249074025817452526e-11
7.878101222704745643e-11
7.521750354821043490e-11
7.179572899111013173e-11
6.851102533712907298e-11
6.535922313243632548e-11
6.233614788269327880e-11
5.943752634359146242e-11
5.665918958432854509e-11
5.399721198288525249e-11
5.144759504288577517e-11
4.900649144911082240e-11
4.667014176580414984e-11
4.443479811705921332e-11
4.229640052529012804e-11
4.025165740058745684e-11
3.829720656287267938e-11
3.642930720181331359e-11
3.464476484078035987e-11
3.294049431528401246e-11
3.131339045512577691e-11
2.976046486129421197e-11
2.827881471052998237e-11
2.686523696361614110e-11
2.551692994193552820e-11
2.423146339058763598e-11
2.300624774536665479e-11
2.183879003006768093e-11
2.072671750749137185e-11
1.966770275702231292e-11
1.865908292740871417e-11
1.769904321166819145e-11
1.678551522496888967e-11
1.591605581050358096e-11
1.508891714116090939e-11
1.430234753567943538e-11
1.355459109485042277e-11
1.284391694244453422e-11
1.216807866383926238e-11
1.152590738633808207e-11
1.091589054723078890e-11
1.033658911505289099e-11
9.786641632453745622e-12
9.264463693867409360e-12
8.768784757554081984e-12
8.298368722777820463e-12
7.851976343116829128e-12
7.428539845185189343e-12
7.026891509131656553e-12
6.646401920245041039e-12
6.285023793861694607e-12
5.942816189569753049e-12
5.618198804773811731e-12
5.310999770596301414e-12
5.019771973114132464e-12
4.743661672272550616e-12
4.482748583104170021e-12
4.235395484262290407e-12
4.001189561205532204e-12
3.779537378927223295e-12
3.569687735443971316e-12
3.371024209273562954e-12
3.183307224760276866e-12
3.005600161327407393e-12
2.837802756077770395e-12
2.678640558791106215e-12
2.528379471813950975e-12
2.386326276656534858e-12
2.251993971859142962e-12
2.125136516804008919e-12
2.005142360638025960e-12
1.891847660666189580e-12
1.784823198658245284e-12
1.683757670817051805e-12
1.588262798888837277e-12
1.498110104268732418e-12
1.413025255225816890e-12
1.332635959903082578e-12
1.256640348375126456e-12
1.185127576784204785e-12
1.117583677607995530e-12
1.053827383131598874e-12
9.936879123529082497e-13
9.369389023806452054e-13
8.833923751226544593e-13
8.328976804281235515e-13
7.853412542725539447e-13
7.403664734707235786e-13
6.980208405987293102e-13
6.580819933937302191e-13
6.204344113711560848e-13
5.849293336501691872e-13
5.514660871290677928e-13
