# bin_2_5
7.948701113394162686e-08
8.003939776409303325e-08
8.056398957745308405e-08
8.110172081826164411e-08
8.165232572555232558e-08
8.220038275214559429e-08
8.275057638418569794e-08
8.330272253251361190e-08
8.385670853997054094e-08
8.441217565513174481e-08
8.496864595622606292e-08
8.552867307842094673e-08
8.608695200504200972e-08
8.664372814921612728e-08
8.720244973663812724e-08
8.776093362735551750e-08
8.831878013528694522e-08
8.887554530750548966e-08
8.943098944285336400e-08
8.998529688247646834e-08
9.052967157232302495e-08
9.108590287279266280e-08
9.164366414214264568e-08
9.217528218950250609e-08
9.271563689705722846e-08
9.325063177004250015e-08
9.378153829312729611e-08
9.430738457088809851e-08
9.482830196985051489e-08
9.534308856770123805e-08
9.585089127482630247e-08
9.635237316905952225e-08
9.684653621295795766e-08
9.733247582084806538e-08
9.780917932989854097e-08
9.827860448931752233e-08
9.877009141190767821e-08
9.918938492010804693e-08
9.962869602229849372e-08
1.000571126948052744e-07
1.004740061751708063e-07
1.008787863558960774e-07
1.012708311089749343e-07
1.016497633672016875e-07
1.020140728555282899e-07
1.023685918766454510e-07
1.027017374597272787e-07
1.030222057249848534e-07
1.033265924155808850e-07
1.036145343421576045e-07
1.038848889731686973e-07
1.041375563720171152e-07
1.043608943395778940e-07
1.045873111654684672e-07
1.048050555521937010e-07
1.049593922732545886e-07
1.051148395392395147e-07
1.052489663360818690e-07
1.053613655246001813e-07
1.054518960378769478e-07
1.055197978673123712e-07
1.055631107523296798e-07
1.055834290558149128e-07
1.055796034008747922e-07
1.055522432948701146e-07
1.054932626255619569e-07
1.054173456181523276e-07
1.053117152850097607e-07
1.051794011026670541e-07
1.050203462406604381e-07
1.048340212486684595e-07
1.046200015116979339e-07
1.043779639863754073e-07
1.041075224366316354e-07
1.038084199084233112e-07
1.034813006241345215e-07
1.031247704206947999e-07
1.027390684814018180e-07
1.023239482862893609e-07
1.018795165169458630e-07
1.014050565668566880e-07
1.009025629550308124e-07
1.003678818039492592e-07
9.980481943599692629e-08
9.921212050003831729e-08
9.859020176645707130e-08
9.793864229604362608e-08
9.725772195629660104e-08
9.654806674080412325e-08
9.581101574113765409e-08
9.504295859545089325e-08
9.424810210323624066e-08
9.342575922379213138e-08
9.257588909187505879e-08
9.169943676204205782e-08
9.079618676218117124e-08
8.986825182503334934e-08
8.888487943310691416e-08
8.793745458410503421e-08
8.693617553155185131e-08
8.591203011878163869e-08
8.486579464224196098e-08
8.379525480248013770e-08
8.271059146965130490e-08
8.160349012459085400e-08
8.047795858973843848e-08
7.933513465111185591e-08
7.817578293486426983e-08
7.700104599273336775e-08
7.581269925412467944e-08
7.461117709140335086e-08
7.339791188748656711e-08
7.217398924565703279e-08
7.094079579321482688e-08
6.969983534233555792e-08
6.845150855365249651e-08
6.719802955508580014e-08
6.594034936484272861e-08
6.467983671183957511e-08
6.341768241277465693e-08
6.215519682165595859e-08
6.089390536714749178e-08
5.963488918539868928e-08
5.837946169567969467e-08
5.712849142722735287e-08
5.588439515481372338e-08
5.464718461727462371e-08
5.341849339252722130e-08
5.219936815134722624e-08
5.099073890516292483e-08
4.979414880757353683e-08
4.861008654876248831e-08
4.743969569850936485e-08
4.628377038089198127e-08
4.514320474199690604e-08
4.401855455475045334e-08
4.291064986241903953e-08
4.182011404551693326e-08
4.074741842529899665e-08
3.969286240327493968e-08
3.866154233025515368e-08
3.764120769403813980e-08
3.664233206486827599e-08
3.566400211129376485e-08
3.470493827637291319e-08
3.376530704277231190e-08
3.284496880436046997e-08
3.194366640152617890e-08
3.106167484708718296e-08
3.019832684317481294e-08
2.935346050341587319e-08
2.852667728780996436e-08
2.771783373045869139e-08
2.692635476921911020e-08
2.615185962974432602e-08
2.539400567124137106e-08
2.465229028660822006e-08
2.392630771641558698e-08
2.321559564793209335e-08
2.251999143746405854e-08
2.183891767125613855e-08
2.117248140991231425e-08
2.051932092017059214e-08
1.988026569907315438e-08
1.925481142407568280e-08
1.864274378789947059e-08
1.804411472053123936e-08
1.745874356428103291e-08
1.688667770954722509e-08
1.632803004436274379e-08
1.578282168526467490e-08
1.525115004885535184e-08
1.473328401256231405e-08
1.422924364046508442e-08
1.373921496567427653e-08
1.326339220923917102e-08
1.280185140677374402e-08
1.235469864351545442e-08
1.192200616789467972e-08
1.150368240474631238e-08
1.109977487655375861e-08
1.071007319413168274e-08
1.033438803380723033e-08
9.972390459329686863e-09
9.623717725786940379e-09
9.287933220520376089e-09
8.964639159946288840e-09
8.653220527458648154e-09
8.353104995040088536e-09
8.063812646293343403e-09
7.784682928169216937e-09
7.515252873916288100e-09
7.254950814383780291e-09
7.003391640346010491e-09
6.760105105940020608e-09
6.524825270247503109e-09
6.297217042437672254e-09
6.077126365821455615e-09
5.864372343900783764e-09
5.658848989974230433e-09
5.460477918805764180e-09
5.269175613780065145e-09
5.084884010873460332e-09
4.907490813438880629e-09
4.736869533470486486e-09
4.572835405368436381e-09
4.415179797364801492e-09
4.263652642302039953e-09
4.117986324459953042e-09
3.977895587686692725e-09
3.843139011883084483e-09
3.713325868812190193e-09
3.588329800914536772e-09
3.467893623540019625e-09
3.351839566550725321e-09
3.240024191086633667e-09
3.132319387242658534e-09
3.028601689700354595e-09
2.928772056522526175e-09
2.832631243665198945e-09
2.740123975480875525e-09
2.651080544787560330e-09
2.565348535012524161e-09
2.482802360508611765e-09
2.403293575800867773e-09
2.326710049301231462e-09
2.252904067998204389e-09
2.181770705661146585e-09
2.113197067285952663e-09
2.047090341325099578e-09
1.983329386676777887e-09
1.921824777525243195e-09
1.862478804057712361e-09
1.805204903622515527e-09
1.749905786729654667e-09
1.696507771705958228e-09
1.644955127311884790e-09
1.595083549071872262e-09
1.546889257434866218e-09
1.500299110036695019e-09
1.455241271525883639e-09
1.411625344658974795e-09
1.369400161238720685e-09
1.328419914073983281e-09
1.288884478958093331e-09
1.250498722401530786e-09
1.213217921628617827e-09
1.177103129969547846e-09
1.142104431384403492e-09
1.108133535938623666e-09
1.075113158117021808e-09
1.043041263762626827e-09
1.011910344036352846e-09
9.816599016063999166e-10
9.522305142819553719e-10
9.236089588665127499e-10
8.957838311871549152e-10
8.687137104402519664e-10
8.423610251987478136e-10
8.167107881490063306e-10
7.917442245801662382e-10
7.674307799679875586e-10
7.437483647834279825e-10
7.206825948176582880e-10
6.982142992256245679e-10
6.763239201891004010e-10
6.549959736566672378e-10
6.342153667378538778e-10
6.139666875899299174e-10
5.942355652894111611e-10
5.750089711479297437e-10
5.562980053541276391e-10
5.380456662672712437e-10
5.202637756302451259e-10
5.029416920028837501e-10
4.860693498924455899e-10
4.696374630261737868e-10
4.536369629703396634e-10
4.380593124825271258e-10
4.228962701574758922e-10
4.081399705414507358e-10
3.937828184188987065e-10
3.798173593307519619e-10
3.662364960331440028e-10
3.530333011937817737e-10
3.402007942027987382e-10
3.277174244351009761e-10
3.156209764513928602e-10
3.038610233141662475e-10
2.924459717032759777e-10
2.813695197557522938e-10
2.706255153058752630e-10
2.602078524902291584e-10
2.501104154353140499e-10
2.403140316985837305e-10
2.308388118267724697e-10
2.216656553386799781e-10
2.127884690946872979e-10
2.042011210015870211e-10
1.958975414043834879e-10
1.878711352821714007e-10
1.801162573707885160e-10
1.726270366576117123e-10
1.653973486861954702e-10
1.584209597598249223e-10
1.516916579664865795e-10
1.452033148976922153e-10
1.389498976494276748e-10
1.329255375239343410e-10
1.271244195717820015e-10
1.215407532392746741e-10
1.161763722630029862e-10
1.110022912896393875e-10
1.060355793461253685e-10
1.012627066834189672e-10
9.667754538235823514e-11
9.227402252581292113e-11
8.804710076027620444e-11
8.399128319252407387e-11
8.010111244285851111e-11
7.637116950866900481e-11
7.279613196320346486e-11
6.937075904457494788e-11
6.608999059307279124e-11
6.294893997808552519e-11
5.994282873350719619e-11
5.706684351489551305e-11
5.431658763305882967e-11
5.168655670907564226e-11
4.917224585968934070e-11
4.676950965557519420e-11
4.447406550973815862e-11
4.228186770658136292e-11
4.018902932262025961e-11
3.819174661320200247e-11
3.628629566009110961e-11
3.446901587956913216e-11
3.273639837942642522e-11
3.108498647430649427e-11
2.951047849982287836e-11
2.800978281733121363e-11
2.658158147438161096e-11
2.522036257683392208e-11
2.392451430920079929e-11
2.269112672805634976e-11
2.151708295236061022e-11
2.040020109682132432e-11
1.933798661018562957e-11
1.832751479369298014e-11
1.736688174649979030e-11
1.645376232563528611e-11
1.558716989528972911e-11
1.476318939824291518e-11
1.398018587467584988e-11
1.323664272170095087e-11
1.253069846663942649e-11
1.186042292785479673e-11
1.122459882381979965e-11
1.062107505988029254e-11
1.004868556420928506e-11
9.505576077068892741e-12
8.990482713547034382e-12
8.502246731760292059e-12
8.039326915686693186e-12
7.600528115654093645e-12
7.184825990886021729e-12
6.790944468508611184e-12
6.417742888680571039e-12
6.064356232882762710e-12
5.729648632352935228e-12
5.412809438028084456e-12
5.112808832911556074e-12
4.828968571005796204e-12
4.560242307517966786e-12
4.306172582986748589e-12
4.065910873074691170e-12
3.838226285981822846e-12
3.623114405814955319e-12
3.419778907644949397e-12
3.227510108891008475e-12
3.045804934996448039e-12
2.874041344443607007e-12
2.711748270832246693e-12
2.558411123446885241e-12
2.413405578099305384e-12
2.276650886383538924e-12
2.147462697535384834e-12
2.025438488793132740e-12
1.910248688323881900e-12
1.801533584629075157e-12
1.698904110661925022e-12
1.601938744155559445e-12
1.510278980051527697e-12
1.424353923480175913e-12
1.342896682219211488e-12
1.266113090666733252e-12
1.193819077888140011e-12
1.125404344499962125e-12
1.060988672440799058e-12
1.000270890855181733e-12
