# bin_1_3
2.825625047205827613e-08
2.839969360978142180e-08
2.852937287161311847e-08
2.866382808038618208e-08
2.880008518767349067e-08
2.893436448942514597e-08
2.906776961144435013e-08
2.920017462395667204e-08
2.933147076297536692e-08
2.946156421704566068e-08
2.959014066395584878e-08
2.971862335365939525e-08
2.984323857688156373e-08
2.996721163093415366e-08
3.008929546661706061e-08
3.020937269485359398e-08
3.032735879888507244e-08
3.044298212031447649e-08
3.055618225248266529e-08
3.066683085083374753e-08
3.077276296552246445e-08
3.087982874337791965e-08
3.098675330387408443e-08
3.108081902383973309e-08
3.117669165316934615e-08
3.126848725967776149e-08
3.135691228271967850e-08
3.144153756961189503e-08
3.152235556695472033e-08
3.159898447687580924e-08
3.167103320797293932e-08
3.173889173501828499e-08
3.180215443324991975e-08
3.186182484041219480e-08
3.191345990500583434e-08
3.196262985826335072e-08
3.202156586041612484e-08
3.204366259833686462e-08
3.207149332380322380e-08
3.210242101962278586e-08
3.212308740433446008e-08
3.213771096018295001e-08
3.214614390633295433e-08
3.214822240665057431e-08
3.214350710248770256e-08
3.213555799515932128e-08
3.211522533248712886e-08
3.209064193044539090e-08
3.205903256498378026e-08
3.202027521579957312e-08
3.197427050373276254e-08
3.192083708108579179e-08
3.186039700534010556e-08
3.179152856606481248e-08
3.171538085566374163e-08
3.163144211851324588e-08
3.153970966144018658e-08
3.143996447182366000e-08
3.133219904430291298e-08
3.121635894403861604e-08
3.109287262544352803e-08
3.096033505709782745e-08
3.082001145621316389e-08
3.067153082577851563e-08
3.051506922780553848e-08
3.034877728453317785e-08
3.017645314618739854e-08
2.999490627054364823e-08
2.980521860208462227e-08
2.960738294322402809e-08
2.940140404593756409e-08
2.918736492301881592e-08
2.896534156247107501e-08
2.873539506234284822e-08
2.849744911766672126e-08
2.825219254629037103e-08
2.799919888031149370e-08
2.773875285124590529e-08
2.747098104858462088e-08
2.719617368947791677e-08
2.691414207867392322e-08
2.662546270385492183e-08
2.633018757275303303e-08
2.602852739887305830e-08
2.572066870427282571e-08
2.540687453807220712e-08
2.508751252134479798e-08
2.476244747331214484e-08
2.443233405284757070e-08
2.409732092756288095e-08
2.375767277782532758e-08
2.341369351711814576e-08
2.306564747420834440e-08
2.271393147813551912e-08
2.235880335165203312e-08
2.200060229871405531e-08
2.163963298629558199e-08
2.126285017463511377e-08
2.091084178984420430e-08
2.054369463910178092e-08
2.017517111670438005e-08
1.980561842873146304e-08
1.943517685865380735e-08
1.906478689558454187e-08
1.869424712415655862e-08
1.832405536063201987e-08
1.795455920790053049e-08
1.758611702736215894e-08
1.721915240510189035e-08
1.685362838442740240e-08
1.649025079053097696e-08
1.612921843770955129e-08
1.577071413870072617e-08
1.541514636846751083e-08
1.506274356797573396e-08
1.471376071781460844e-08
1.436846958285047546e-08
1.402706701491801076e-08
1.368979387643297846e-08
1.335699113690665875e-08
1.302837588504220380e-08
1.270458558114417693e-08
1.238561172042470680e-08
1.207160454395797602e-08
1.176258430362835068e-08
1.145884400236433545e-08
1.116028513923177213e-08
1.086704545056789694e-08
1.057913764084762041e-08
1.029665309452450085e-08
1.001950501523738067e-08
9.747784041726897338e-09
9.481470687641490016e-09
9.220500758903225334e-09
8.964988585037683329e-09
8.714524242130503424e-09
8.469408624797007803e-09
8.229470765723774467e-09
7.994626528802460207e-09
7.764837904758942109e-09
7.539998676969651879e-09
7.320030720017950547e-09
7.104875275614533279e-09
6.894448452552834292e-09
6.688666912479491991e-09
6.487478975973336501e-09
6.290785952153525329e-09
6.098532544272798739e-09
5.910653202857914229e-09
5.727103020562360408e-09
5.547819909976698932e-09
5.372758856365718547e-09
5.201855833170241558e-09
5.035107769860480469e-09
4.872465599216079353e-09
4.713905404613793108e-09
4.559398934580917736e-09
4.408919598619194836e-09
4.262457113179273163e-09
4.119989040948394647e-09
3.981500817882879907e-09
3.847082004994963353e-09
3.716368999642069592e-09
3.589676607549792540e-09
3.466874068645546524e-09
3.347924887260227081e-09
3.232767775694789847e-09
3.121377885766774732e-09
3.013716640586545640e-09
2.909670614110988767e-09
2.809218085064667319e-09
2.712264024407132710e-09
2.618721322534645506e-09
2.528499460084579403e-09
2.441493276324804014e-09
2.357602648570058482e-09
2.276713164038665607e-09
2.198730079826353138e-09
2.123492412645653911e-09
2.050935323712894260e-09
1.980946048496323218e-09
1.913385269967506245e-09
1.848189315284998621e-09
1.785270816708020007e-09
1.724494138485728785e-09
1.665804478619531177e-09
1.609207325450143463e-09
1.554521450527248201e-09
1.501756310988393663e-09
1.450843878590291134e-09
1.401708553746016718e-09
1.354357672893936895e-09
1.308678839685210292e-09
1.264728643945222604e-09
1.222372096639826539e-09
1.181598430191660819e-09
1.142373459228517762e-09
1.104616989627755581e-09
1.068303190230101655e-09
1.033348287359209544e-09
9.997033974711360068e-10
9.671941329154990264e-10
9.360985474372871942e-10
9.060276789815676072e-10
8.770428972411650908e-10
8.490939303384126610e-10
8.221404549556421052e-10
7.961446462856279051e-10
7.710742740974247943e-10
7.468985418525332121e-10
7.235841834584996364e-10
7.011131978922630023e-10
6.794427131676269013e-10
6.585370197751896223e-10
6.383850461975098456e-10
6.189224436840693856e-10
6.001315209492527461e-10
5.820156881383655666e-10
5.644839089502085867e-10
5.475332168654583601e-10
5.311598517223410039e-10
5.153180783014343081e-10
4.999901188291412121e-10
4.851530179550860026e-10
4.708032672848818538e-10
4.569072815604566405e-10
4.434534777724697122e-10
4.304079338093224348e-10
4.177634346569426730e-10
4.055017806293367577e-10
3.936041986748549633e-10
3.820573534704926168e-10
3.708503990152202220e-10
3.599666998675848049e-10
3.493939108803236743e-10
3.391198226358432695e-10
3.291307007912654081e-10
3.194197853765748971e-10
3.099724859270900428e-10
3.007806570388686276e-10
2.918352395016354060e-10
2.831275700841878208e-10
2.746491674727459406e-10
2.663921421956670982e-10
2.583491533534550130e-10
2.505133024147239080e-10
2.428781508846034622e-10
2.354375289924200580e-10
2.281857102936939996e-10
2.211173245977272128e-10
2.142271634804280413e-10
2.075103568746489549e-10
2.009624262151269441e-10
1.945790953992498535e-10
1.883563255276378342e-10
1.822903165325227996e-10
1.763774748222257667e-10
1.706144806368411262e-10
1.649980644386655039e-10
1.595251045105119456e-10
1.541926771132614472e-10
1.489980131527093147e-10
1.439383128445520298e-10
1.390111168454165503e-10
1.342139765184509219e-10
1.295445493961003558e-10
1.250005199252482804e-10
1.205796752057500478e-10
1.162798315545971203e-10
1.120988966098793369e-10
1.080348179159889940e-10
1.040855710957653960e-10
1.002491815431846429e-10
9.652371286967337542e-11
9.290713498985182454e-11
8.939742507234702848e-11
8.599273889789400417e-11
8.269113406808988543e-11
7.949072397045293350e-11
7.638961630866086100e-11
7.338593113732887575e-11
7.047778395069190475e-11
6.766324976480441892e-11
6.494044395583560752e-11
6.230747149893240076e-11
5.976233549481881510e-11
5.730301099790058165e-11
5.492769964424915573e-11
5.263449815303862585e-11
5.042150516648120870e-11
4.828678987119771367e-11
4.622845163835521743e-11
4.424460060129897755e-11
4.233333029258714732e-11
4.049273050464958540e-11
3.872075243447672430e-11
3.701561053178894627e-11
3.537547616454798009e-11
3.379849336747119839e-11
3.228283383056777276e-11
3.082670119959203253e-11
2.942830875635786844e-11
2.808587211492135452e-11
2.679757057758616202e-11
2.556159149803659755e-11
2.437635845363777601e-11
2.324019451074217247e-11
2.215145893502029508e-11
2.110855290692550850e-11
2.010990446410110008e-11
1.915394340970809683e-11
1.823902498344277080e-11
1.736373808711697680e-11
1.652667647445523856e-11
1.572642581366382017e-11
1.496160863914375744e-11
1.423090054579506632e-11
1.353301276327807594e-11
1.286647353999083331e-11
1.223017359500926175e-11
1.162298530569093521e-11
1.104360932923123245e-11
1.049108314093404956e-11
9.964285100760950166e-12
9.461994629913140221e-12
8.983239457307253840e-12
8.527090337670581326e-12
8.092601466620286905e-12
7.678872985017571692e-12
7.284979716612530121e-12
6.909959827671097538e-12
6.553099354184579133e-12
6.213621023964032336e-12
5.890643072060224930e-12
5.583620100171164236e-12
5.291622408461163233e-12
5.013970199036471108e-12
4.750162568401189987e-12
4.499554598460824864e-12
4.261554868068181370e-12
4.035392897871379428e-12
3.820676529029262848e-12
3.616779030358155825e-12
3.423338051313483565e-12
3.239710935233518530e-12
3.065520843798986955e-12
2.900211024080209494e-12
2.743485652743417171e-12
2.594862764307677305e-12
2.453935779859403701e-12
2.320350981542166275e-12
2.193756041007779213e-12
2.073785790786391990e-12
1.960098166772683363e-12
1.852465294460597413e-12
1.750545346613461775e-12
1.653990283467358065e-12
1.562580591647139398e-12
1.476031535501615652e-12
1.394170580850759579e-12
1.316656398316719268e-12
1.243448288643824926e-12
1.174048887835117195e-12
1.108396707274546310e-12
1.046254619344050329e-12
9.876966357419380734e-13
9.322482099228432417e-13
8.797653730667030643e-13
8.301965452677558212e-13
7.834657841491823007e-13
7.392251653318867604e-13
6.974414130994382740e-13
6.579853937617971919e-13
6.206616654444544574e-13
5.854921180128975321e-13
5.522422111591923726e-13
5.208900477858927059e-13
4.912536088326718505e-13
4.633768993630108672e-13
4.369388806552869922e-13
4.120049021746154846e-13
3.885139338949564820e-13
3.663489345921391919e-13
3.454619372495831176e-13
3.257129517555127509e-13
3.071076075001299369e-13
2.895613348229641369e-13
2.730135161859736307e-13
2.574083710298953872e-13
2.426946867344713322e-13
2.288185589059989979e-13
2.157363104874587043e-13
2.033514118268882585e-13
1.917738314956339335e-13
1.808084027148506430e-13
1.704727513720424492e-13
1.607257397420163542e-13
1.515389749007331188e-13
1.428756757989629651e-13
1.347077828640728694e-13
