# bin_1_1
2.053659789843819340e-08
2.060309522547187205e-08
2.065313261007086668e-08
2.070718973552546574e-08
2.076377664176533324e-08
2.081680119179995995e-08
2.086816482013138068e-08
2.091777326215547249e-08
2.096550125101488239e-08
2.101134472087529345e-08
2.105504871119486016e-08
2.109682028596457891e-08
2.113629432565656608e-08
2.117350541550567863e-08
2.120826371294486380e-08
2.124051654955007528e-08
2.127016371984859133e-08
2.129714243637032532e-08
2.132125217634090448e-08
2.134249251924155442e-08
2.135798226899090240e-08
2.137596896934970154e-08
2.139317279141217834e-08
2.139667945390325770e-08
2.140217960288034845e-08
2.140392657041430122e-08
2.140222119830318757e-08
2.139685649558098465e-08
2.138785649312972065e-08
2.137506302619097479e-08
2.135801249320981737e-08
2.133715399781242545e-08
2.131224554028754027e-08
2.128331079127348198e-08
2.124979082134381200e-08
2.121213025430952922e-08
2.118483573654932577e-08
2.112361007660243293e-08
2.107250773677718762e-08
2.101690039834599633e-08
2.095664573065190374e-08
2.089168226015929814e-08
2.082197207035668786e-08
2.074742532526941680e-08
2.066778670744875812e-08
2.058565475766485223e-08
2.049488374528338411e-08
2.040090114567495639e-08
2.030198050790592510e-08
2.019810117281187271e-08
2.008929474297182940e-08
1.997543233994029249e-08
1.985707713662145309e-08
1.973306264860212071e-08
1.960446748018891499e-08
1.947097099635878747e-08
1.933261091318066498e-08
1.918949564365109496e-08
1.904146497363729155e-08
1.888878285685927846e-08
1.873180892426727776e-08
1.856948280088056099e-08
1.840299836215555283e-08
1.823210689817785022e-08
1.805727091316090626e-08
1.787591277137269453e-08
1.769358178384245794e-08
1.750586217271591449e-08
1.731414658836408255e-08
1.711872598854776512e-08
1.691958763074199164e-08
1.671693050648791777e-08
1.651087776483334154e-08
1.630158000826430636e-08
1.608904895412929312e-08
1.587391243398674597e-08
1.565587621917459744e-08
1.543524743015330257e-08
1.521224545831411855e-08
1.498697559532880781e-08
1.475965985242424246e-08
1.453057695316511681e-08
1.429980509368502998e-08
1.406758865824069689e-08
1.383409481179460501e-08
1.359954475023472804e-08
1.336425475895861988e-08
1.312806816009537662e-08
1.289156115330924735e-08
1.265479359980325530e-08
1.241796549838666496e-08
1.218127879532479955e-08
1.194493172900165388e-08
1.170913680944712200e-08
1.147405919965051591e-08
1.123990032397731539e-08
1.100681056530670978e-08
1.077501505837767651e-08
1.054466290294753523e-08
1.031592032328337625e-08
1.008895644999419358e-08
9.863898357354654441e-09
9.639799402539774898e-09
9.420167935936330562e-09
9.201767620886658523e-09
8.985809251413881397e-09
8.772447566395623313e-09
8.561762325014263831e-09
8.353861878292933347e-09
8.148867344506589936e-09
7.946812514699055478e-09
7.747804745837232519e-09
7.551843942536421575e-09
7.359061923438044170e-09
7.169467163414921089e-09
6.983070517140877716e-09
6.799977045364735254e-09
6.620154974873778927e-09
6.443607987939639281e-09
6.270348586650095214e-09
6.100440097624114468e-09
5.933794265499306809e-09
5.770436030342974803e-09
5.610352373980238196e-09
5.453509612545338390e-09
5.299879490469666644e-09
5.149452421622637466e-09
5.002191220087413270e-09
4.858045016055864219e-09
4.716974590540912916e-09
4.579009185446516933e-09
4.453812660692840906e-09
4.312063239596643216e-09
4.183033345799805990e-09
4.056987680601890603e-09
3.933702613844210245e-09
3.813337010277054742e-09
3.697122804772005173e-09
3.581058371017126526e-09
3.469090140062641007e-09
3.359878875587482113e-09
3.253402190522044014e-09
3.149624249628880700e-09
3.048540965098010106e-09
2.951698773798378789e-09
2.854367608377933396e-09
2.761238806797910791e-09
2.670710915944952329e-09
2.582768172285026969e-09
2.497380941697941611e-09
2.414518241973614963e-09
2.334131139230212689e-09
2.256201645758670528e-09
2.180679048383524958e-09
2.107517335862103346e-09
2.036670945101839717e-09
1.968087380671259431e-09
1.901718424769448053e-09
1.837495289440517389e-09
1.775382437206401833e-09
1.715304714263423659e-09
1.657225662417968227e-09
1.601072441626844696e-09
1.546806715571352782e-09
1.494361892111553607e-09
1.443710520431795943e-09
1.394763562466980551e-09
1.347510421982228780e-09
1.301883603726748891e-09
1.257850698769995219e-09
1.215352628794878991e-09
1.174354269161514702e-09
1.134801383324045139e-09
1.096654411460161894e-09
1.059865146232349563e-09
1.024388404024751001e-09
9.901795588943495423e-10
9.571934558022083043e-10
9.253884248064927391e-10
8.947218922853360755e-10
8.651541273446543313e-10
8.366457642555185840e-10
8.091600392708524888e-10
7.826611051738715292e-10
7.571144498527324409e-10
7.324866353201251249e-10
7.087477284703977512e-10
6.858564425603984232e-10
6.637911538532274212e-10
6.425171949107652913e-10
6.220087313085939740e-10
6.022321096339914885e-10
5.831655117643043016e-10
5.647777452683812029e-10
5.470467602366182496e-10
5.299405967358258963e-10
5.137410452752598878e-10
4.975101956705958515e-10
4.821831128626974434e-10
4.673668740892067786e-10
4.530686272873462934e-10
4.392631311480615766e-10
4.259300773436155396e-10
4.130492862406314407e-10
4.006006388106543305e-10
3.885560770179349599e-10
3.769311698760821413e-10
3.656769212809044329e-10
3.547883436318608877e-10
3.442578132058531040e-10
3.340503910248086705e-10
3.241734040795857390e-10
3.146069349380952064e-10
3.053431980496944781e-10
2.963549029657827525e-10
2.876449856215441101e-10
2.791853827833523742e-10
2.709999855442194754e-10
2.630474782161283260e-10
2.553243198055524460e-10
2.478170652640875781e-10
2.405315995230082529e-10
2.334473421245984058e-10
2.265552914508862449e-10
2.198665744038567029e-10
2.133626355119575161e-10
2.070279621473479389e-10
2.008524139954366973e-10
1.948566892358448651e-10
1.890085139340121936e-10
1.833212575769755785e-10
1.777820260969884508e-10
1.723863470540841735e-10
1.671364571718456292e-10
1.620153821729348603e-10
1.570199179180558265e-10
1.521570142316603991e-10
1.474183299398108477e-10
1.427998433573836491e-10
1.382985322783299740e-10
1.339117729073234745e-10
1.296364444436361621e-10
1.254697062330303550e-10
1.214091152985139059e-10
1.174522558202545341e-10
1.135968765387707733e-10
1.098408869150382311e-10
1.061821444932606711e-10
1.026185680751381698e-10
9.914840957226755602e-11
9.576980341056670773e-11
9.248093142018305328e-11
8.928015650770086805e-11
8.616586965455831777e-11
8.313643267238006023e-11
8.019013363124602000e-11
7.732549140452201014e-11
7.454110283056834192e-11
7.183555636541788045e-11
6.920740954358530320e-11
6.665524364290850782e-11
6.417765676881822115e-11
6.177325642340585375e-11
5.944063874384644099e-11
5.717840078807571088e-11
5.498523663000021123e-11
5.285987770916763245e-11
5.080101704095969691e-11
4.880963860017078252e-11
4.687967371809694074e-11
4.501217753408333891e-11
4.320583604370616745e-11
4.145933432705728954e-11
3.977139264662867329e-11
3.814067565667312219e-11
3.656414235155833344e-11
3.504382182527012723e-11
3.357810043716187490e-11
3.216278232653087678e-11
3.079807962850390331e-11
2.948271449541215690e-11
2.821541915346192299e-11
2.699369618296751089e-11
2.581861887222014268e-11
2.468783760945480988e-11
2.360011169067526512e-11
2.255418669155484679e-11
2.154881584972909097e-11
2.058278471614001269e-11
1.965471529587178652e-11
1.876411194567531439e-11
1.790865013987558771e-11
1.708784358906842539e-11
1.630057621035871276e-11
1.554573812101453242e-11
1.482218985333227063e-11
1.412877345746439884e-11
1.346456426321449075e-11
1.282854271366170826e-11
1.221970795219987095e-11
1.163709938229931133e-11
1.107977886533205156e-11
1.054681741905023426e-11
1.003730392993736221e-11
9.550207312693801005e-12
9.084376028211319750e-12
8.639743295216463778e-12
8.215154372493418469e-12
7.809845339848041049e-12
7.423061985980592821e-12
7.054072050105736163e-12
6.702170069489134492e-12
6.366635744761431649e-12
6.046599184420108139e-12
5.741479376233384788e-12
5.450742784706974427e-12
5.173788467119891600e-12
4.910053865543787843e-12
4.658902934014009220e-12
4.419613521346614655e-12
4.192021464103422349e-12
3.975479817021269701e-12
3.769474396980914162e-12
3.573492263572434461e-12
3.387090215174753115e-12
3.209884791102604200e-12
3.041642044886049491e-12
2.881617939630135899e-12
2.729623610158267337e-12
2.585154238965199164e-12
2.448054233283325938e-12
2.317808895806521014e-12
2.194190090546258621e-12
2.076877240282984096e-12
1.965566337306689729e-12
1.859861972574767072e-12
1.759678415614502747e-12
1.664621157961102352e-12
1.574521876199549326e-12
1.489060155404133514e-12
1.408050387510279238e-12
1.331279833102642700e-12
1.258561985701284830e-12
1.189571439030360238e-12
1.124331023307874125e-12
1.062528095163710462e-12
1.003988640616602147e-12
9.485534039610242131e-13
8.961113391793003067e-13
8.464348427951031131e-13
7.994414136330368862e-13
7.549974677249315386e-13
7.129343938232603984e-13
6.731679563995849710e-13
6.355313393844276828e-13
5.999168693076861810e-13
5.663217754933025363e-13
5.345294333830935396e-13
5.044804081044845278e-13
4.760644952941848086e-13
4.492288681745263468e-13
4.239031349642131430e-13
3.999298180313723427e-13
3.773227182203850981e-13
3.559532681897745945e-13
3.357734188912459834e-13
3.167397942122956171e-13
2.987588708431136795e-13
2.817830954855658908e-13
2.657485854269796610e-13
2.506016842949608098e-13
2.363851995491168145e-13
2.228939481835745904e-13
2.101887452177126635e-13
1.982021891031677917e-13
1.868996476313094644e-13
1.762333837428840978e-13
1.661724352724987189e-13
1.566925803793093161e-13
1.477334632123339224e-13
1.392932029097536464e-13
1.313337155771374547e-13
1.238240931594905452e-13
1.167895046255717603e-13
1.100733218000289351e-13
1.037781618284155241e-13
9.784118742241488021e-14
9.228278432660339952e-14
8.696844757327427231e-14
8.199357414335470645e-14
7.730105431488983056e-14
7.287724795701419091e-14
6.870787117348835056e-14
6.477407709599133638e-14
6.106647643051550217e-14
5.757025000227615425e-14
5.427346273339093918e-14
5.116496180198838023e-14
4.823503296881676015e-14
4.547139369957053705e-14
