# bin_2_3
6.783144548793443433e-08
6.824233815799118442e-08
6.862714376513888919e-08
6.902254312538473073e-08
6.942497298800288601e-08
6.982433580328842171e-08
7.022385356098521281e-08
7.062289875484318862e-08
7.102144427701440324e-08
7.141938259506341788e-08
7.181605603280128865e-08
7.221396371740150177e-08
7.260587491073468340e-08
7.299817226212262212e-08
7.338821406273982685e-08
7.377580605971587179e-08
7.416070092925195569e-08
7.454242319497027464e-08
7.492066111276352506e-08
7.529563468947834440e-08
7.566087014164510769e-08
7.603174243719750425e-08
7.640227654643668407e-08
7.674929193717932005e-08
7.710037762628922605e-08
7.744474267448117238e-08
7.778320448698465362e-08
7.811485384913264049e-08
7.844000440544159213e-08
7.875764977006644501e-08
7.906670070270601029e-08
7.936803553715051711e-08
7.966074545085135432e-08
7.994555747175738331e-08
8.021709826926482004e-08
8.048268493109855716e-08
8.076881044904134742e-08
8.097987766172795142e-08
8.121173853666565142e-08
8.143217953408903967e-08
8.164058859879268110e-08
8.183652011320072500e-08
8.201942167270622793e-08
8.218922297726858434e-08
8.234471077354482606e-08
8.249156430058322207e-08
8.261451025373808791e-08
8.272684846885245769e-08
8.282378061492450272e-08
8.290488338505801401e-08
8.296983603713771800e-08
8.301797447933055259e-08
8.303747506472637361e-08
8.306330212346295763e-08
8.305949359957228939e-08
8.303756826358838147e-08
8.299728979946205638e-08
8.293815758497944087e-08
8.285975050557430764e-08
8.276199490901670235e-08
8.264542355908188236e-08
8.250703804124280623e-08
8.234919420036856267e-08
8.217094626247587414e-08
8.197141154848792171e-08
8.174918262333146460e-08
8.151023149103938336e-08
8.124766366670130943e-08
8.096316695741313431e-08
8.065729687285112751e-08
8.032960088595672858e-08
7.997997462850835035e-08
7.960838649843419971e-08
7.921481308067466860e-08
7.879901370119381596e-08
7.836169160802280306e-08
7.790227053024449613e-08
7.742098013272010603e-08
7.691787974842429521e-08
7.639343404518468199e-08
7.584680809983758560e-08
7.527928110818374504e-08
7.469073355420925134e-08
7.408132454464542513e-08
7.345135390291843123e-08
7.280116872898616598e-08
7.213142318257885011e-08
7.144157191044636430e-08
7.073298660874028270e-08
7.000577844763044321e-08
6.926040679934796010e-08
6.849737662135758384e-08
6.771722447581988668e-08
6.692061720039622405e-08
6.610808965283570589e-08
6.528027264063079780e-08
6.443764633380812476e-08
6.358141526634640203e-08
6.271187845834451642e-08
6.182986799791291351e-08
6.093617847899727164e-08
6.003159708352174835e-08
5.911354424936595310e-08
5.820724704436387572e-08
5.726073946307398946e-08
5.632092807881351276e-08
5.537464095586328952e-08
5.442241504714841395e-08
5.346547145850488069e-08
5.250462428292893471e-08
5.154087124931491007e-08
5.057503631698681354e-08
4.960798634472785654e-08
4.864083400478466937e-08
4.767438974106102798e-08
4.670952703226926610e-08
4.574725890617484778e-08
4.478836753610992125e-08
4.383372227853884842e-08
4.288437449183291890e-08
4.194062934011602378e-08
4.100381648047017690e-08
4.007448526584357795e-08
3.915270132694812062e-08
3.824098304151466233e-08
3.733872217755294049e-08
3.644640005386704311e-08
3.556500223666690340e-08
3.469491100778586935e-08
3.383663967326981713e-08
3.299075507396355759e-08
3.215762955620501864e-08
3.133759601385369637e-08
3.053096931181701855e-08
2.973818803677685209e-08
2.895899839146110810e-08
2.819403196210400185e-08
2.744329417668438327e-08
2.670683622223607030e-08
2.598469454854441208e-08
2.527688265012214325e-08
2.458338184818165448e-08
2.390405482039956871e-08
2.323882788786067145e-08
2.258759933106329865e-08
2.195013384235333248e-08
2.132630657888745595e-08
2.071578272069632385e-08
2.011860874918373144e-08
1.953432043787933092e-08
1.896276763184882048e-08
1.840365324937308316e-08
1.785678404450607532e-08
1.732196237853489384e-08
1.679890215583570776e-08
1.628742332629281569e-08
1.578729794149786298e-08
1.529838653368222696e-08
1.482046652584243541e-08
1.435349006596949539e-08
1.389724987668875221e-08
1.345184714489914645e-08
1.301677753497010619e-08
1.259235915899832617e-08
1.217844861755114205e-08
1.177506151896217849e-08
1.138207914760972947e-08
1.099959608255070722e-08
1.062760962758277319e-08
1.026601787079212832e-08
9.914896537059577288e-09
9.574266002952679753e-09
9.244014571379461086e-09
8.924165544073806812e-09
8.614629658701278248e-09
8.315323056626341978e-09
8.026105500794509378e-09
7.746876070328794884e-09
7.477349999389575897e-09
7.217406031313086455e-09
6.966778854391797436e-09
6.725158127124894013e-09
6.492254429656854750e-09
6.267774444901631277e-09
6.051346723456340341e-09
5.842553732390466070e-09
5.641389139318091319e-09
5.447144430982900626e-09
5.259691713307104928e-09
5.078666812366540423e-09
4.903847131080069591e-09
4.734974961218318762e-09
4.571813113235322737e-09
4.414255726103093217e-09
4.262066500393642916e-09
4.115102518357930724e-09
3.973298597242925426e-09
3.836496105413532048e-09
3.704637173074367032e-09
3.577582618618980664e-09
3.455250430341538416e-09
3.337506303059478090e-09
3.224218477165066452e-09
3.115235947244054270e-09
3.010395099408830100e-09
2.909532983191873284e-09
2.812476226431464409e-09
2.719055008819993581e-09
2.629097312489961875e-09
2.542444267387286712e-09
2.458948439004670269e-09
2.378481138754194397e-09
2.300927785377482830e-09
2.226168465086999613e-09
2.154157329864453046e-09
2.084734039213376365e-09
2.017877933591975300e-09
1.953446982129694670e-09
1.891346314055583402e-09
1.831562894901090709e-09
1.773917885830913885e-09
1.718325748066757406e-09
1.664713981542829651e-09
1.613013116024870695e-09
1.563093219611776117e-09
1.514925544566601992e-09
1.468403888467422276e-09
1.423491974093960353e-09
1.380103330520282510e-09
1.338183126921675381e-09
1.297667419528179706e-09
1.258494685524270328e-09
1.220607155621980914e-09
1.183947206941658515e-09
1.148467418075330368e-09
1.114116594522247470e-09
1.080847139839675154e-09
1.048612576097600177e-09
1.017371023770353719e-09
9.870803246257038412e-10
9.577237201600117867e-10
9.292148266346021831e-10
9.015312316733546230e-10
8.746864506959284643e-10
8.485997457623927739e-10
8.232560799181967178e-10
7.986151151318926384e-10
7.746748362590696061e-10
7.514078139184311361e-10
7.287668573408953953e-10
7.067422003582519852e-10
6.853079292574689837e-10
6.644497675004531546e-10
6.441429428094657805e-10
6.243735517294773727e-10
6.051216430953190966e-10
5.863715809351188107e-10
5.681090866134611490e-10
5.503191269196005642e-10
5.329887139327976307e-10
5.161046176836221535e-10
4.996550522688397704e-10
4.836285541437138881e-10
4.680143270838007807e-10
4.528019150370634591e-10
4.379819762549043647e-10
4.235455683477257668e-10
4.094839980387526993e-10
3.957891819885485540e-10
3.824531836267456936e-10
3.694683999460323316e-10
3.568277390412712112e-10
3.445242748287686846e-10
3.325514043046949391e-10
3.209024338946721920e-10
3.095714941935456778e-10
2.985528193440259398e-10
2.878405364348425510e-10
2.774287532914860298e-10
2.673119443838332753e-10
2.574847382928909617e-10
2.479418589431080613e-10
2.386781336539460104e-10
2.296884574149463833e-10
2.209678910175794924e-10
2.125114329557026088e-10
2.043139145882549348e-10
1.963702780524378306e-10
1.886756059195186333e-10
1.812245585553928995e-10
1.740123487714883387e-10
1.670341655013013954e-10
1.602851406978951607e-10
1.537603549120280483e-10
1.474548656215386034e-10
1.413637406702128073e-10
1.354820949054701175e-10
1.298050780826821865e-10
1.243278649485843149e-10
1.190456039056620810e-10
1.139536286506466394e-10
1.090469949657321606e-10
1.043203255510639711e-10
9.976915855140220253e-11
9.538867504347103979e-11
9.117287832531881370e-11
8.711993191804730526e-11
8.322373439512277040e-11
7.947971033882179363e-11
7.588333407645371850e-11
7.243007795794751610e-11
6.911548877406270144e-11
6.593487096990202479e-11
6.288423426910145519e-11
5.996046337305798579e-11
5.715686741335259572e-11
5.447072627076751749e-11
5.189802304878133432e-11
4.943481727856355267e-11
4.707732753538860159e-11
4.482179606081181410e-11
4.266357394329189601e-11
4.060049864094538632e-11
3.862852325053462255e-11
3.674416575439023818e-11
3.494373402276457396e-11
3.322431684172346842e-11
3.158276245378726503e-11
3.001603244981027099e-11
2.852121828184733500e-11
2.709522885140269394e-11
2.573565228666739042e-11
2.443885457079528952e-11
2.320284697118190322e-11
2.202510042972191708e-11
2.090320953229350741e-11
1.983484906836622102e-11
1.881720586384703615e-11
1.784874284706198186e-11
1.692718166279090052e-11
1.605037263650361360e-11
1.521602634069321852e-11
1.442259783312601869e-11
1.366829980186772749e-11
1.295064806764904588e-11
1.226910527445271149e-11
1.162170360890766134e-11
1.100716452758536261e-11
1.042283061891462074e-11
9.868069842743368539e-12
9.341360438938543767e-12
8.841381207863128337e-12
8.367032240782972235e-12
7.916933465714088072e-12
7.489755785779824377e-12
7.084625274821433166e-12
6.700925781945643943e-12
6.336589182399991376e-12
5.991608632079899212e-12
5.664227103656376940e-12
5.354233521348544383e-12
5.060560740127931822e-12
4.782380154670113256e-12
4.518860017361818674e-12
4.269575484640045134e-12
4.033333275965009999e-12
3.809871169712688256e-12
3.598304728655177060e-12
3.398032210398240164e-12
3.208529105202999321e-12
3.029462628135174261e-12
2.860184235779655428e-12
2.699757693972576088e-12
2.548227976575961608e-12
2.404914427993076133e-12
2.269679094546339620e-12
2.141402184718991108e-12
2.020668158620974748e-12
1.906450819807695905e-12
1.798499244960438501e-12
1.696561523395835132e-12
1.600287085630573406e-12
1.509224053324142442e-12
1.423560717469521843e-12
1.342510903909885670e-12
1.266023307556029109e-12
1.193816141417331338e-12
1.125660304709966048e-12
1.061431096841103749e-12
1.000756495341742748e-12
9.435987660099905087e-13
8.896052815933785911e-13
8.387062734704250471e-13
7.907426056970248240e-13
7.453884914056855846e-13
7.026287556588636298e-13
6.624761145912566766e-13
6.245186333085742255e-13
5.887429705850576493e-13
5.550170632840429341e-13
