# bin_2_4
7.656192734422280196e-08
7.707552109374164345e-08
7.756476036831549161e-08
7.806617724539560844e-08
7.857620031134644073e-08
7.908489666327820502e-08
7.959517247266266950e-08
8.010668654241340623e-08
8.061931108965930304e-08
8.113293329990748437e-08
8.164688524643314141e-08
8.216366443501885597e-08
8.267600896768671035e-08
8.319030815059597098e-08
8.370389727953948405e-08
8.421656607257241273e-08
8.472804802591790272e-08
8.523784611442909136e-08
8.574562475570157165e-08
8.625158007905052321e-08
8.674921485087969460e-08
8.725385389008037043e-08
8.775943339409145656e-08
8.824296207801086019e-08
8.873176090226063989e-08
8.921506822449253377e-08
8.969366502753534515e-08
9.016659171577717305e-08
9.063411833148408807e-08
9.109518154895819273e-08
9.154904756270843815e-08
9.199529844296812859e-08
9.243420532308616751e-08
9.286603320180425616e-08
9.328528152691533872e-08
9.369926360280228488e-08
9.413460203726829929e-08
9.449491628833470020e-08
9.487668146448932742e-08
9.524736601090923846e-08
9.560626637588396100e-08
9.595284321448310069e-08
9.628644489475618838e-08
9.660690651202503996e-08
9.691290216836604010e-08
9.721004164336697017e-08
9.748283245712818310e-08
9.774456307573183518e-08
9.799027981465505882e-08
9.821961899809580015e-08
9.843157964113036735e-08
9.862591688462908583e-08
9.879023878400571828e-08
9.895993104942180017e-08
9.912099880838456500e-08
9.921761609096082223e-08
9.931646479707016929e-08
9.939459805317941036e-08
9.945143464678727223e-08
9.948674392624932489e-08
9.950090224127152551e-08
9.949060992602672218e-08
9.945839570515808491e-08
9.940281968304644090e-08
9.932271053072881091e-08
9.921710928480535827e-08
9.909122307500824692e-08
9.893813873189384620e-08
9.875935603043958358e-08
9.855527065441791787e-08
9.832523504385198835e-08
9.806895771241572719e-08
9.778622035978955635e-08
9.747669361378495983e-08
9.714030482297341241e-08
9.677721413975000954e-08
9.638677988761807479e-08
9.596904653108344949e-08
9.552389074840081802e-08
9.505160281447296958e-08
9.455115161119080022e-08
9.402366685248524686e-08
9.346884647712857560e-08
9.288668551651851944e-08
9.227732361533114113e-08
9.164095320360127784e-08
9.097808290115535037e-08
9.028801267832957853e-08
8.957199194045292246e-08
8.883000040679867237e-08
8.806237898031137731e-08
8.726952297236298592e-08
8.645186962690566767e-08
8.560999716066303825e-08
8.474436231442699176e-08
8.385553056382771527e-08
8.294392647477922624e-08
8.198132637486275825e-08
8.105618177738424982e-08
8.008113148444519427e-08
7.908636847524729937e-08
7.807269954095092837e-08
7.703737558012476647e-08
7.600654443623358856e-08
7.492694235943093482e-08
7.384652002118830944e-08
7.275196400063113584e-08
7.164393090895735586e-08
7.052377556815004381e-08
6.939251447129823943e-08
6.825128691867094274e-08
6.710112741712527643e-08
6.594312339713631386e-08
6.477862836246320016e-08
6.360868386196358268e-08
6.243450818549810273e-08
6.125733685102990228e-08
6.007828451185678381e-08
5.889861795270211783e-08
5.771951254340603312e-08
5.654184589267208621e-08
5.536728827734655347e-08
5.419667603930200595e-08
5.303042492101820657e-08
5.187166355496985728e-08
5.072006886895637219e-08
4.957646154074665218e-08
4.844234210820685868e-08
4.731847392342888280e-08
4.620578393164914708e-08
4.510525894801453646e-08
4.401766913871807079e-08
4.294374757920460285e-08
4.188419669769880459e-08
4.083983233548467671e-08
3.981075257471686276e-08
3.879795341525404704e-08
3.780171674019106216e-08
3.682253988931051252e-08
3.586041619934234028e-08
3.491591597788952126e-08
3.398972032638206914e-08
3.308007312741334541e-08
3.218903985335499647e-08
3.131583663444086735e-08
3.046041024021317820e-08
2.962271205862527859e-08
2.880244129040155712e-08
2.799967008963750313e-08
2.721390891073600408e-08
2.644496638177443387e-08
2.569247348456767820e-08
2.495614803271879772e-08
2.423568069160064120e-08
2.353065076750277226e-08
2.284073300881224303e-08
2.216554038795612504e-08
2.150477318195480694e-08
2.085803616206517833e-08
2.022513268635083009e-08
1.960568692397992108e-08
1.899963933197165620e-08
1.840642762974594438e-08
1.782618994936836202e-08
1.725872214927972338e-08
1.670398040616023464e-08
1.616181052157289044e-08
1.563230115237714486e-08
1.511547235726089634e-08
1.461126805014027281e-08
1.411984605214184335e-08
1.364805328673356282e-08
1.317573354490383977e-08
1.272320107405489156e-08
1.228382155852739621e-08
1.185766323946749311e-08
1.144475554295425081e-08
1.104515623774007488e-08
1.065871985165246919e-08
1.028546175810825919e-08
9.925220352442112915e-09
9.577755659161363269e-09
9.242836869061783851e-09
8.920094067752430015e-09
8.609184155451372859e-09
8.309558101356345639e-09
8.021168209196758005e-09
7.743070378896607091e-09
7.474995397458448812e-09
7.216374161873602027e-09
6.966799456892553801e-09
6.725761658853180356e-09
6.492860300654650533e-09
6.267823942603095768e-09
6.050227939605565157e-09
5.839807993420327995e-09
5.636410371338675781e-09
5.439810255467126318e-09
5.249926196521157428e-09
5.066614992840694395e-09
4.889818576994218240e-09
4.719433467142422328e-09
4.555361893048697208e-09
4.397478316016381260e-09
4.245628940620628426e-09
4.099640949408368179e-09
3.959306163267287222e-09
3.824396151135512765e-09
3.694657747459987913e-09
3.569837062162323620e-09
3.449644836154657510e-09
3.333972449406630437e-09
3.222497410719919512e-09
3.115062073476893348e-09
3.011571807357063821e-09
2.911811957444882662e-09
2.815746491155553323e-09
2.723203628653663986e-09
2.634070581521645351e-09
2.548337401465220081e-09
2.465746863365964343e-09
2.386268212000075944e-09
2.309705646532426755e-09
2.235981788882400284e-09
2.164907028347288511e-09
2.096424974344517700e-09
2.030383207288637819e-09
1.966722450369946151e-09
1.905318000393345450e-09
1.846089456484439647e-09
1.788944329318469848e-09
1.733793538323245877e-09
1.680550044496264012e-09
1.629128744247209220e-09
1.579493676231452135e-09
1.531469977801344626e-09
1.485122857978254217e-09
1.440231508621434031e-09
1.396849264877262241e-09
1.354871105957580008e-09
1.314235581039266372e-09
1.274887311342461339e-09
1.236772354090118807e-09
1.199789001530662094e-09
1.164052039049669478e-09
1.129316667043224741e-09
1.095617288387031008e-09
1.062913750213372024e-09
1.031207338548377785e-09
1.000415595405423001e-09
9.704778522741456137e-10
9.413842767684931534e-10
9.131265220492285427e-10
8.856561221574121527e-10
8.589275001308167317e-10
8.329223277310506031e-10
8.076272075087218449e-10
7.830125123708016701e-10
7.590479826504366889e-10
7.357155289406805172e-10
7.129990366827076306e-10
6.908757987968254758e-10
6.693249646176546953e-10
6.483322373468622577e-10
6.278828773007721579e-10
6.079604588100008268e-10
5.885506708273083974e-10
5.696405879709583740e-10
5.512171406264923926e-10
5.332678951344146689e-10
5.157810912159334224e-10
4.987463821163280141e-10
4.821540628064551009e-10
4.659942979180925734e-10
4.502575501324713713e-10
4.349350657303814950e-10
4.200187118530793272e-10
4.055003854391429539e-10
3.913720810032073096e-10
3.776265239779127806e-10
3.642568651201401102e-10
3.512556909581509790e-10
3.386217398114164290e-10
3.263305095805506663e-10
3.143938993427904133e-10
3.027997523496909041e-10
2.915417352231973002e-10
2.806136628054856119e-10
2.700095002541919582e-10
2.597231960982480856e-10
2.497485733777013310e-10
2.400795218467552095e-10
2.307104463028006395e-10
2.216358254348406896e-10
2.128499129886490805e-10
2.043469044771585356e-10
1.961209481655068416e-10
1.881661927143872016e-10
1.804767997889144882e-10
1.730468981102319679e-10
1.658705798888044272e-10
1.589416623652304186e-10
1.522549644676816503e-10
1.458047026943240486e-10
1.395849731465982917e-10
1.335898637612529535e-10
1.278135217985048515e-10
1.222501828518076983e-10
1.168942514453767129e-10
1.117402546055236456e-10
1.067827528780028130e-10
1.020163140007630275e-10
9.743542057401363112e-11
9.303452603232155527e-11
8.880812794055847162e-11
8.475084065858969910e-11
8.085653850406196840e-11
7.712060634647695740e-11
7.353803311158388011e-11
7.010381920225619005e-11
6.681297393797557842e-11
6.366061613025274148e-11
6.064193046161514549e-11
5.775223762584896129e-11
5.498703558555149751e-11
5.234185812481963203e-11
4.981269472119283435e-11
4.739522941978980971e-11
4.508514688655400731e-11
4.287741710468781026e-11
4.076872843223226345e-11
3.875513315503923001e-11
3.683293136353307329e-11
3.499861993056984582e-11
3.324879132660087973e-11
3.158208046138380794e-11
2.999097101877934206e-11
2.847444551246799354e-11
2.702893896803756742e-11
2.565299478708197538e-11
2.434160403201484490e-11
2.309277019057148930e-11
2.190442880996362061e-11
2.077327143866347640e-11
1.969713439641324855e-11
1.867319949222854177e-11
1.769932930565570675e-11
1.677342923984780022e-11
1.589339704633477969e-11
1.505701306450727172e-11
1.426188788729185494e-11
1.350684915113010871e-11
1.278978896753570510e-11
1.210881870044464406e-11
1.146214553036426327e-11
1.084833805795188946e-11
1.026594180521065181e-11
9.713773100183432036e-12
9.189382073911358172e-12
8.692064344726777423e-12
8.220735891858948211e-12
7.773630589145238209e-12
7.349934998689146954e-12
6.948551436211317567e-12
6.567985890529733792e-12
6.207489046212361881e-12
5.866189062258497928e-12
5.542946677654741688e-12
5.236572258938292220e-12
4.946737839682915850e-12
4.672032931963472067e-12
4.412606085331154123e-12
4.167039927154845825e-12
3.934578319333087632e-12
3.714616000203697963e-12
3.506843384366825194e-12
3.310163734384757276e-12
3.124160054318242586e-12
2.948353630658829535e-12
2.782178110652346180e-12
2.625165427637742452e-12
2.476800464844797707e-12
2.336472913707005657e-12
2.204109320859863695e-12
2.079200542064221640e-12
1.960939339854156371e-12
1.849539339083412145e-12
1.744218334203362407e-12
1.644879469116813052e-12
1.551088482699096376e-12
1.462588961399029610e-12
1.379022228015665028e-12
1.300242399593138910e-12
1.225896031224725137e-12
1.155703405227745279e-12
1.089483217614544116e-12
1.027151503647430271e-12
9.683023030996510749e-13
9.128107149571384267e-13
8.605138275874480398e-13
