# bin_1_5
3.214195220016825403e-08
3.232769996651993124e-08
3.249779342792955607e-08
3.267357132031351365e-08
3.285323684629228863e-08
3.303065842952632123e-08
3.320771077761951259e-08
3.338427912231735045e-08
3.356016528334001882e-08
3.373537090210455074e-08
3.390957394525589047e-08
3.408393234714268998e-08
3.425602388370755138e-08
3.442597363452465749e-08
3.459535580396217265e-08
3.476313675893765153e-08
3.492919302434127178e-08
3.509328927658066055e-08
3.525527059996049115e-08
3.541503502511969285e-08
3.556959613280619370e-08
3.572717633570297591e-08
3.588481639762155242e-08
3.602836828328561137e-08
3.617450426829442237e-08
3.631708303126745714e-08
3.645628437098131000e-08
3.659173529278219836e-08
3.672359864804374806e-08
3.685137907217956381e-08
3.697454539281449632e-08
3.709353182461675024e-08
3.720789745012641896e-08
3.731758293718657091e-08
3.742114263062702774e-08
3.752049709334586710e-08
3.762981351582273285e-08
3.770322284308938170e-08
3.778552577433485146e-08
3.786188346940434880e-08
3.793200695406253531e-08
3.799568824448458363e-08
3.805266571225232264e-08
3.810292203550534681e-08
3.814580710666514275e-08
3.818395121443303510e-08
3.821078405887086884e-08
3.823180600734341718e-08
3.824504972636978369e-08
3.825032579947268528e-08
3.824749501925007501e-08
3.823625421180414266e-08
3.821171908623985028e-08
3.818838147963893441e-08
3.815130439894737600e-08
3.810527042507670447e-08
3.805018888397326537e-08
3.798584383122395052e-08
3.791204019426901331e-08
3.782882039406600128e-08
3.773638153955833990e-08
3.763344135277087419e-08
3.752104885107732215e-08
3.739882472131640959e-08
3.726730962206070002e-08
3.712286912320796549e-08
3.697178445700980321e-08
3.680923895520703396e-08
3.663638965372973150e-08
3.645343004418499757e-08
3.626019464328075079e-08
3.605676142507690332e-08
3.584307776269183204e-08
3.561920785484259698e-08
3.538445694163024277e-08
3.514109634771556893e-08
3.488701808939449317e-08
3.462301201723519704e-08
3.434915983860627948e-08
3.406556716288834639e-08
3.377237279722515247e-08
3.347064337509554843e-08
3.315801360723380949e-08
3.283708852424199849e-08
3.250725772444737489e-08
3.216874724340860606e-08
3.182190743268076674e-08
3.146660456841673162e-08
3.110348788714545347e-08
3.073356283650720147e-08
3.035449717820193933e-08
2.996917877307455569e-08
2.957712279085861217e-08
2.917863592423877174e-08
2.877405209229893709e-08
2.836372697541381064e-08
2.794801368258842308e-08
2.752730353339910275e-08
2.710206403222711612e-08
2.667260373289508145e-08
2.623936527559977324e-08
2.580274525499369120e-08
2.536234194705313404e-08
2.492114546892983922e-08
2.447703992848794401e-08
2.403127433810076786e-08
2.358437394616916169e-08
2.313663158042119971e-08
2.268862570944783230e-08
2.224075806939000384e-08
2.179344845553183339e-08
2.134715111987033021e-08
2.090222546920488461e-08
2.045916703524073138e-08
2.001860520194784028e-08
1.958011576407332037e-08
1.914495177474935051e-08
1.871316720487377521e-08
1.828509644212099855e-08
1.786119910226258302e-08
1.744149921755174436e-08
1.702661982058640333e-08
1.661669517032911542e-08
1.621215479512399485e-08
1.581278891456507357e-08
1.541927170696995574e-08
1.503163830450459802e-08
1.465006685664415403e-08
1.427469336675073444e-08
1.390564195607752403e-08
1.354301604844893070e-08
1.318693151410797784e-08
1.283741398503620580e-08
1.249449822200140377e-08
1.215830463084399661e-08
1.182855452312025383e-08
1.150549732111802774e-08
1.119063897523140814e-08
1.087909639885668449e-08
1.057551019011370697e-08
1.027835878382661362e-08
9.987506320255867770e-09
9.702827384468749784e-09
9.424238165312439468e-09
9.151651237404577388e-09
8.884923534054236938e-09
8.623976738130919425e-09
8.368675880543715685e-09
8.118935871858241077e-09
7.874649441074571601e-09
7.635725162564344690e-09
7.402046185292610135e-09
7.173542537119849097e-09
6.950166100853492604e-09
6.731846896295959163e-09
6.518462912137874127e-09
6.310038975465469773e-09
6.106532993995570927e-09
5.907895731203502340e-09
5.714139276469327596e-09
5.525227976005020445e-09
5.341428580351278079e-09
5.161986266097137298e-09
4.987656577972877055e-09
4.818181487714560995e-09
4.653600890912783231e-09
4.493847085849922173e-09
4.338981058432340134e-09
4.188986100449988760e-09
4.043773041103026614e-09
3.903372808105051475e-09
3.767721673974833304e-09
3.636751980140769607e-09
3.510369978277506452e-09
3.388498039817861022e-09
3.271017059751947844e-09
3.157799230305269430e-09
3.048702082019897497e-09
2.943578821150567700e-09
2.842253237266629789e-09
2.744597669867344192e-09
2.650401988906546476e-09
2.559535174053070669e-09
2.471834405235065510e-09
2.387166543574960903e-09
2.305360007270846849e-09
2.226336565945823425e-09
2.149952148992869003e-09
2.076139802601809108e-09
2.004812519526099422e-09
1.935911152369363886e-09
1.869362680538500153e-09
1.805187460366288505e-09
1.743208316484579366e-09
1.683525294905899216e-09
1.626039036924050895e-09
1.570734333153441488e-09
1.517535548756953240e-09
1.466403184811797845e-09
1.417247500243815281e-09
1.370000111856569970e-09
1.324565527428704154e-09
1.280853019131232250e-09
1.238770083957030010e-09
1.198228760198390962e-09
1.159153378653404800e-09
1.121475521496912397e-09
1.085139375729975770e-09
1.050096308065472521e-09
1.016307773611545178e-09
9.837399898963306051e-10
9.523624967101364179e-10
9.221429827519909388e-10
8.930623659283327086e-10
8.650238391051222239e-10
8.380326449368504943e-10
8.119751230402621174e-10
7.869324628010357886e-10
7.627370106419323903e-10
7.393595043717942573e-10
7.167921298176047515e-10
6.950057604025755637e-10
6.739428415568431312e-10
6.536056114568161915e-10
6.339475102147522585e-10
6.149611943348803676e-10
5.966008653858512327e-10
5.788489895328462029e-10
5.616670838126880338e-10
5.450316712252317350e-10
5.288997324556462665e-10
5.133052002301731165e-10
4.981742768501882375e-10
4.835058198335663075e-10
4.692821646773279936e-10
4.554831608501791567e-10
4.420903749805594318e-10
4.290857776030245927e-10
4.164539664722237848e-10
4.041804547873790701e-10
3.922517705460266690e-10
3.806548337047253279e-10
3.693768167641077214e-10
3.584052520046493033e-10
3.477287516296417207e-10
3.373366954391051642e-10
3.272192616316096172e-10
3.173670699776772777e-10
3.077711610240175045e-10
2.984231999438733407e-10
2.893152264825214504e-10
2.804397438913765264e-10
2.717898294182818912e-10
2.633589791225240806e-10
2.551409641909161527e-10
2.471299929382989370e-10
2.393205815439726339e-10
2.317076709952588852e-10
2.242864305834048016e-10
2.170522259038189750e-10
2.100006935155463183e-10
2.031277928447115609e-10
1.964295785289771057e-10
1.899023634067221598e-10
1.835427049610958584e-10
1.773472991879987517e-10
1.713129583447435105e-10
1.654366277683677842e-10
1.597153804365034814e-10
1.541463902766795353e-10
1.487269621700438584e-10
1.434544608855877538e-10
1.383263365797446608e-10
1.333401440747967285e-10
1.284934138254909794e-10
1.237836080002314813e-10
1.192084409649968373e-10
1.147655575708069635e-10
1.104526519719807785e-10
1.062674587143771439e-10
1.022077085576755758e-10
9.827116672839631405e-11
9.445555924740378038e-11
9.075862167441590569e-11
8.717812792426734482e-11
8.371180179588469954e-11
8.035719629256909529e-11
7.711212848599697289e-11
7.397435733763957009e-11
7.094162799950914480e-11
6.801165326378278948e-11
6.518213923836834167e-11
6.245082102334275621e-11
5.981541793938216065e-11
5.727362508487941808e-11
5.482308764882780254e-11
5.246141854253550802e-11
5.018646498321247757e-11
4.799594940262901600e-11
4.588759937486163841e-11
4.385918180475786246e-11
4.190847573021601871e-11
4.003325837672164808e-11
3.823131411454543403e-11
3.650029782563103202e-11
3.483816919629111834e-11
3.324281614168273621e-11
3.171213522480055283e-11
3.024406489843052927e-11
2.883657560405406528e-11
2.748764334948768612e-11
2.619528770171900514e-11
2.495741479222422832e-11
2.377228358281119234e-11
2.263802704664980112e-11
2.155282384798809889e-11
2.051490168918745807e-11
1.952255003358269867e-11
1.857399099526071419e-11
1.766749290882336024e-11
1.680155231829143575e-11
1.597462196756538221e-11
1.518518834349369225e-11
1.443179139657970090e-11
1.371296781187879284e-11
1.302714985399065875e-11
1.237315363226407448e-11
1.174967464809691370e-11
1.115546258056380792e-11
1.058932799129231546e-11
1.004998857360595273e-11
9.536230719905620450e-12
9.047071366180045079e-12
8.581469368864328260e-12
8.138425806801182077e-12
7.716672573906070954e-12
7.315692349392949642e-12
6.934355808239787156e-12
6.571726474173778535e-12
6.227075528920038811e-12
5.899540244625934248e-12
5.588184701732141256e-12
5.292433462119205988e-12
5.011586771561061036e-12
4.744810232697701566e-12
4.491632261440718899e-12
4.251294960589456527e-12
4.023269070966039226e-12
3.806916787745197117e-12
3.601649101518584447e-12
3.406876954816532934e-12
3.222221678431327070e-12
3.047130592942616693e-12
2.881216938415112946e-12
2.723922057730473709e-12
2.574886226104891548e-12
2.433710554748829812e-12
2.299962425438566488e-12
2.173296534743295864e-12
2.053375301590839968e-12
1.939794250619940150e-12
1.832289430751004442e-12
1.730589654447036064e-12
1.634332195722034950e-12
1.543234674980105611e-12
1.457082626007588773e-12
1.375592408543081553e-12
1.298526351145489077e-12
1.225662734181570108e-12
1.156755563571746854e-12
1.091643792666606201e-12
1.030075231713383977e-12
9.719567314046445676e-13
9.170509434314924034e-13
8.650939843921885145e-13
8.160141546653273780e-13
7.697643467954722475e-13
7.260260199622630873e-13
6.847705292060122939e-13
6.458078577064064902e-13
6.090349414427029781e-13
5.742837642772283468e-13
5.415238509554148119e-13
5.106120198277134822e-13
4.815384459219735286e-13
4.539343528764193559e-13
4.279709062600636549e-13
4.034733593167063516e-13
3.803830560304179675e-13
3.586084828803205367e-13
3.380979919473621025e-13
3.187160455755142211e-13
3.004614977723662310e-13
2.832855200833801959e-13
2.670294602866283265e-13
2.517333124610663922e-13
2.373187466349822423e-13
2.237262073063503884e-13
2.109184091178657161e-13
1.988456986024832247e-13
