# bin_7_1
1.494518218239134672e-07
1.499140258602352391e-07
1.503851172556152277e-07
1.508652644595628601e-07
1.513546390158318218e-07
1.518534156152217876e-07
1.523617721492925131e-07
1.528798897647306973e-07
1.534079529184279292e-07
1.539461494333200648e-07
1.544946705549517163e-07
1.550537110085469236e-07
1.556234690568586191e-07
1.562041465586773495e-07
1.567959490287115551e-07
1.573990856985987176e-07
1.580137695781753299e-07
1.586402175176574784e-07
1.592786502701210906e-07
1.599292925546186212e-07
1.605923731202859207e-07
1.612681248110788190e-07
1.619567846314142085e-07
1.626585938127066792e-07
1.633737978806049087e-07
1.641026467228494834e-07
1.648453946580315919e-07
1.656023005048179310e-07
1.663736276516852078e-07
1.671596441277398228e-07
1.679606226746201680e-07
1.687768408182639547e-07
1.696085809354301051e-07
1.704561303196526811e-07
1.713197812525035668e-07
1.721998310768545708e-07
1.730965822712692601e-07
1.740103425244936313e-07
1.749414248100624547e-07
1.758901474601461745e-07
1.768568342398909936e-07
1.778418144233676065e-07
1.788454228699764029e-07
1.798680001011560690e-07
1.809098923759939039e-07
1.819714517679509902e-07
1.830530362420093465e-07
1.841550097325064462e-07
1.852777422210496492e-07
1.864216098151473559e-07
1.875869948255963455e-07
1.887742858441100698e-07
1.899838778230096829e-07
1.912161721457732304e-07
1.924715766781125829e-07
1.937505058326279112e-07
1.950533806431435092e-07
1.963806288397938502e-07
1.977326849220640585e-07
1.991099902276769283e-07
2.005129929964154009e-07
2.019421484297615981e-07
2.033979187565717604e-07
2.048807732987240000e-07
2.063911885382016695e-07
2.079296481825156453e-07
2.094966432296824220e-07
2.110926720334950156e-07
2.127182403636661676e-07
2.143738614693952288e-07
2.160600561193347745e-07
2.177773526041138621e-07
2.195262867714858223e-07
2.213074020755215768e-07
2.231212496226107009e-07
2.249683882060179320e-07
2.268493843027541512e-07
2.287648120643147124e-07
2.307152533388140288e-07
2.327012977008281576e-07
2.347235424741154005e-07
2.367825927533350485e-07
2.388790614238893409e-07
2.410135691767455890e-07
2.431867445064435305e-07
2.453992236354737641e-07
2.476516504732404052e-07
2.499446766024355558e-07
2.522789612613701439e-07
2.546551712668933959e-07
2.570739808234068656e-07
2.595360714213140241e-07
2.620421317988942486e-07
2.645928578880765670e-07
2.671889527566921279e-07
2.698311265478094363e-07
2.725200964136320610e-07
2.752565863801006830e-07
2.780413271777395570e-07
2.808750561165994554e-07
2.837585169667694829e-07
2.866924597163964401e-07
2.896776400676101162e-07
2.927148191617608361e-07
2.958047634441977969e-07
2.989482444826560985e-07
3.021460387980845180e-07
3.053989276853880322e-07
3.087076970023972885e-07
3.120731368995768974e-07
3.154960415445312483e-07
3.189772088464793036e-07
3.225174399201984155e-07
3.261175380914193931e-07
3.297783084280646524e-07
3.335005574661171196e-07
3.372850928650956686e-07
3.411327230913434664e-07
3.450442570970430379e-07
3.490205040098107191e-07
3.530622727392125841e-07
3.571703714834159807e-07
3.613456069324055952e-07
3.655887825715875295e-07
3.699006978155240999e-07
3.742821475754714248e-07
3.787339217211277330e-07
3.832568045924973288e-07
3.878515745802186419e-07
3.925190038622227958e-07
3.972598577720547116e-07
4.020748939815614871e-07
4.069648604376906568e-07
4.119304931442220219e-07
4.169725154835957515e-07
4.220916374751410659e-07
4.272885550792433825e-07
4.325639496350781806e-07
4.379184877932684414e-07
4.433528208662512994e-07
4.488675836608211604e-07
4.544633915782991716e-07
4.601408374018483733e-07
4.659004903864030768e-07
4.717428952752568895e-07
4.776685714119508934e-07
4.836780122991236392e-07
4.897716859498928651e-07
4.959500338436681134e-07
5.022134689289257624e-07
5.085623706685381875e-07
5.149970821483574456e-07
5.215179090649481165e-07
5.281375970535126644e-07
5.348315834385886346e-07
5.416123713121779255e-07
5.484801108417257305e-07
5.554349114124077606e-07
5.624768363933030752e-07
5.696058977533799244e-07
5.768220547394222677e-07
5.841252123967072712e-07
5.915152204764100983e-07
5.989918745834800890e-07
6.065549172464325735e-07
6.142040356138640534e-07
6.219388553635534743e-07
6.297589336565111927e-07
6.376637574869226902e-07
6.456527419819774765e-07
6.537252292974093838e-07
6.618804909926045843e-07
6.701177296708502946e-07
6.784360759887900868e-07
6.868345803813033235e-07
6.953122057344630645e-07
7.038678257369443006e-07
7.125002229905311469e-07
7.212080885983193876e-07
7.299900270063136042e-07
7.388445566654133870e-07
7.477701052723429454e-07
7.567649984013722595e-07
7.658274541627056043e-07
7.749555813859975825e-07
7.841473778461827957e-07
7.934007328572225475e-07
8.027134338148619793e-07
8.120831639167999167e-07
8.215074930276052939e-07
8.309838660530984724e-07
8.405096004541443696e-07
8.500818840151524179e-07
8.596977748155063550e-07
8.693542099768544123e-07
8.790480082106574648e-07
8.887758633194638460e-07
8.985343295663914169e-07
9.083198158977423090e-07
9.181285837810959568e-07
9.279567457871465041e-07
9.378002732130754567e-07
9.476550045897001945e-07
9.575166411333950417e-07
9.673807323462889122e-07
9.762633986805165131e-07
9.861015750328067158e-07
9.969407884819438321e-07
1.006766932445850135e-06
1.016570847655857563e-06
1.026347135191155655e-06
1.036090233924466959e-06
1.045794407247464641e-06
1.055453740544633932e-06
1.065062138822890665e-06
1.074613331367435506e-06
1.084100888214063190e-06
1.093518220368165216e-06
1.102858569130795242e-06
1.112114992723415556e-06
1.121280363462375155e-06
1.130347365302338859e-06
1.139308498077062800e-06
1.148156096334341750e-06
1.156882331879443451e-06
1.165479207653847139e-06
1.173938549930059613e-06
1.182252006071266030e-06
1.190411042090356497e-06
1.198406947218861387e-06
1.206230854692147781e-06
1.213873746548845996e-06
1.221326458320597213e-06
1.228579686607006236e-06
1.235623988775605686e-06
1.242449780557936057e-06
1.249047341532031897e-06
1.255406837432753160e-06
1.261518328400411644e-06
1.267371797757038244e-06
1.272957187676688002e-06
1.278264401267985808e-06
1.283283300085256030e-06
1.288003710698898641e-06
1.292415447784887122e-06
1.296508329853283661e-06
1.300272251932478132e-06
1.303697255403935827e-06
1.306773530412352409e-06
1.309491412901544065e-06
1.311841391714485833e-06
1.313814131516630951e-06
1.315400503337351370e-06
1.316591712631255991e-06
1.317379386833870960e-06
1.317755574637561171e-06
1.317712742039315199e-06
1.317243778873042207e-06
1.316342020801278519e-06
1.315001299498846353e-06
1.313216098794865812e-06
1.310981622202141724e-06
1.308293789008770025e-06
1.305149229959558276e-06
1.301545292047746320e-06
1.297480059064590548e-06
1.292952409223867206e-06
1.287962132043770697e-06
1.282509952136486547e-06
1.276597528998521947e-06
1.270227454775596295e-06
1.263403253134388439e-06
1.256129397688342538e-06
1.248411345780234607e-06
1.240255572650225048e-06
1.231669569411476789e-06
1.222661855611403386e-06
1.213241973594914848e-06
1.203420466215052886e-06
1.193208890269187837e-06
1.182619797595903814e-06
1.171666706662730090e-06
1.160364110457335510e-06
1.148727499286864460e-06
1.136773311108779916e-06
1.124518863514970745e-06
1.111982342405499455e-06
1.099182690667024778e-06
1.086139561097986577e-06
1.072873346795734738e-06
1.059405187609653704e-06
1.045756793852515026e-06
1.031950328230577242e-06
1.018008290993624531e-06
1.003953261551570290e-06
9.898078774495715466e-07
9.755948698573885039e-07
9.613370000118349305e-07
9.470567382269151343e-07
9.327761173172763753e-07
9.185164188642222352e-07
9.042978603464194658e-07
8.901396181960883318e-07
8.760598521091463529e-07
8.620755611589108374e-07
8.482022843432583137e-07
8.344539755982769772e-07
8.208427981518803880e-07
8.073790496403414617e-07
7.940711945326322698e-07
7.809258818431935382e-07
7.679478804359339008e-07
7.551400100092643773e-07
7.425034037873685232e-07
7.300381747576243693e-07
7.177435717445594343e-07
7.056179752208816828e-07
6.936589240722095521e-07
6.818632722076335601e-07
6.702273634932556641e-07
6.587476656763918530e-07
6.474214346428841073e-07
6.362467098684487686e-07
6.252221947901598737e-07
6.143472666201904573e-07
6.036220671249258537e-07
5.930473735424187034e-07
5.826238907631822849e-07
5.723519470351262265e-07
5.622313559262407098e-07
5.522612997309951481e-07
5.424404211215249524e-07
5.327666408262783237e-07
5.232364060670391155e-07
5.138434078817158477e-07
5.045783347027306947e-07
4.954289324344311023e-07
4.863803183865759710e-07
4.774157157291257659e-07
4.685166080170587075e-07
4.596638095888014814e-07
4.508381599448569125e-07
4.420205527707208646e-07
4.331922129662199130e-07
4.243356732809583673e-07
4.154360363753206563e-07
4.064827061236618802e-07
3.974704320092735851e-07
3.884005050562089369e-07
3.792804374513427128e-07
3.701238140058641676e-07
3.609510339931877953e-07
3.517890419518620799e-07
3.426689050549955023e-07
3.336216525649924721e-07
3.246779152147374370e-07
3.158675604392684528e-07
3.072183289096455604e-07
2.987526935055415824e-07
2.904869236459269548e-07
2.824323448091841283e-07
2.745969306005320308e-07
2.669857947008765385e-07
2.596021457146147719e-07
2.524450230363670542e-07
2.455082864637381068e-07
2.387827910512325076e-07
2.322608488180513135e-07
2.259371426973865569e-07
2.198087666056284295e-07
2.138755853684392206e-07
2.081415851118716800e-07
2.026146510166144679e-07
1.973021133660009927e-07
1.922047588963751197e-07
1.873152857413215496e-07
1.826172158102275780e-07
1.780878519817375912e-07
1.737014976223660385e-07
1.694301167687645086e-07
1.652456535560065694e-07
1.611219030659278803e-07
1.570352435154077538e-07
1.529655960070158002e-07
1.488974192670992910e-07
1.448218760295446133e-07
1.407383914422852562e-07
1.366562620149336942e-07
1.325958955657599552e-07
1.285890884021067522e-07
1.246744197123404214e-07
1.208874581523492877e-07
1.172576159861329724e-07
1.138054646016709494e-07
1.105402224406580718e-07
1.074583701185164535e-07
1.045438628217193034e-07
1.017742844718655839e-07
9.912594166088551401e-08
9.657481507094405857e-08
9.409860483425713002e-08
9.167776661521656687e-08
8.929592063864882184e-08
8.694052903172452998e-08
8.460382505092050551e-08
8.228382543768645930e-08
7.998391035308021922e-08
7.771223245805611725e-08
7.548193842399475669e-08
7.331079430890651778e-08
7.121694186610415159e-08
6.921350325207819357e-08
6.730741487803209135e-08
6.549953474423697706e-08
6.378430502206422084e-08
6.214939314469565298e-08
6.057701803575940121e-08
5.905008833276589731e-08
5.755546359312541154e-08
5.608447677489035109e-08
5.463304859373651811e-08
5.320213229503174449e-08
5.179781409724538960e-08
5.042900792836037235e-08
4.910333434816436999e-08
4.782615261859627078e-08
4.660043385152167538e-08
4.542651903556452052e-08
4.430191634032037637e-08
4.322151312509536622e-08
4.217956658994902300e-08
4.117114862580891152e-08
4.019229319909231916e-08
3.924007238737427502e-08
3.831270381346449056e-08
3.740960282414065200e-08
3.653106225519743934e-08
3.567741058443347762e-08
3.484877161611764391e-08
3.404505217429043732e-08
3.326591991213856530e-08
3.251078237820945129e-08
3.177879252336563339e-08
3.106899084006585833e-08
3.038044481738885939e-08
2.971226340150188162e-08
2.906360028364829831e-08
2.843365665685440793e-08
2.782168204752849482e-08
2.722696832312373248e-08
2.664883225599999385e-08
2.608660981782295158e-08
2.553965749510789246e-08
2.500735377225758034e-08
2.448909945752141886e-08
2.398431831914693372e-08
2.349245570062563065e-08
2.301297632578549251e-08
2.254536520091411564e-08
2.208912954177751459e-08
2.164380000138472770e-08
2.120893122706295357e-08
2.078410091113336476e-08
2.036890372786886563e-08
1.996294849860807335e-08
1.956585894227075670e-08
1.917727473338290532e-08
1.879685172026393337e-08
1.842426211238461686e-08
1.805919336833262958e-08
1.770134600027263072e-08
1.735043367579583911e-08
1.700618412513263652e-08
1.666833977698977085e-08
1.633665802806179074e-08
1.601091114142256143e-08
1.569088381127007515e-08
1.537637160965012478e-08
1.506718134584254649e-08
1.476313164214498639e-08
1.446405322393635709e-08
1.416978916297980578e-08
1.388019400962683701e-08
1.359513110432124189e-08
1.331447208994766370e-08
1.303809715751750613e-08
1.276589530699267190e-08
1.249776455921763491e-08
1.223361203289620133e-08
1.197335248053914237e-08
1.171690682203589965e-08
1.146420217554375591e-08
1.121517189420615737e-08
1.096975572838338238e-08
1.072790004548048754e-08
1.048955749870480840e-08
1.025468516599273931e-08
1.002324393224305672e-08
9.795198435625629788e-09
9.570517048655182213e-09
9.349172063729074919e-09
9.131139831304273816e-09
8.916399949909323971e-09
8.704933990594231494e-09
8.496725386511299820e-09
8.291759289761613430e-09
8.090022650448829611e-09
7.891504393792710591e-09
7.696195362292757680e-09
7.504087227322257281e-09
7.315171895478175684e-09
7.129441435374331512e-09
6.946887989138407150e-09
6.767503904803376244e-09
6.591281843581237866e-09
6.418214500553685435e-09
6.248293872572955855e-09
6.081511115458271838e-09
5.917856454779067607e-09
5.757319209160258365e-09
5.599887883678333064e-09
5.445550202193265403e-09
5.294292815414243524e-09
5.146101030049021702e-09
5.000958770345541638e-09
4.858848535965186408e-09
4.719751453543329493e-09
4.583645139264333944e-09
4.450512445510306541e-09
4.320328238420358545e-09
4.193068184281402102e-09
4.068706519466298428e-09
3.947216055836911407e-09
3.828568190788294590e-09
3.712732918163322832e-09
3.599678969706099714e-09
3.489373943983320181e-09
3.381784304691034317e-09
3.276875407493539331e-09
3.174611495574530083e-09
3.074955677870842983e-09
2.977869985924154729e-09
2.883315667578644518e-09
2.791253287653866209e-09
2.701642758840347044e-09
2.614443370482322645e-09
2.529613756838989791e-09
2.447111875829585659e-09
2.366895170713016408e-09
2.288920840194094219e-09
2.213145876377758937e-09
2.139527128252621269e-09
2.068021300658961089e-09
1.998584920359277975e-09
1.931174344592690767e-09
1.865745967319371641e-09
1.802256347559494400e-09
1.740662249414115374e-09
1.680920699476035301e-09
1.622988966748259705e-09
1.566824541125335520e-09
1.512385173511238988e-09
1.459629001099669360e-09
1.408514589968250020e-09
1.359000999505978032e-09
1.311047812295583676e-09
1.264615119244271143e-09
1.219663509280851478e-09
1.176154083549699699e-09
1.134048483107934157e-09
1.093308929171424773e-09
1.053898299729797447e-09
1.015780139044449419e-09
9.789186544619811245e-10
9.432786968868963274e-10
9.088257158146235897e-10
8.755257661668802492e-10
8.433455704774610600e-10
8.122525723190175301e-10
7.822149386147159893e-10
7.532015576847067473e-10
7.251819807868226798e-10
6.981263643172210171e-10
6.720054930430526221e-10
6.467908412098632282e-10
6.224544312969646499e-10
5.989694844723397624e-10
5.763094209500956702e-10
5.544484266159581220e-10
5.333612605527661690e-10
5.130232924133997606e-10
4.934105464484652205e-10
4.744997075596663523e-10
4.562681237778872660e-10
4.386937508606010026e-10
4.217550660619269099e-10
4.054310765339892782e-10
3.897013684786038303e-10
3.745461336209474500e-10
3.599461751915836156e-10
3.458828978220925315e-10
3.323382167073260358e-10
3.192945127664803515e-10
3.067346562014580122e-10
2.946420428261321151e-10
2.830006041911151351e-10
2.717948132906555561e-10
2.610096438409481997e-10
2.506304738279865964e-10
2.406430798263029052e-10
2.310336703673689414e-10
2.217889106112112719e-10
2.128959294642754156e-10
2.043423173901481906e-10
1.961160528379409780e-10
1.882054413931874445e-10
1.805991256731500255e-10
1.732861112325929398e-10
1.662557772315894668e-10
1.594978830875886989e-10
1.530025506573892292e-10
1.467601949182082859e-10
1.407615117502715696e-10
1.349974974546923634e-10
1.294594666159755269e-10
1.241390559029271967e-10
1.190282235882373079e-10
1.141192059012091955e-10
1.094044658550894447e-10
1.048766972574562598e-10
1.005288439091114678e-10
9.635411041598037002e-11
9.234596807502455314e-11
8.849814724152503029e-11
8.480458318343995071e-11
8.125939640641273023e-11
7.785690182691487205e-11
7.459161943541356218e-11
7.145827767601224268e-11
6.845181536309542866e-11
6.556735950353357698e-11
6.280018637086418816e-11
6.014572122748611861e-11
5.759955245532655713e-11
5.515744073238255637e-11
5.281532185735560406e-11
5.056930361481232794e-11
4.841563255092882691e-11
4.635067521056115996e-11
4.437092210867184178e-11
4.247299390674984810e-11
4.065364483392708462e-11
3.890976595679559266e-11
3.723837473746854906e-11
3.563658250412968046e-11
3.410160385489015992e-11
3.263074469917329260e-11
3.122142096091613231e-11
2.987115590416037696e-11
2.857757850808252498e-11
2.733840619650141078e-11
2.615143036588488080e-11
2.501451885316381607e-11
2.392562243991685553e-11
2.288277899959226881e-11
2.188411667257637570e-11
2.092784922942078347e-11
2.001225397523941098e-11
1.913566576867266706e-11
1.829647913001748040e-11
1.749314970237458499e-11
1.672419405277155666e-11
1.598818955217739271e-11
1.528376795606968659e-11
1.460960779391678607e-11
1.396443612649250888e-11
1.334703271492142289e-11
1.275623314594548846e-11
1.219092987693208546e-11
1.165006897261658577e-11
1.113263413683733822e-11
1.063763929070903052e-11
1.016413260069721927e-11
9.711202569721865455e-12
9.277979817209684393e-12
8.863639427612294995e-12
8.467399168628883242e-12
8.088514169791585199e-12
7.726243343886723217e-12
7.379849603207577077e-12
7.048659816132490827e-12
6.732030404867939902e-12
6.429349045979486735e-12
6.140020431123623494e-12
5.863463303030921864e-12
5.599122034424479920e-12
5.346461455281419620e-12
5.104973946290801030e-12
4.874180037278665127e-12
4.653627598671027779e-12
4.442884063749765771e-12
4.241527414739239031e-12
4.049149512599691914e-12
3.865357557640581490e-12
3.689773119613840629e-12
3.522034354858131677e-12
3.361795717804928607e-12
3.208729749726371700e-12
3.062518389690723672e-12
2.922861617929204040e-12
2.789480294722178258e-12
2.662109806622940864e-12
2.540496435714642823e-12
2.424387025536092031e-12
2.313533780721768943e-12
2.207703654887332087e-12
2.106675760605184119e-12
2.010230186648069921e-12
1.918161865111942582e-12
1.830278960093388245e-12
1.746399163137697719e-12
1.666349050002975629e-12
1.589961066693549867e-12
1.517077010267095130e-12
1.447544527481916953e-12
1.381215295229370475e-12
1.317940980120331895e-12
1.257578980680006517e-12
1.199993977337282924e-12
1.145051439887963067e-12
1.092619575438577583e-12
1.042568358225890459e-12
9.948038948519663245e-13
9.492277112149398577e-13
9.057395608132828921e-13
8.642437855330509638e-13
8.246491064973354992e-13
7.868684265840698138e-13
7.508186389541429724e-13
7.164204442299545307e-13
6.835981760565028987e-13
6.522796346711482433e-13
6.223959280702687806e-13
5.938813204777085213e-13
5.666730877447451059e-13
5.407113793675836208e-13
5.159390868463783782e-13
4.923017180525585217e-13
4.697472773664971247e-13
4.482261513061790731e-13
4.276909993828297002e-13
4.080966499756304662e-13
3.894000009612745837e-13
3.715599249016063423e-13
3.545371785811810288e-13
3.382943166752065424e-13
3.227956093872618396e-13
3.080069638521157510e-13
2.938958491381664745e-13
2.804312246950627732e-13
2.675834720670569006e-13
2.553243297443128706e-13
2.436268309965635848e-13
2.324652445496809960e-13
2.218150179896870346e-13
2.116527237504127916e-13
2.019560075803594881e-13
1.927035393720772163e-13
1.838749662342667029e-13
1.754508677413138237e-13
1.674126758570063401e-13
1.590398348298403879e-13
1.510034151969063817e-13
1.433174191200403764e-13
1.359726920421793149e-13
1.289927144587385120e-13
1.222182225688790146e-13
1.157597340432126780e-13
1.096084218451645079e-13
1.037504866557317928e-13
9.823598323611327943e-14
9.299709953962988826e-14
8.817122913165787256e-14
8.360790928161154257e-14
7.924106209614861053e-14
7.508279579767611868e-14
7.112211255299645724e-14
6.734851036703889367e-14
6.374165679530632165e-14
6.027009335356505386e-14
5.682264451356012599e-14
5.297681388052111321e-14
4.931825427258082341e-14
4.576675222734004585e-14
4.235423553303370990e-14
3.901723943918518146e-14
3.574000564171572822e-14
3.271357923944020489e-14
3.003596100812086753e-14
2.749718488876930437e-14
