# bin_4_4
1.368718040730000613e-05
1.368136597481508077e-05
1.367557135703564500e-05
1.366980137367084816e-05
1.366406102704359376e-05
1.365835546970859864e-05
1.365268970162911379e-05
1.364706898406146950e-05
1.364149879440261195e-05
1.363598484110546401e-05
1.363053304200053658e-05
1.362514960151194506e-05
1.361984130128822861e-05
1.361461265399375526e-05
1.360946953122301065e-05
1.360441736425522757e-05
1.359946182904272382e-05
1.359460936584980298e-05
1.358986753241859994e-05
1.358524573146682775e-05
1.358075156045642042e-05
1.357639381000974208e-05
1.357217983404490604e-05
1.356811780198735692e-05
1.356421707517966911e-05
1.356048648373660802e-05
1.355693769554108275e-05
1.355377337737239214e-05
1.355038746698597002e-05
1.354748826922084606e-05
1.354477060706302529e-05
1.354228623684550698e-05
1.354004653647361275e-05
1.353807217328982057e-05
1.353635473774373064e-05
1.353491750987149069e-05
1.353377354145595230e-05
1.353295448525952732e-05
1.353242595882159714e-05
1.353223485183474685e-05
1.353238816800917981e-05
1.353290435673302801e-05
1.353380149664378088e-05
1.353509445674065876e-05
1.353697962109706641e-05
1.353891774557119707e-05
1.354147875323645282e-05
1.354449365105606895e-05
1.354797833525318535e-05
1.355195125627523342e-05
1.355643166525883073e-05
1.356143943359282532e-05
1.356699369241194967e-05
1.357311199127212849e-05
1.357981085761395985e-05
1.358710761673667260e-05
1.359502390741753883e-05
1.360358442612827352e-05
1.361281269624249772e-05
1.362272975958824414e-05
1.363336327637259790e-05
1.364470916510454768e-05
1.365680003612996955e-05
1.366966278713112448e-05
1.368332252921899763e-05
1.369780537972410950e-05
1.371335176600629643e-05
1.372950688897724902e-05
1.374654893902799040e-05
1.376451422462099122e-05
1.378344145166211946e-05
1.380323791899244643e-05
1.382402280869705460e-05
1.384604826216751095e-05
1.386900220251209902e-05
1.389302438554749971e-05
1.391814130959922797e-05
1.394438555128099095e-05
1.397178576312876671e-05
1.400036359045482375e-05
1.403014374379133598e-05
1.406115837182560558e-05
1.409344173637075926e-05
1.412702441120304496e-05
1.416192658962102728e-05
1.419817956630861863e-05
1.423581276837112990e-05
1.427486167929511212e-05
1.431535744484496236e-05
1.435733136087398977e-05
1.440080888407346219e-05
1.444582438459576250e-05
1.449240855198903774e-05
1.454049309018809391e-05
1.459028851830086520e-05
1.464190948653091797e-05
1.469509670149480268e-05
1.475001847742679219e-05
1.480670543141097186e-05
1.486519277959814984e-05
1.492551210868527502e-05
1.498769617479359827e-05
1.505178272633049092e-05
1.511780471846890461e-05
1.518579380232376194e-05
1.525578499562096113e-05
1.532781453526414544e-05
1.540191642758729311e-05
1.547812309710537123e-05
1.555647188810461252e-05
1.563699557488835862e-05
1.571972967725907816e-05
1.580470953875755507e-05
1.589196782922514277e-05
1.598153996544591989e-05
1.607346108747735591e-05
1.616776445068272044e-05
1.626399691428150979e-05
1.636320469089730452e-05
1.646480423728396389e-05
1.656948261395894533e-05
1.667620799221202662e-05
1.678551821728348664e-05
1.689744724941451672e-05
1.701202790827385924e-05
1.712929305435557771e-05
1.724927539511826016e-05
1.737200751480629131e-05
1.749752104712330638e-05
1.762584869023072425e-05
1.775702123386576999e-05
1.789107031223932618e-05
1.802802627148211519e-05
1.816791922760782038e-05
1.831077889107816321e-05
1.845663407500355296e-05
1.860551289200204110e-05
1.875744289249831406e-05
1.891211850537449386e-05
1.907056282094845182e-05
1.923184638952718639e-05
1.939619949201633605e-05
1.956377235555192961e-05
1.973454549666246317e-05
1.990854072842263258e-05
2.008577888708516429e-05
2.026627976738293112e-05
2.045006228983424612e-05
2.063714422624703660e-05
2.082754230286499724e-05
2.102127199366608570e-05
2.121834750306689934e-05
2.141878162216769924e-05
2.162258571771318908e-05
2.182976965795426237e-05
2.204039360222471213e-05
2.225436171662386809e-05
2.247173025827624179e-05
2.269250268706424502e-05
2.291668059722763940e-05
2.314426358016529009e-05
2.337524924364320659e-05
2.360963314974211515e-05
2.384740893926564994e-05
2.408856825133391075e-05
2.433310064527485851e-05
2.458099343261103061e-05
2.483223146871970551e-05
2.508679709911265692e-05
2.534467016733122258e-05
2.560582798168800959e-05
2.587024533355068671e-05
2.613789441885143577e-05
2.640874470795553507e-05
2.668276267308185065e-05
2.695991162656921676e-05
2.724015165774501033e-05
2.752343975729344344e-05
2.780972980485553632e-05
2.809897255191210613e-05
2.839111555171341703e-05
2.868610301217637429e-05
2.898387543115636900e-05
2.928436948707207859e-05
2.958751806908914032e-05
2.989325042565405661e-05
3.020152241281422482e-05
3.051219450353192137e-05
3.082521568635441427e-05
3.114049969861126197e-05
3.145795581310405957e-05
3.177748889044167726e-05
3.209899954040766688e-05
3.242238418597463457e-05
3.274753497160749646e-05
3.307433970487593910e-05
3.340268164714818713e-05
3.373243905536454928e-05
3.406348521240181484e-05
3.439568855078531579e-05
3.472891279587651266e-05
3.506301695126914361e-05
3.539785046895144144e-05
3.573327217655216173e-05
3.606912147877286521e-05
3.640523701666290284e-05
3.674145214589525456e-05
3.707759513634017675e-05
3.741348917533146302e-05
3.774895235129505907e-05
3.808379780377706304e-05
3.841783329923271193e-05
3.875086090532744114e-05
3.908267719724656491e-05
3.941307347629534384e-05
3.974183584556510214e-05
4.006874519361061811e-05
4.039357745232593719e-05
4.071610332118694121e-05
4.103608780712153688e-05
4.135327527830042778e-05
4.166781200589050486e-05
4.197834827533958817e-05
4.228571157705957674e-05
4.258928005168914301e-05
4.288915905348056638e-05
4.318434379303124617e-05
4.347453168965791537e-05
4.376020994322082919e-05
4.404071254858422848e-05
4.431574846241775385e-05
4.458502188763008951e-05
4.484864199922089002e-05
4.510548545687920679e-05
4.535523758244064098e-05
4.559840837006854785e-05
4.583426823663772396e-05
4.606249457533566919e-05
4.628276050933211304e-05
4.649473531550335021e-05
4.669808493521218287e-05
4.689247252417608907e-05
4.707755890412559349e-05
4.725300756657374736e-05
4.741846490531967802e-05
4.757358961536696073e-05
4.771803465224406604e-05
4.785145358300915800e-05
4.797350124055657107e-05
4.808383416966412980e-05
4.818211069775371196e-05
4.826799085251700310e-05
4.834113678648859294e-05
4.840121607106026764e-05
4.844790412382339454e-05
4.848087554388485994e-05
4.849984091152065768e-05
4.850449124835795947e-05
4.849453523562858448e-05
4.846971772065063162e-05
4.842971750452701099e-05
4.837431295231608801e-05
4.830327260256759593e-05
4.821638629430818716e-05
4.811344959731785612e-05
4.799428675043857434e-05
4.785873763948705705e-05
4.770666926851490291e-05
4.753797745080695527e-05
4.735258674122612443e-05
4.715045028724949107e-05
4.693154996337178098e-05
4.669589637831304623e-05
4.644353335370608526e-05
4.617454474842159871e-05
4.588905448733663348e-05
4.558722643500854975e-05
4.526926437419101962e-05
4.493541335896065613e-05
4.458596132046641444e-05
4.422124329155994196e-05
4.384164344969892081e-05
4.344759290664362817e-05
4.303956829715819871e-05
4.261809169892069138e-05
4.218373262037043546e-05
4.173710798031025069e-05
4.127887963430877237e-05
4.080975052460122297e-05
4.033046157250770169e-05
3.984179209958520288e-05
3.934455401936771008e-05
3.883959775510078036e-05
3.832779954017310353e-05
3.781005085365210549e-05
3.728725232497370404e-05
3.676031036326832968e-05
3.623013710473805507e-05
3.569764863065064223e-05
3.516375862121125516e-05
3.462936470806348967e-05
3.409533490524310967e-05
3.356250205283202811e-05
3.303166068220619189e-05
3.250356792436297741e-05
3.197894526813360846e-05
3.145847719438198695e-05
3.094279970770563807e-05
3.043261027128413244e-05
2.992820059259163859e-05
2.943015132282439950e-05
2.893887034774715011e-05
2.845460075814298579e-05
2.797799864454179975e-05
2.750898343378678932e-05
2.704788897187212181e-05
2.659488767163153248e-05
2.615010513978447432e-05
2.571361479331448930e-05
2.528543025283169003e-05
2.486556529960374138e-05
2.445377335771231256e-05
2.404994181018384655e-05
2.365383419771935360e-05
2.326515724807278000e-05
2.288356589043143908e-05
2.250866322874080927e-05
2.213998616800920514e-05
2.177694295049957323e-05
2.141906488296562087e-05
2.106564035203783294e-05
2.071596666451317294e-05
2.036930090945219930e-05
2.002488390637590155e-05
1.968197819138010007e-05
1.933988126450692457e-05
1.899792971313173516e-05
1.865549670493555747e-05
1.831203507369007672e-05
1.796686217413356364e-05
1.761957026684632331e-05
1.726987291941275846e-05
1.691768281768694506e-05
1.656304931888286417e-05
1.620624121572947923e-05
1.584766627277901319e-05
1.548788484964131826e-05
1.512758212998021923e-05
1.476760931029887384e-05
1.440890793615798372e-05
1.405256767147925979e-05
1.369980941776005819e-05
1.335197163939328709e-05
1.301035849560925712e-05
1.267602703538014519e-05
1.234976346774187851e-05
1.203209323152681391e-05
1.172329937176014558e-05
1.142345848667410477e-05
1.113244858320013618e-05
1.084998381020148269e-05
1.057565603386770001e-05
1.030891513648439564e-05
1.004906133807226567e-05
9.795251036039746061e-06
9.546499353170114367e-06
9.301811616387379748e-06
9.060489349766979140e-06
8.822183464444470529e-06
8.586852851278048800e-06
8.354728408285902794e-06
8.126330653792764117e-06
7.902435523904304378e-06
7.683886264221136128e-06
7.471363185811431220e-06
7.265371359375021198e-06
7.066251325670801751e-06
6.874163658502440742e-06
6.689082007921181888e-06
6.510766727073649190e-06
6.338697400170637190e-06
6.172596771378378329e-06
6.011759616614642494e-06
5.855585066949871358e-06
5.703443123454412149e-06
5.554659137226059379e-06
5.408564449460661705e-06
5.264640379523846259e-06
5.122638419884658587e-06
4.982169277859904210e-06
4.843341380147302035e-06
4.706405078763630220e-06
4.571869371512006188e-06
4.440378409578682540e-06
4.312568312944075230e-06
4.188940172142122245e-06
4.069813542021804934e-06
3.955295398276439039e-06
3.845237473730146562e-06
3.739289681260656260e-06
3.637007138807187593e-06
3.537952217486404052e-06
3.441781124079571069e-06
3.348250948205341677e-06
3.257213678688474503e-06
3.168603821030106332e-06
3.082384754535495378e-06
2.998418247919192715e-06
2.916737249414994770e-06
2.837168309192727783e-06
2.759604313845938253e-06
2.683967140818794847e-06
2.610242224065453492e-06
2.538506280074648421e-06
2.468944564773544015e-06
2.401583764211357151e-06
2.336581107268484002e-06
2.273982019269997525e-06
2.213756525641163322e-06
2.155777163186014818e-06
2.099827539145598025e-06
2.045669050126248482e-06
1.993086721629769028e-06
1.941903129204424850e-06
1.891998749535892615e-06
1.843322333386640481e-06
1.795896346187317221e-06
1.749757216132226692e-06
1.705040831378817880e-06
1.661765909362548332e-06
1.619958711598474508e-06
1.579611329855622071e-06
1.540705490077716261e-06
1.503106894974308833e-06
1.466749292032472862e-06
1.431550940995409508e-06
1.397424490725318188e-06
1.364311138282339339e-06
1.332162333478220169e-06
1.300939415033791159e-06
1.270634014155443349e-06
1.241220413023764683e-06
1.212679760222079022e-06
1.184990875281454989e-06
1.158129823850634586e-06
1.132070198882175526e-06
1.106783242298734673e-06
1.082238622888504010e-06
1.058408932086669579e-06
1.035265560011720255e-06
1.012781529818893541e-06
9.909309804800117196e-07
9.696890737837905775e-07
9.490320918097660222e-07
9.289371556956825675e-07
9.093821582739563961e-07
8.903458290282079830e-07
8.718076103290170660e-07
8.537476276620153814e-07
8.361467169990981038e-07
8.189863643420702282e-07
8.022486841819830348e-07
7.859163947305911505e-07
7.699728533655266176e-07
7.544014136248529983e-07
7.391881845555542661e-07
7.243179373468667129e-07
7.097768074265163516e-07
6.955514908989378125e-07
6.816292435415305599e-07
6.679978808041262140e-07
6.546457673410974675e-07
6.415618410110503820e-07
6.287356027935963764e-07
6.161570431939775860e-07
6.038166862550299858e-07
5.917054881255286816e-07
5.798149018108727856e-07
5.681368578965371372e-07
5.566637745118259995e-07
5.453885160425456762e-07
5.343043429030067780e-07
5.234034538293205029e-07
5.126828380996301133e-07
5.021349670868172000e-07
4.917556368564614855e-07
4.815395650143214408e-07
4.714822962147505937e-07
4.615796765529411200e-07
4.518278561087279497e-07
4.422232902197115802e-07
4.327627263149345334e-07
4.234431974960689106e-07
4.142619931806798917e-07
4.052166248264836176e-07
3.963048143998182530e-07
3.875245020113810963e-07
3.788745430633404549e-07
3.703518554517217543e-07
3.619557022324212016e-07
3.536843600900353818e-07
3.455374548975013787e-07
3.375134963392691329e-07
3.296115463295127518e-07
3.218307867286232036e-07
3.141705029990639078e-07
3.066300616082401151e-07
2.992088859328916701e-07
2.919064496079878693e-07
2.847222825744388361e-07
2.776559716886997342e-07
2.707071466938055774e-07
2.638754624568939199e-07
2.571605813162192610e-07
2.505621621392782058e-07
2.440798589260916279e-07
2.377133263469603360e-07
2.314622172822600759e-07
2.253261687087302177e-07
2.193047925262525743e-07
2.133974783146397604e-07
2.076046844100450535e-07
2.019246212447369665e-07
1.963573087987847014e-07
1.909021762472503741e-07
1.855586080418194012e-07
1.803259413492801972e-07
1.752034617528013147e-07
1.701904037520395489e-07
1.652859518641787696e-07
1.604892446498705046e-07
1.557993714958355909e-07
1.512153735600717878e-07
1.467362448080164222e-07
1.423609320689850415e-07
1.380883353115989464e-07
1.339173077299430261e-07
1.298465456568517384e-07
1.258750531369851205e-07
1.220014434860944743e-07
1.182244166191380187e-07
1.145426395994828265e-07
1.109547454972121299e-07
1.074593346262307182e-07
1.040549794104563813e-07
1.007402282340884678e-07
9.751368972289034830e-08
9.437371686551476678e-08
9.131888853254502203e-08
8.834768399548765357e-08
8.545856772175944987e-08
8.264999341240730897e-08
7.992033494876416937e-08
7.726818768637695343e-08
7.469191882595893799e-08
7.218997047475291122e-08
6.976078257580605099e-08
6.740279557699991134e-08
6.511445460920485188e-08
6.289421231971139016e-08
6.074053123845193136e-08
5.865188419987534803e-08
5.662675288127393829e-08
5.466362851965415019e-08
5.276101538365777649e-08
5.091737297883868346e-08
4.913136033193821014e-08
4.740152911799280985e-08
4.572632757171786818e-08
4.410440534566129714e-08
4.253436799816541969e-08
4.101484276622148728e-08
3.954447863511127289e-08
3.812194639400970189e-08
3.674593811456730447e-08
3.541516776461205571e-08
3.412833466590460653e-08
3.288427112817181016e-08
3.168172406366048510e-08
3.051950267600132317e-08
2.939643972034220779e-08
2.831139141716854081e-08
2.726323729829608922e-08
2.625088088698508535e-08
2.527325171491621369e-08
2.432930472600288762e-08
2.341799167299383744e-08
2.253836888741889045e-08
2.168943320334574935e-08
2.087023225770733115e-08
2.007983758374318747e-08
1.931734561557124607e-08
1.858187562863815809e-08
1.787256821853560739e-08
1.718858539140930859e-08
1.652908702022596879e-08
1.589332529265017756e-08
1.528050292050481313e-08
1.468986946598897285e-08
1.412069463796941796e-08
1.357194222336125849e-08
1.304358310255632755e-08
1.253460820385903108e-08
1.204436513367281785e-08
1.157249071377676283e-08
1.111782419054489306e-08
1.068004786337144727e-08
1.025858214154814914e-08
9.852864685202477184e-09
9.462114164941426054e-09
9.086282669359331122e-09
8.724601228543480671e-09
8.376603764817262904e-09
8.041795169098741924e-09
7.719709636390870429e-09
7.409896066227921050e-09
7.111917798069551225e-09
6.825353292671347719e-09
6.549794947752202765e-09
6.284837799073480066e-09
6.030118572715287668e-09
5.785256151046857397e-09
5.549891656387635370e-09
5.323678708074455269e-09
5.106283437384119782e-09
4.897374939226336006e-09
4.696657359629804848e-09
4.503819607450337754e-09
4.318569348555523972e-09
4.140624134546028424e-09
3.969711873285108710e-09
3.805563200390283691e-09
3.647938304911730229e-09
3.496584487522916542e-09
3.351264647422396126e-09
3.211750090218704058e-09
3.077820567178527341e-09
2.949258746925094442e-09
2.825871905896636064e-09
2.707456646547074991e-09
2.593822045783839609e-09
2.484783856526218627e-09
2.380159509835682916e-09
2.279787935512833416e-09
2.183499856759491779e-09
2.091136860000742343e-09
2.002546002488713746e-09
1.917575525972303382e-09
1.836092616094036917e-09
1.757956315481032224e-09
1.683035672928774775e-09
1.611204563054534630e-09
1.542337630878436715e-09
1.476324250418077384e-09
1.413047247914456144e-09
1.352397267534379778e-09
1.294266278800652313e-09
1.238560006033789684e-09
1.185178493757666384e-09
1.134028467156977205e-09
1.085020139250626731e-09
1.038064646474509974e-09
9.930843212959100125e-10
9.499969308667887094e-10
9.087239876951558642e-10
8.691937047562936040e-10
8.313374720276962136e-10
7.950846120749633035e-10
7.603674431712544440e-10
7.271272142460552209e-10
6.953015570434930076e-10
6.648325391991761656e-10
6.356625044131716526e-10
6.077411959761009995e-10
5.810149295093391900e-10
5.554322817347876206e-10
5.309488232377256705e-10
5.075172726177777187e-10
4.850923755351595511e-10
4.636349217160125238e-10
4.431030027710966955e-10
4.234578940432152141e-10
4.046613001976629006e-10
3.866802721742015016e-10
3.694783921008720414e-10
3.530253108489402335e-10
3.372884811498925470e-10
3.222369057774302809e-10
3.078433920589999369e-10
2.940783436989140711e-10
2.809154211132726243e-10
2.683291759508445158e-10
2.562953792383449440e-10
2.447902442183682378e-10
2.337908737910866975e-10
2.232760948103976195e-10
2.132248233903341624e-10
2.036171013502284432e-10
1.944337566873187863e-10
1.856562849878649271e-10
1.772669313272419476e-10
1.692487226889213372e-10
1.615856389820031129e-10
1.542622797573310481e-10
1.472641914326752110e-10
1.405780709275225886e-10
1.341902029226271782e-10
1.280887768034921097e-10
1.222599674166923758e-10
1.166923820505979708e-10
1.113753797912810731e-10
1.062971580436350163e-10
1.014479030624843257e-10
9.681799405469013208e-11
9.239774761045968995e-11
8.817748646441403667e-11
8.414907404804448216e-11
8.030379546400207577e-11
7.663342408948007890e-11
7.313026507364452476e-11
6.978627319889544842e-11
6.659401017149156371e-11
6.354699986883754045e-11
6.063874725401732130e-11
5.786279797458624634e-11
5.521294911486636988e-11
5.268342274647029034e-11
5.026896006099510799e-11
4.796453477525639986e-11
4.576540675962944893e-11
4.366733801970961784e-11
4.166591796822809515e-11
3.975682369471469589e-11
3.793565644701646162e-11
3.619800110933896734e-11
3.453937752311254144e-11
3.295520056376798053e-11
3.144275894087861618e-11
2.999976604839356886e-11
2.862289374443101821e-11
2.730921981253144309e-11
2.605568596873714428e-11
2.485959669246667080e-11
2.371846207333286744e-11
2.262950183253121401e-11
2.159048918402135652e-11
2.059911022430285273e-11
1.965327385957630158e-11
1.875083569541517136e-11
1.788976876263427559e-11
1.706814213107831865e-11
1.628431017673067693e-11
1.553638285490038891e-11
1.482271740536034866e-11
1.414181344663584743e-11
1.349217637952687868e-11
1.287226472504770286e-11
1.228047952623245057e-11
1.171582975325526997e-11
1.117711659411117520e-11
1.066314474427907960e-11
1.017276872033190976e-11
9.704871142054566995e-12
9.258472004890987062e-12
8.832546633430627260e-12
8.426200218552884745e-12
8.038483340138768558e-12
7.668559831233222021e-12
7.315674611356901728e-12
6.978925511123335045e-12
6.657697981709783215e-12
6.339662533999371163e-12
6.034883948664920078e-12
5.744370955485263885e-12
5.467431488535383658e-12
5.203503598376344068e-12
4.951920480843888087e-12
4.712182730026481515e-12
4.483719650160223030e-12
4.265993872822082214e-12
4.058542638119125402e-12
3.860830723329607135e-12
3.667932013303173849e-12
3.484043810071070914e-12
3.308940537992988479e-12
3.142227281917067725e-12
2.983520347506185752e-12
2.832445646001448930e-12
2.688632988878964338e-12
2.551712872970656036e-12
2.411986033016917197e-12
2.232127148007733144e-12
2.062160271752323244e-12
1.901619584800248375e-12
1.749997119044401747e-12
1.606692447673396698e-12
1.471309905188722493e-12
1.343507049666339970e-12
1.228500806455084980e-12
1.121035927913972624e-12
