# bin_5_5
9.776479471127888507e-06
9.759260683967023307e-06
9.741841556372979127e-06
9.724222808930168960e-06
9.706405174887669635e-06
9.688389460041132504e-06
9.670176242339987351e-06
9.651766279518073975e-06
9.633160463223009999e-06
9.614359832475176794e-06
9.595365550964512431e-06
9.576178885432733314e-06
9.556801343880088435e-06
9.537233416584570491e-06
9.517475348015205804e-06
9.497527390472085932e-06
9.477389947675001559e-06
9.457064086746613810e-06
9.436551885710715964e-06
9.415857150783780465e-06
9.394982359573131190e-06
9.373929421265884537e-06
9.352700374472608093e-06
9.331297414762908243e-06
9.309723253237871794e-06
9.287981651211543393e-06
9.266077392948445068e-06
9.244204403025431665e-06
9.221757550933032114e-06
9.199430066552507704e-06
9.176913845301431393e-06
9.154253286468841120e-06
9.131463458043323142e-06
9.108525799733810269e-06
9.085456944433746270e-06
9.062262022930834280e-06
9.038946614198109866e-06
9.015516445410022981e-06
8.991983628939899899e-06
8.968333843521464203e-06
8.944584316699083555e-06
8.920743964212376372e-06
8.896823265406940992e-06
8.872828713202098104e-06
8.848945283293237869e-06
8.824633906630087622e-06
8.800446901731338664e-06
8.776209291286680701e-06
8.751927186108722769e-06
8.727611242691493137e-06
8.703270610347780791e-06
8.678915626501343308e-06
8.654555753558533540e-06
8.630198746490987179e-06
8.605851204519348588e-06
8.581520367894639374e-06
8.557217589866181987e-06
8.532957094940831554e-06
8.508751798200693041e-06
8.484612011771946541e-06
8.460544309723414672e-06
8.436554053605346411e-06
8.412652470910442364e-06
8.388855042889112299e-06
8.365182919855456214e-06
8.341634597047132226e-06
8.318223800222658044e-06
8.295145717403337742e-06
8.272013234539848931e-06
8.249064578823539192e-06
8.226221044777541313e-06
8.203692924408640107e-06
8.181269645066364845e-06
8.159297052680680612e-06
8.137447728505303992e-06
8.115849248529112897e-06
8.094517481037791598e-06
8.073471352633907730e-06
8.052722847645420019e-06
8.032278688760870991e-06
8.012151138287776605e-06
7.992358021560803569e-06
7.972917392767679429e-06
7.953846226843033844e-06
7.935153132065241534e-06
7.916852122043113266e-06
7.898960027756333550e-06
7.881492195748050804e-06
7.864466845427241462e-06
7.847899779691612575e-06
7.831800900163783568e-06
7.816186216731421199e-06
7.801072302259433750e-06
7.786380198990366231e-06
7.772298810762396382e-06
7.758928994080419305e-06
7.745991741742361316e-06
7.733640668916017520e-06
7.721889834804455878e-06
7.710754151366422382e-06
7.700255595420656634e-06
7.690406506969205358e-06
7.681227646028311181e-06
7.672734976611720486e-06
7.664943119355664380e-06
7.657869971472815911e-06
7.651534591054756594e-06
7.645953794959700224e-06
7.641142806673211673e-06
7.637121688967855434e-06
7.633905978974744511e-06
7.631513923235556804e-06
7.629963607565291598e-06
7.629270519150108056e-06
7.629452914897803730e-06
7.630528843094653134e-06
7.632514563942418783e-06
7.634945907445617397e-06
7.639284510215902551e-06
7.642643834221348213e-06
7.648423417430083560e-06
7.655198833443588077e-06
7.662986453477663089e-06
7.671804115278538916e-06
7.681668756089537553e-06
7.692597591187031749e-06
7.704607934749158375e-06
7.717723153615584848e-06
7.731948397397676618e-06
7.747307424105604005e-06
7.763816895916069607e-06
7.781494529456988579e-06
7.800357155846797901e-06
7.820421827295161542e-06
7.841705658972237768e-06
7.864225357821701153e-06
7.887997432337274663e-06
7.913038342967280124e-06
7.939362861289057211e-06
7.966989972708308178e-06
7.995934070745657602e-06
8.026210984662338630e-06
8.057836312908388379e-06
8.090825511481701288e-06
8.125193912844675320e-06
8.160956670687724717e-06
8.198128708165068796e-06
8.236724897630822126e-06
8.276768149667585285e-06
8.318256319441949699e-06
8.361211824836483361e-06
8.405648699132206792e-06
8.451580681242720059e-06
8.499021219202248877e-06
8.547983409848218371e-06
8.598480066312294516e-06
8.650523630897973481e-06
8.704124300104724478e-06
8.759297162393747302e-06
8.816051626501857528e-06
8.874398361101628271e-06
8.934347560633960854e-06
8.995908891859585854e-06
9.059091608629022186e-06
9.123904479862087955e-06
9.190355726425146842e-06
9.258453025031159503e-06
9.328203495140227551e-06
9.399613651213557588e-06
9.472689405777016735e-06
9.547436033302409406e-06
9.623858161560409325e-06
9.701959689122028880e-06
9.781743669375839314e-06
9.863212280857074033e-06
9.946370901120781365e-06
1.003121189763306909e-05
1.011773884204161452e-05
1.020595046683944256e-05
1.029584458165719042e-05
1.038741798711837284e-05
1.048066638018813438e-05
1.057566231985823710e-05
1.067224437949200525e-05
1.077048175291641884e-05
1.087036573686126516e-05
1.097188648592051383e-05
1.107503288574337011e-05
1.117979248228500258e-05
1.128615136367988741e-05
1.139409417023278723e-05
1.150360411380053704e-05
1.161466313654866988e-05
1.172725101577262217e-05
1.184134870801249850e-05
1.195693295360849262e-05
1.207397969692333450e-05
1.219246314932695619e-05
1.231235580489755702e-05
1.243362861748176079e-05
1.255625113700868680e-05
1.268019129908417733e-05
1.280541525026639809e-05
1.293188730435042379e-05
1.305956984359556862e-05
1.318842328016141438e-05
1.331840626057286160e-05
1.344947592083485731e-05
1.358158770523713819e-05
1.371469512024734573e-05
1.384874972797905884e-05
1.398370103255851064e-05
1.411949639752431047e-05
1.425608127141318194e-05
1.439339950052343799e-05
1.453139324150084195e-05
1.467000262245728823e-05
1.480916573143622442e-05
1.494881179312384705e-05
1.508888745134765702e-05
1.522931835339427606e-05
1.537003462412823786e-05
1.551096474541634182e-05
1.565203110771529613e-05
1.579316618012158012e-05
1.593428818358290358e-05
1.607531714093024460e-05
1.621617109042754984e-05
1.635676648187971285e-05
1.649701818010005923e-05
1.663683906046602940e-05
1.677613992061601758e-05
1.691482943552810426e-05
1.705281406276150464e-05
1.718999832691127258e-05
1.732628519079572592e-05
1.746157604552275237e-05
1.759577019883996429e-05
1.772876477749688563e-05
1.786045470790529574e-05
1.799073268611505223e-05
1.811948946013018579e-05
1.824661403279917982e-05
1.837199348183728782e-05
1.849551245308994342e-05
1.861705304595052073e-05
1.873649489605566637e-05
1.885371525182852608e-05
1.896858929566215931e-05
1.908099028771954682e-05
1.919078928918291902e-05
1.929785464533064613e-05
1.940205756286735001e-05
1.950324993610257207e-05
1.960129817794160450e-05
1.969606147184688205e-05
1.978739776884628842e-05
1.987516349529983370e-05
1.995921307902407009e-05
2.003939897140681099e-05
2.011557223537226624e-05
2.018758299181055662e-05
2.025528125487967488e-05
2.031851750808110079e-05
2.037714238757668271e-05
2.043099887534845493e-05
2.047995220225338445e-05
2.052384647130906160e-05
2.056254063333712035e-05
2.059586894636252866e-05
2.062371041116653787e-05
2.064591508333193755e-05
2.066234313198861219e-05
2.067285743011093574e-05
2.067732473804150965e-05
2.067561564113932270e-05
2.066760401406941315e-05
2.065316718117409000e-05
2.063218721714291660e-05
2.060455194855773543e-05
2.057015624659449420e-05
2.052890284500023222e-05
2.048070208126436881e-05
2.042542894967570784e-05
2.036309772459296935e-05
2.029361313333447221e-05
2.021691629342365799e-05
2.013298382858419902e-05
2.004180002258956414e-05
1.994334389255721438e-05
1.983765974318020542e-05
1.972475538030486235e-05
1.960467553465025287e-05
1.947748483495343819e-05
1.934326746765274285e-05
1.920212463532556900e-05
1.905417052340085108e-05
1.889953333278853627e-05
1.873836133780539605e-05
1.857084346880392644e-05
1.839713316965465900e-05
1.821746017169824749e-05
1.803205032693827801e-05
1.784114084457359090e-05
1.764498537686936999e-05
1.744385203085510583e-05
1.723803614642631634e-05
1.702785104875269840e-05
1.681362732915531427e-05
1.659570684480571556e-05
1.637443972412411995e-05
1.615018616320357915e-05
1.592331884923745187e-05
1.569422205186700859e-05
1.546328967067443118e-05
1.523092331425858457e-05
1.499752923112767902e-05
1.476351609019005291e-05
1.452928988411739125e-05
1.429524886797446087e-05
1.406177958107651347e-05
1.382928868816911472e-05
1.359806997984545316e-05
1.336850593330070286e-05
1.314092940561075023e-05
1.291565101514096294e-05
1.269295810173849818e-05
1.247310863216556025e-05
1.225633357887148627e-05
1.204284104403024452e-05
1.183281696748504056e-05
1.162641933788159647e-05
1.142377562786384528e-05
1.122498459417902117e-05
1.103012011641447290e-05
1.083923566652018571e-05
1.065236976650633648e-05
1.046954261103016451e-05
1.029074375259199799e-05
1.011592721391794859e-05
9.945018093961262919e-06
9.777920542831136883e-06
9.614526369437386067e-06
9.454719723894139787e-06
9.298364340957848166e-06
9.145289500611100339e-06
8.995288052953395242e-06
8.848116547425289343e-06
8.703502290436516124e-06
8.561157733252157653e-06
8.420783795493783465e-06
8.282064225178241998e-06
8.144672172837706675e-06
8.008196527842585644e-06
7.872335168314933292e-06
7.736569002613160974e-06
7.600461840288464664e-06
7.463529620952333616e-06
7.325404493754805759e-06
7.185709766561663880e-06
7.044165304449731049e-06
6.900558484509842907e-06
6.754717546119217991e-06
6.606509233218284744e-06
6.455889902292948353e-06
6.302948213210388286e-06
6.147951232699860510e-06
5.991253620300829283e-06
5.833453559803195518e-06
5.675206501424280571e-06
5.517255151002366755e-06
5.360388514068629158e-06
5.205422670639656020e-06
5.053163571879330581e-06
4.904381611337654756e-06
4.759820859986541081e-06
4.620192599909259567e-06
4.486095011470741873e-06
4.357914390433998640e-06
4.235798633240751092e-06
4.119669359362008376e-06
4.009273843650616990e-06
3.904258059921060711e-06
3.804189846637371273e-06
3.708577565599601270e-06
3.616874909464733925e-06
3.528494870312627999e-06
3.442814662033193447e-06
3.359167218853324545e-06
3.276854093507537207e-06
3.195238592676758299e-06
3.113904674912211463e-06
3.032697589425974385e-06
2.951706352935201249e-06
2.871216228564169821e-06
2.791608352433923860e-06
2.713306793899821630e-06
2.636649985647069896e-06
2.561817009277816168e-06
2.488863658137897488e-06
2.417759814004181887e-06
2.348463503909610367e-06
2.280984275689142701e-06
2.215380072610023519e-06
2.151754894095833678e-06
2.090205822253729631e-06
2.030767223704481012e-06
1.973388543585819500e-06
1.917920611439545941e-06
1.864131265347571169e-06
1.811777497125065858e-06
1.760677134958140794e-06
1.710740245330128094e-06
1.661981944195167476e-06
1.614501931310035739e-06
1.568440859282560001e-06
1.523944427788734043e-06
1.481067251412515839e-06
1.439755608584824024e-06
1.399874872287677422e-06
1.361220950131773512e-06
1.323575225425215344e-06
1.286739158686754682e-06
1.250575714941968753e-06
1.215067886774773197e-06
1.180278393733571639e-06
1.146319323328007410e-06
1.113331178964813741e-06
1.081431844593586113e-06
1.050708083640446003e-06
1.021176157201754644e-06
9.927762206455839213e-07
9.654150300369274559e-07
9.389770135631198634e-07
9.133484289410887807e-07
8.884386650533175556e-07
8.641834706014923772e-07
8.405629922931747839e-07
8.175861491402207565e-07
7.952716233660734633e-07
7.736442462304575294e-07
7.527195610662779214e-07
7.325012178836397479e-07
7.129785584265768362e-07
6.941234372958311784e-07
6.759020278535321301e-07
6.582783591541729852e-07
6.412168506279533040e-07
6.246871428791772913e-07
6.086628672417009271e-07
5.931244436319976757e-07
5.780565506863985038e-07
5.634466869753712786e-07
5.492837745431120046e-07
5.355574516750046096e-07
5.222570761620875898e-07
5.093719662274865790e-07
4.968905849898133724e-07
4.848008427211936931e-07
4.730902848527770294e-07
4.617460285621917084e-07
4.507551706370435765e-07
4.401047860427750320e-07
4.297820774595030834e-07
4.197746368614538833e-07
4.100704999232578943e-07
4.006577527984204960e-07
3.915262557379927879e-07
3.826647488916916789e-07
3.740627374494419598e-07
3.657100939553059167e-07
3.575970645354667170e-07
3.497142720796072381e-07
3.420527121713636722e-07
3.346036950746333982e-07
3.273588177604333951e-07
3.203099960782855639e-07
3.134494731933122267e-07
3.067698040532084033e-07
3.002638446543081606e-07
2.939243527646997947e-07
2.877453823667778619e-07
2.817200836048467929e-07
2.758422467439244819e-07
2.701059083242004384e-07
2.645053965742942731e-07
2.590352959588382799e-07
2.536904042956403599e-07
2.484656970920608965e-07
2.433563540745777959e-07
2.383577822109706543e-07
2.334656165248898971e-07
2.286757208180321992e-07
2.239839140087550995e-07
2.193869416481627423e-07
2.148809234993287701e-07
2.104624369773669281e-07
2.061282468393695989e-07
2.018754098037220359e-07
1.977008682740348806e-07
1.936020189094606266e-07
1.895762769690280304e-07
1.856209297324062273e-07
1.817342097635103586e-07
1.779136992395452660e-07
1.741574210106715109e-07
1.704634827993623670e-07
1.668301509649500785e-07
1.632557687848435186e-07
1.597387923966367417e-07
1.562777991788192996e-07
1.528714836196762261e-07
1.495186526201303820e-07
1.462182059504534684e-07
1.429691140001984484e-07
1.397704195142539762e-07
1.366211022114191745e-07
1.335207697767738448e-07
1.304679260154679568e-07
1.274628830132218472e-07
1.245046241372538819e-07
1.215926059279944926e-07
1.187263332685317624e-07
1.159053611071885690e-07
1.131292899981849009e-07
1.103977646182128839e-07
1.077104661872960305e-07
1.050671018489991948e-07
1.024674012276616236e-07
9.991125423749220486e-08
9.739811633270091665e-08
9.492798793788059970e-08
9.250040932247987150e-08
9.011564383970345181e-08
8.777328253813476689e-08
8.547314872470494663e-08
8.321506456342642604e-08
8.099884836166582416e-08
7.882431310601498990e-08
7.669126862479600070e-08
7.459944992007507920e-08
7.254880406588798020e-08
7.053904570304683397e-08
6.856994950564003508e-08
6.664127364823114343e-08
6.475276065141283260e-08
6.290414071874596625e-08
6.109529319030306058e-08
5.932560559228043089e-08
5.759492916951148366e-08
5.590287785985079066e-08
5.424921400136959303e-08
5.263351220478993826e-08
5.105539204322281624e-08
4.951446187212275194e-08
4.801031494945358905e-08
4.654252676188194570e-08
4.511065890824495076e-08
4.371424552133873266e-08
4.235281908375675593e-08
4.102585967452382595e-08
3.973295640363882227e-08
3.847356623513532532e-08
3.724717482477235080e-08
3.605325717116543798e-08
3.489127845219078932e-08
3.376069673069246512e-08
3.266096516825078242e-08
3.159150061924612270e-08
3.055180861832802918e-08
2.954129509225747306e-08
2.855936361665641117e-08
2.760550927525657603e-08
2.667913008558743032e-08
2.577965543121222697e-08
2.490651549149378614e-08
2.405910617494349620e-08
2.323693340529828390e-08
2.243939591617058566e-08
2.166593215125855295e-08
2.091598296987612161e-08
2.018899285873169690e-08
1.948441125597369047e-08
1.880169385733073372e-08
1.814030288071073500e-08
1.749970662671718963e-08
1.687935198151017885e-08
1.627877165215952098e-08
1.569741836649855247e-08
1.513479634246635659e-08
1.459040231712173819e-08
1.406374728524442128e-08
1.355434963364767650e-08
1.306173401344404342e-08
1.258543248151237146e-08
1.212496566691374664e-08
1.167992500993427069e-08
1.124984937220870652e-08
1.083431289308467752e-08
1.043288233051328532e-08
1.004514654787190037e-08
9.670697864592671879e-09
9.309138048116399906e-09
8.960078775157922388e-09
8.623126217265821378e-09
8.297941597187104997e-09
7.984145945495372836e-09
7.681383551822373286e-09
7.389307935279994018e-09
7.107582024307173579e-09
6.835878308657165636e-09
6.573866091889846642e-09
6.321259953183981268e-09
6.077742350690510180e-09
5.843016361593907422e-09
5.616793783296003601e-09
5.398795102506441730e-09
5.188749648956667775e-09
4.986394603456707545e-09
4.791463196678646608e-09
4.603725388624928577e-09
4.422927263314645831e-09
4.248833039513449465e-09
4.081214632295139541e-09
3.919851474695540375e-09
3.764521096687932103e-09
3.615030761028972305e-09
3.471168437612840501e-09
3.332737111708586182e-09
3.199543955450108920e-09
3.071409969914769704e-09
2.948148281803582735e-09
2.829599756137522725e-09
2.715588971774114117e-09
2.605953010558350687e-09
2.500534701817875907e-09
2.399182534408841109e-09
2.301745280301831487e-09
2.208092400071979098e-09
2.118080742726498739e-09
2.031576628384738165e-09
1.948450973988041433e-09
1.868574791961670741e-09
1.791837687191695491e-09
1.718119666227168052e-09
1.647309028417522623e-09
1.579297171840878380e-09
1.513974886347672681e-09
1.451249673561023607e-09
1.391019747921550247e-09
1.333191465090803169e-09
1.277674409094832379e-09
1.224377422103305178e-09
1.173222013293830994e-09
1.124122664982442495e-09
1.077000564636736848e-09
1.031777143813146707e-09
9.883861983317251467e-10
9.467546296484099934e-10
9.068145520055332033e-10
8.685003204339273978e-10
8.317461541583287152e-10
7.964963384506888738e-10
7.626896685363622823e-10
7.302697497512778792e-10
6.991796943392784686e-10
6.693710911259961259e-10
6.407908304394944937e-10
6.133883362664410372e-10
5.871213488382873349e-10
5.619434278418058583e-10
5.378118581583817729e-10
5.146834253491625329e-10
4.925215009812838784e-10
4.712854494651652097e-10
4.509363002806519441e-10
4.314413798227338573e-10
4.127646241737212783e-10
3.948714079095015175e-10
3.777325639698335543e-10
3.613159562924842574e-10
3.455923513453645648e-10
3.305326102666375757e-10
3.161124471546524580e-10
3.023036575442752952e-10
2.890834345532201548e-10
2.764262241356685678e-10
2.643075507570711981e-10
2.527069250293436646e-10
2.416018082440842303e-10
2.309709444693816034e-10
2.207966292802441793e-10
2.110583502657414233e-10
2.017397865446827803e-10
1.928228260989858887e-10
1.842901623018039493e-10
1.761271472239531064e-10
1.683168629043383703e-10
1.608455180058613791e-10
1.536971522859794540e-10
1.468589925082469462e-10
1.403169670670765156e-10
1.340589626428226387e-10
1.280729029483099284e-10
1.223478562556664048e-10
1.168728153399728691e-10
1.116375427208393761e-10
1.066321456252483784e-10
1.018466630744958038e-10
9.727180754707225430e-11
9.289864614681834588e-11
8.871827211274453909e-11
8.472235330360961330e-11
8.090286099659071395e-11
7.725222217217455037e-11
7.376306407762373739e-11
7.042860220972390581e-11
6.724222020236481964e-11
6.419746166619330966e-11
6.128821846925529110e-11
5.850851068356394371e-11
5.585261900573151446e-11
5.331498436992088524e-11
5.089041227312280200e-11
4.857392326612687614e-11
4.636074209180970410e-11
4.424637559119043985e-11
4.222651359048120904e-11
4.029715359325350590e-11
3.845468143216352375e-11
3.669579537984833192e-11
3.501727316035013305e-11
3.341536333810544634e-11
3.188646070670024841e-11
3.042701479084248454e-11
2.903343276815115839e-11
2.770290247111907015e-11
2.643305884353140500e-11
2.522185629442756534e-11
2.406656931070014437e-11
2.296442229782371782e-11
2.191262708019925387e-11
2.090890776195883439e-11
1.995082961037584047e-11
1.903655664356598634e-11
1.816398501910820332e-11
1.733142546304699095e-11
1.653706290324424061e-11
1.577918252421633206e-11
1.505601218442132568e-11
1.436600796513922004e-11
1.370757250066695128e-11
1.307930078925542818e-11
1.247980443530931952e-11
1.190773685610698369e-11
1.136187135108981319e-11
1.084096755624691423e-11
1.034373223574080461e-11
9.869368556984858043e-12
9.416633766103114520e-12
8.984704309886828545e-12
8.572561631117590830e-12
8.179331670498776136e-12
7.804097527402900733e-12
7.446100387235939320e-12
7.104501693224238911e-12
6.778549300480653358e-12
6.467541440342486770e-12
6.170795251710145030e-12
5.887656591105534913e-12
5.617488899727160754e-12
5.358819211396856436e-12
5.111898259118201176e-12
4.876324539630117063e-12
4.651565683773588574e-12
4.437125907760186589e-12
4.232551936454256784e-12
4.037377609516587473e-12
3.851162029233728760e-12
3.673516948311267702e-12
3.504036253780824009e-12
3.342339206873451662e-12
3.187822159340421363e-12
3.040406161270240694e-12
2.899776221707826242e-12
2.765611506329589706e-12
2.637635331120537740e-12
2.515548869337900115e-12
2.399080357805950477e-12
2.287981101016919548e-12
2.180883061799647061e-12
2.073197913781638102e-12
1.970587115056199267e-12
1.872873056028953170e-12
1.779820481596563088e-12
1.691182473232759403e-12
1.606754072549325090e-12
1.526349765020689855e-12
1.450751349343889289e-12
1.378925395103170980e-12
