# bin_7_3
2.541417685552519190e-06
2.537677843508852986e-06
2.533897097850461687e-06
2.530075602103117304e-06
2.526213645139181808e-06
2.522311534139861330e-06
2.518369521796551240e-06
2.514387904993642252e-06
2.510367013652189339e-06
2.506307213941338475e-06
2.502208902727618082e-06
2.498072638788584195e-06
2.493898630717701039e-06
2.489690942620225507e-06
2.485440474958461427e-06
2.481153257260841905e-06
2.476829624271051857e-06
2.472470263870438014e-06
2.468077770172785158e-06
2.463647774383147611e-06
2.459184303480122859e-06
2.454687355765766442e-06
2.450157540569830815e-06
2.445595504717032162e-06
2.441002019265033035e-06
2.436378108882354514e-06
2.431725045124648154e-06
2.427089838501643621e-06
2.422336090997276609e-06
2.417602069531470542e-06
2.412842792220535842e-06
2.408062225711859144e-06
2.403255620180391212e-06
2.398427017308228774e-06
2.393577734681731671e-06
2.388709113152729376e-06
2.383822599533023724e-06
2.378919673732378040e-06
2.374001658234649231e-06
2.369070137303514661e-06
2.364124673085910297e-06
2.359168795917657063e-06
2.354205255655970215e-06
2.349235695971322206e-06
2.344260963591002523e-06
2.339282620519600763e-06
2.334302432071398702e-06
2.329322090900108204e-06
2.324343492365351709e-06
2.319368519742354945e-06
2.314399789630526033e-06
2.309439832160572815e-06
2.304490958452280169e-06
2.299555058590985262e-06
2.294633734737057783e-06
2.289728735804400529e-06
2.284842797788435895e-06
2.279979342525140953e-06
2.275141464705219826e-06
2.270331618096823722e-06
2.265551340103767940e-06
2.260801862888014730e-06
2.256085510725752274e-06
2.251407713027360518e-06
2.246769752102259953e-06
2.242174566972427029e-06
2.237624624925042498e-06
2.233123124137085802e-06
2.228705433630698251e-06
2.224300590065189193e-06
2.219932088849776967e-06
2.215650574789049183e-06
2.211405193101783933e-06
2.207278367420324438e-06
2.203191925201618583e-06
2.199176454821441942e-06
2.195234754175734598e-06
2.191368568449427431e-06
2.187584344885311200e-06
2.183882327828966491e-06
2.180264755618642643e-06
2.176735477240272436e-06
2.173298808737910463e-06
2.169956994562374434e-06
2.166713688931994205e-06
2.163569387131842733e-06
2.160529372682653216e-06
2.157596705121894932e-06
2.154774006506580380e-06
2.152064969417292040e-06
2.149470672762762743e-06
2.146995383550765203e-06
2.144646539119595674e-06
2.142394578506311872e-06
2.140316962366263381e-06
2.138348701937427330e-06
2.136514626634316833e-06
2.134818159341927500e-06
2.133261625602061276e-06
2.131852681478352598e-06
2.130585172155056559e-06
2.129465970744352346e-06
2.128498813635954312e-06
2.127686218967495175e-06
2.127030321608243674e-06
2.126533990973775062e-06
2.126200316921126680e-06
2.126031784126833178e-06
2.126030833390806169e-06
2.126199387420863216e-06
2.126540639113592224e-06
2.127056742406461813e-06
2.127750570886355004e-06
2.128623023737159664e-06
2.129676860640959613e-06
2.130914293308739985e-06
2.132337021605643210e-06
2.133830306330836923e-06
2.135745748218173325e-06
2.137614326693003563e-06
2.139916890516096018e-06
2.142292359523557135e-06
2.144862809825324845e-06
2.147629714593660818e-06
2.150594234335487141e-06
2.153757500994434489e-06
2.157120576585325767e-06
2.160684444915875361e-06
2.164449839669750679e-06
2.168417713046936266e-06
2.172588528768308496e-06
2.176962923450168731e-06
2.181541210065902108e-06
2.186323644623931605e-06
2.191310386783819590e-06
2.196501383550630386e-06
2.201896417732698815e-06
2.207494053712407609e-06
2.213295923121739579e-06
2.219301465946122032e-06
2.225507521157876547e-06
2.231914248503817933e-06
2.238519296643406594e-06
2.245323698639080547e-06
2.252324871531867368e-06
2.259521145791880167e-06
2.266908408392084626e-06
2.274489263971488458e-06
2.282259821470126145e-06
2.290216725784014657e-06
2.298358001724576861e-06
2.306680993577427292e-06
2.315182847943953435e-06
2.323860514343141957e-06
2.332710732878751462e-06
2.341730058833363891e-06
2.350915117210593043e-06
2.360261486804156911e-06
2.369765342867343541e-06
2.379422387699506103e-06
2.389228089817378817e-06
2.399177692734623853e-06
2.409267131700361829e-06
2.419489397718685279e-06
2.429840025322167966e-06
2.440313424159145366e-06
2.450903794025251013e-06
2.461605125006647226e-06
2.472410579121000540e-06
2.483315926811947119e-06
2.494311914149243613e-06
2.505392702309903704e-06
2.516551262946962709e-06
2.527780348585768215e-06
2.539072490833280008e-06
2.550420011112371656e-06
2.561815001316232840e-06
2.573249367585745965e-06
2.584714846036844098e-06
2.596203204469191451e-06
2.607705495454262670e-06
2.619213146070254914e-06
2.630717224950152303e-06
2.642208624439942803e-06
2.653678057536460716e-06
2.665116108734193437e-06
2.676513231946283977e-06
2.687859766571239529e-06
2.699145936969317295e-06
2.710361853359629785e-06
2.721497438375115669e-06
2.732542543620269888e-06
2.743486887362700403e-06
2.754320087078089828e-06
2.765031665358299790e-06
2.775611097045180386e-06
2.786047796345615954e-06
2.796331112345100715e-06
2.806448462783055457e-06
2.816392751458053298e-06
2.826151273265426983e-06
2.835713084769395856e-06
2.845067247797406098e-06
2.854202876513636946e-06
2.863109123675883073e-06
2.871775171377673366e-06
2.880190220743133836e-06
2.888343483161423962e-06
2.896224070410648531e-06
2.903821496031673201e-06
2.911125226903234631e-06
2.918125057015671176e-06
2.924810994789898248e-06
2.931173474553224863e-06
2.937202461849290234e-06
2.942888773144230288e-06
2.948223295739486769e-06
2.953197408967655808e-06
2.957802541530279982e-06
2.962031198520749145e-06
2.965877250120171221e-06
2.969333210186294386e-06
2.972394737054185102e-06
2.975051876070416844e-06
2.977294739854712504e-06
2.979132210641448037e-06
2.980553734581660050e-06
2.981556050084400047e-06
2.982136428974578117e-06
2.982292629166554272e-06
2.982022921018305677e-06
2.981326104142405274e-06
2.980200168668278971e-06
2.978647537611523608e-06
2.976667242487817060e-06
2.974260086559527413e-06
2.971422329333606513e-06
2.968165571957477106e-06
2.964486739240059322e-06
2.960387869999438739e-06
2.955871239169602154e-06
2.950939455480502376e-06
2.945595636869131254e-06
2.939843900898562413e-06
2.933688624056471467e-06
2.927134550963218836e-06
2.920186744457538180e-06
2.912850699270573751e-06
2.905132503324744592e-06
2.897039211974715120e-06
2.888578939670076023e-06
2.879760585262459092e-06
2.870593600613754317e-06
2.861088147584779589e-06
2.851255220641951766e-06
2.841106722619474398e-06
2.830654582940997757e-06
2.819911625407745589e-06
2.808890418769524439e-06
2.797603235853399346e-06
2.786062268816419293e-06
2.774279680236777726e-06
2.762267130794028792e-06
2.750035182625504046e-06
2.737592960025029541e-06
2.724947429978881192e-06
2.712103220384440806e-06
2.699063478949241018e-06
2.685827046634610042e-06
2.672392919006382675e-06
2.658757517205340916e-06
2.644915242901909560e-06
2.630858232987718536e-06
2.616576356176172541e-06
2.602057171885808636e-06
2.587286175465515038e-06
2.572248542154048849e-06
2.556927053480191253e-06
2.541307244236852162e-06
2.525376157722111054e-06
2.509126013673943100e-06
2.492542464705762829e-06
2.475621232828113200e-06
2.458355713347783481e-06
2.440739878732398695e-06
2.422770360195663305e-06
2.404448009261815546e-06
2.385777723586200022e-06
2.366768155701423471e-06
2.347431652803903519e-06
2.327784273096254275e-06
2.307845538799702834e-06
2.287637363291968901e-06
2.267183464655306003e-06
2.246508863456605891e-06
2.225639969843912435e-06
2.204604458625709491e-06
2.183432625553465519e-06
2.162154626642029977e-06
2.140796520602999349e-06
2.119378880322070332e-06
2.097916310169212979e-06
2.076417191331306702e-06
2.054883098105203507e-06
2.033308894918574566e-06
2.011683699782082880e-06
1.989991053687121652e-06
1.968209129487577189e-06
1.946310100811142157e-06
1.924261000817350294e-06
1.902024141100599530e-06
1.879559191685193175e-06
1.856829956542468682e-06
1.833808059747197866e-06
1.810474467800205462e-06
1.786819738426304282e-06
1.762843532536053935e-06
1.738554029747912481e-06
1.713964801484291645e-06
1.689090784044131347e-06
1.663949613505045453e-06
1.638563326936044911e-06
1.612958560026363771e-06
1.587166328149375172e-06
1.561221421860451292e-06
1.535161420078695667e-06
1.509026070526725948e-06
1.482856200739946342e-06
1.456693455403774507e-06
1.430579621875386096e-06
1.404558262989831764e-06
1.378671491543141301e-06
1.352963268418459008e-06
1.327476737943337835e-06
1.302251172168169624e-06
1.277321481876315225e-06
1.252718079159776384e-06
1.228466687996369873e-06
1.204586577866453917e-06
1.181088970880028711e-06
1.157981554502605815e-06
1.135255453488818517e-06
1.112912437437127106e-06
1.090938211899771994e-06
1.069317197295730640e-06
1.048034625327679027e-06
1.027079599438591421e-06
1.006449390957914881e-06
9.861503476255202402e-07
9.661977754838277986e-07
9.466158421976275503e-07
9.274362529130761143e-07
9.086948102675701880e-07
8.904251674582799809e-07
8.726525351588253543e-07
8.553931331095498098e-07
8.386544618197585838e-07
8.224348788262030833e-07
8.067234604069377273e-07
7.914923959253931377e-07
7.767099211388977359e-07
7.623343939975752909e-07
7.483168189498783293e-07
7.346014819092987619e-07
7.211454809142005265e-07
7.078557171980328238e-07
6.946914656178442044e-07
6.816032106321262489e-07
6.685505395240230581e-07
6.555026125287425946e-07
6.424389471545713560e-07
6.293490242331094102e-07
6.162333663242229709e-07
6.031008516185297266e-07
5.899616489755353290e-07
5.768255106824044995e-07
5.637048622077501364e-07
5.506120666117439319e-07
5.375565401563633933e-07
5.245452188404145888e-07
5.115860040056112232e-07
4.986908100557872848e-07
4.858757109122156889e-07
4.731484358308034907e-07
4.605557089025835759e-07
4.481141440381801735e-07
4.358544459532857190e-07
4.238103999892025034e-07
4.120183552614402872e-07
4.005132385079397951e-07
3.893266371058876246e-07
3.784866366698738584e-07
3.680182149058971469e-07
3.579389016993569597e-07
3.482584783916126675e-07
3.389767938084614975e-07
3.300839622202776155e-07
3.215592703415107946e-07
3.133720574082510905e-07
3.054855691604279193e-07
2.978587311391687284e-07
2.904574229571533056e-07
2.832237591727913809e-07
2.761366786087281714e-07
2.691744384239002584e-07
2.623229893612355429e-07
2.555748120438509389e-07
2.489270375765698659e-07
2.423806176798556876e-07
2.359387226128923181e-07
2.296075684441168658e-07
2.233972665767171628e-07
2.173187391076490151e-07
2.113842176552904713e-07
2.056077844757740467e-07
2.000026814295944663e-07
1.945757133568599298e-07
1.893255886959046390e-07
1.842453794992119615e-07
1.793247000619118315e-07
1.745509668600591177e-07
1.699094679243012676e-07
1.653872339012977379e-07
1.609757312480543946e-07
1.566704161027224777e-07
1.524692466837648644e-07
1.483722075872692338e-07
1.443798481292531557e-07
1.404930149772093751e-07
1.367124302285072926e-07
1.330389043353995304e-07
1.294731342606668394e-07
1.260139856463557852e-07
1.226591543485409184e-07
1.194058577309496905e-07
1.162506175879360774e-07
1.131876066375940530e-07
1.102095385675896283e-07
1.073094749069535374e-07
1.044819546929680575e-07
1.017231421175723182e-07
9.902988699964019073e-08
9.640113338927795614e-08
9.383817889219078177e-08
9.134302864808912290e-08
8.891754925220991751e-08
8.656237364967527071e-08
8.427727472264869561e-08
8.206147457792972788e-08
7.991227255639181768e-08
7.782628990399161263e-08
7.579995030463760416e-08
7.382989674583387113e-08
7.191356869517515915e-08
7.004858619413217055e-08
6.823318964088115233e-08
6.646633900846018486e-08
6.474722217532314302e-08
6.307493690938633149e-08
6.144852451537489753e-08
5.986681789568924669e-08
5.832879096607152812e-08
5.683301012845301626e-08
5.537816138737384545e-08
5.396302665501795645e-08
5.258641111718154936e-08
5.124721691235961382e-08
4.994441109934449322e-08
4.867692814850657749e-08
4.744393168884330977e-08
4.624434103606862816e-08
4.507712392957762822e-08
4.394131943824459845e-08
4.283598693233601681e-08
4.176025477931799641e-08
4.071328460961113403e-08
3.969429023108131927e-08
3.870252381220887775e-08
3.773725350073308925e-08
3.679768745085702213e-08
3.588321750211192374e-08
3.499304591720803762e-08
3.412646299643751443e-08
3.328274926288444112e-08
3.246120827968591375e-08
3.166116631422174918e-08
3.088197608326138374e-08
3.012301478879208905e-08
2.938363123057622693e-08
2.866333947789020404e-08
2.796152048825527626e-08
2.727762607744171538e-08
2.661113772548470187e-08
2.596153036952438023e-08
2.532832080974102439e-08
2.471103034398375755e-08
2.410915519583152673e-08
2.352232048044713286e-08
2.295004954520516034e-08
2.239192021622009262e-08
2.184752428734329660e-08
2.131646513656618548e-08
2.079835617880417484e-08
2.029282182307601098e-08
1.979947137152739663e-08
1.931801126250819752e-08
1.884767706644840199e-08
1.838895278908615742e-08
1.794111015777977546e-08
1.750384076505266267e-08
1.707684545468148081e-08
1.665983578197662671e-08
1.625253425640828197e-08
1.585467368209093977e-08
1.546596884988061317e-08
1.508622195084389033e-08
1.471516099384225224e-08
1.435254978267196076e-08
1.399816114580598908e-08
1.365177724017743840e-08
1.331318834413423346e-08
1.298219119942592320e-08
1.265858861013752915e-08
1.234218959665677237e-08
1.203279095410224308e-08
1.173025593632964214e-08
1.143439569786288335e-08
1.114504778098080514e-08
1.086205497479387039e-08
1.058526488017583268e-08
1.031453031992443429e-08
1.004971009813142966e-08
9.790653904025133962e-09
9.537263822535722854e-09
9.289399205851815985e-09
9.046939221248276783e-09
8.809766869608811175e-09
8.577771285070034156e-09
8.350840208592547211e-09
8.128872256237434163e-09
7.911750740687907478e-09
7.699433739313797710e-09
7.491771142175221328e-09
7.288694419460481193e-09
7.090110307119052731e-09
6.895937289906329443e-09
6.706094200822059584e-09
6.520502511663321439e-09
6.339085696992471123e-09
6.161753229192901122e-09
5.988451135987990029e-09
5.819118963170728438e-09
5.653674484305140577e-09
5.492065311223305448e-09
5.334197147627879233e-09
5.180020692666328236e-09
5.029472988635807412e-09
4.882492083909281550e-09
4.739017369157238311e-09
4.598989458753577091e-09
4.462340518807959490e-09
4.329032281562665891e-09
4.198998005917066381e-09
4.072181310280600899e-09
3.948526457814164230e-09
3.827978359604798729e-09
3.710482503417871582e-09
3.595984987421621702e-09
3.484424868690872354e-09
3.375764317981087195e-09
3.269942727150811063e-09
3.166907614961571258e-09
3.066606896288361043e-09
2.968988855124369157e-09
2.874002152339976560e-09
2.781595872512337769e-09
2.691713693136102782e-09
2.604316830270461695e-09
2.519349288549877043e-09
2.436761316899341450e-09
2.356503542917709140e-09
2.278527029940092471e-09
2.202783116850757516e-09
2.129219339699914354e-09
2.057797183265609712e-09
1.988464336099657167e-09
1.921174043816401760e-09
1.855879389041156406e-09
1.792535032580780229e-09
1.731091194570828831e-09
1.671510980487269737e-09
1.613745732842597220e-09
1.557751412693535611e-09
1.503483868800442462e-09
1.450901471275064542e-09
1.399957928512328566e-09
1.350618239640098319e-09
1.302837868410909988e-09
1.256576257997554664e-09
1.211793671050939815e-09
1.168450790333219821e-09
1.126506307509753299e-09
1.085927839455012970e-09
1.046675306754769599e-09
1.008712178814966699e-09
9.720025837409516887e-10
9.365089713751173213e-10
9.022015525140036358e-10
8.690439809808650593e-10
8.370030485912849935e-10
8.060462915418322355e-10
7.761399781139839324e-10
7.472571170391615442e-10
7.193652131384083730e-10
6.924344931779586378e-10
6.664355946244182791e-10
6.413389082945745210e-10
6.171199557007296582e-10
5.937499701537187087e-10
5.712025848893527947e-10
5.494520384890106703e-10
5.284717391155838993e-10
5.082400496249384328e-10
4.887316171559877277e-10
4.699232598757992566e-10
4.517911801854621981e-10
4.343159527802374360e-10
4.174748211596485125e-10
4.012468673380390072e-10
3.856107062045560857e-10
3.705487605078280313e-10
3.560408126232996904e-10
3.420672899675021552e-10
3.286121390694588120e-10
3.156567045191769477e-10
3.031838747858662309e-10
2.911870112571963711e-10
2.796299432556427734e-10
2.685074232265208297e-10
2.578036286408154035e-10
2.475055118419448626e-10
2.375980135076903685e-10
2.280673195432299073e-10
2.188994162722535872e-10
2.100827935826073613e-10
2.016043993996438539e-10
1.934513520695957908e-10
1.856132464147777942e-10
1.780775250694151423e-10
1.708343553294809852e-10
1.638725748879365098e-10
1.571814884473581968e-10
1.507522436266852463e-10
1.445747303394654898e-10
1.386391633224489231e-10
1.329374270676296952e-10
1.274599763600087814e-10
1.221993104310478540e-10
1.171469787932754916e-10
1.122948620524477578e-10
1.076361663850108537e-10
1.031628930016249367e-10
9.886867104544218032e-11
9.474607810310268039e-11
9.078920934167874546e-11
8.699118307684215088e-11
8.334646597899485068e-11
7.984862492423598351e-11
7.649248051695585143e-11
7.327208910570394360e-11
7.018247051864258126e-11
6.721880332369483966e-11
6.437582702337576528e-11
6.164904924971560547e-11
5.903409849965161418e-11
5.652624030578603331e-11
5.412142686959249431e-11
5.181560269467843673e-11
4.960498978485888554e-11
4.748556067318351728e-11
4.545380951148812414e-11
4.350622949343144096e-11
4.163946508302379418e-11
3.985024648824399297e-11
3.813567541706615926e-11
3.649268348407382270e-11
3.491847726908941456e-11
3.341034732013844969e-11
3.196555536735911086e-11
3.058150780553818479e-11
2.925567536926118868e-11
2.798577857697280184e-11
2.676952093299891947e-11
2.560471472602754023e-11
2.448926693435150640e-11
2.342116547445194424e-11
2.239850106750156225e-11
2.141937784848492493e-11
2.048200835172638828e-11
1.958465600929751129e-11
1.872563487884177658e-11
1.790307048632520143e-11
1.711566497129669366e-11
1.636194580875015014e-11
1.564060275421605980e-11
1.495023375461965665e-11
1.428963814900495931e-11
1.365754147093848304e-11
1.305282733824592174e-11
1.247433519502887554e-11
1.192090952342990787e-11
1.139155761373418196e-11
1.088519813679117714e-11
1.040084393592179330e-11
9.937548860764072576e-12
9.494374295029490401e-12
9.070544841456357015e-12
8.665205784878756305e-12
8.277657142673914216e-12
7.907102542887595304e-12
7.552823774381625825e-12
7.214128683340555538e-12
6.890347727803392965e-12
6.580820270442142717e-12
6.284900129564424302e-12
6.002033646516337443e-12
5.731633323020948761e-12
5.473174084080492428e-12
5.226135015393265871e-12
4.990050402120883372e-12
4.764455219547679934e-12
4.548906564401775355e-12
4.342950685902184104e-12
4.146141014869986072e-12
3.958089047516203214e-12
3.778375202595147862e-12
3.605738784486265634e-12
3.440073784562062539e-12
3.281855950066179293e-12
3.130827454826044770e-12
2.986616911114559600e-12
2.848922344886828366e-12
2.717455674164926378e-12
2.591937653118743355e-12
2.472076429542340418e-12
2.357646860398320222e-12
2.248418256269112627e-12
2.144161390673647266e-12
2.044682829839993851e-12
1.949780337520383854e-12
1.859267715998458523e-12
1.772939406940276745e-12
1.690599522035936220e-12
1.612049690204019095e-12
1.537095373827691544e-12
1.465550512723843680e-12
1.397338916334120837e-12
1.332642397922052868e-12
1.270932698032966383e-12
1.212085400847807731e-12
1.155972280076334184e-12
1.102451842763319403e-12
1.051381200234929387e-12
1.002651144424424656e-12
9.561553221324364009e-13
9.117988268885899975e-13
8.694835275246408174e-13
8.291184305411468151e-13
7.906126329448157339e-13
7.538840103428893731e-13
7.188497711192732532e-13
6.842217785112735583e-13
6.510585989427413560e-13
6.194505843157951788e-13
5.893239082454066106e-13
5.606143610375219228e-13
5.332544026214688392e-13
5.071841446142276762e-13
4.823455199492159958e-13
4.586808348055763848e-13
4.361356171437995715e-13
4.146601611733309538e-13
3.949943516608440240e-13
3.762709420425073755e-13
3.584181112918547753e-13
3.413976490864689268e-13
3.251709769211353780e-13
3.097015677323690081e-13
2.949533894086362697e-13
2.808924966864186785e-13
2.673913021944897964e-13
2.540696198313244128e-13
2.413783127853071975e-13
2.292950554773286572e-13
2.177907214479557774e-13
2.068335920868350798e-13
1.963985307177562405e-13
1.864631339770371035e-13
1.774053052423314605e-13
1.688472130224218989e-13
