# bin_1_1
1.086049439789043612e-05
1.089414500119988420e-05
1.092844320068622147e-05
1.096340129403796208e-05
1.099903180574009686e-05
1.103534749098174098e-05
1.107236133964338559e-05
1.111008658033385355e-05
1.114853668447708257e-05
1.118772537046106202e-05
1.122766660785461027e-05
1.126837462167990374e-05
1.130986389672932271e-05
1.135214918191499433e-05
1.139524549470411799e-05
1.143916812560916660e-05
1.148393264274634011e-05
1.152955489648130231e-05
1.157605102410682548e-05
1.162343745459145524e-05
1.167173091342451873e-05
1.172094842749786849e-05
1.177110733005841135e-05
1.182222526573250788e-05
1.187432019562418753e-05
1.192741040248442976e-05
1.198151449595641893e-05
1.203665141783202071e-05
1.209284044735969037e-05
1.215010120670542796e-05
1.220845366653573684e-05
1.226791815143925285e-05
1.232851534435227292e-05
1.239026629118588264e-05
1.245319240619258927e-05
1.251731547753770130e-05
1.258265767301095967e-05
1.264924154573563984e-05
1.271709003997918252e-05
1.278622649695124770e-05
1.285667466049891517e-05
1.292845868282521403e-05
1.300160313031103588e-05
1.307613298949444888e-05
1.315207367308611058e-05
1.322945102618059774e-05
1.330829133243749720e-05
1.338862132030988643e-05
1.347046816937523737e-05
1.355385951678637189e-05
1.363882346351386933e-05
1.372538858076137207e-05
1.381358391673103588e-05
1.390343900145950697e-05
1.399498384884838196e-05
1.408824896131962291e-05
1.418326533580852380e-05
1.428006446993756769e-05
1.437867836823413808e-05
1.447913954811553179e-05
1.458148104527931231e-05
1.468573641889546759e-05
1.479193975733474986e-05
1.490012568428007935e-05
1.501032936510122107e-05
1.512258651288055009e-05
1.523693339459462346e-05
1.535340683738618811e-05
1.547204423431634436e-05
1.559288355088477850e-05
1.571596332688611348e-05
1.584132267273832763e-05
1.596900127184263258e-05
1.609903938529409447e-05
1.623147785679353739e-05
1.636635811699176189e-05
1.650372218573150566e-05
1.664361267397221415e-05
1.678607278758498865e-05
1.693114633238345724e-05
1.707887771811601041e-05
1.722931196259269132e-05
1.738249469562108684e-05
1.753847216286708678e-05
1.769729122605752126e-05
1.785899935033578165e-05
1.802364459881126857e-05
1.819127563279185502e-05
1.836194171276917878e-05
1.853569269691850645e-05
1.871257903467693959e-05
1.889265176360402598e-05
1.907596251080567290e-05
1.926256349253456773e-05
1.945250751352728662e-05
1.964584796612898760e-05
1.984263882904887519e-05
2.004293465179985618e-05
2.024679053277156381e-05
2.045426210875107953e-05
2.066540554780415981e-05
2.088027753894161037e-05
2.109893527156958589e-05
2.132143642248172192e-05
2.154783915108689373e-05
2.177820208982668846e-05
2.201258433591451986e-05
2.225104544255595554e-05
2.249364540171271462e-05
2.274044461035714618e-05
2.299150384285230761e-05
2.324688422938955512e-05
2.350664723016834354e-05
2.377085459259994427e-05
2.403956832565424948e-05
2.431285068369524942e-05
2.459076414341185976e-05
2.487337138408409693e-05
2.516073526662642592e-05
2.545291880129041433e-05
2.574998510155252637e-05
2.605199733752580307e-05
2.635901869075797611e-05
2.667111228127677425e-05
2.698834111759285486e-05
2.731076806443004422e-05
2.763845580094534925e-05
2.797146678534556560e-05
2.830986322658978396e-05
2.865370705621543432e-05
2.900305985472105674e-05
2.935798277608648731e-05
2.971853645387417711e-05
3.008478089289655819e-05
3.045677541327358994e-05
3.083457858420425921e-05
3.121824816479268241e-05
3.160784106457311424e-05
3.200341334940224420e-05
3.240502015642133751e-05
3.281271557178751019e-05
3.322655249327465806e-05
3.364658247162507338e-05
3.407285562312651028e-05
3.450542052921984088e-05
3.494432415139115663e-05
3.538961181208218000e-05
3.584132724776660256e-05
3.629951246528500300e-05
3.676420756701801249e-05
3.723545053196539791e-05
3.771327703376700299e-05
3.819772031250662925e-05
3.868881103704580390e-05
3.918657722333099616e-05
3.969104437035507682e-05
4.020223542950492388e-05
4.072017055166270735e-05
4.124486682490081908e-05
4.177633799016070173e-05
4.231459426244749372e-05
4.285964213768755725e-05
4.341148426402628073e-05
4.397011964195737317e-05
4.453554373425654632e-05
4.510774814000261971e-05
4.568672026000875601e-05
4.627244292723852674e-05
4.686489416310906492e-05
4.746404692470406340e-05
4.806986895632175727e-05
4.868232315932038133e-05
4.930136775566129929e-05
4.992695586651678039e-05
5.055903508039385943e-05
5.119754701568894167e-05
5.184242700722172572e-05
5.249360379590978909e-05
5.315099946868366912e-05
5.381453015388127503e-05
5.448410600091622410e-05
5.515963064880697144e-05
5.584100067408129741e-05
5.652810512117865314e-05
5.722082510359171047e-05
5.791903347865409268e-05
5.862259523164480495e-05
5.933136833531146165e-05
6.004520328825789602e-05
6.076394249366233924e-05
6.148741960642373368e-05
6.221545904045587452e-05
6.294787550055334002e-05
6.368447391059731100e-05
6.442505066321310703e-05
6.516939378545203994e-05
6.591728218931660439e-05
6.666848491755236695e-05
6.742276049855328425e-05
6.817985637617694794e-05
6.894001464705310227e-05
6.970195414641140535e-05
7.046589195903955730e-05
7.123153436127304045e-05
7.199857672379857078e-05
7.276670271112862631e-05
7.353558361816665877e-05
7.430487783970873242e-05
7.507423166561481235e-05
7.584328105232228303e-05
7.661165101772037954e-05
7.737895473481253342e-05
7.814479262913915183e-05
7.890875162095092768e-05
7.967040447527499753e-05
8.042931036476691205e-05
8.118501714376046734e-05
8.193706101429214131e-05
8.268432571360494166e-05
8.342759584759840640e-05
8.416573270347310783e-05
8.489821705313657185e-05
8.562451507244550240e-05
8.634408099329353220e-05
8.705635703222552218e-05
8.776077257611086021e-05
8.845674353494024998e-05
8.914367146583652903e-05
8.982094277559335579e-05
9.048792921491252391e-05
9.114465492407943935e-05
9.178914465925614320e-05
9.242139501332284786e-05
9.304073099895905402e-05
9.364646496197349555e-05
9.423789575300212649e-05
9.481430942606985360e-05
9.537499722344653177e-05
9.591919826369894354e-05
9.644618681164467643e-05
9.695521590198296019e-05
9.744553088698110416e-05
9.791636861497678796e-05
9.836695855607320679e-05
9.879652702074305320e-05
9.920429835451021329e-05
9.958949757429978093e-05
9.995135289453274761e-05
1.002890949116175208e-04
1.006019558426591947e-04
1.008891714198574779e-04
1.011499862262161073e-04
1.013836560370265572e-04
1.015894525660240502e-04
1.017666664614287430e-04
1.019146064782697588e-04
1.020325988902176387e-04
1.021199906471323627e-04
1.021761560538341672e-04
1.022005002754362748e-04
1.021924643549343463e-04
1.021515270823497085e-04
1.020772045118966130e-04
1.019690498526945897e-04
1.018266580623617882e-04
1.016496732393333704e-04
1.014377920341591086e-04
1.011907655801195209e-04
1.009083999659294391e-04
1.005905570475782010e-04
1.002371376346369327e-04
9.984815570960884549e-05
9.942365565913637232e-05
9.896372116164627681e-05
9.846855002554552876e-05
9.793839289062607602e-05
9.737357218483277618e-05
9.677448198403736318e-05
9.614158643256559382e-05
9.547542550910739019e-05
9.477661452457491901e-05
9.404584351922031839e-05
9.328388310770283109e-05
9.249158971988993795e-05
9.166989646458223386e-05
9.081980115791016717e-05
8.994237264145035792e-05
8.903875069644814335e-05
8.811015169663385992e-05
8.715787882977738953e-05
8.618332513000273912e-05
8.518794140965453229e-05
8.417321753007406769e-05
8.314068785500329636e-05
8.209193130524884512e-05
8.102858313495933044e-05
7.995234584731005574e-05
7.886497975385147667e-05
7.776824629507364203e-05
7.666389079967529684e-05
7.555364049095459808e-05
7.443920339939319073e-05
7.332227985515321178e-05
7.220456947051729344e-05
7.108774403983869790e-05
6.997339180949122591e-05
6.886300438506557438e-05
6.775797554313825000e-05
6.665960356893415770e-05
6.556909519243006481e-05
6.448756651469811623e-05
6.341602161891037417e-05
6.235532666781333228e-05
6.130621549857659673e-05
6.026932379447238992e-05
5.924519167030264862e-05
5.823425805435928558e-05
5.723686301307424451e-05
5.625326652264724591e-05
5.528365578775824992e-05
5.432817417927792656e-05
5.338695367008445815e-05
5.246010218075377641e-05
5.154768571932526812e-05
5.064974857305653741e-05
4.976635979148581366e-05
4.889760883235427227e-05
4.804357108089347191e-05
4.720428497839477497e-05
4.637972815616471576e-05
4.556980480272259000e-05
4.477439786963281754e-05
4.399338566132130249e-05
4.322657899611857623e-05
4.247361758570761551e-05
4.173393314398311300e-05
4.100674447013458727e-05
4.029109186124303616e-05
3.958592726937635583e-05
3.889010612825070728e-05
3.820237614035360300e-05
3.752131271814346280e-05
3.684534937249456834e-05
3.617275309456951935e-05
3.550176819935820161e-05
3.483069913947364012e-05
3.415798878857032099e-05
3.348230807220564697e-05
3.280257576538628435e-05
3.211793409287131399e-05
3.142776475614917741e-05
3.073174713822766354e-05
3.002996290033655598e-05
2.932288420131052550e-05
2.861133811109485821e-05
2.789655222240045555e-05
2.718016179633098251e-05
2.646404824810977792e-05
2.575000029580589664e-05
2.503968459944427797e-05
2.433480791343643599e-05
2.363728347712260540e-05
2.294937065685305312e-05
2.227374759451756036e-05
2.161311079293225376e-05
2.096986648465591917e-05
2.034614071800417207e-05
1.974381614531520995e-05
1.916449889059354146e-05
1.860948584269302920e-05
1.807980998292320926e-05
1.757644040694273857e-05
1.710019883988712038e-05
1.665141957671269882e-05
1.622957594324113767e-05
1.583300793002956022e-05
1.545872730857701861e-05
1.510293704285126490e-05
1.476170527890335845e-05
1.443102434569008038e-05
1.410697505658140843e-05
1.378583889663968083e-05
1.346418900898305768e-05
1.313901067197362220e-05
1.280775986101266779e-05
1.246868888113930002e-05
1.212118104484313526e-05
1.176602551683885093e-05
1.140575457460091979e-05
1.104481298719838645e-05
1.068888133107647309e-05
1.034336888507690767e-05
1.001283580687115703e-05
9.700698673716663447e-06
9.408882600072168283e-06
9.137531041463119944e-06
8.884932378347682225e-06
8.648525500440650297e-06
8.425682731840264942e-06
8.213770052247405009e-06
8.010203852196819095e-06
7.812496036639237737e-06
7.618301666928204413e-06
7.425507199817513698e-06
7.232365756103606814e-06
7.037719979696482291e-06
6.841157685912073599e-06
6.643161606050052069e-06
6.445272634370884793e-06
6.250108316913019970e-06
6.060710773351297025e-06
5.879690977901828773e-06
5.708929675623465225e-06
5.549410697885514415e-06
5.401012188692310730e-06
5.262350562798525729e-06
5.130934629450209463e-06
5.004133621795076756e-06
4.879731840619573617e-06
4.756082791915582498e-06
4.632242970617822556e-06
4.508121026729390150e-06
4.384551810451039768e-06
4.262945995777052320e-06
4.144636007587446944e-06
4.030693548957972349e-06
3.921860968722544897e-06
3.818465645639467256e-06
3.720355419177133808e-06
3.626908888101357239e-06
3.537348338795956656e-06
3.450972836648222252e-06
3.367197934220962149e-06
3.285583669944212070e-06
3.205867269215681951e-06
3.127983761004895235e-06
3.052019542141341544e-06
2.978078205489572705e-06
2.906241619504005468e-06
2.836563495451421877e-06
2.769062255669183844e-06
2.703715056737105467e-06
2.640454129685773868e-06
2.579192850047781040e-06
2.519845345271998429e-06
2.462329503023650957e-06
2.406567648926152098e-06
2.352486851181881879e-06
2.300021364477237840e-06
2.249108859455717957e-06
2.199689711654466713e-06
2.151705703287518682e-06
2.105100144202111024e-06
2.059817989900159795e-06
2.015805969285772173e-06
1.973012741399528024e-06
1.931388701591698503e-06
1.890885700733234262e-06
1.851457283381788799e-06
1.813058924486135209e-06
1.775648297611581251e-06
1.739185495970175882e-06
1.703632959762599965e-06
1.668954545610622235e-06
1.635115145672191382e-06
1.602080784314377385e-06
1.569818709213056725e-06
1.538297492116896011e-06
1.507487111171805926e-06
1.477358802299288170e-06
1.447884752350508902e-06
1.419038172808980276e-06
1.390793402557244852e-06
1.363126022909071414e-06
1.336012973031725561e-06
1.309432577581954010e-06
1.283364177048868755e-06
1.257787929764652846e-06
1.232684913242638602e-06
1.208037209154180851e-06
1.183828015363713280e-06
1.160041739011943388e-06
1.136663882348312351e-06
1.113680629745190744e-06
1.091078818019367250e-06
1.068846001869385238e-06
1.046970524634111846e-06
1.025441604908135255e-06
1.004249379677394833e-06
9.833846738904052354e-07
9.628387848704597550e-07
9.426035390579454278e-07
9.226713426110797309e-07
9.030352585909423515e-07
8.836890784844152683e-07
8.646272839201883487e-07
8.458447438091887946e-07
8.273366402610541082e-07
8.090985153682014357e-07
7.911263181351100154e-07
7.734164692013834621e-07
7.559659023765961651e-07
7.387719319397656451e-07
7.218320447914982929e-07
7.051440617341435598e-07
6.887055824763913328e-07
6.725149246830436094e-07
6.565705750684752853e-07
6.408713373442237872e-07
6.254161468908424379e-07
6.102039781895938484e-07
5.952338678614856211e-07
5.805049417782769736e-07
5.660164503038581628e-07
5.517677925300522621e-07
5.377584685196787151e-07
5.239879529091041615e-07
5.104556774157832427e-07
4.971610454806850750e-07
4.841034510998592275e-07
4.712821926181602834e-07
4.586968900098507211e-07
4.463468106132369170e-07
4.342312371372040695e-07
4.223493599489458050e-07
4.107002828740652714e-07
3.992830280226495932e-07
3.880965377434424844e-07
3.771396742045832155e-07
3.664112078218892980e-07
3.559098034126703115e-07
3.456340155038330489e-07
3.355822847803379086e-07
3.257529313905107825e-07
3.161441522471020074e-07
3.067540424901858168e-07
2.975806130860453079e-07
2.886217802210118050e-07
2.798753584447263223e-07
2.713390495856889627e-07
2.630104325679153709e-07
2.548869697274733382e-07
2.469660547437287296e-07
2.392450237965180463e-07
2.317211461986666687e-07
2.243916154730591345e-07
2.172535368440333442e-07
2.103039197164211276e-07
2.035397040493418858e-07
1.969578045095274941e-07
1.905551094551036025e-07
1.843284753192863799e-07
1.782747176310918027e-07
1.723906022093908695e-07
1.666728452359660611e-07
1.611181488580771002e-07
1.557232171263280726e-07
1.504847723024946898e-07
1.453995237257366994e-07
1.404641809266703207e-07
1.356754446190100879e-07
1.310300142309409131e-07
1.265246109441958496e-07
1.221559839392938835e-07
1.179209110320863052e-07
1.138161980011815532e-07
1.098386770854878603e-07
1.059852061831412538e-07
1.022526734596887782e-07
9.863800457179258296e-08
9.513816656390689858e-08
9.175017072161056086e-08
8.847107426608976463e-08
8.529798179426391740e-08
8.222804373116737392e-08
7.925845165478082264e-08
7.638644142105846823e-08
7.360929724650195297e-08
7.092435528236827743e-08
6.832900672995411887e-08
6.582069960289475605e-08
6.339693113385105438e-08
6.105524124079406353e-08
5.879321680250075764e-08
5.660849543521433813e-08
5.449876921632407493e-08
5.246178802079607709e-08
5.049535815291557744e-08
4.859732947543920020e-08
4.676559392866733174e-08
4.499808989342855713e-08
4.329280606295340801e-08
4.164778532617062096e-08
4.006112742495660299e-08
3.853098148600243159e-08
3.705553432563439984e-08
3.563301355002312039e-08
3.426169156542502860e-08
3.293988970464536234e-08
3.166598193816491536e-08
3.043839500501568690e-08
2.925559512149407549e-08
2.811608311941300927e-08
2.701839875688559173e-08
2.596112447316426740e-08
2.494288944666385394e-08
2.396237261914279183e-08
2.301829723259623672e-08
2.210941657285273973e-08
2.123451474794531436e-08
2.039241026611679778e-08
1.958195969044826586e-08
1.880206118200294691e-08
1.805165577447693315e-08
1.732971654234740322e-08
1.663524058763694897e-08
1.596725158332242496e-08
1.532480236684471487e-08
1.470697796859684595e-08
1.411289823336386284e-08
1.354171577441780025e-08
1.299260548956641451e-08
1.246476386701955984e-08
1.195741158231660531e-08
1.146979590572331122e-08
1.100119310197651074e-08
1.055090960849924170e-08
1.011827572275135150e-08
9.702638562895326225e-09
9.303363781584230684e-09
8.919837706715911832e-09
8.551469754855444279e-09
8.197694576383752251e-09
7.857971473975431306e-09
7.531775997004200582e-09
7.218597549842958020e-09
6.917940978194075319e-09
6.629328019679414747e-09
6.352299036982014101e-09
6.086414243082824122e-09
5.831250661421526988e-09
5.586396618427505565e-09
5.351452544714727562e-09
5.126032514932239913e-09
4.909765800728480180e-09
4.702298166197194403e-09
4.503291837998625335e-09
4.312420344808256298e-09
4.129365989247148497e-09
3.953820864224339430e-09
3.785487855011639654e-09
3.624081964346438111e-09
3.469331478401551664e-09
3.320976640359980903e-09
3.178765261439724558e-09
3.042452710231451184e-09
2.911802780782447711e-09
2.786588476728078238e-09
2.666592675306400537e-09
2.551608208123316748e-09
2.441435260318786906e-09
2.335879428682265040e-09
2.234752423851347956e-09
2.137872960140500074e-09
2.045067815206447466e-09
1.956172788210908112e-09
1.871032208996919452e-09
1.789495516401919196e-09
1.711416597602026795e-09
1.636654149720134615e-09
1.565071922548364513e-09
1.496539017218240468e-09
1.430930048109851309e-09
1.368124188229384825e-09
1.308004125045192913e-09
1.250456609153606501e-09
1.195373059741001646e-09
1.142650280758383986e-09
1.092190994824815054e-09
1.043903552699809550e-09
9.976995041284406774e-10
9.534925931133491528e-10
9.111990577158215612e-10
8.707380494971390517e-10
8.320319953386220643e-10
7.950070583550297165e-10
7.595928949265907529e-10
7.257218648492695846e-10
6.933278317315374600e-10
6.623462519041000148e-10
6.327172292576661245e-10
6.043838491274000606e-10
5.772922869952455851e-10
5.513900519847789457e-10
5.266255716739074869e-10
5.029495412245784690e-10
4.803143924803667059e-10
4.586752945696983619e-10
4.379904456229618390e-10
4.182203908713769342e-10
3.993270951597086616e-10
3.812736091533972597e-10
3.640239599556457082e-10
3.475432974370092946e-10
3.317977182525969919e-10
3.167545384801456080e-10
3.023821045059258608e-10
2.886500124995252860e-10
2.755295560731957710e-10
2.629937869358825260e-10
2.510176266659429380e-10
2.395777514879435703e-10
2.286521398667059201e-10
2.182186372149180719e-10
2.082554907443472444e-10
1.987419784223063291e-10
1.896578329763125753e-10
1.809830657240821491e-10
1.726992919898428559e-10
1.647894234338438140e-10
1.572372066063927114e-10
1.500273803576704517e-10
1.431456413147783368e-10
1.365786946386895873e-10
1.303139578938209873e-10
1.243392144047493279e-10
1.186416988599140894e-10
1.132081294428363512e-10
1.080258925463809650e-10
1.030820818131379295e-10
9.836385980936656226e-11
9.385833914222696320e-11
8.955831226137486311e-11
8.545528229532893883e-11
8.154022813395413191e-11
7.780453836134330530e-11
7.423999559301993111e-11
7.083875890460492934e-11
6.759334659692315531e-11
6.449661973576118328e-11
6.154176644880007615e-11
5.872228694321971244e-11
5.603197920568490666e-11
5.346492536213583516e-11
5.101547865937295262e-11
4.867825104334172952e-11
4.644810130893478281e-11
4.432012378890683161e-11
4.228963756423376464e-11
4.035217616755858793e-11
3.850347775719265425e-11
3.673947574408508029e-11
3.505628984518997884e-11
3.345021754852689737e-11
3.191772596939208506e-11
3.045544407782248086e-11
2.906015528468542320e-11
2.772879036542215772e-11
2.645842070858834595e-11
2.524625187465570754e-11
2.408961744797738330e-11
2.298597317233309444e-11
2.193289135413845471e-11
2.092805552178942470e-11
1.996925533099919101e-11
1.905438170187790114e-11
1.818142218000426816e-11
1.734845650980255653e-11
1.655365240978210426e-11
1.579526154276469922e-11
1.507161573880856289e-11
1.434899417929684727e-11
1.365769884593543722e-11
1.299569062351702822e-11
1.236221434958960550e-11
1.175967923625667423e-11
1.117184032226835272e-11
1.061054624705188439e-11
1.007509523965739228e-11
9.564411352752874050e-12
9.084560347967457308e-12
8.628208083204263826e-12
8.188913482885755195e-12
7.774045943018156659e-12
7.375327246157503985e-12
6.995236453411248376e-12
6.632543932385170062e-12
6.286485036014708926e-12
5.954143366076166577e-12
5.630646524446280994e-12
5.315717996237135955e-12
5.012453657850638917e-12
4.722845846298255932e-12
4.438779156977435790e-12
4.163580011975696661e-12
3.890049020073850880e-12
3.615612458983919352e-12
3.364421729451950784e-12
3.134549951864480629e-12
2.912721325120813697e-12
