# bin_3_3
1.305246492855825465e-04
1.303474232643186720e-04
1.301683363088253025e-04
1.299874051913232843e-04
1.298046480704134341e-04
1.296200840872272755e-04
1.294337297202436819e-04
1.292456037288202189e-04
1.290557265954284810e-04
1.288641206874561952e-04
1.286708099801462681e-04
1.284758209644886568e-04
1.282791796384081216e-04
1.280809032510722516e-04
1.278810049894070716e-04
1.276794982199044414e-04
1.274763982276480795e-04
1.272717284238002904e-04
1.270655245577753537e-04
1.268578434148184223e-04
1.266487257318713109e-04
1.264382054152031693e-04
1.262263180015604487e-04
1.260131009885752374e-04
1.257985981801023115e-04
1.255828661672420479e-04
1.253659739925578069e-04
1.251502850981284611e-04
1.249284700371565296e-04
1.247089491207053818e-04
1.244879960131355502e-04
1.242661604316406209e-04
1.240439123775094314e-04
1.238202095876776612e-04
1.235960931928118799e-04
1.233713604407264957e-04
1.231460900634764823e-04
1.229207787480707714e-04
1.226947624943471092e-04
1.224678552168385003e-04
1.222411157396307809e-04
1.220142611428337446e-04
1.217874208510749006e-04
1.215606841241384918e-04
1.213367466465598921e-04
1.211077550468103709e-04
1.208817436972814619e-04
1.206561584503337370e-04
1.204310918904383053e-04
1.202070750549535407e-04
1.199834568194902958e-04
1.197603890868522065e-04
1.195386626544403188e-04
1.193183862784586130e-04
1.190990092807085726e-04
1.188809457848962419e-04
1.186643027787795884e-04
1.184493361463078006e-04
1.182361712753200554e-04
1.180249395250424751e-04
1.178157657393731915e-04
1.176083030937282462e-04
1.174034067917344805e-04
1.172009324334106508e-04
1.170011402044334988e-04
1.168040148581030445e-04
1.166097252570440039e-04
1.164206408100718217e-04
1.162320666117401524e-04
1.160468926987943006e-04
1.158641637762949759e-04
1.156864293904921330e-04
1.155110061962754932e-04
1.153424663538505778e-04
1.151763249386929060e-04
1.150145074872681718e-04
1.148570723620365982e-04
1.147042416215669975e-04
1.145562851762309156e-04
1.144130092045744708e-04
1.142746832919234871e-04
1.141415110369794746e-04
1.140135593487173895e-04
1.138912935482242595e-04
1.137746642359026891e-04
1.136638228354379550e-04
1.135589532692252206e-04
1.134602196794392052e-04
1.133678192216752793e-04
1.132819178283280714e-04
1.132026078399807594e-04
1.131300536057694504e-04
1.130644648605503899e-04
1.130047685443126673e-04
1.129548588251145570e-04
1.129110818445118301e-04
1.128748917691744591e-04
1.128464678900876599e-04
1.128259343377462423e-04
1.128134663943254688e-04
1.128093489832535605e-04
1.128134073393177587e-04
1.128258301343381331e-04
1.128470689530769710e-04
1.128770777055233414e-04
1.129160054881916215e-04
1.129641796725765380e-04
1.130213958279521899e-04
1.130879257976870171e-04
1.131639305627282744e-04
1.132495122514717628e-04
1.133448017868038247e-04
1.134499239473277628e-04
1.135649676024809261e-04
1.136900507123770644e-04
1.138252841121704240e-04
1.139707522618327496e-04
1.141207069797763827e-04
1.142927561502164524e-04
1.144633783331281909e-04
1.146567082274644890e-04
1.148546287898887094e-04
1.150632490195790112e-04
1.152826362413419042e-04
1.155128410037764135e-04
1.157537400626371365e-04
1.160057167872758673e-04
1.162686407413365130e-04
1.165425362635598270e-04
1.168274376964044278e-04
1.171233537431040601e-04
1.174303005335047313e-04
1.177482765905044993e-04
1.180772760089320467e-04
1.184172864343087004e-04
1.187682832172984890e-04
1.191302318363801778e-04
1.195030896724037501e-04
1.198867701206513832e-04
1.202812781570023642e-04
1.206865074828878824e-04
1.211023771492681760e-04
1.215287951833093281e-04
1.219656595542771218e-04
1.224128582474590696e-04
1.228702685059181502e-04
1.233377562840192983e-04
1.238151787049951576e-04
1.243023221713566398e-04
1.247991379218612511e-04
1.253053913659254060e-04
1.258208948323530298e-04
1.263454479566624431e-04
1.268788507201841042e-04
1.274208506508592103e-04
1.279712221389820120e-04
1.285297137462487651e-04
1.290960599574922439e-04
1.296699812504448115e-04
1.302511845891294467e-04
1.308393617676641640e-04
1.314341896969013778e-04
1.320353299989841583e-04
1.326424311612961005e-04
1.332550598656050513e-04
1.338729732665729338e-04
1.344957102465749242e-04
1.351228628098148849e-04
1.357540118360763372e-04
1.363887096650059688e-04
1.370265073154012484e-04
1.376669370662043825e-04
1.383095171464237270e-04
1.389537504639104526e-04
1.395991240837666071e-04
1.402451093470026674e-04
1.408911607375269704e-04
1.416149933556321830e-04
1.421812045857430266e-04
1.428240329467391411e-04
1.434646004221694696e-04
1.441022904532956756e-04
1.447364716806875549e-04
1.453664976170567901e-04
1.459917062160325852e-04
1.466114219165384053e-04
1.472249555656225315e-04
1.478316058646173339e-04
1.484306597541916949e-04
1.490213911485938699e-04
1.496030587754995471e-04
1.501749138819519279e-04
1.507361887617002011e-04
1.512861053965884172e-04
1.518238743521446005e-04
1.523487838601578930e-04
1.528598569287505690e-04
1.533563635984847083e-04
1.538374789550894133e-04
1.543023680637274598e-04
1.547501862026936929e-04
1.551799914366430418e-04
1.555911019239828797e-04
1.559825721849669809e-04
1.563535430659304128e-04
1.567034434385965592e-04
1.570308319218895101e-04
1.573351289603762426e-04
1.576154649933326308e-04
1.578709753606407826e-04
1.581009655824759219e-04
1.583042793487846988e-04
1.584802517753573585e-04
1.586280681284856138e-04
1.587469240659568381e-04
1.588360264154167376e-04
1.588946010907700676e-04
1.589219053426841135e-04
1.589172289774116672e-04
1.588798934808041349e-04
1.588092515090107652e-04
1.587046844568040229e-04
1.585656393921576794e-04
1.583914876860629964e-04
1.581817578831181835e-04
1.579359896030840468e-04
1.576537708454989531e-04
1.573347369736734344e-04
1.569785670348631829e-04
1.565849820507177138e-04
1.561537473372717863e-04
1.556846750198327906e-04
1.551776253377006975e-04
1.546325097677024216e-04
1.540492068810806955e-04
1.534278988490801884e-04
1.527685622609907079e-04
1.520713025797126297e-04
1.513362603121660988e-04
1.505636147147739986e-04
1.497535930921591258e-04
1.489064747365785536e-04
1.480225990465112486e-04
1.471023680125508552e-04
1.461462344532477974e-04
1.451546875391845611e-04
1.441280338152889882e-04
1.430673369876815518e-04
1.419730414628310163e-04
1.408459032663001191e-04
1.396867608313187407e-04
1.384964193956335615e-04
1.372760183888354355e-04
1.360264889837296484e-04
1.347489463043984124e-04
1.334445930385607553e-04
1.321147113882037590e-04
1.307606511308415749e-04
1.293837945044095598e-04
1.279855446829925589e-04
1.265673505623939835e-04
1.251307165046549132e-04
1.253288752694957874e-04
1.222083173097983431e-04
1.207256642650390859e-04
1.192307179701853205e-04
1.177248969278182444e-04
1.162093095540666499e-04
1.146857331810928547e-04
1.131551555175843891e-04
1.116187504950589220e-04
1.100776171250691151e-04
1.085327575867969628e-04
1.069850679906836870e-04
1.054353221787334219e-04
1.038841767467044407e-04
1.023323256214580829e-04
1.007800449668797417e-04
9.922796932963866810e-05
9.767670009569672472e-05
9.612691530948804159e-05
9.457934049996903083e-05
9.303472753390400218e-05
9.149382176736863004e-05
8.995737280968108169e-05
8.842626182113624714e-05
8.690159114004212247e-05
8.538465506468661138e-05
8.387691459355897628e-05
8.237999352194027387e-05
8.089564042498642940e-05
7.942586541719638021e-05
7.797265540604378647e-05
7.653807533388824801e-05
7.512417710315072894e-05
7.373298810721207804e-05
7.236653054170782019e-05
7.102665376179621176e-05
6.971562366603769689e-05
6.843481385500970013e-05
6.718530094684120634e-05
6.596762996476165789e-05
6.478180691611343765e-05
6.362728401273374721e-05
6.250297677240138463e-05
6.140733566533442553e-05
6.033836185303519703e-05
5.929352904763693312e-05
5.826999193520710331e-05
5.726430637057932982e-05
5.627260366420910734e-05
5.529076909912516682e-05
5.431480475424636432e-05
5.334110213055705274e-05
5.236664604468206559e-05
5.138906133453457727e-05
5.040659525660777670e-05
4.941809562975113410e-05
4.842283431818613054e-05
4.742025640134911007e-05
4.641015613912100561e-05
4.539290215104907055e-05
4.436945940094522465e-05
4.334138336430117780e-05
4.231076639242441000e-05
4.128011619877274246e-05
4.025228313514417550e-05
3.923031384374245297e-05
3.821738962114931215e-05
3.721682445902832806e-05
3.623205331741848837e-05
3.526657814086499971e-05
3.432398261028299260e-05
3.340767155036745967e-05
3.252037309086863140e-05
3.166405883243679324e-05
3.083993853289276058e-05
3.004849318462651407e-05
2.928943148081126206e-05
2.856161890933980350e-05
2.786317751339009293e-05
2.719153503137634114e-05
2.654342830000471501e-05
2.591492123325058209e-05
2.530159338743145653e-05
2.469900130702606993e-05
2.410304373766949148e-05
2.351066628579163916e-05
2.292007925214608932e-05
2.233073376377762124e-05
2.174329473598627321e-05
2.115952806986826434e-05
2.058208732510334937e-05
2.001402383663620539e-05
1.945818554333604515e-05
1.891715677853733529e-05
1.839319431423344043e-05
1.788820379332764059e-05
1.740327660772908133e-05
1.693864905743098338e-05
1.649379264844175221e-05
1.606753529356031560e-05
1.565810319463046822e-05
1.526314643266458068e-05
1.488002144282259129e-05
1.450609727114764702e-05
1.413898659166747533e-05
1.377690572442065793e-05
1.341876774358805490e-05
1.306416869684007558e-05
1.271337166455675118e-05
1.236728241476253897e-05
1.202742028206193496e-05
1.169555354159252603e-05
1.137322494096165774e-05
1.106165566746862492e-05
1.076174476906660633e-05
1.047395188047251642e-05
1.019804629751513425e-05
9.933140231326631744e-06
9.678064601514390776e-06
9.431608286807588559e-06
9.192554914239280470e-06
8.959710651833112540e-06
8.732152578551793411e-06
8.509362085357298619e-06
8.291222815166146134e-06
8.077771473873972982e-06
7.869198196366967491e-06
7.665851285340490251e-06
7.468169087146856998e-06
7.276489952137851749e-06
7.090997167989717290e-06
6.911782725100357689e-06
6.738820176370457579e-06
6.571931245348144381e-06
6.410786654708520792e-06
6.254972365214314432e-06
6.186725995679090827e-06
5.957713206732205335e-06
5.815496995165329668e-06
5.677144244306115393e-06
5.542466203308369322e-06
5.411374095750135899e-06
5.283818139116654192e-06
5.159793257193088491e-06
5.039296147463289620e-06
4.922322191942573182e-06
4.808823278684634255e-06
4.698719274647735244e-06
4.591897030584121177e-06
4.488233928588137232e-06
4.387604058179611044e-06
4.289876004896148987e-06
4.194932297836804188e-06
4.102671109676391208e-06
4.013000774993580662e-06
3.925827542954335848e-06
3.841062912546102986e-06
3.758615506362850729e-06
3.678386298179346802e-06
3.600290047165588660e-06
3.524231206400336550e-06
3.450120346945951696e-06
3.377881383387504236e-06
3.307445692999022028e-06
3.238753405330544950e-06
3.171751445488996577e-06
3.106386727494526896e-06
3.042613456629131176e-06
2.980375339514388594e-06
2.919625060982495352e-06
2.860303730271156145e-06
2.802354204613116699e-06
2.745720066445618925e-06
2.690347165559522211e-06
2.636183596937538901e-06
2.583180559887241168e-06
2.531292367160370191e-06
2.480476490194050020e-06
2.430693664185220873e-06
2.381907033382503995e-06
2.334081495634797960e-06
2.287184514569158958e-06
2.241181837371464924e-06
2.196049093514173476e-06
2.151754768646540797e-06
2.108270932310646168e-06
2.065571190934092332e-06
2.023630440964164770e-06
1.982424304711989990e-06
1.941929094450797573e-06
1.902119812568732909e-06
1.862981450443920692e-06
1.824491486166774955e-06
1.786631865175245022e-06
1.749385870070068812e-06
1.712737809692220275e-06
1.676672982798652128e-06
1.641177760927997290e-06
1.606236584151132395e-06
1.571843556186178855e-06
1.537984675000998364e-06
1.504649693846516590e-06
1.471828967685024744e-06
1.439513447996957687e-06
1.407694709984772849e-06
1.376364974030507442e-06
1.345514553404510148e-06
1.315142063477425384e-06
1.285238779573470903e-06
1.255799092585402466e-06
1.226817896492330238e-06
1.198290539222434996e-06
1.170212060528756879e-06
1.142580123745039673e-06
1.115390472180508970e-06
1.088639872410696258e-06
1.062325306217156249e-06
1.036440924155566017e-06
1.010990264787141769e-06
9.859676229207187092e-07
9.613706199204400591e-07
9.371970145142626823e-07
9.134446724579681219e-07
8.901115266095304653e-07
8.671955402739572996e-07
8.446946673911726967e-07
8.226044093073681130e-07
8.009276930729891550e-07
7.796598988996403987e-07
7.587989330267738504e-07
7.383426204662063062e-07
7.182886583937283473e-07
6.986346067011029700e-07
6.793779133205912098e-07
6.605140338178662627e-07
6.420440875697415710e-07
6.239632990139648597e-07
6.062686403825929024e-07
5.889571530694331933e-07
5.720250383079062908e-07
5.554690154760628613e-07
5.392854704696871664e-07
5.234691047941786146e-07
5.080194279362388622e-07
4.929304421298318033e-07
4.781981261055996095e-07
4.638181393257635304e-07
4.497860148927142277e-07
4.360975456105941116e-07
4.227463660898857036e-07
4.097301474983574535e-07
3.970429615734037261e-07
3.846798355065892940e-07
3.726357000820670099e-07
3.609054175886863287e-07
3.494830025316049856e-07
3.383648526844701113e-07
3.275448459822224027e-07
3.170176553122303000e-07
3.067779096305839313e-07
2.968202053212618980e-07
2.871391245249407953e-07
2.777285921224389969e-07
2.685845076218020468e-07
2.597007735852722655e-07
2.510719798204257000e-07
2.426927116879632289e-07
2.345570434884758781e-07
2.266607533787540625e-07
2.189980635996896158e-07
2.115633764214599180e-07
2.043515963561247516e-07
1.973575176170247315e-07
1.905756287466385781e-07
1.840015219973740609e-07
1.776297628917416954e-07
1.714553389021500471e-07
1.654733013459711322e-07
1.596783247816982714e-07
1.540665475940781218e-07
1.486327331995292937e-07
1.433720908492942114e-07
1.382802194843767886e-07
1.333524724474374055e-07
1.285843957677531635e-07
1.239711387215153334e-07
1.195093767357666752e-07
1.151945423971581977e-07
1.110221586213472427e-07
1.069883168654274056e-07
1.030890336993160308e-07
9.932001293241753026e-08
9.567826763508335438e-08
9.215964564367179344e-08
8.876049086567432865e-08
8.547722515908168195e-08
8.230635792792579207e-08
7.924415440204992659e-08
7.628797677421089788e-08
7.343424238459005416e-08
7.067979023697787602e-08
6.802153066091533839e-08
6.545645193647402361e-08
6.298129827245628263e-08
6.059397374321276856e-08
5.829117943573321970e-08
5.607030597764708846e-08
5.392871472659652294e-08
5.186359693503727892e-08
4.987293482762271556e-08
4.795405265885347775e-08
4.610459197284916345e-08
4.432226207830089254e-08
4.260474347643551625e-08
4.094993151625412790e-08
3.935586351770797782e-08
3.782036758064967979e-08
3.634146143149140034e-08
3.491712479815953075e-08
3.354570220225970105e-08
3.222515449672588380e-08
3.095396520451566757e-08
2.973030658689388964e-08
2.855247840932936329e-08
2.741899228069691132e-08
2.632817611435619677e-08
2.527868358529702605e-08
2.426886725377467528e-08
2.329755393555566676e-08
2.236319744980802863e-08
2.146460533792932694e-08
2.060038082280832232e-08
1.976940499592821991e-08
1.897037078252658996e-08
1.820222269949016523e-08
1.746373994851477974e-08
1.675393589131223130e-08
1.607167647629103267e-08
1.541600088112636471e-08
1.478597211352425104e-08
1.418057066741122315e-08
1.359892315846015287e-08
1.304014896825343591e-08
1.250342618792527871e-08
1.198787625501740857e-08
1.149273799054968644e-08
1.101724549663733958e-08
1.056065728058420757e-08
1.012225809868541724e-08
9.701343899735508094e-09
9.297283445185003820e-09
8.909410254697234263e-09
8.537123019330719683e-09
8.179817108359234870e-09
7.836919180493324241e-09
7.507879823846174320e-09
7.192158000765095632e-09
6.889251758829926915e-09
6.598643555484483500e-09
6.319896615224187018e-09
6.052509172962096595e-09
5.796029620756509873e-09
5.550064036640783930e-09
5.314169126562815692e-09
5.087988753942021377e-09
4.871123327904064301e-09
4.663205608162035445e-09
4.463880732168603531e-09
4.272807136617785376e-09
4.089656270299234085e-09
3.914112163003759515e-09
3.745884153152515568e-09
3.584625323907880485e-09
3.430113874496452822e-09
3.282074321389544141e-09
3.140235560279431098e-09
3.004348678641476803e-09
2.874174508469670209e-09
2.749482954153818152e-09
2.630042822983841782e-09
2.515656994110262954e-09
2.406113201472973197e-09
2.301201093586627809e-09
2.200733882409896442e-09
2.104538988638549325e-09
2.012428582717831904e-09
1.924250421664138973e-09
1.839829710142799493e-09
1.759019404309546064e-09
1.681665439108762933e-09
1.607638523522771633e-09
1.536788955022573575e-09
1.468980878444158281e-09
1.404091915688747809e-09
1.342004778064348265e-09
1.282598094651472401e-09
1.225754928953879435e-09
1.171378238246644032e-09
1.119359838022026343e-09
1.069600808342279385e-09
1.022005322260933499e-09
9.764828255718646926e-10
9.329421291509998755e-10
8.913014401032596620e-10
8.514802442161821554e-10
8.134006153773819774e-10
7.769838259729777285e-10
7.421688354443589571e-10
7.088804123614819514e-10
6.770561505076966281e-10
6.466322070473962681e-10
6.175492733398121964e-10
5.897499036479798505e-10
5.631815989435171734e-10
5.377894544689343436e-10
5.135240500798689923e-10
4.903339711221240664e-10
4.681732066922706598e-10
4.469967496292067315e-10
4.267572072551418226e-10
4.074143423039647100e-10
3.889271305739673459e-10
3.712621207213128179e-10
3.543827817102390824e-10
3.382610548477958448e-10
3.228714959009197664e-10
3.081802820561776194e-10
2.941518867460224878e-10
2.807545676907335447e-10
2.679652618924004734e-10
2.557553573167402059e-10
2.440991087702602381e-10
2.329727433406451881e-10
2.223514282130738259e-10
2.122121118036267160e-10
2.025319573254731430e-10
1.932885200196285412e-10
1.844626600993579491e-10
1.760369064428726077e-10
1.679848480298177462e-10
1.602970023636625048e-10
1.529586468755734585e-10
1.459543671608158710e-10
1.392685385115092042e-10
1.328876222623291416e-10
1.267974630752531506e-10
1.209852640093033715e-10
1.154388302639607918e-10
1.101466630735194332e-10
1.050972168822158981e-10
1.002792362568989434e-10
9.568150457944955920e-11
9.129367966227301951e-11
8.710608557404119745e-11
8.311033231232280590e-11
7.929762144695377366e-11
7.565955645995587592e-11
7.218804970598043201e-11
6.887542770708236500e-11
6.571419943290834598e-11
6.269749094797505035e-11
5.981910328827006448e-11
5.707249438716621707e-11
5.445160369778071486e-11
5.195062740642748988e-11
4.956408009486790757e-11
4.728705542069925660e-11
4.511423744980134253e-11
4.304099603939514288e-11
4.106299918541379855e-11
3.917559059015041292e-11
3.737488326240921071e-11
3.565672858272833439e-11
3.401705007236329069e-11
3.239758092964087532e-11
3.080667121504037216e-11
2.929079649679620746e-11
2.784655551265633661e-11
2.647081065130248750e-11
2.516019900858346136e-11
2.391183039193012099e-11
2.272290807193271034e-11
2.159024027539577407e-11
2.051170108878708390e-11
1.948454530559448454e-11
1.850621630283749705e-11
1.757446412628020233e-11
1.668720683643039380e-11
1.584232290872279116e-11
1.503783720219604747e-11
1.427190344287353345e-11
1.354270329450824040e-11
1.284858481946549863e-11
1.218787589706196960e-11
1.156315421148084853e-11
1.098722747368245677e-11
1.043871216861313705e-11
9.916368309086765135e-12
9.418940507187124084e-12
8.945190708544138959e-12
8.493994438529055067e-12
8.064342580510329303e-12
7.655203556187937391e-12
7.265633136854093317e-12
6.894760941067154729e-12
6.541736926761741420e-12
6.205633202382916618e-12
5.885771664602553391e-12
5.581397020026777229e-12
5.133448260794601478e-12
4.688827873909001995e-12
4.268811729958333091e-12
3.872201679757638908e-12
3.497994674477351094e-12
3.145137173462045514e-12
2.812670705770068611e-12
2.499703893040325450e-12
2.205310795511678897e-12
1.928583500469525415e-12
1.669001684871680679e-12
1.525574971799256301e-12
1.393537038787004220e-12
1.268958598857352651e-12
1.151511638416148718e-12
1.040888379958079487e-12
9.367801716902264820e-13
8.387353635399338161e-13
7.463996304521325191e-13
6.604537983724079939e-13
5.840552791893595453e-13
5.122522472516042135e-13
4.448313069162884608e-13
3.815403195487518731e-13
3.220551556945451125e-13
2.662041698076535077e-13
2.138244775830699275e-13
1.881292809260362996e-13
1.681209808366026105e-13
