# bin_7_2
2.132528732337325211e-07
2.139203273343737675e-07
2.146006865659616367e-07
2.152941984631656613e-07
2.160011152344209441e-07
2.167216938470694207e-07
2.174561961137278131e-07
2.182048887800408515e-07
2.189680436138210628e-07
2.197459374999179431e-07
2.205388525411235899e-07
2.213470761552841029e-07
2.221709011718483435e-07
2.230106259293861231e-07
2.238665543749674557e-07
2.247389961654687832e-07
2.256282667695413962e-07
2.265346875707498443e-07
2.274585859720170018e-07
2.284002955022419840e-07
2.293601559244193234e-07
2.303385133447413134e-07
2.313357203227302643e-07
2.323521359812218672e-07
2.333881261149200625e-07
2.344440633081479872e-07
2.355203270649527651e-07
2.366173039329280648e-07
2.377353876234259159e-07
2.388749791322617891e-07
2.400364868608864182e-07
2.412203267409169807e-07
2.424269223795929308e-07
2.436567052065663066e-07
2.449101146066920905e-07
2.461875980541025138e-07
2.474896112469111295e-07
2.488166182591987402e-07
2.501690917288027725e-07
2.515475130178283798e-07
2.529523723560977600e-07
2.543841689873745646e-07
2.558434113147865388e-07
2.573306170436272296e-07
2.588463133271434317e-07
2.603910369145104675e-07
2.619653342960799672e-07
2.635697618388488126e-07
2.652048859278486299e-07
2.668712831631575531e-07
2.685695405395908522e-07
2.703002555982147991e-07
2.720640365730927960e-07
2.738615025667899667e-07
2.756932837835468749e-07
2.775600217123523018e-07
2.794623692909202484e-07
2.814009910972682478e-07
2.833765636529787181e-07
2.853897756603595590e-07
2.874413281688333448e-07
2.895319347386000248e-07
2.916623215919373362e-07
2.938332277692888067e-07
2.960454052829343774e-07
2.982996192422620227e-07
3.005966480030889127e-07
3.029372834428019603e-07
3.053223311560451962e-07
3.077526105946173716e-07
3.102289552760863793e-07
3.127522130954861552e-07
3.153232465211397898e-07
3.179429327894607482e-07
3.206121643270119703e-07
3.233318490918013857e-07
3.261029107236025746e-07
3.289262886683152448e-07
3.318029382897423468e-07
3.347338309858861619e-07
3.377199542479257242e-07
3.407623118134613862e-07
3.438619240010804976e-07
3.470198278519975671e-07
3.502370772747938228e-07
3.535147434048472258e-07
3.568539148198655097e-07
3.602556977781118676e-07
3.637212168225342606e-07
3.672516150638251948e-07
3.708480542299072913e-07
3.745117146787424365e-07
3.782437954180014218e-07
3.820455140419221909e-07
3.859181068646133436e-07
3.898628292597935978e-07
3.938809557050532323e-07
3.979737799935578479e-07
4.021426155204415897e-07
4.063887954355203047e-07
4.107136733080854566e-07
4.151186234845120129e-07
4.196050410018912599e-07
4.241743414499401858e-07
4.288279608192787157e-07
4.335673552839788313e-07
4.383940014683347917e-07
4.433093965639012756e-07
4.483150583029282574e-07
4.534125251185238206e-07
4.586033561998670471e-07
4.638891321187544242e-07
4.692714551402547891e-07
4.747519489619841178e-07
4.803322584032433742e-07
4.860140490240967301e-07
4.917990068769470712e-07
4.976888387250846330e-07
5.036852718608506789e-07
5.097900538598112809e-07
5.160049523794541160e-07
5.223317554546118534e-07
5.287722717879179045e-07
5.353283303827253193e-07
5.420017800912744252e-07
5.487944890684520785e-07
5.557083443834253646e-07
5.627452520206836596e-07
5.699071363648844157e-07
5.771959392621819422e-07
5.846136195509745412e-07
5.921621530246840800e-07
5.998435321454641485e-07
6.076597655820819654e-07
6.156128777008363298e-07
6.237049078934682122e-07
6.319379102110151986e-07
6.403139527376433373e-07
6.488351156066723597e-07
6.575034897219766937e-07
6.663211757733406847e-07
6.752902836254415328e-07
6.844129320808916137e-07
6.936912485807867094e-07
7.031273684712977660e-07
7.127234342070345011e-07
7.224815939261560979e-07
7.324039978394618101e-07
7.424927960820347220e-07
7.527501362906684392e-07
7.631781632820490960e-07
7.737790194772969506e-07
7.845548449753225091e-07
7.955077762224533911e-07
8.066399448278845870e-07
8.179534728295330717e-07
8.294504682099001206e-07
8.411330202961321533e-07
8.530031979954248395e-07
8.650630513451630622e-07
8.773146129191801565e-07
8.897598967779930267e-07
9.024008965597700893e-07
9.152395798589234269e-07
9.282778808015038516e-07
9.415176927592293217e-07
9.549608649130124532e-07
9.686092055550422316e-07
9.824644853938742789e-07
9.965284366527036126e-07
1.010802750345559950e-06
1.025289068022054513e-06
1.039988971599516483e-06
1.054903971972389120e-06
1.070035506154982646e-06
1.085384943593586852e-06
1.100953591688485980e-06
1.116742693562686324e-06
1.132753424389701868e-06
1.148986877698027432e-06
1.165444052397943087e-06
1.182125836958759340e-06
1.199033012496660711e-06
1.216166263259021418e-06
1.233526182608615860e-06
1.251113268103438638e-06
1.268927913690133614e-06
1.286970390557322137e-06
1.305240827400017228e-06
1.323739198741125052e-06
1.313267441373689060e-06
1.331837521388947524e-06
1.350631057647893530e-06
1.400006799818594170e-06
1.419639775131099845e-06
1.439497671646506011e-06
1.459579409600054364e-06
1.479883717438384997e-06
1.500409153210000562e-06
1.521154114688384451e-06
1.542116832166731756e-06
1.563295353064407651e-06
1.584687514857847724e-06
1.606290910437271268e-06
1.628102885989402996e-06
1.650120568719303718e-06
1.672340887722549643e-06
1.694760567842330282e-06
1.717376117920068297e-06
1.740183799467380365e-06
1.763179587744655331e-06
1.786359156280127585e-06
1.809717909665098390e-06
1.833251014194101895e-06
1.856953395451815204e-06
1.880819727809813835e-06
1.904844400711411407e-06
1.929021476109598922e-06
1.953344661760091064e-06
1.977807348248463472e-06
2.002402648409161761e-06
2.027123399147887616e-06
2.051962150840516011e-06
2.076911131942708926e-06
2.101962202232420603e-06
2.127106818724289712e-06
2.152336077471029965e-06
2.177640760723699617e-06
2.203011341578382762e-06
2.228437972724816909e-06
2.253910448866019536e-06
2.279418154776966103e-06
2.304950028431057977e-06
2.330494609329101730e-06
2.356040092038417321e-06
2.381574331085114051e-06
2.407084828598834316e-06
2.432558693419045611e-06
2.457982582540290276e-06
2.483342667082098974e-06
2.508624689167834591e-06
2.533814019828155888e-06
2.558895661230778369e-06
2.583854232384876040e-06
2.608673924023464049e-06
2.633338431833866264e-06
2.657830932382006105e-06
2.682134149800695810e-06
2.706230414993507417e-06
2.730101662980831346e-06
2.753729415635043124e-06
2.777094732932464274e-06
2.800178137578108552e-06
2.822959609072546921e-06
2.845418659988646193e-06
2.867534391914267454e-06
2.889285487737161333e-06
2.910650192979287072e-06
2.931606267475275681e-06
2.952130905256339546e-06
2.972200753917261485e-06
2.991791998141082522e-06
3.010880406396031223e-06
3.029441322386616256e-06
3.047449658936883838e-06
3.064879859177410598e-06
3.081705824289846651e-06
3.097900959313342267e-06
3.113438257966389090e-06
3.128290335145191995e-06
3.142429433890591739e-06
3.155827475970054486e-06
3.168456047504723367e-06
3.180286357404491080e-06
3.191289295379242135e-06
3.201435506530198800e-06
3.210695413358810576e-06
3.219039291380211835e-06
3.226437455980473840e-06
3.232860302153606661e-06
3.238278308083763154e-06
3.242662064605091879e-06
3.245982326561003447e-06
3.248210050194313080e-06
3.249316664747645758e-06
3.249274465070010213e-06
3.248056768469001466e-06
3.245637913799793170e-06
3.241993194551631610e-06
3.237093403986962572e-06
3.230926899007606053e-06
3.223467311453392422e-06
3.214696071523175136e-06
3.204597257911387432e-06
3.193157430911984421e-06
3.180365400827256348e-06
3.166212297665276930e-06
3.150691833145617335e-06
3.133801161209825989e-06
3.115541672868776747e-06
3.095919347465571089e-06
3.074944225556447500e-06
3.052630015139268244e-06
3.028994251867946755e-06
3.004058541476755058e-06
2.977849195215638433e-06
2.950398218662172080e-06
2.921743260260868072e-06
2.891926711196363217e-06
2.860995278380605182e-06
2.829000103149032473e-06
2.795996428608732254e-06
2.762043785537654899e-06
2.727206781430059641e-06
2.691554497177155450e-06
2.655159480564940463e-06
2.618097418832992240e-06
2.580446854421692201e-06
2.542288105414517322e-06
2.503703167082686092e-06
2.464775798134941430e-06
2.425590933449864863e-06
2.386233943213058125e-06
2.346790333716859339e-06
2.307345061420534284e-06
2.267981434072456387e-06
2.228780587192645933e-06
2.189821363931447693e-06
2.151180353897608894e-06
2.112931559433843869e-06
2.075146079823737226e-06
2.037891384738905893e-06
2.001230407936627726e-06
1.965220824825938004e-06
1.929915532279633479e-06
1.895363269516153449e-06
1.861608519345427427e-06
1.828690997025265102e-06
1.796644323551972234e-06
1.765494860166302918e-06
1.735261464404625633e-06
1.705956516018949052e-06
1.677586640561819447e-06
1.650152529043083436e-06
1.623647472547971076e-06
1.598055179218431731e-06
1.573348134551775206e-06
1.549488135590594779e-06
1.526427714218464895e-06
1.504110424213576859e-06
1.482470810675821952e-06
1.461434660751471796e-06
1.440917515714188058e-06
1.420822952309644171e-06
1.401044288403814005e-06
1.381466402708270229e-06
1.361965570919274147e-06
1.342413997148908930e-06
1.322687979742078334e-06
1.302668286276390855e-06
1.282240209682070782e-06
1.261295205996217441e-06
1.239732956194341202e-06
1.217462229053066915e-06
1.194408656664104543e-06
1.170523389539730969e-06
1.145788603403905497e-06
1.120216414270505606e-06
1.093847169540840402e-06
1.066752513081765682e-06
1.039032485319999858e-06
1.010805813990002092e-06
9.822136282146603673e-07
9.534232046338029369e-07
9.246214875108388187e-07
8.960091837136251938e-07
8.678018362297011125e-07
8.402145310384340168e-07
8.134427367282599050e-07
7.876568701539172437e-07
7.629999536919849208e-07
7.395846115131305014e-07
7.174853770909258236e-07
6.967387434379003342e-07
6.773514467251736174e-07
6.592947105525033477e-07
6.424929524554813192e-07
6.268304645821332904e-07
6.121591347398104666e-07
5.982936005469007210e-07
5.850275555085081994e-07
5.721669121208087516e-07
5.595368776619675178e-07
5.469856696742924516e-07
5.343917184379530330e-07
5.216765732233614826e-07
5.088055622624733381e-07
4.957609283842551383e-07
4.825335978105394248e-07
4.691430635131276074e-07
4.556335950984709968e-07
4.420645904092267663e-07
4.285183242121302267e-07
4.151038547803148708e-07
4.019470615454080639e-07
3.891722351354632706e-07
3.768876092506005116e-07
3.651805491759911304e-07
3.541014378299414098e-07
3.436447461419947333e-07
3.337674234718337999e-07
3.244099508984025922e-07
3.154979859469373954e-07
3.069496358148235981e-07
2.986887567926507027e-07
2.906606379468537862e-07
2.828299278502675000e-07
2.751615182723619464e-07
2.676213202377629763e-07
2.601858294958407124e-07
2.528383450832745732e-07
2.455655724185236637e-07
2.383649023512940696e-07
2.312512807716957397e-07
2.242609151754586480e-07
2.174389140459026458e-07
2.108316914885831448e-07
2.044844711808671647e-07
1.984293551055703222e-07
1.926742199611145431e-07
1.872023398788782857e-07
1.819777932155296049e-07
1.769547444213122389e-07
1.720827850809954683e-07
1.673142741076163035e-07
1.626184843625930361e-07
1.579844393032848829e-07
1.534178362818094151e-07
1.489360946150451561e-07
1.445636864250008153e-07
1.403280880768562352e-07
1.362516331603432710e-07
1.323448422000621089e-07
1.286077856075455750e-07
1.250324748315750490e-07
1.216048388660086862e-07
1.183070100101838888e-07
1.151202928984939062e-07
1.120298563350398176e-07
1.090258736491837613e-07
1.061024335032987602e-07
1.032568953892305113e-07
1.004893306649272031e-07
9.780149144511297928e-08
9.519525056101667534e-08
9.267137942472286841e-08
9.022961644560459612e-08
8.786889196165040748e-08
8.558736454479378504e-08
8.338258296657706824e-08
8.125175761284503700e-08
7.919208905499946781e-08
7.720086878990940447e-08
7.527548200010998741e-08
7.341341590013041882e-08
7.161226610699179383e-08
6.986971783874509590e-08
6.818352853644989952e-08
6.655152774141101327e-08
6.497161598501494597e-08
6.344176540304932646e-08
6.196003479174952665e-08
6.052456954542917721e-08
5.913358485018100978e-08
5.778535328280085645e-08
5.647820525081637562e-08
5.521052821425352204e-08
5.398076981752303530e-08
5.278744358752901870e-08
5.162911929068440966e-08
5.050440930595793702e-08
4.941196189183982234e-08
4.835046171586044985e-08
4.731863433744566161e-08
4.631525382700389309e-08
4.533914452787164025e-08
4.438917287951915212e-08
4.346424125889236986e-08
4.256328840659272343e-08
4.168529001651023933e-08
4.082926234958348605e-08
3.999426929508175825e-08
3.917941820632381624e-08
3.838385127055822204e-08
3.760674227523858272e-08
3.684729722764437056e-08
3.610475581341087706e-08
3.537839597012790218e-08
3.466753632591143192e-08
3.397152942581824609e-08
3.328975496784623919e-08
3.262161867837924755e-08
3.196655254051336974e-08
3.132401692782797397e-08
3.069350573873495533e-08
3.007454473986824777e-08
2.946668538019824646e-08
2.886950155931930682e-08
2.828258992605366061e-08
2.770557017386903892e-08
2.713808767230424381e-08
2.657981634328454806e-08
2.603045447251368800e-08
2.548971967489248125e-08
2.495734773957883511e-08
2.443309228823289500e-08
2.391672496391362378e-08
2.340803859140134434e-08
2.290684705214309887e-08
2.241298112924454292e-08
2.192628556505930427e-08
2.144661905525592404e-08
2.097385324219852557e-08
2.050787311836667033e-08
2.004857910846689458e-08
1.959588507749293204e-08
1.914971512359696108e-08
1.871000230181579630e-08
1.827668817853264678e-08
1.784972159090752974e-08
1.742905949907488537e-08
1.701466735881650737e-08
1.660651729483023142e-08
1.620458624575202371e-08
1.580885567298392531e-08
1.541931052979398556e-08
1.503593834229057658e-08
1.465872973109027548e-08
1.428767802671999865e-08
1.392277825664462402e-08
1.356402632233784536e-08
1.321141875601758042e-08
1.286495157881336922e-08
1.252461978790131810e-08
1.219041733869514938e-08
1.186233710942396006e-08
1.154037056988160624e-08
1.122450747843383617e-08
1.091473552846630791e-08
1.061103957773004888e-08
1.031340111904626034e-08
1.002179840121923504e-08
9.736206868153031983e-09
9.456599134191687140e-09
9.182944873772333727e-09
8.915210591830832154e-09
8.653359118797907836e-09
8.397349162403002838e-09
8.147135861408558939e-09
7.902671362498978626e-09
7.663904803209238528e-09
7.430782384262678532e-09
7.203247370973010060e-09
6.981239587955251929e-09
6.764695422380650500e-09
6.553548499463294939e-09
6.347730111514191162e-09
6.147169201301011727e-09
5.951792649447402195e-09
5.761525311109930437e-09
5.576289666775850938e-09
5.396006133304045352e-09
5.220593579654538652e-09
5.049969678289667916e-09
4.884050350098041180e-09
4.722751136035441366e-09
4.565986489442950256e-09
4.413669893952348217e-09
4.265714119858276144e-09
4.122031515708367191e-09
3.982533877407391602e-09
3.847133200272328451e-09
3.715741784467072163e-09
3.588271533899106946e-09
3.464634804971762183e-09
3.344744223670673476e-09
3.228512817391144933e-09
3.115854071191112665e-09
3.006682165099360346e-09
2.900912175789332897e-09
2.798460160502418504e-09
2.699243051388833785e-09
2.603178610974055951e-09
2.510185504021572026e-09
2.420183383356772104e-09
2.333093096815321979e-09
2.248836906946823367e-09
2.167338447386517070e-09
2.088522503018846219e-09
2.012314942406649459e-09
1.938642767672128438e-09
1.867434243278063724e-09
1.798619100241282238e-09
1.732128706446447532e-09
1.667895858580395490e-09
1.605854539226941558e-09
1.545939890740472092e-09
1.488088269956080973e-09
1.432237420315314315e-09
1.378326709335017472e-09
1.326297129694926170e-09
1.276091015047395751e-09
1.227651850012720761e-09
1.180924279541462283e-09
1.135854184696375179e-09
1.092388856233793191e-09
1.050477202098775603e-09
1.010069581025039938e-09
9.711175349725972979e-10
9.335737106051701926e-10
8.973918724807580804e-10
8.625269764904850471e-10
8.289353664856539802e-10
7.965748473419628066e-10
7.654044371801467642e-10
7.353841623535273873e-10
7.064750552550373811e-10
6.786391683219990589e-10
6.518396658648800428e-10
6.260410140786264845e-10
6.012088895318089003e-10
5.773099451544321471e-10
5.543117110518438894e-10
5.321826132759869442e-10
5.108920161640511185e-10
4.904103412090325467e-10
4.707091476710582604e-10
4.517609475978294944e-10
4.335390148935796888e-10
4.160173535490891003e-10
3.991707032312531019e-10
3.829745930269372710e-10
3.674054862690937112e-10
3.524407559772203993e-10
3.380585131526461861e-10
3.242374960518005947e-10
3.109570689511751596e-10
2.981972307942904950e-10
2.859386809509928620e-10
2.741629034346858307e-10
2.628520562954082463e-10
2.519888324393934024e-10
2.415564295480785687e-10
2.315385602584001647e-10
2.219194880170521825e-10
2.126841217591742461e-10
2.038180246035285237e-10
1.953072948187812887e-10
1.871384719069864962e-10
1.792985277642813852e-10
1.717748521773918821e-10
1.645552733999068810e-10
1.576281200940310517e-10
1.509821658045751956e-10
1.446065376632844836e-10
1.384906858194302721e-10
1.326243994823361913e-10
1.269978407205169339e-10
1.216016089848596903e-10
1.164267639626224725e-10
1.114647395931674409e-10
1.067072610032113102e-10
1.021463236383194664e-10
9.777417138630981148e-11
9.358329601908739076e-11
8.956647846673758143e-11
8.571677747507899329e-11
8.202748764394599650e-11
7.849212575370558119e-11
7.510444759223353636e-11
7.185846499497465524e-11
6.874847645297056014e-11
6.576908235664430690e-11
6.291511767003510775e-11
6.018158154114266250e-11
5.756361062040007333e-11
5.505647230523046747e-11
5.265557780319623439e-11
5.035652002944840729e-11
4.815508807230076168e-11
4.604725058001388949e-11
4.402914538426502771e-11
4.209708529206604830e-11
4.024754421680940297e-11
3.847715129249433703e-11
3.678269241875519395e-11
3.516106944251601861e-11
3.360926153096694508e-11
3.212431327078001930e-11
3.070334700554876745e-11
2.934359332806364240e-11
2.804242933803087680e-11
2.679739461660604077e-11
2.560616832773555735e-11
2.446654188493722962e-11
2.337640852177907957e-11
2.233374058183272879e-11
2.133657406641523017e-11
2.038300739443027559e-11
1.947119318850522900e-11
1.859933344410767306e-11
1.776568636954257810e-11
1.696857823551865785e-11
1.620641454709945040e-11
1.547769569828985469e-11
1.478102032185481672e-11
1.411505882847676488e-11
1.347852566369906115e-11
1.287016666599041498e-11
1.228875749569337987e-11
1.173311035627595186e-11
1.120208628638964600e-11
1.069459921546608796e-11
1.020961124558853883e-11
9.746131427222836868e-12
9.303217570810994031e-12
8.879975942577386839e-12
8.475560022436500538e-12
8.089168064709029897e-12
7.720041675856370281e-12
7.367469195548090367e-12
7.030778083481949337e-12
6.709224165094758490e-12
6.402120353705885858e-12
6.108847948961914377e-12
5.828847537745963387e-12
5.561576968822359607e-12
5.306527635228409221e-12
5.063269687402080792e-12
4.831380255873308396e-12
4.610147437395930981e-12
4.399024909157914443e-12
4.197611160079927404e-12
4.005460307421205104e-12
3.822080237096481610e-12
3.647116156980700087e-12
3.480195719666809556e-12
3.320906216865100419e-12
3.168866556919317391e-12
3.023739458607798049e-12
2.885257553327046001e-12
2.753117884783836014e-12
2.627029977939060716e-12
2.506716671142951058e-12
2.391913498226708998e-12
2.282368105108309824e-12
2.177839695063067598e-12
2.078098499384839494e-12
1.982925272355084753e-12
1.892110809300211508e-12
1.805455486719191265e-12
1.722768823511711911e-12
1.643869062245301685e-12
1.568582769644752090e-12
1.496744455364243539e-12
1.428196208198144380e-12
1.362787348995003200e-12
1.300374099424825520e-12
1.240819265939517493e-12
1.183991938212442214e-12
1.129767201359847507e-12
1.078025861378948567e-12
1.028654183133460018e-12
9.815436403445018197e-13
9.365906770477546087e-13
8.936964799463425610e-13
8.527667612166881067e-13
8.137115512488196319e-13
7.764450008723718461e-13
7.408851926607743237e-13
7.069539608533012998e-13
6.745767195406324606e-13
6.436822987176632096e-13
6.142027878320922574e-13
5.860733865176880678e-13
5.592322621470739047e-13
5.336204139147665613e-13
5.091815431508242107e-13
4.858619295593337207e-13
4.636103131405892442e-13
4.423777815117332045e-13
4.221176623871817696e-13
4.027854209926512025e-13
3.843385621643595861e-13
3.667365369422975350e-13
3.499406534383246914e-13
3.339139917812532645e-13
3.186213229672985775e-13
3.040290314171513855e-13
2.901050410850656767e-13
