# bin_1
0.000000000000000000e+00
1.492216971106439805e-01
3.998230089496514483e-01
3.228243773440651943e+00
2.426122494679897823e+00
5.570001499650868659e+00
3.218034578460237327e+00
2.212547987862378829e+00
9.395459900586666802e-01
6.144457182193848732e-01
2.665177289080013501e-01
3.954472609339293454e-01
7.761032674603758619e-02
1.700443743977237965e-01
8.668435049011036231e-02
4.701293407384025264e-02
8.077693339721672694e-02
3.596632385978149743e-02
2.723801903437714700e-04
8.804235346381602753e-03
3.616657283764313814e-04
5.777416151924505400e-05
-5.918421095521474943e-04
1.801701361822839742e-02
8.320606400396695105e-04
-5.516040610178793609e-04
1.027045327105754330e-02
4.139601740577354564e-04
-1.520007203360762506e-04
1.950938095400233925e-04
-6.283745178240145819e-04
1.760229768276013948e-02
5.777776468340652810e-04
6.996409408066548742e-03
1.466954009761972481e-02
6.829781264997635644e-04
-8.600460813434550279e-04
2.102058615244217082e-02
8.454063434961762080e-04
-2.269057584385245866e-04
6.437484258500844202e-05
-3.059361190150819215e-05
5.799960502102425881e-05
-2.014048081825891819e-04
5.755413396218938757e-03
2.328646014235433170e-04
-5.750008694653216976e-05
-2.272443377347335766e-06
6.658986045592138068e-05
-2.640869984463396769e-04
7.148282410620753272e-03
2.139768340804020958e-05
7.595681870065824036e-03
3.330532569496197685e-04
-8.902992490629470462e-05
2.385549648084516573e-05
-6.392061017085921018e-06
1.712747587498638836e-06
-4.589293329086152133e-07
1.229697441358168293e-07
-3.294964363465399669e-08
8.828830402798791789e-09
-2.365677976541282553e-09
6.338815033663320121e-10
-1.698480369240339407e-10
4.551064432980649058e-11
-1.219454039519163715e-11
3.267517250960308853e-12
-8.755286086495809915e-13
2.345971836379986040e-13
-6.286012590241770334e-14
1.684331997167147727e-14
-4.513153984268368245e-15
1.209295965402017011e-15
-3.240298773396850580e-16
8.682354395672430520e-17
-2.326429848721228612e-17
6.233649992125140499e-18
-1.670301481288211742e-18
4.475559330276827792e-19
-1.199222508225253936e-19
3.213307026242462122e-20
-8.610030227149193174e-21
2.307050646172193603e-21
-6.181723575395314928e-22
1.656387839859634007e-22
-4.438277840431178926e-23
1.189232963128476432e-23
-3.186540120827486951e-24
8.538308520250861371e-25
-2.287832872729033319e-25
6.130229706651132576e-26
-1.642590099314451962e-26
4.401306906066672360e-27
-1.179326631122074757e-27
3.159996184216811072e-28
-8.467184256463230637e-29
2.268775183684801461e-29
-6.079164782761232556e-30
1.628907294196577899e-30
-4.364643940251431482e-31
1.169502819039764335e-31
-3.133673359076219728e-32
8.396652459074073003e-33
-2.249876245533675639e-33
6.028525230607223506e-34
-1.615338467091876562e-34
4.328286377602786257e-35
-1.159760839492670739e-35
3.107569803678199250e-36
-8.326708197862215759e-37
2.231134754666485903e-37
-5.978308208037249316e-38
1.601885285484516959e-38
-4.292329339007252738e-39
1.150464501184068768e-39
-3.095286657289593251e-40
8.765016173177047934e-41
-4.107198119812491695e-41
7.663776306073052411e-41
