# bin_5
0.000000000000000000e+00
-8.644285763334855861e-05
4.155901738696812092e-03
1.425690921831396576e-02
8.354989680122016163e-03
1.398170145116320665e-02
2.682303261131112337e-02
3.232954217943111164e-02
3.637199261963289937e-02
3.353557296595850723e-02
3.004434030164363986e-02
6.810496527090044439e-02
1.157543919009608874e-01
3.192167430580652998e-01
6.263879164201304750e-01
1.090717478677809327e+00
1.160247383066102422e+00
1.667509801048061790e+00
2.396588075336958390e+00
1.878023038441398507e+00
1.995668122513748033e+00
2.168902839457102161e+00
1.178860539401442864e+00
1.119478932665127990e+00
9.217028697217878319e-01
1.044337317506199403e+00
6.067740193762349854e-01
4.029506663230980057e-01
3.962637129904776900e-01
1.856737574447293315e-01
8.689907053499110190e-02
4.074475648912868203e-02
8.453795609489120691e-03
2.237912493102344955e-02
2.580556028714262040e-02
7.926569037847637847e-03
1.694523143370853940e-02
1.979467968104316189e-02
6.511316385174384640e-04
2.470945292984955133e-02
4.682277968487388690e-03
3.133293878211797223e-02
2.191487995349879203e-02
3.314932539751852623e-03
7.573995187272319213e-03
8.983395724588279924e-03
1.737092678739280208e-02
2.833216419809603606e-02
4.199348849434917687e-03
1.116119403813700672e-02
1.868676270524029931e-02
2.248449866238018402e-03
1.004505249905826222e-02
3.591230382053416624e-03
1.163271379806466929e-02
9.488342106742094634e-03
5.754848512696056091e-04
-1.005172353022141960e-04
6.526472279127440033e-05
-1.124020675641909081e-04
1.172188265085973360e-03
-1.680721198490731430e-04
5.291847263217813561e-03
5.415872850366517830e-04
-1.402665397595842251e-04
3.876975699394940488e-05
-1.039287323454844044e-05
2.805581006053024901e-06
-8.294507896636628700e-07
5.122221526016191677e-07
-1.219437820742807131e-06
1.255957820192867423e-05
-3.961368911950403447e-06
1.869128215542663170e-05
-7.079035703630224793e-05
9.898419042735982602e-04
1.001030761341853008e-04
-2.650462710549902169e-05
7.101893428606528122e-06
-1.902946608927009064e-06
5.098930071015369338e-07
-1.366254194791204597e-07
3.660867081499366908e-08
-9.809263780854423375e-09
2.628384308423776680e-09
-7.042734528407927393e-10
1.887095029393681693e-10
-5.056455891668219342e-11
1.354873272736099856e-11
-3.630371992761463985e-12
9.727552436850100469e-13
-2.606489819785374794e-13
6.984068422914322798e-14
-1.871375493803608574e-14
5.014335523000654285e-15
-1.343587153966729600e-15
3.600130928662159469e-16
-9.646521749813227657e-17
2.584777712631739644e-17
-6.925891007136339302e-18
1.855786902228171079e-18
-4.972566017762944576e-19
1.332395048770009254e-19
-3.570141773171535899e-20
9.566166049859219542e-21
-2.563246467721826128e-21
6.868198210280000502e-22
-1.840328163901708996e-22
4.931144453269123573e-23
-1.321296174059205677e-23
3.540402429677469612e-24
-9.486479781177054181e-25
2.541894827933466424e-25
-6.810995305569190777e-26
1.825032942941846319e-26
-4.891364661982591418e-27
1.315129218511740874e-27
-3.691522120643612267e-28
1.614796297457171490e-28
-2.767663069185084903e-28
